3.845040000000000000e+05
2.505540000000000000e+05
1.678980000000000000e+05
1.416400000000000000e+05
1.113990000000000000e+05
1.052310000000000000e+05
1.180340000000000000e+05
1.342130000000000000e+05
1.486840000000000000e+05
1.392290000000000000e+05
1.146530000000000000e+05
1.088180000000000000e+05
1.206040000000000000e+05
9.129300000000000000e+04
8.448400000000000000e+04
8.779600000000000000e+04
8.558400000000000000e+04
8.050000000000000000e+04
7.924300000000000000e+04
7.760700000000000000e+04
7.418200000000000000e+04
7.335900000000000000e+04
7.400100000000000000e+04
7.924600000000000000e+04
8.995000000000000000e+04
9.803800000000000000e+04
1.020190000000000000e+05
1.019500000000000000e+05
1.123520000000000000e+05
9.446300000000000000e+04
8.817100000000000000e+04
8.359100000000000000e+04
8.159300000000000000e+04
7.916100000000000000e+04
8.276900000000000000e+04
7.714700000000000000e+04
7.466000000000000000e+04
7.247200000000000000e+04
7.454700000000000000e+04
7.472000000000000000e+04
7.867400000000000000e+04
9.852900000000000000e+04
8.954500000000000000e+04
7.820500000000000000e+04
7.053300000000000000e+04
6.780500000000000000e+04
6.571900000000000000e+04
6.466400000000000000e+04
6.320900000000000000e+04
6.301400000000000000e+04
6.221500000000000000e+04
6.311400000000000000e+04
6.283900000000000000e+04
5.943100000000000000e+04
5.611900000000000000e+04
5.464200000000000000e+04
5.362200000000000000e+04
5.278000000000000000e+04
5.333600000000000000e+04
5.091000000000000000e+04
5.190800000000000000e+04
5.193700000000000000e+04
5.104600000000000000e+04
5.021300000000000000e+04
4.979000000000000000e+04
4.888100000000000000e+04
4.916200000000000000e+04
4.870200000000000000e+04
4.857200000000000000e+04
4.804300000000000000e+04
4.783700000000000000e+04
4.647200000000000000e+04
4.601000000000000000e+04
4.604900000000000000e+04
4.478700000000000000e+04
4.465000000000000000e+04
4.345300000000000000e+04
4.410900000000000000e+04
4.363200000000000000e+04
4.317300000000000000e+04
4.292600000000000000e+04
4.386700000000000000e+04
4.368200000000000000e+04
4.329100000000000000e+04
4.257100000000000000e+04
4.297600000000000000e+04
4.311200000000000000e+04
4.300400000000000000e+04
4.262200000000000000e+04
4.222900000000000000e+04
4.153400000000000000e+04
4.209300000000000000e+04
4.213600000000000000e+04
4.299000000000000000e+04
4.196700000000000000e+04
4.054500000000000000e+04
4.019500000000000000e+04
3.942200000000000000e+04
3.888500000000000000e+04
3.821600000000000000e+04
3.789100000000000000e+04
3.710000000000000000e+04
3.652200000000000000e+04
3.623900000000000000e+04
3.510300000000000000e+04
3.520100000000000000e+04
3.487800000000000000e+04
3.450900000000000000e+04
3.462700000000000000e+04
3.498300000000000000e+04
3.437700000000000000e+04
3.420100000000000000e+04
3.329500000000000000e+04
3.208000000000000000e+04
3.152100000000000000e+04
3.061000000000000000e+04
2.958800000000000000e+04
2.941700000000000000e+04
2.879500000000000000e+04
2.832900000000000000e+04
2.713200000000000000e+04
2.688300000000000000e+04
2.573900000000000000e+04
2.547100000000000000e+04
2.516400000000000000e+04
2.430100000000000000e+04
2.315600000000000000e+04
2.253500000000000000e+04
2.176700000000000000e+04
2.177000000000000000e+04
2.126300000000000000e+04
2.079200000000000000e+04
2.097800000000000000e+04
2.039100000000000000e+04
2.018800000000000000e+04
1.993300000000000000e+04
1.952900000000000000e+04
1.876700000000000000e+04
1.813400000000000000e+04
1.873600000000000000e+04
1.885900000000000000e+04
1.845500000000000000e+04
1.791500000000000000e+04
1.728200000000000000e+04
1.707400000000000000e+04
1.633600000000000000e+04
1.681600000000000000e+04
1.701100000000000000e+04
1.693200000000000000e+04
1.661200000000000000e+04
1.615300000000000000e+04
1.563600000000000000e+04
1.499500000000000000e+04
1.409700000000000000e+04
1.360600000000000000e+04
1.329500000000000000e+04
1.293400000000000000e+04
1.244400000000000000e+04
1.184700000000000000e+04
1.166700000000000000e+04
1.129900000000000000e+04
1.129600000000000000e+04
1.113200000000000000e+04
1.082100000000000000e+04
1.042800000000000000e+04
1.004700000000000000e+04
9.928000000000000000e+03
9.770000000000000000e+03
9.884000000000000000e+03
9.627000000000000000e+03
9.726000000000000000e+03
9.954000000000000000e+03
9.854000000000000000e+03
9.725000000000000000e+03
1.006300000000000000e+04
1.012400000000000000e+04
1.034400000000000000e+04
9.995000000000000000e+03
1.001000000000000000e+04
9.776000000000000000e+03
9.623000000000000000e+03
8.844000000000000000e+03
8.246000000000000000e+03
7.487000000000000000e+03
7.071000000000000000e+03
6.786000000000000000e+03
6.277000000000000000e+03
5.791000000000000000e+03
5.263000000000000000e+03
5.059000000000000000e+03
4.668000000000000000e+03
4.420000000000000000e+03
4.241000000000000000e+03
4.022000000000000000e+03
3.702000000000000000e+03
3.441000000000000000e+03
3.288000000000000000e+03
3.257000000000000000e+03
2.997000000000000000e+03
2.963000000000000000e+03
2.689000000000000000e+03
2.650000000000000000e+03
2.397000000000000000e+03
2.224000000000000000e+03
2.083000000000000000e+03
2.004000000000000000e+03
1.930000000000000000e+03
1.825000000000000000e+03
1.708000000000000000e+03
1.685000000000000000e+03
1.697000000000000000e+03
1.575000000000000000e+03
1.507000000000000000e+03
1.426000000000000000e+03
1.383000000000000000e+03
1.424000000000000000e+03
1.243000000000000000e+03
1.211000000000000000e+03
1.182000000000000000e+03
1.138000000000000000e+03
1.170000000000000000e+03
1.098000000000000000e+03
1.042000000000000000e+03
1.066000000000000000e+03
9.610000000000000000e+02
1.015000000000000000e+03
9.900000000000000000e+02
9.410000000000000000e+02
1.010000000000000000e+03
9.710000000000000000e+02
8.950000000000000000e+02
8.250000000000000000e+02
8.310000000000000000e+02
8.460000000000000000e+02
8.620000000000000000e+02
8.190000000000000000e+02
8.880000000000000000e+02
8.310000000000000000e+02
8.010000000000000000e+02
8.170000000000000000e+02
7.870000000000000000e+02
8.060000000000000000e+02
8.280000000000000000e+02
7.850000000000000000e+02
7.710000000000000000e+02
7.610000000000000000e+02
7.760000000000000000e+02
9.000000000000000000e+02
9.810000000000000000e+02
1.269000000000000000e+03
1.414000000000000000e+03
1.262000000000000000e+03
9.190000000000000000e+02
3.940000000000000000e+02
4.160000000000000000e+02
2.080000000000000000e+02
3.320910000000000000e+05
2.313200000000000000e+05
1.520520000000000000e+05
1.275270000000000000e+05
9.394800000000000000e+04
8.163800000000000000e+04
8.022900000000000000e+04
8.906700000000000000e+04
8.739800000000000000e+04
8.935500000000000000e+04
8.595200000000000000e+04
8.663100000000000000e+04
9.311600000000000000e+04
9.071800000000000000e+04
9.149000000000000000e+04
9.722600000000000000e+04
1.137750000000000000e+05
8.545800000000000000e+04
7.861600000000000000e+04
8.250300000000000000e+04
8.139900000000000000e+04
7.651100000000000000e+04
7.628100000000000000e+04
7.525100000000000000e+04
7.160200000000000000e+04
7.020400000000000000e+04
7.020400000000000000e+04
7.403800000000000000e+04
7.799600000000000000e+04
7.861500000000000000e+04
7.944300000000000000e+04
8.467100000000000000e+04
9.090500000000000000e+04
1.099110000000000000e+05
1.017660000000000000e+05
8.564200000000000000e+04
8.262700000000000000e+04
8.354400000000000000e+04
8.099500000000000000e+04
8.240400000000000000e+04
7.633700000000000000e+04
7.234100000000000000e+04
7.075100000000000000e+04
7.105000000000000000e+04
7.342600000000000000e+04
7.695000000000000000e+04
9.242100000000000000e+04
9.808800000000000000e+04
8.146200000000000000e+04
7.286400000000000000e+04
7.140500000000000000e+04
6.911000000000000000e+04
6.557500000000000000e+04
6.307300000000000000e+04
6.267300000000000000e+04
6.055600000000000000e+04
6.094200000000000000e+04
6.074200000000000000e+04
5.846200000000000000e+04
5.473600000000000000e+04
5.402700000000000000e+04
5.430200000000000000e+04
5.528500000000000000e+04
5.495000000000000000e+04
5.223700000000000000e+04
5.287300000000000000e+04
5.261200000000000000e+04
5.098900000000000000e+04
4.998300000000000000e+04
4.963100000000000000e+04
4.888300000000000000e+04
4.937000000000000000e+04
4.897800000000000000e+04
4.888700000000000000e+04
4.831200000000000000e+04
4.827200000000000000e+04
4.695500000000000000e+04
4.635500000000000000e+04
4.628900000000000000e+04
4.453400000000000000e+04
4.415200000000000000e+04
4.311800000000000000e+04
4.380100000000000000e+04
4.337400000000000000e+04
4.313600000000000000e+04
4.311800000000000000e+04
4.424600000000000000e+04
4.337400000000000000e+04
4.268400000000000000e+04
4.184800000000000000e+04
4.228300000000000000e+04
4.286500000000000000e+04
4.309400000000000000e+04
4.319700000000000000e+04
4.230300000000000000e+04
4.124500000000000000e+04
4.155100000000000000e+04
4.138800000000000000e+04
4.214400000000000000e+04
4.145500000000000000e+04
4.084700000000000000e+04
4.041500000000000000e+04
3.980300000000000000e+04
3.835900000000000000e+04
3.824200000000000000e+04
3.786700000000000000e+04
3.752900000000000000e+04
3.705200000000000000e+04
3.670100000000000000e+04
3.540800000000000000e+04
3.481500000000000000e+04
3.465600000000000000e+04
3.421300000000000000e+04
3.486100000000000000e+04
3.482100000000000000e+04
3.379000000000000000e+04
3.300600000000000000e+04
3.236800000000000000e+04
3.138300000000000000e+04
3.101500000000000000e+04
2.998100000000000000e+04
2.967000000000000000e+04
2.996200000000000000e+04
2.982400000000000000e+04
2.887800000000000000e+04
2.784900000000000000e+04
2.701300000000000000e+04
2.620800000000000000e+04
2.532500000000000000e+04
2.566400000000000000e+04
2.525800000000000000e+04
2.486300000000000000e+04
2.503800000000000000e+04
2.444700000000000000e+04
2.342800000000000000e+04
2.237300000000000000e+04
2.139500000000000000e+04
2.140700000000000000e+04
2.089000000000000000e+04
2.052400000000000000e+04
2.048200000000000000e+04
2.013300000000000000e+04
1.925500000000000000e+04
1.890100000000000000e+04
1.888000000000000000e+04
1.827200000000000000e+04
1.821000000000000000e+04
1.811800000000000000e+04
1.868800000000000000e+04
1.858700000000000000e+04
1.821000000000000000e+04
1.809300000000000000e+04
1.807600000000000000e+04
1.712400000000000000e+04
1.656900000000000000e+04
1.617400000000000000e+04
1.622800000000000000e+04
1.599000000000000000e+04
1.531600000000000000e+04
1.489400000000000000e+04
1.439500000000000000e+04
1.378000000000000000e+04
1.335000000000000000e+04
1.300900000000000000e+04
1.238800000000000000e+04
1.194900000000000000e+04
1.158700000000000000e+04
1.115400000000000000e+04
1.097900000000000000e+04
1.080200000000000000e+04
1.044800000000000000e+04
1.054200000000000000e+04
1.047600000000000000e+04
1.011000000000000000e+04
1.010500000000000000e+04
1.034700000000000000e+04
9.925000000000000000e+03
9.641000000000000000e+03
9.621000000000000000e+03
9.644000000000000000e+03
9.590000000000000000e+03
9.792000000000000000e+03
1.007600000000000000e+04
1.002100000000000000e+04
1.058000000000000000e+04
1.009100000000000000e+04
9.939000000000000000e+03
9.337000000000000000e+03
8.809000000000000000e+03
8.390000000000000000e+03
7.519000000000000000e+03
7.052000000000000000e+03
6.400000000000000000e+03
6.036000000000000000e+03
5.663000000000000000e+03
5.232000000000000000e+03
4.830000000000000000e+03
4.662000000000000000e+03
4.224000000000000000e+03
3.813000000000000000e+03
3.474000000000000000e+03
3.389000000000000000e+03
3.207000000000000000e+03
3.121000000000000000e+03
2.895000000000000000e+03
2.723000000000000000e+03
2.556000000000000000e+03
2.424000000000000000e+03
2.252000000000000000e+03
2.059000000000000000e+03
2.082000000000000000e+03
1.925000000000000000e+03
1.752000000000000000e+03
1.724000000000000000e+03
1.642000000000000000e+03
1.545000000000000000e+03
1.486000000000000000e+03
1.395000000000000000e+03
1.400000000000000000e+03
1.356000000000000000e+03
1.285000000000000000e+03
1.231000000000000000e+03
1.238000000000000000e+03
1.222000000000000000e+03
1.151000000000000000e+03
1.133000000000000000e+03
1.069000000000000000e+03
1.113000000000000000e+03
1.086000000000000000e+03
1.076000000000000000e+03
9.580000000000000000e+02
9.180000000000000000e+02
8.760000000000000000e+02
8.100000000000000000e+02
7.950000000000000000e+02
7.170000000000000000e+02
7.690000000000000000e+02
7.060000000000000000e+02
7.310000000000000000e+02
6.790000000000000000e+02
7.020000000000000000e+02
7.550000000000000000e+02
7.670000000000000000e+02
7.990000000000000000e+02
8.920000000000000000e+02
1.045000000000000000e+03
1.066000000000000000e+03
1.257000000000000000e+03
1.449000000000000000e+03
1.512000000000000000e+03
1.814000000000000000e+03
1.788000000000000000e+03
1.015000000000000000e+03
6.840000000000000000e+02
5.160000000000000000e+02
1.130000000000000000e+03
2.996260000000000000e+05
2.027120000000000000e+05
1.545910000000000000e+05
1.222540000000000000e+05
9.462100000000000000e+04
7.938300000000000000e+04
7.045500000000000000e+04
6.312500000000000000e+04
6.164200000000000000e+04
7.480500000000000000e+04
7.915000000000000000e+04
8.990000000000000000e+04
1.083760000000000000e+05
1.012160000000000000e+05
9.306500000000000000e+04
9.155700000000000000e+04
9.540000000000000000e+04
1.123690000000000000e+05
8.472500000000000000e+04
7.714800000000000000e+04
8.177700000000000000e+04
8.015500000000000000e+04
7.556300000000000000e+04
7.508300000000000000e+04
7.421000000000000000e+04
7.048800000000000000e+04
6.958200000000000000e+04
6.896900000000000000e+04
7.192400000000000000e+04
7.697900000000000000e+04
8.203100000000000000e+04
8.506000000000000000e+04
8.587900000000000000e+04
8.283600000000000000e+04
7.508100000000000000e+04
5.954200000000000000e+04
7.682500000000000000e+04
7.586300000000000000e+04
7.730100000000000000e+04
7.942300000000000000e+04
7.962300000000000000e+04
7.674600000000000000e+04
7.961200000000000000e+04
7.369200000000000000e+04
7.072400000000000000e+04
6.890800000000000000e+04
7.240600000000000000e+04
8.232700000000000000e+04
7.983900000000000000e+04
8.852300000000000000e+04
8.557800000000000000e+04
7.563300000000000000e+04
7.051800000000000000e+04
6.845600000000000000e+04
6.294300000000000000e+04
5.985500000000000000e+04
5.607900000000000000e+04
5.661800000000000000e+04
5.839500000000000000e+04
5.751300000000000000e+04
5.875600000000000000e+04
6.071100000000000000e+04
5.710800000000000000e+04
5.364100000000000000e+04
5.312700000000000000e+04
5.450100000000000000e+04
5.387500000000000000e+04
5.247300000000000000e+04
5.141400000000000000e+04
5.202300000000000000e+04
5.081400000000000000e+04
5.008600000000000000e+04
4.919300000000000000e+04
4.874200000000000000e+04
4.804300000000000000e+04
4.873200000000000000e+04
4.860700000000000000e+04
4.795000000000000000e+04
4.771700000000000000e+04
4.738300000000000000e+04
4.605100000000000000e+04
4.594100000000000000e+04
4.564500000000000000e+04
4.412700000000000000e+04
4.421900000000000000e+04
4.301900000000000000e+04
4.358600000000000000e+04
4.335500000000000000e+04
4.307800000000000000e+04
4.306400000000000000e+04
4.360300000000000000e+04
4.316100000000000000e+04
4.242900000000000000e+04
4.202300000000000000e+04
4.223900000000000000e+04
4.292100000000000000e+04
4.322200000000000000e+04
4.256200000000000000e+04
4.176500000000000000e+04
4.119100000000000000e+04
4.137000000000000000e+04
4.186800000000000000e+04
4.221300000000000000e+04
4.168700000000000000e+04
4.110900000000000000e+04
4.043600000000000000e+04
3.924300000000000000e+04
3.894200000000000000e+04
3.840000000000000000e+04
3.825200000000000000e+04
3.760400000000000000e+04
3.728100000000000000e+04
3.684800000000000000e+04
3.596200000000000000e+04
3.556500000000000000e+04
3.490400000000000000e+04
3.505600000000000000e+04
3.568500000000000000e+04
3.534500000000000000e+04
3.432800000000000000e+04
3.449400000000000000e+04
3.359400000000000000e+04
3.273800000000000000e+04
3.200700000000000000e+04
3.074400000000000000e+04
3.046800000000000000e+04
3.049700000000000000e+04
2.919500000000000000e+04
2.877300000000000000e+04
2.768600000000000000e+04
2.674000000000000000e+04
2.660800000000000000e+04
2.600400000000000000e+04
2.568600000000000000e+04
2.581500000000000000e+04
2.516000000000000000e+04
2.417000000000000000e+04
2.331600000000000000e+04
2.214400000000000000e+04
2.168000000000000000e+04
2.153400000000000000e+04
2.107000000000000000e+04
2.061600000000000000e+04
2.057500000000000000e+04
2.039900000000000000e+04
1.978800000000000000e+04
1.908000000000000000e+04
1.914200000000000000e+04
1.869000000000000000e+04
1.914200000000000000e+04
1.920200000000000000e+04
1.885100000000000000e+04
1.861100000000000000e+04
1.819000000000000000e+04
1.821000000000000000e+04
1.794000000000000000e+04
1.731800000000000000e+04
1.674000000000000000e+04
1.676000000000000000e+04
1.697000000000000000e+04
1.634000000000000000e+04
1.588800000000000000e+04
1.537800000000000000e+04
1.473400000000000000e+04
1.407000000000000000e+04
1.357200000000000000e+04
1.289900000000000000e+04
1.247600000000000000e+04
1.193300000000000000e+04
1.139700000000000000e+04
1.097400000000000000e+04
1.114200000000000000e+04
1.085800000000000000e+04
1.067100000000000000e+04
1.044700000000000000e+04
1.040000000000000000e+04
1.036900000000000000e+04
1.013300000000000000e+04
1.031300000000000000e+04
9.811000000000000000e+03
9.842000000000000000e+03
1.003700000000000000e+04
9.915000000000000000e+03
9.909000000000000000e+03
1.026900000000000000e+04
1.072600000000000000e+04
1.044300000000000000e+04
1.024400000000000000e+04
9.931000000000000000e+03
9.234000000000000000e+03
8.921000000000000000e+03
8.193000000000000000e+03
7.522000000000000000e+03
6.937000000000000000e+03
6.504000000000000000e+03
5.958000000000000000e+03
5.722000000000000000e+03
5.339000000000000000e+03
4.968000000000000000e+03
4.703000000000000000e+03
4.397000000000000000e+03
3.930000000000000000e+03
3.742000000000000000e+03
3.528000000000000000e+03
3.296000000000000000e+03
3.149000000000000000e+03
3.139000000000000000e+03
2.838000000000000000e+03
2.653000000000000000e+03
2.502000000000000000e+03
2.415000000000000000e+03
2.220000000000000000e+03
2.106000000000000000e+03
2.177000000000000000e+03
2.018000000000000000e+03
1.952000000000000000e+03
1.973000000000000000e+03
1.896000000000000000e+03
1.830000000000000000e+03
1.789000000000000000e+03
1.813000000000000000e+03
1.683000000000000000e+03
1.698000000000000000e+03
1.688000000000000000e+03
1.602000000000000000e+03
1.537000000000000000e+03
1.538000000000000000e+03
1.397000000000000000e+03
1.415000000000000000e+03
1.260000000000000000e+03
1.233000000000000000e+03
1.133000000000000000e+03
1.109000000000000000e+03
1.049000000000000000e+03
1.075000000000000000e+03
9.840000000000000000e+02
9.700000000000000000e+02
9.740000000000000000e+02
9.120000000000000000e+02
9.410000000000000000e+02
9.460000000000000000e+02
1.041000000000000000e+03
1.060000000000000000e+03
1.152000000000000000e+03
1.218000000000000000e+03
1.311000000000000000e+03
1.438000000000000000e+03
1.556000000000000000e+03
1.550000000000000000e+03
1.615000000000000000e+03
2.216000000000000000e+03
1.725000000000000000e+03
1.323000000000000000e+03
9.820000000000000000e+02
7.960000000000000000e+02
2.167000000000000000e+03
8.008170000000000000e+05
1.000000000000000000e+01
1.600000000000000000e+01
8.200000000000000000e+01
1.600000000000000000e+01
1.320000000000000000e+02
3.330000000000000000e+02
3.300000000000000000e+01
7.800000000000000000e+01
7.300000000000000000e+01
8.000000000000000000e+01
2.250000000000000000e+02
7.200000000000000000e+01
2.020000000000000000e+02
3.800000000000000000e+01
5.610000000000000000e+02
6.300000000000000000e+01
4.400000000000000000e+01
8.000000000000000000e+00
6.300000000000000000e+01
1.283000000000000000e+03
8.200000000000000000e+01
5.100000000000000000e+01
9.900000000000000000e+01
1.550000000000000000e+02
9.900000000000000000e+01
9.900000000000000000e+01
1.200000000000000000e+01
1.700000000000000000e+01
2.200000000000000000e+01
5.823000000000000000e+03
0.000000000000000000e+00
4.500000000000000000e+01
3.000000000000000000e+00
7.400000000000000000e+01
1.640000000000000000e+02
1.940000000000000000e+02
4.000000000000000000e+00
1.070000000000000000e+02
3.100000000000000000e+01
1.040000000000000000e+02
3.000000000000000000e+00
2.220000000000000000e+02
1.480000000000000000e+02
1.000000000000000000e+00
1.220000000000000000e+02
1.700000000000000000e+01
1.000000000000000000e+00
1.070000000000000000e+02
6.000000000000000000e+00
1.952000000000000000e+03
1.610000000000000000e+02
7.200000000000000000e+01
1.400000000000000000e+01
3.300000000000000000e+01
1.730000000000000000e+02
1.240000000000000000e+02
4.700000000000000000e+01
1.300000000000000000e+01
0.000000000000000000e+00
5.659000000000000000e+03
1.000000000000000000e+00
3.600000000000000000e+01
6.600000000000000000e+01
5.000000000000000000e+00
4.200000000000000000e+01
8.170000000000000000e+02
5.200000000000000000e+01
1.420000000000000000e+02
1.410000000000000000e+02
4.600000000000000000e+02
5.600000000000000000e+01
9.200000000000000000e+01
2.640000000000000000e+02
4.360000000000000000e+02
1.068290000000000000e+05
1.250000000000000000e+02
1.600000000000000000e+02
5.800000000000000000e+01
3.810000000000000000e+02
4.904000000000000000e+03
6.600000000000000000e+01
1.170000000000000000e+02
1.477200000000000000e+04
4.520000000000000000e+02
3.710000000000000000e+02
1.730000000000000000e+02
1.059100000000000000e+04
3.550000000000000000e+02
2.990000000000000000e+02
3.274900000000000000e+05
2.570000000000000000e+02
1.381000000000000000e+03
2.081700000000000000e+04
3.380000000000000000e+02
1.745200000000000000e+04
1.917332000000000000e+06
4.350000000000000000e+02
5.315150000000000000e+05
2.236000000000000000e+03
8.145000000000000000e+03
2.592670000000000000e+06
5.169000000000000000e+03
2.136765000000000000e+06
1.996900000000000000e+04
1.583600000000000000e+04
1.337400000000000000e+04
4.702000000000000000e+03
5.411000000000000000e+03
1.702700000000000000e+04
4.551840000000000000e+05
2.117000000000000000e+03
7.820000000000000000e+02
3.057000000000000000e+03
2.099900000000000000e+04
1.959000000000000000e+03
3.180000000000000000e+02
6.400000000000000000e+01
8.300000000000000000e+01
2.300000000000000000e+01
1.101740000000000000e+05
2.000000000000000000e+00
3.700000000000000000e+01
2.400000000000000000e+01
1.750000000000000000e+02
7.670000000000000000e+02
4.783000000000000000e+03
7.000000000000000000e+00
1.260000000000000000e+02
8.000000000000000000e+00
8.200000000000000000e+01
3.000000000000000000e+00
5.140000000000000000e+02
1.010000000000000000e+02
6.000000000000000000e+00
7.100000000000000000e+02
5.000000000000000000e+00
2.000000000000000000e+00
1.400000000000000000e+01
1.000000000000000000e+00
3.843000000000000000e+03
4.500000000000000000e+01
4.000000000000000000e+00
2.100000000000000000e+01
2.300000000000000000e+01
7.400000000000000000e+01
1.400000000000000000e+01
2.000000000000000000e+00
1.000000000000000000e+00
0.000000000000000000e+00
5.000000000000000000e+01
0.000000000000000000e+00
0.000000000000000000e+00
6.000000000000000000e+00
3.000000000000000000e+00
1.000000000000000000e+00
1.660000000000000000e+02
1.000000000000000000e+00
6.200000000000000000e+01
1.000000000000000000e+00
7.300000000000000000e+01
0.000000000000000000e+00
8.000000000000000000e+00
1.100000000000000000e+01
4.000000000000000000e+00
8.017000000000000000e+03
1.000000000000000000e+00
4.000000000000000000e+00
0.000000000000000000e+00
6.000000000000000000e+00
9.400000000000000000e+01
0.000000000000000000e+00
0.000000000000000000e+00
3.830000000000000000e+02
2.000000000000000000e+01
3.000000000000000000e+00
6.000000000000000000e+00
4.700000000000000000e+01
3.000000000000000000e+00
3.000000000000000000e+00
7.977300000000000000e+05
3.480000000000000000e+02
7.628000000000000000e+03
9.776000000000000000e+03
1.711800000000000000e+04
7.203000000000000000e+03
2.607100000000000000e+04
8.005000000000000000e+04
4.071600000000000000e+04
3.556500000000000000e+04
4.298800000000000000e+04
5.080700000000000000e+04
7.579100000000000000e+04
1.408930000000000000e+05
1.554700000000000000e+05
1.417860000000000000e+05
1.349670000000000000e+05
1.393440000000000000e+05
1.477590000000000000e+05
1.984980000000000000e+05
2.037350000000000000e+05
2.048370000000000000e+05
1.806580000000000000e+05
2.061190000000000000e+05
1.748120000000000000e+05
1.810450000000000000e+05
1.672040000000000000e+05
1.412930000000000000e+05
1.630960000000000000e+05
1.442890000000000000e+05
1.463260000000000000e+05
1.439870000000000000e+05
1.306600000000000000e+05
1.391610000000000000e+05
1.159270000000000000e+05
1.278960000000000000e+05
1.574500000000000000e+05
8.653300000000000000e+04
1.903050000000000000e+05
1.180810000000000000e+05
1.590080000000000000e+05
1.413230000000000000e+05
1.136610000000000000e+05
1.824470000000000000e+05
1.303820000000000000e+05
1.066320000000000000e+05
1.544990000000000000e+05
1.132740000000000000e+05
6.083000000000000000e+04
1.401480000000000000e+05
6.900000000000000000e+04
1.534650000000000000e+05
6.563700000000000000e+04
7.884400000000000000e+04
6.534100000000000000e+04
1.362580000000000000e+05
1.008700000000000000e+04
7.424400000000000000e+04
9.254600000000000000e+04
3.555100000000000000e+04
3.020400000000000000e+04
6.929000000000000000e+04
2.947000000000000000e+04
2.190000000000000000e+02
1.596510000000000000e+05
7.056000000000000000e+03
2.069300000000000000e+04
6.401800000000000000e+04
1.684800000000000000e+04
6.342000000000000000e+03
7.342600000000000000e+04
6.926100000000000000e+04
3.203000000000000000e+03
3.352000000000000000e+04
7.533000000000000000e+03
9.123900000000000000e+04
1.091300000000000000e+04
5.611600000000000000e+04
1.584700000000000000e+04
1.729000000000000000e+03
7.483600000000000000e+04
7.627000000000000000e+03
1.107500000000000000e+04
8.860000000000000000e+02
8.700000000000000000e+01
1.538640000000000000e+05
9.000000000000000000e+01
1.890000000000000000e+02
2.485000000000000000e+03
1.270600000000000000e+04
3.650000000000000000e+03
6.634300000000000000e+04
1.156000000000000000e+03
8.255000000000000000e+03
5.421000000000000000e+03
9.800000000000000000e+01
3.426800000000000000e+04
7.343000000000000000e+03
6.464500000000000000e+04
4.620000000000000000e+03
1.506000000000000000e+03
8.100000000000000000e+01
3.149100000000000000e+04
9.700000000000000000e+01
1.390000000000000000e+03
4.317000000000000000e+03
4.762100000000000000e+04
5.937000000000000000e+03
4.650000000000000000e+02
2.639400000000000000e+04
7.200000000000000000e+01
3.920000000000000000e+02
4.414000000000000000e+03
5.946000000000000000e+03
1.090000000000000000e+02
8.820000000000000000e+02
2.106500000000000000e+04
3.880000000000000000e+02
2.179000000000000000e+03
3.724000000000000000e+03
4.812000000000000000e+03
9.940000000000000000e+02
3.180000000000000000e+02
9.500000000000000000e+01
7.400000000000000000e+01
9.500000000000000000e+01
6.600000000000000000e+01
3.620000000000000000e+02
6.612200000000000000e+04
8.500000000000000000e+01
1.290000000000000000e+02
1.030000000000000000e+02
1.520000000000000000e+02
2.120000000000000000e+02
6.000000000000000000e+02
6.980000000000000000e+02
3.972000000000000000e+03
3.173000000000000000e+03
1.790000000000000000e+02
1.497000000000000000e+03
3.840000000000000000e+02
1.830000000000000000e+02
1.008300000000000000e+04
6.960000000000000000e+02
1.620000000000000000e+02
1.560000000000000000e+02
3.946000000000000000e+03
1.500000000000000000e+02
2.890000000000000000e+02
2.836000000000000000e+03
2.660000000000000000e+02
1.700000000000000000e+02
1.410000000000000000e+02
1.842900000000000000e+04
1.410000000000000000e+02
1.780000000000000000e+02
3.030000000000000000e+02
2.991000000000000000e+03
1.760000000000000000e+02
7.865000000000000000e+03
1.510000000000000000e+02
1.860000000000000000e+02
2.371000000000000000e+03
1.640000000000000000e+02
5.120000000000000000e+02
3.030000000000000000e+02
1.510000000000000000e+02
1.930000000000000000e+02
1.920000000000000000e+02
1.490000000000000000e+02
3.177600000000000000e+04
1.530000000000000000e+02
2.060000000000000000e+02
2.110000000000000000e+02
2.250000000000000000e+02
2.810000000000000000e+02
2.020000000000000000e+02
5.480000000000000000e+02
1.420000000000000000e+02
2.259000000000000000e+03
1.990000000000000000e+02
2.110000000000000000e+02
7.085000000000000000e+03
1.600000000000000000e+02
1.840000000000000000e+02
2.311000000000000000e+03
1.730000000000000000e+02
2.790000000000000000e+02
1.820000000000000000e+02
1.510000000000000000e+02
1.660000000000000000e+02
1.739200000000000000e+04
1.530000000000000000e+02
2.170000000000000000e+02
1.930000000000000000e+02
2.090000000000000000e+02
3.020000000000000000e+02
2.290000000000000000e+02
2.030000000000000000e+03
1.850000000000000000e+02
2.910000000000000000e+02
2.280000000000000000e+02
2.100000000000000000e+02
2.130000000000000000e+02
2.607000000000000000e+03
2.360000000000000000e+02
2.670000000000000000e+02
2.630000000000000000e+02
2.580000000000000000e+02
5.310000000000000000e+02
2.830000000000000000e+02
2.490000000000000000e+02
2.810000000000000000e+02
7.021000000000000000e+03
3.030000000000000000e+02
2.880000000000000000e+02
3.650000000000000000e+02
2.800000000000000000e+02
3.120000000000000000e+02
1.413000000000000000e+03
3.390000000000000000e+02
4.040000000000000000e+02
3.930000000000000000e+02
2.150000000000000000e+03
4.220000000000000000e+02
4.920000000000000000e+02
4.300000000000000000e+02
2.257000000000000000e+03
5.300000000000000000e+02
5.480000000000000000e+02
8.340000000000000000e+02
6.910000000000000000e+02
8.980000000000000000e+02
7.890000000000000000e+02
1.009000000000000000e+03
9.830000000000000000e+02
9.990000000000000000e+02
1.171000000000000000e+03
1.190000000000000000e+03
1.247000000000000000e+03
1.234000000000000000e+03
1.288000000000000000e+03
1.327000000000000000e+03
1.311000000000000000e+03
1.403000000000000000e+03
1.327000000000000000e+03
1.355000000000000000e+03
1.193000000000000000e+03
1.589000000000000000e+03
1.369000000000000000e+03
1.638000000000000000e+03
1.575000000000000000e+03
1.400000000000000000e+03
1.594000000000000000e+03
6.560000000000000000e+02
1.146060000000000000e+05
2.863330000000000000e+05
1.971830000000000000e+05
1.556800000000000000e+05
1.237420000000000000e+05
9.571300000000000000e+04
7.990300000000000000e+04
7.034700000000000000e+04
6.520400000000000000e+04
6.581900000000000000e+04
7.724500000000000000e+04
8.041700000000000000e+04
9.070700000000000000e+04
1.090800000000000000e+05
1.015630000000000000e+05
9.331900000000000000e+04
9.165500000000000000e+04
9.569400000000000000e+04
1.126930000000000000e+05
8.495300000000000000e+04
7.737400000000000000e+04
8.185700000000000000e+04
8.026500000000000000e+04
7.563400000000000000e+04
7.523700000000000000e+04
7.425500000000000000e+04
7.053900000000000000e+04
6.957900000000000000e+04
6.900800000000000000e+04
7.189600000000000000e+04
7.697100000000000000e+04
8.198400000000000000e+04
8.515900000000000000e+04
8.606100000000000000e+04
8.285200000000000000e+04
7.510800000000000000e+04
5.955200000000000000e+04
7.683500000000000000e+04
7.583900000000000000e+04
7.736700000000000000e+04
7.947600000000000000e+04
7.967000000000000000e+04
7.674600000000000000e+04
7.963300000000000000e+04
7.370100000000000000e+04
7.074400000000000000e+04
6.893800000000000000e+04
7.241600000000000000e+04
8.227600000000000000e+04
7.979000000000000000e+04
8.859000000000000000e+04
8.561400000000000000e+04
7.559600000000000000e+04
7.064200000000000000e+04
6.849000000000000000e+04
6.293700000000000000e+04
5.987200000000000000e+04
5.609400000000000000e+04
5.664000000000000000e+04
5.839600000000000000e+04
5.750500000000000000e+04
5.877500000000000000e+04
6.072100000000000000e+04
5.710400000000000000e+04
5.364700000000000000e+04
5.314000000000000000e+04
5.449400000000000000e+04
5.385900000000000000e+04
5.247700000000000000e+04
5.141000000000000000e+04
5.201600000000000000e+04
5.078500000000000000e+04
5.007300000000000000e+04
4.919000000000000000e+04
4.875700000000000000e+04
4.804900000000000000e+04
4.874600000000000000e+04
4.861800000000000000e+04
4.795700000000000000e+04
4.771400000000000000e+04
4.738600000000000000e+04
4.606400000000000000e+04
4.593900000000000000e+04
4.563700000000000000e+04
4.412800000000000000e+04
4.421900000000000000e+04
4.303000000000000000e+04
4.358800000000000000e+04
4.334300000000000000e+04
4.309200000000000000e+04
4.308100000000000000e+04
4.360300000000000000e+04
4.316100000000000000e+04
4.243500000000000000e+04
4.201300000000000000e+04
4.223500000000000000e+04
4.291700000000000000e+04
4.320100000000000000e+04
4.254800000000000000e+04
4.176600000000000000e+04
4.119300000000000000e+04
4.136100000000000000e+04
4.186900000000000000e+04
4.222500000000000000e+04
4.167800000000000000e+04
4.108200000000000000e+04
4.045100000000000000e+04
3.921500000000000000e+04
3.892800000000000000e+04
3.839200000000000000e+04
3.823100000000000000e+04
3.757300000000000000e+04
3.728900000000000000e+04
3.683400000000000000e+04
3.598100000000000000e+04
3.554800000000000000e+04
3.490000000000000000e+04
3.505500000000000000e+04
3.567400000000000000e+04
3.531700000000000000e+04
3.435000000000000000e+04
3.446600000000000000e+04
3.361100000000000000e+04
3.273800000000000000e+04
3.201700000000000000e+04
3.074400000000000000e+04
3.045600000000000000e+04
3.051400000000000000e+04
2.919000000000000000e+04
2.876400000000000000e+04
2.768800000000000000e+04
2.675200000000000000e+04
2.659000000000000000e+04
2.600000000000000000e+04
2.567400000000000000e+04
2.581000000000000000e+04
2.515600000000000000e+04
2.416300000000000000e+04
2.328900000000000000e+04
2.215300000000000000e+04
2.165600000000000000e+04
2.149000000000000000e+04
2.109500000000000000e+04
2.057300000000000000e+04
2.057200000000000000e+04
2.037200000000000000e+04
1.977000000000000000e+04
1.908700000000000000e+04
1.915200000000000000e+04
1.866700000000000000e+04
1.912400000000000000e+04
1.918800000000000000e+04
1.884000000000000000e+04
1.861800000000000000e+04
1.818300000000000000e+04
1.824000000000000000e+04
1.794400000000000000e+04
1.735300000000000000e+04
1.675900000000000000e+04
1.676200000000000000e+04
1.698300000000000000e+04
1.635000000000000000e+04
1.593600000000000000e+04
1.538400000000000000e+04
1.476800000000000000e+04
1.409900000000000000e+04
1.358200000000000000e+04
1.291000000000000000e+04
1.254200000000000000e+04
1.191800000000000000e+04
1.141900000000000000e+04
1.096400000000000000e+04
1.114800000000000000e+04
1.085400000000000000e+04
1.068300000000000000e+04
1.043500000000000000e+04
1.042700000000000000e+04
1.035700000000000000e+04
1.013000000000000000e+04
1.033800000000000000e+04
9.842000000000000000e+03
9.826000000000000000e+03
1.005900000000000000e+04
9.904000000000000000e+03
9.909000000000000000e+03
1.027300000000000000e+04
1.072000000000000000e+04
1.048600000000000000e+04
1.025500000000000000e+04
9.900000000000000000e+03
9.248000000000000000e+03
8.932000000000000000e+03
8.205000000000000000e+03
7.521000000000000000e+03
6.937000000000000000e+03
6.489000000000000000e+03
5.984000000000000000e+03
5.704000000000000000e+03
5.338000000000000000e+03
4.947000000000000000e+03
4.688000000000000000e+03
4.372000000000000000e+03
3.913000000000000000e+03
3.754000000000000000e+03
3.505000000000000000e+03
3.272000000000000000e+03
3.105000000000000000e+03
3.114000000000000000e+03
2.813000000000000000e+03
2.631000000000000000e+03
2.508000000000000000e+03
2.407000000000000000e+03
2.222000000000000000e+03
2.101000000000000000e+03
2.171000000000000000e+03
2.006000000000000000e+03
1.945000000000000000e+03
1.940000000000000000e+03
1.912000000000000000e+03
1.801000000000000000e+03
1.752000000000000000e+03
1.793000000000000000e+03
1.691000000000000000e+03
1.676000000000000000e+03
1.690000000000000000e+03
1.614000000000000000e+03
1.540000000000000000e+03
1.511000000000000000e+03
1.396000000000000000e+03
1.445000000000000000e+03
1.268000000000000000e+03
1.242000000000000000e+03
1.151000000000000000e+03
1.123000000000000000e+03
1.060000000000000000e+03
1.039000000000000000e+03
9.660000000000000000e+02
9.490000000000000000e+02
9.390000000000000000e+02
9.080000000000000000e+02
9.210000000000000000e+02
8.940000000000000000e+02
1.052000000000000000e+03
1.033000000000000000e+03
1.097000000000000000e+03
1.196000000000000000e+03
1.256000000000000000e+03
1.369000000000000000e+03
1.620000000000000000e+03
1.664000000000000000e+03
1.731000000000000000e+03
2.105000000000000000e+03
2.109000000000000000e+03
1.450000000000000000e+03
1.058000000000000000e+03
8.580000000000000000e+02
2.276000000000000000e+03
