5.920000000000000000e+02
4.050000000000000000e+02
6.040000000000000000e+02
7.060000000000000000e+02
8.660000000000000000e+02
1.031000000000000000e+03
1.229000000000000000e+03
1.341000000000000000e+03
1.350000000000000000e+03
1.307000000000000000e+03
1.405000000000000000e+03
1.451000000000000000e+03
1.293000000000000000e+03
1.330000000000000000e+03
1.352000000000000000e+03
1.428000000000000000e+03
1.555000000000000000e+03
1.651000000000000000e+03
2.571000000000000000e+03
2.295000000000000000e+03
1.638000000000000000e+03
1.381000000000000000e+03
1.347000000000000000e+03
1.276000000000000000e+03
1.197000000000000000e+03
1.132000000000000000e+03
9.810000000000000000e+02
1.017000000000000000e+03
9.820000000000000000e+02
9.590000000000000000e+02
9.350000000000000000e+02
8.410000000000000000e+02
8.570000000000000000e+02
8.410000000000000000e+02
8.940000000000000000e+02
8.320000000000000000e+02
9.280000000000000000e+02
8.360000000000000000e+02
7.960000000000000000e+02
7.580000000000000000e+02
7.380000000000000000e+02
7.610000000000000000e+02
7.510000000000000000e+02
7.020000000000000000e+02
7.270000000000000000e+02
7.060000000000000000e+02
7.430000000000000000e+02
7.440000000000000000e+02
7.430000000000000000e+02
7.010000000000000000e+02
6.630000000000000000e+02
6.770000000000000000e+02
6.970000000000000000e+02
7.250000000000000000e+02
6.890000000000000000e+02
7.160000000000000000e+02
7.740000000000000000e+02
7.880000000000000000e+02
8.380000000000000000e+02
8.240000000000000000e+02
7.300000000000000000e+02
7.040000000000000000e+02
7.530000000000000000e+02
7.550000000000000000e+02
8.440000000000000000e+02
6.980000000000000000e+02
7.290000000000000000e+02
5.970000000000000000e+02
5.230000000000000000e+02
4.980000000000000000e+02
4.820000000000000000e+02
4.350000000000000000e+02
4.180000000000000000e+02
4.430000000000000000e+02
3.960000000000000000e+02
3.820000000000000000e+02
3.410000000000000000e+02
3.710000000000000000e+02
2.730000000000000000e+02
2.700000000000000000e+02
2.870000000000000000e+02
2.490000000000000000e+02
2.920000000000000000e+02
2.590000000000000000e+02
2.550000000000000000e+02
2.570000000000000000e+02
2.510000000000000000e+02
2.350000000000000000e+02
2.360000000000000000e+02
2.120000000000000000e+02
2.340000000000000000e+02
2.200000000000000000e+02
2.240000000000000000e+02
2.240000000000000000e+02
2.200000000000000000e+02
2.330000000000000000e+02
2.320000000000000000e+02
2.500000000000000000e+02
2.300000000000000000e+02
2.660000000000000000e+02
2.880000000000000000e+02
2.510000000000000000e+02
2.800000000000000000e+02
2.430000000000000000e+02
2.840000000000000000e+02
2.710000000000000000e+02
2.500000000000000000e+02
2.290000000000000000e+02
2.140000000000000000e+02
2.720000000000000000e+02
2.500000000000000000e+02
2.280000000000000000e+02
2.610000000000000000e+02
2.310000000000000000e+02
2.540000000000000000e+02
2.590000000000000000e+02
2.170000000000000000e+02
2.510000000000000000e+02
2.530000000000000000e+02
2.500000000000000000e+02
2.240000000000000000e+02
2.360000000000000000e+02
2.300000000000000000e+02
2.470000000000000000e+02
2.000000000000000000e+02
1.970000000000000000e+02
2.370000000000000000e+02
1.970000000000000000e+02
2.140000000000000000e+02
2.110000000000000000e+02
2.390000000000000000e+02
2.250000000000000000e+02
2.280000000000000000e+02
2.350000000000000000e+02
2.020000000000000000e+02
2.110000000000000000e+02
2.210000000000000000e+02
2.560000000000000000e+02
2.490000000000000000e+02
2.790000000000000000e+02
2.370000000000000000e+02
2.340000000000000000e+02
2.710000000000000000e+02
2.330000000000000000e+02
2.410000000000000000e+02
2.470000000000000000e+02
2.570000000000000000e+02
2.620000000000000000e+02
2.590000000000000000e+02
2.380000000000000000e+02
2.790000000000000000e+02
2.400000000000000000e+02
2.460000000000000000e+02
2.540000000000000000e+02
2.880000000000000000e+02
2.670000000000000000e+02
2.650000000000000000e+02
2.800000000000000000e+02
3.110000000000000000e+02
2.750000000000000000e+02
2.730000000000000000e+02
2.840000000000000000e+02
2.550000000000000000e+02
3.020000000000000000e+02
2.800000000000000000e+02
2.700000000000000000e+02
2.670000000000000000e+02
2.660000000000000000e+02
2.790000000000000000e+02
2.260000000000000000e+02
2.750000000000000000e+02
2.700000000000000000e+02
2.760000000000000000e+02
2.440000000000000000e+02
2.700000000000000000e+02
2.930000000000000000e+02
2.920000000000000000e+02
2.610000000000000000e+02
3.080000000000000000e+02
2.730000000000000000e+02
3.060000000000000000e+02
3.080000000000000000e+02
3.010000000000000000e+02
3.130000000000000000e+02
3.470000000000000000e+02
3.460000000000000000e+02
3.300000000000000000e+02
3.590000000000000000e+02
3.470000000000000000e+02
3.600000000000000000e+02
3.390000000000000000e+02
3.180000000000000000e+02
3.240000000000000000e+02
3.140000000000000000e+02
3.170000000000000000e+02
3.330000000000000000e+02
2.760000000000000000e+02
3.270000000000000000e+02
2.910000000000000000e+02
2.960000000000000000e+02
2.950000000000000000e+02
3.470000000000000000e+02
3.460000000000000000e+02
3.680000000000000000e+02
3.610000000000000000e+02
3.820000000000000000e+02
4.690000000000000000e+02
5.250000000000000000e+02
5.990000000000000000e+02
7.550000000000000000e+02
1.003000000000000000e+03
1.401000000000000000e+03
2.058000000000000000e+03
2.714000000000000000e+03
2.972000000000000000e+03
3.096000000000000000e+03
2.664000000000000000e+03
2.452000000000000000e+03
2.244000000000000000e+03
2.184000000000000000e+03
1.762000000000000000e+03
1.485000000000000000e+03
1.360000000000000000e+03
1.331000000000000000e+03
1.282000000000000000e+03
1.466000000000000000e+03
1.504000000000000000e+03
1.675000000000000000e+03
1.836000000000000000e+03
1.994000000000000000e+03
2.427000000000000000e+03
2.677000000000000000e+03
2.365000000000000000e+03
2.999000000000000000e+03
3.237000000000000000e+03
2.993000000000000000e+03
2.524000000000000000e+03
3.793000000000000000e+03
4.540000000000000000e+03
4.024000000000000000e+03
3.087000000000000000e+03
4.608000000000000000e+03
5.445000000000000000e+03
2.470000000000000000e+03
4.815000000000000000e+03
5.959000000000000000e+03
6.108000000000000000e+03
2.479000000000000000e+03
8.112000000000000000e+03
7.181000000000000000e+03
5.256000000000000000e+03
8.740000000000000000e+02
1.509000000000000000e+03
2.654000000000000000e+03
5.070000000000000000e+02
1.348000000000000000e+03
2.880000000000000000e+02
2.820000000000000000e+02
3.700000000000000000e+02
5.270000000000000000e+02
7.070000000000000000e+02
8.800000000000000000e+02
1.056000000000000000e+03
1.295000000000000000e+03
1.268000000000000000e+03
1.114000000000000000e+03
1.112000000000000000e+03
1.146000000000000000e+03
9.170000000000000000e+02
9.220000000000000000e+02
9.400000000000000000e+02
9.220000000000000000e+02
8.620000000000000000e+02
9.420000000000000000e+02
1.009000000000000000e+03
9.270000000000000000e+02
1.004000000000000000e+03
1.091000000000000000e+03
1.077000000000000000e+03
1.212000000000000000e+03
1.112000000000000000e+03
1.174000000000000000e+03
1.085000000000000000e+03
1.054000000000000000e+03
1.121000000000000000e+03
1.267000000000000000e+03
1.312000000000000000e+03
1.171000000000000000e+03
1.269000000000000000e+03
1.753000000000000000e+03
1.339000000000000000e+03
1.100000000000000000e+03
1.001000000000000000e+03
1.008000000000000000e+03
9.240000000000000000e+02
8.750000000000000000e+02
8.730000000000000000e+02
8.660000000000000000e+02
8.750000000000000000e+02
9.040000000000000000e+02
9.210000000000000000e+02
8.620000000000000000e+02
7.960000000000000000e+02
6.790000000000000000e+02
6.150000000000000000e+02
6.280000000000000000e+02
5.560000000000000000e+02
5.780000000000000000e+02
5.800000000000000000e+02
5.690000000000000000e+02
5.730000000000000000e+02
5.680000000000000000e+02
5.880000000000000000e+02
6.380000000000000000e+02
6.340000000000000000e+02
6.420000000000000000e+02
6.710000000000000000e+02
6.730000000000000000e+02
6.210000000000000000e+02
6.730000000000000000e+02
6.840000000000000000e+02
7.210000000000000000e+02
7.640000000000000000e+02
6.610000000000000000e+02
6.980000000000000000e+02
7.710000000000000000e+02
7.450000000000000000e+02
8.310000000000000000e+02
9.020000000000000000e+02
9.750000000000000000e+02
8.690000000000000000e+02
7.640000000000000000e+02
7.070000000000000000e+02
7.280000000000000000e+02
6.310000000000000000e+02
4.530000000000000000e+02
4.420000000000000000e+02
3.650000000000000000e+02
3.970000000000000000e+02
3.450000000000000000e+02
3.400000000000000000e+02
3.170000000000000000e+02
2.840000000000000000e+02
2.920000000000000000e+02
2.490000000000000000e+02
2.780000000000000000e+02
2.370000000000000000e+02
2.600000000000000000e+02
2.400000000000000000e+02
2.550000000000000000e+02
2.250000000000000000e+02
2.390000000000000000e+02
2.280000000000000000e+02
2.160000000000000000e+02
2.140000000000000000e+02
1.940000000000000000e+02
2.110000000000000000e+02
2.020000000000000000e+02
2.140000000000000000e+02
2.270000000000000000e+02
2.260000000000000000e+02
2.460000000000000000e+02
1.980000000000000000e+02
1.920000000000000000e+02
2.060000000000000000e+02
1.950000000000000000e+02
2.140000000000000000e+02
1.900000000000000000e+02
2.010000000000000000e+02
2.240000000000000000e+02
2.010000000000000000e+02
2.130000000000000000e+02
2.050000000000000000e+02
2.150000000000000000e+02
2.350000000000000000e+02
2.580000000000000000e+02
2.410000000000000000e+02
2.670000000000000000e+02
2.640000000000000000e+02
2.850000000000000000e+02
2.320000000000000000e+02
2.710000000000000000e+02
2.230000000000000000e+02
2.330000000000000000e+02
2.370000000000000000e+02
2.430000000000000000e+02
2.680000000000000000e+02
2.350000000000000000e+02
2.360000000000000000e+02
2.580000000000000000e+02
2.450000000000000000e+02
2.380000000000000000e+02
2.140000000000000000e+02
2.390000000000000000e+02
2.370000000000000000e+02
2.140000000000000000e+02
2.460000000000000000e+02
2.390000000000000000e+02
2.180000000000000000e+02
2.450000000000000000e+02
2.380000000000000000e+02
2.420000000000000000e+02
2.420000000000000000e+02
2.230000000000000000e+02
1.720000000000000000e+02
2.680000000000000000e+02
2.350000000000000000e+02
2.430000000000000000e+02
2.450000000000000000e+02
2.660000000000000000e+02
2.840000000000000000e+02
2.550000000000000000e+02
2.880000000000000000e+02
2.460000000000000000e+02
2.470000000000000000e+02
2.550000000000000000e+02
2.710000000000000000e+02
2.480000000000000000e+02
2.910000000000000000e+02
2.540000000000000000e+02
2.660000000000000000e+02
2.430000000000000000e+02
2.850000000000000000e+02
3.030000000000000000e+02
2.880000000000000000e+02
3.100000000000000000e+02
3.010000000000000000e+02
2.860000000000000000e+02
2.830000000000000000e+02
2.740000000000000000e+02
2.750000000000000000e+02
2.650000000000000000e+02
2.640000000000000000e+02
2.780000000000000000e+02
2.830000000000000000e+02
2.590000000000000000e+02
2.670000000000000000e+02
2.790000000000000000e+02
2.690000000000000000e+02
2.930000000000000000e+02
2.690000000000000000e+02
3.210000000000000000e+02
3.130000000000000000e+02
2.850000000000000000e+02
3.080000000000000000e+02
3.640000000000000000e+02
3.530000000000000000e+02
3.410000000000000000e+02
3.490000000000000000e+02
3.240000000000000000e+02
3.770000000000000000e+02
3.690000000000000000e+02
3.630000000000000000e+02
3.590000000000000000e+02
3.540000000000000000e+02
3.540000000000000000e+02
3.970000000000000000e+02
4.480000000000000000e+02
5.050000000000000000e+02
5.720000000000000000e+02
7.110000000000000000e+02
8.140000000000000000e+02
9.820000000000000000e+02
1.403000000000000000e+03
1.834000000000000000e+03
2.408000000000000000e+03
2.816000000000000000e+03
2.986000000000000000e+03
2.966000000000000000e+03
2.651000000000000000e+03
2.356000000000000000e+03
2.105000000000000000e+03
1.749000000000000000e+03
1.535000000000000000e+03
1.363000000000000000e+03
1.372000000000000000e+03
1.179000000000000000e+03
1.340000000000000000e+03
1.340000000000000000e+03
1.372000000000000000e+03
1.422000000000000000e+03
1.496000000000000000e+03
1.635000000000000000e+03
1.841000000000000000e+03
1.915000000000000000e+03
2.046000000000000000e+03
2.379000000000000000e+03
2.403000000000000000e+03
2.225000000000000000e+03
3.003000000000000000e+03
3.481000000000000000e+03
3.090000000000000000e+03
2.814000000000000000e+03
4.125000000000000000e+03
4.956000000000000000e+03
3.943000000000000000e+03
2.758000000000000000e+03
4.136000000000000000e+03
4.656000000000000000e+03
2.190000000000000000e+03
4.490000000000000000e+03
5.764000000000000000e+03
5.924000000000000000e+03
2.329000000000000000e+03
7.947000000000000000e+03
7.065000000000000000e+03
5.195000000000000000e+03
8.660000000000000000e+02
1.493000000000000000e+03
2.657000000000000000e+03
5.530000000000000000e+02
1.372000000000000000e+03
4.100000000000000000e+01
4.400000000000000000e+01
1.100000000000000000e+02
1.420000000000000000e+02
3.210000000000000000e+02
4.280000000000000000e+02
7.480000000000000000e+02
9.590000000000000000e+02
9.850000000000000000e+02
1.097000000000000000e+03
1.133000000000000000e+03
1.179000000000000000e+03
1.093000000000000000e+03
1.025000000000000000e+03
9.860000000000000000e+02
8.690000000000000000e+02
8.770000000000000000e+02
8.460000000000000000e+02
8.400000000000000000e+02
7.940000000000000000e+02
7.880000000000000000e+02
7.540000000000000000e+02
7.430000000000000000e+02
7.060000000000000000e+02
7.070000000000000000e+02
6.840000000000000000e+02
6.120000000000000000e+02
6.380000000000000000e+02
5.850000000000000000e+02
6.060000000000000000e+02
5.500000000000000000e+02
6.200000000000000000e+02
5.920000000000000000e+02
5.950000000000000000e+02
5.770000000000000000e+02
5.660000000000000000e+02
5.590000000000000000e+02
5.520000000000000000e+02
5.320000000000000000e+02
5.400000000000000000e+02
5.450000000000000000e+02
5.100000000000000000e+02
6.000000000000000000e+02
5.500000000000000000e+02
5.560000000000000000e+02
5.360000000000000000e+02
5.320000000000000000e+02
5.550000000000000000e+02
5.840000000000000000e+02
5.600000000000000000e+02
5.750000000000000000e+02
6.190000000000000000e+02
6.660000000000000000e+02
6.150000000000000000e+02
7.370000000000000000e+02
7.400000000000000000e+02
1.095000000000000000e+03
8.480000000000000000e+02
6.840000000000000000e+02
6.040000000000000000e+02
6.570000000000000000e+02
6.530000000000000000e+02
6.710000000000000000e+02
7.770000000000000000e+02
1.076000000000000000e+03
8.120000000000000000e+02
7.840000000000000000e+02
7.250000000000000000e+02
7.070000000000000000e+02
6.940000000000000000e+02
7.220000000000000000e+02
7.380000000000000000e+02
8.410000000000000000e+02
8.170000000000000000e+02
7.780000000000000000e+02
8.010000000000000000e+02
7.960000000000000000e+02
7.640000000000000000e+02
6.820000000000000000e+02
6.190000000000000000e+02
5.790000000000000000e+02
5.940000000000000000e+02
6.050000000000000000e+02
5.970000000000000000e+02
6.090000000000000000e+02
6.250000000000000000e+02
6.480000000000000000e+02
6.380000000000000000e+02
5.520000000000000000e+02
6.080000000000000000e+02
6.570000000000000000e+02
6.170000000000000000e+02
6.640000000000000000e+02
6.580000000000000000e+02
7.270000000000000000e+02
7.460000000000000000e+02
7.020000000000000000e+02
6.860000000000000000e+02
6.320000000000000000e+02
6.590000000000000000e+02
6.610000000000000000e+02
7.060000000000000000e+02
7.550000000000000000e+02
7.160000000000000000e+02
7.500000000000000000e+02
6.100000000000000000e+02
4.430000000000000000e+02
3.510000000000000000e+02
3.040000000000000000e+02
2.640000000000000000e+02
2.350000000000000000e+02
2.210000000000000000e+02
2.290000000000000000e+02
2.370000000000000000e+02
1.960000000000000000e+02
1.980000000000000000e+02
2.250000000000000000e+02
2.200000000000000000e+02
2.160000000000000000e+02
1.960000000000000000e+02
2.100000000000000000e+02
2.100000000000000000e+02
1.980000000000000000e+02
2.140000000000000000e+02
1.990000000000000000e+02
2.040000000000000000e+02
1.890000000000000000e+02
2.180000000000000000e+02
2.110000000000000000e+02
2.130000000000000000e+02
2.280000000000000000e+02
2.450000000000000000e+02
2.290000000000000000e+02
2.280000000000000000e+02
2.200000000000000000e+02
2.030000000000000000e+02
2.340000000000000000e+02
2.170000000000000000e+02
2.200000000000000000e+02
2.300000000000000000e+02
2.170000000000000000e+02
2.190000000000000000e+02
1.920000000000000000e+02
2.210000000000000000e+02
2.310000000000000000e+02
2.250000000000000000e+02
2.250000000000000000e+02
2.230000000000000000e+02
2.250000000000000000e+02
2.540000000000000000e+02
2.770000000000000000e+02
2.790000000000000000e+02
2.650000000000000000e+02
2.680000000000000000e+02
2.810000000000000000e+02
2.940000000000000000e+02
2.700000000000000000e+02
2.910000000000000000e+02
2.630000000000000000e+02
2.470000000000000000e+02
2.750000000000000000e+02
2.600000000000000000e+02
2.810000000000000000e+02
2.670000000000000000e+02
2.800000000000000000e+02
3.030000000000000000e+02
2.670000000000000000e+02
2.660000000000000000e+02
3.050000000000000000e+02
3.230000000000000000e+02
3.030000000000000000e+02
3.180000000000000000e+02
3.130000000000000000e+02
3.250000000000000000e+02
2.890000000000000000e+02
3.080000000000000000e+02
2.680000000000000000e+02
2.870000000000000000e+02
2.960000000000000000e+02
2.650000000000000000e+02
2.820000000000000000e+02
2.850000000000000000e+02
2.780000000000000000e+02
3.050000000000000000e+02
2.880000000000000000e+02
3.150000000000000000e+02
3.120000000000000000e+02
3.500000000000000000e+02
3.510000000000000000e+02
3.810000000000000000e+02
4.080000000000000000e+02
3.700000000000000000e+02
3.990000000000000000e+02
3.690000000000000000e+02
4.370000000000000000e+02
4.840000000000000000e+02
4.820000000000000000e+02
5.470000000000000000e+02
4.960000000000000000e+02
5.490000000000000000e+02
5.920000000000000000e+02
6.830000000000000000e+02
7.100000000000000000e+02
8.270000000000000000e+02
1.262000000000000000e+03
1.726000000000000000e+03
2.222000000000000000e+03
2.611000000000000000e+03
2.727000000000000000e+03
2.387000000000000000e+03
2.183000000000000000e+03
1.983000000000000000e+03
1.978000000000000000e+03
1.887000000000000000e+03
1.771000000000000000e+03
1.589000000000000000e+03
1.337000000000000000e+03
1.295000000000000000e+03
1.365000000000000000e+03
1.263000000000000000e+03
1.265000000000000000e+03
1.341000000000000000e+03
1.384000000000000000e+03
1.337000000000000000e+03
1.436000000000000000e+03
1.521000000000000000e+03
1.656000000000000000e+03
1.797000000000000000e+03
1.990000000000000000e+03
1.916000000000000000e+03
2.231000000000000000e+03
2.478000000000000000e+03
2.384000000000000000e+03
3.253000000000000000e+03
3.523000000000000000e+03
3.567000000000000000e+03
3.215000000000000000e+03
4.660000000000000000e+03
4.298000000000000000e+03
4.064000000000000000e+03
2.746000000000000000e+03
4.190000000000000000e+03
4.581000000000000000e+03
2.330000000000000000e+03
4.486000000000000000e+03
5.755000000000000000e+03
5.988000000000000000e+03
2.415000000000000000e+03
8.091000000000000000e+03
7.096000000000000000e+03
5.156000000000000000e+03
9.040000000000000000e+02
1.541000000000000000e+03
2.711000000000000000e+03
5.630000000000000000e+02
1.575000000000000000e+03
9.821900000000000000e+04
2.100000000000000000e+01
1.100000000000000000e+01
1.500000000000000000e+01
9.000000000000000000e+00
2.400000000000000000e+01
2.617500000000000000e+04
0.000000000000000000e+00
3.600000000000000000e+01
0.000000000000000000e+00
1.000000000000000000e+00
1.650000000000000000e+02
0.000000000000000000e+00
1.536000000000000000e+03
3.100000000000000000e+01
0.000000000000000000e+00
4.210000000000000000e+02
0.000000000000000000e+00
1.000000000000000000e+00
5.574000000000000000e+03
1.896000000000000000e+03
2.600000000000000000e+02
2.100000000000000000e+01
2.800000000000000000e+01
3.180000000000000000e+02
1.300000000000000000e+02
5.000000000000000000e+00
0.000000000000000000e+00
0.000000000000000000e+00
0.000000000000000000e+00
1.888000000000000000e+03
0.000000000000000000e+00
0.000000000000000000e+00
0.000000000000000000e+00
1.900000000000000000e+01
6.200000000000000000e+01
2.380000000000000000e+02
0.000000000000000000e+00
2.000000000000000000e+00
0.000000000000000000e+00
3.000000000000000000e+00
0.000000000000000000e+00
6.800000000000000000e+01
6.000000000000000000e+00
0.000000000000000000e+00
2.000000000000000000e+00
0.000000000000000000e+00
0.000000000000000000e+00
0.000000000000000000e+00
0.000000000000000000e+00
3.760000000000000000e+02
1.000000000000000000e+00
0.000000000000000000e+00
0.000000000000000000e+00
0.000000000000000000e+00
1.400000000000000000e+01
0.000000000000000000e+00
0.000000000000000000e+00
0.000000000000000000e+00
0.000000000000000000e+00
2.000000000000000000e+00
0.000000000000000000e+00
0.000000000000000000e+00
0.000000000000000000e+00
0.000000000000000000e+00
0.000000000000000000e+00
7.000000000000000000e+01
4.000000000000000000e+00
1.000000000000000000e+00
1.500000000000000000e+01
1.800000000000000000e+01
4.000000000000000000e+00
0.000000000000000000e+00
1.400000000000000000e+01
7.600000000000000000e+01
1.722000000000000000e+03
3.000000000000000000e+00
6.000000000000000000e+00
0.000000000000000000e+00
1.910000000000000000e+02
2.750000000000000000e+02
1.200000000000000000e+01
0.000000000000000000e+00
3.000000000000000000e+02
1.180000000000000000e+02
2.890000000000000000e+02
5.800000000000000000e+01
6.000000000000000000e+02
9.700000000000000000e+01
2.520000000000000000e+02
2.532000000000000000e+03
7.000000000000000000e+00
4.990000000000000000e+02
5.220000000000000000e+02
5.000000000000000000e+00
1.213000000000000000e+03
1.250000000000000000e+03
9.000000000000000000e+00
1.408000000000000000e+03
5.600000000000000000e+01
2.000000000000000000e+01
9.650000000000000000e+02
1.220000000000000000e+02
3.312000000000000000e+03
7.680000000000000000e+02
1.253000000000000000e+03
2.139000000000000000e+03
2.868000000000000000e+03
3.063000000000000000e+03
8.074000000000000000e+03
1.379900000000000000e+04
9.750000000000000000e+03
1.024300000000000000e+04
4.085000000000000000e+03
9.053000000000000000e+03
2.715000000000000000e+03
1.516000000000000000e+03
1.140000000000000000e+02
1.080000000000000000e+02
4.600000000000000000e+01
4.309000000000000000e+03
2.000000000000000000e+00
6.900000000000000000e+01
1.400000000000000000e+01
2.510000000000000000e+02
1.505000000000000000e+03
4.088000000000000000e+03
3.000000000000000000e+00
2.300000000000000000e+01
3.000000000000000000e+00
4.000000000000000000e+01
0.000000000000000000e+00
3.500000000000000000e+02
1.700000000000000000e+02
0.000000000000000000e+00
1.300000000000000000e+01
1.000000000000000000e+00
0.000000000000000000e+00
3.000000000000000000e+00
1.000000000000000000e+00
4.140000000000000000e+02
5.000000000000000000e+00
0.000000000000000000e+00
0.000000000000000000e+00
0.000000000000000000e+00
9.000000000000000000e+00
2.000000000000000000e+00
0.000000000000000000e+00
0.000000000000000000e+00
0.000000000000000000e+00
2.600000000000000000e+01
0.000000000000000000e+00
0.000000000000000000e+00
1.000000000000000000e+00
0.000000000000000000e+00
0.000000000000000000e+00
1.800000000000000000e+01
1.000000000000000000e+00
1.000000000000000000e+00
2.000000000000000000e+00
3.000000000000000000e+00
0.000000000000000000e+00
0.000000000000000000e+00
2.000000000000000000e+00
5.000000000000000000e+00
2.698000000000000000e+03
0.000000000000000000e+00
1.000000000000000000e+00
1.000000000000000000e+00
1.000000000000000000e+00
1.330000000000000000e+02
1.000000000000000000e+00
3.000000000000000000e+00
2.535000000000000000e+03
4.000000000000000000e+00
3.000000000000000000e+00
3.000000000000000000e+00
1.800000000000000000e+01
2.500000000000000000e+01
2.300000000000000000e+01
9.786100000000000000e+04
5.100000000000000000e+01
5.153000000000000000e+03
2.596000000000000000e+03
2.632000000000000000e+03
8.729000000000000000e+03
2.112600000000000000e+04
1.430000000000000000e+03
2.244000000000000000e+03
4.198000000000000000e+03
4.088000000000000000e+03
1.143000000000000000e+03
1.367000000000000000e+03
1.510000000000000000e+03
1.291000000000000000e+03
1.280000000000000000e+03
1.153000000000000000e+03
1.099000000000000000e+03
1.313000000000000000e+03
1.161000000000000000e+03
1.309000000000000000e+03
1.063000000000000000e+03
9.310000000000000000e+02
1.039000000000000000e+03
9.240000000000000000e+02
7.890000000000000000e+02
8.740000000000000000e+02
7.040000000000000000e+02
8.820000000000000000e+02
6.820000000000000000e+02
8.540000000000000000e+02
6.440000000000000000e+02
6.960000000000000000e+02
6.600000000000000000e+02
7.200000000000000000e+02
6.280000000000000000e+02
7.190000000000000000e+02
4.140000000000000000e+02
5.440000000000000000e+02
5.760000000000000000e+02
5.200000000000000000e+02
4.320000000000000000e+02
3.730000000000000000e+02
5.420000000000000000e+02
4.600000000000000000e+02
3.880000000000000000e+02
5.570000000000000000e+02
4.380000000000000000e+02
4.140000000000000000e+02
4.040000000000000000e+02
3.370000000000000000e+02
5.910000000000000000e+02
3.190000000000000000e+02
4.650000000000000000e+02
3.160000000000000000e+02
5.340000000000000000e+02
3.340000000000000000e+02
5.040000000000000000e+02
5.010000000000000000e+02
4.500000000000000000e+02
3.880000000000000000e+02
4.500000000000000000e+02
3.570000000000000000e+02
3.040000000000000000e+02
7.490000000000000000e+02
3.230000000000000000e+02
3.910000000000000000e+02
5.150000000000000000e+02
3.990000000000000000e+02
3.540000000000000000e+02
4.680000000000000000e+02
5.570000000000000000e+02
3.430000000000000000e+02
5.260000000000000000e+02
3.930000000000000000e+02
4.750000000000000000e+02
3.510000000000000000e+02
4.710000000000000000e+02
4.390000000000000000e+02
3.230000000000000000e+02
5.140000000000000000e+02
4.160000000000000000e+02
3.660000000000000000e+02
3.730000000000000000e+02
3.530000000000000000e+02
8.270000000000000000e+02
3.310000000000000000e+02
3.280000000000000000e+02
3.910000000000000000e+02
4.150000000000000000e+02
4.710000000000000000e+02
6.390000000000000000e+02
4.880000000000000000e+02
6.460000000000000000e+02
5.650000000000000000e+02
5.560000000000000000e+02
7.580000000000000000e+02
5.430000000000000000e+02
8.360000000000000000e+02
5.230000000000000000e+02
5.770000000000000000e+02
5.160000000000000000e+02
6.610000000000000000e+02
5.280000000000000000e+02
4.520000000000000000e+02
4.780000000000000000e+02
7.480000000000000000e+02
4.210000000000000000e+02
4.590000000000000000e+02
6.670000000000000000e+02
5.150000000000000000e+02
5.150000000000000000e+02
5.370000000000000000e+02
6.020000000000000000e+02
4.680000000000000000e+02
5.500000000000000000e+02
7.140000000000000000e+02
3.990000000000000000e+02
4.890000000000000000e+02
3.750000000000000000e+02
4.110000000000000000e+02
3.550000000000000000e+02
3.060000000000000000e+02
3.440000000000000000e+02
3.150000000000000000e+02
2.700000000000000000e+02
3.140000000000000000e+02
2.970000000000000000e+02
8.810000000000000000e+02
2.670000000000000000e+02
2.900000000000000000e+02
2.680000000000000000e+02
2.760000000000000000e+02
2.640000000000000000e+02
2.720000000000000000e+02
2.660000000000000000e+02
3.710000000000000000e+02
2.640000000000000000e+02
3.130000000000000000e+02
3.740000000000000000e+02
2.270000000000000000e+02
1.810000000000000000e+02
5.480000000000000000e+02
2.060000000000000000e+02
1.460000000000000000e+02
1.930000000000000000e+02
2.630000000000000000e+02
1.410000000000000000e+02
2.130000000000000000e+02
2.350000000000000000e+02
1.720000000000000000e+02
1.420000000000000000e+02
2.440000000000000000e+02
3.740000000000000000e+02
1.500000000000000000e+02
2.180000000000000000e+02
1.640000000000000000e+02
2.480000000000000000e+02
1.570000000000000000e+02
5.020000000000000000e+02
1.620000000000000000e+02
1.610000000000000000e+02
2.300000000000000000e+02
1.670000000000000000e+02
1.710000000000000000e+02
1.810000000000000000e+02
2.010000000000000000e+02
1.590000000000000000e+02
4.320000000000000000e+02
1.710000000000000000e+02
6.400000000000000000e+02
2.500000000000000000e+02
2.570000000000000000e+02
3.370000000000000000e+02
4.100000000000000000e+02
2.610000000000000000e+02
2.120000000000000000e+02
5.000000000000000000e+02
3.030000000000000000e+02
3.010000000000000000e+02
6.060000000000000000e+02
2.370000000000000000e+02
4.240000000000000000e+02
8.560000000000000000e+02
2.720000000000000000e+02
4.040000000000000000e+02
3.330000000000000000e+02
2.010000000000000000e+02
1.520000000000000000e+02
2.950000000000000000e+02
1.330000000000000000e+02
2.640000000000000000e+02
1.800000000000000000e+02
7.400000000000000000e+01
1.450000000000000000e+02
6.400000000000000000e+01
1.160000000000000000e+02
7.900000000000000000e+01
1.740000000000000000e+02
7.200000000000000000e+01
1.100000000000000000e+02
1.270000000000000000e+02
9.300000000000000000e+01
3.700000000000000000e+01
1.240000000000000000e+02
8.000000000000000000e+01
8.100000000000000000e+01
3.500000000000000000e+01
3.500000000000000000e+01
8.200000000000000000e+01
2.000000000000000000e+01
7.900000000000000000e+01
9.000000000000000000e+00
2.730000000000000000e+02
8.000000000000000000e+00
3.000000000000000000e+01
2.500000000000000000e+01
3.900000000000000000e+01
2.300000000000000000e+01
8.500000000000000000e+01
1.400000000000000000e+01
2.500000000000000000e+01
2.600000000000000000e+01
4.600000000000000000e+01
6.000000000000000000e+00
1.100000000000000000e+01
1.100000000000000000e+01
4.400000000000000000e+01
9.000000000000000000e+00
2.000000000000000000e+00
3.200000000000000000e+01
1.000000000000000000e+01
2.600000000000000000e+01
1.000000000000000000e+00
1.400000000000000000e+01
1.000000000000000000e+01
6.000000000000000000e+00
1.800000000000000000e+01
3.000000000000000000e+00
1.500000000000000000e+01
1.000000000000000000e+00
6.000000000000000000e+00
1.100000000000000000e+01
4.000000000000000000e+00
4.000000000000000000e+00
5.000000000000000000e+00
4.000000000000000000e+00
2.000000000000000000e+00
0.000000000000000000e+00
0.000000000000000000e+00
1.000000000000000000e+00
0.000000000000000000e+00
0.000000000000000000e+00
0.000000000000000000e+00
0.000000000000000000e+00
6.670000000000000000e+02
2.600000000000000000e+01
2.600000000000000000e+01
9.200000000000000000e+01
1.120000000000000000e+02
2.820000000000000000e+02
4.200000000000000000e+02
7.160000000000000000e+02
9.510000000000000000e+02
9.970000000000000000e+02
1.092000000000000000e+03
1.142000000000000000e+03
1.195000000000000000e+03
1.063000000000000000e+03
1.041000000000000000e+03
9.900000000000000000e+02
8.650000000000000000e+02
8.870000000000000000e+02
8.250000000000000000e+02
8.610000000000000000e+02
7.910000000000000000e+02
7.720000000000000000e+02
7.740000000000000000e+02
7.840000000000000000e+02
7.200000000000000000e+02
6.960000000000000000e+02
6.880000000000000000e+02
5.990000000000000000e+02
6.540000000000000000e+02
5.750000000000000000e+02
6.050000000000000000e+02
5.560000000000000000e+02
6.320000000000000000e+02
5.930000000000000000e+02
5.980000000000000000e+02
5.790000000000000000e+02
5.600000000000000000e+02
5.520000000000000000e+02
5.430000000000000000e+02
5.310000000000000000e+02
5.480000000000000000e+02
5.500000000000000000e+02
5.300000000000000000e+02
5.970000000000000000e+02
5.560000000000000000e+02
5.560000000000000000e+02
5.400000000000000000e+02
5.380000000000000000e+02
5.480000000000000000e+02
5.800000000000000000e+02
5.650000000000000000e+02
5.740000000000000000e+02
6.170000000000000000e+02
6.660000000000000000e+02
6.140000000000000000e+02
7.340000000000000000e+02
7.420000000000000000e+02
1.101000000000000000e+03
8.440000000000000000e+02
6.900000000000000000e+02
6.030000000000000000e+02
6.660000000000000000e+02
6.530000000000000000e+02
6.730000000000000000e+02
7.750000000000000000e+02
1.071000000000000000e+03
8.070000000000000000e+02
7.800000000000000000e+02
7.250000000000000000e+02
7.120000000000000000e+02
6.970000000000000000e+02
7.220000000000000000e+02
7.320000000000000000e+02
8.420000000000000000e+02
8.160000000000000000e+02
7.740000000000000000e+02
7.990000000000000000e+02
7.890000000000000000e+02
7.680000000000000000e+02
6.830000000000000000e+02
6.290000000000000000e+02
5.740000000000000000e+02
5.930000000000000000e+02
6.060000000000000000e+02
5.950000000000000000e+02
6.070000000000000000e+02
6.330000000000000000e+02
6.480000000000000000e+02
6.300000000000000000e+02
5.560000000000000000e+02
6.050000000000000000e+02
6.550000000000000000e+02
6.150000000000000000e+02
6.610000000000000000e+02
6.660000000000000000e+02
7.210000000000000000e+02
7.440000000000000000e+02
7.010000000000000000e+02
6.910000000000000000e+02
6.320000000000000000e+02
6.600000000000000000e+02
6.610000000000000000e+02
7.020000000000000000e+02
7.610000000000000000e+02
7.150000000000000000e+02
7.500000000000000000e+02
6.120000000000000000e+02
4.370000000000000000e+02
3.540000000000000000e+02
3.000000000000000000e+02
2.660000000000000000e+02
2.390000000000000000e+02
2.250000000000000000e+02
2.300000000000000000e+02
2.390000000000000000e+02
1.940000000000000000e+02
1.960000000000000000e+02
2.250000000000000000e+02
2.240000000000000000e+02
2.080000000000000000e+02
1.920000000000000000e+02
2.100000000000000000e+02
2.080000000000000000e+02
1.940000000000000000e+02
2.200000000000000000e+02
1.980000000000000000e+02
2.010000000000000000e+02
1.930000000000000000e+02
2.240000000000000000e+02
2.120000000000000000e+02
1.970000000000000000e+02
2.240000000000000000e+02
2.580000000000000000e+02
2.250000000000000000e+02
2.270000000000000000e+02
2.190000000000000000e+02
1.970000000000000000e+02
2.280000000000000000e+02
2.260000000000000000e+02
2.140000000000000000e+02
2.230000000000000000e+02
2.130000000000000000e+02
2.240000000000000000e+02
1.920000000000000000e+02
2.230000000000000000e+02
2.250000000000000000e+02
2.190000000000000000e+02
2.260000000000000000e+02
2.370000000000000000e+02
2.110000000000000000e+02
2.600000000000000000e+02
2.710000000000000000e+02
2.580000000000000000e+02
2.650000000000000000e+02
2.570000000000000000e+02
2.820000000000000000e+02
2.870000000000000000e+02
2.840000000000000000e+02
2.870000000000000000e+02
2.550000000000000000e+02
2.550000000000000000e+02
2.710000000000000000e+02
2.660000000000000000e+02
2.930000000000000000e+02
2.750000000000000000e+02
2.740000000000000000e+02
2.900000000000000000e+02
2.790000000000000000e+02
2.710000000000000000e+02
3.150000000000000000e+02
3.050000000000000000e+02
3.120000000000000000e+02
3.140000000000000000e+02
3.170000000000000000e+02
3.200000000000000000e+02
2.790000000000000000e+02
3.080000000000000000e+02
2.780000000000000000e+02
2.780000000000000000e+02
3.080000000000000000e+02
2.770000000000000000e+02
2.640000000000000000e+02
2.960000000000000000e+02
2.710000000000000000e+02
3.010000000000000000e+02
2.970000000000000000e+02
3.130000000000000000e+02
3.120000000000000000e+02
3.510000000000000000e+02
3.340000000000000000e+02
3.910000000000000000e+02
3.810000000000000000e+02
3.720000000000000000e+02
3.970000000000000000e+02
3.470000000000000000e+02
4.000000000000000000e+02
4.160000000000000000e+02
3.790000000000000000e+02
4.240000000000000000e+02
3.730000000000000000e+02
3.600000000000000000e+02
4.140000000000000000e+02
4.520000000000000000e+02
3.890000000000000000e+02
4.190000000000000000e+02
4.850000000000000000e+02
5.270000000000000000e+02
5.750000000000000000e+02
5.800000000000000000e+02
7.280000000000000000e+02
8.480000000000000000e+02
1.099000000000000000e+03
1.471000000000000000e+03
2.092000000000000000e+03
2.777000000000000000e+03
3.026000000000000000e+03
3.144000000000000000e+03
2.698000000000000000e+03
2.451000000000000000e+03
2.310000000000000000e+03
2.267000000000000000e+03
1.816000000000000000e+03
1.584000000000000000e+03
1.415000000000000000e+03
1.453000000000000000e+03
1.415000000000000000e+03
1.566000000000000000e+03
1.665000000000000000e+03
1.831000000000000000e+03
1.928000000000000000e+03
2.059000000000000000e+03
2.490000000000000000e+03
2.752000000000000000e+03
2.471000000000000000e+03
3.197000000000000000e+03
3.443000000000000000e+03
3.174000000000000000e+03
2.724000000000000000e+03
4.008000000000000000e+03
4.667000000000000000e+03
4.154000000000000000e+03
3.257000000000000000e+03
4.845000000000000000e+03
5.597000000000000000e+03
2.648000000000000000e+03
4.893000000000000000e+03
6.046000000000000000e+03
6.176000000000000000e+03
2.526000000000000000e+03
8.141000000000000000e+03
7.220000000000000000e+03
5.276000000000000000e+03
9.180000000000000000e+02
1.552000000000000000e+03
2.711000000000000000e+03
6.220000000000000000e+02
1.656000000000000000e+03
