4.453000000000000000e+03
2.600000000000000000e+03
1.536000000000000000e+03
1.240000000000000000e+03
9.920000000000000000e+02
7.740000000000000000e+02
6.640000000000000000e+02
6.390000000000000000e+02
5.150000000000000000e+02
4.440000000000000000e+02
4.290000000000000000e+02
3.710000000000000000e+02
3.190000000000000000e+02
3.230000000000000000e+02
3.380000000000000000e+02
3.050000000000000000e+02
2.780000000000000000e+02
2.700000000000000000e+02
2.760000000000000000e+02
2.570000000000000000e+02
2.130000000000000000e+02
2.500000000000000000e+02
2.630000000000000000e+02
2.450000000000000000e+02
2.620000000000000000e+02
2.600000000000000000e+02
2.370000000000000000e+02
2.530000000000000000e+02
2.010000000000000000e+02
2.290000000000000000e+02
2.240000000000000000e+02
2.290000000000000000e+02
2.010000000000000000e+02
1.940000000000000000e+02
2.230000000000000000e+02
1.970000000000000000e+02
2.040000000000000000e+02
2.160000000000000000e+02
1.870000000000000000e+02
1.890000000000000000e+02
1.920000000000000000e+02
1.870000000000000000e+02
1.740000000000000000e+02
1.630000000000000000e+02
1.720000000000000000e+02
1.550000000000000000e+02
2.040000000000000000e+02
1.940000000000000000e+02
1.770000000000000000e+02
2.220000000000000000e+02
1.850000000000000000e+02
1.950000000000000000e+02
2.290000000000000000e+02
2.610000000000000000e+02
2.110000000000000000e+02
2.250000000000000000e+02
2.280000000000000000e+02
2.260000000000000000e+02
2.350000000000000000e+02
2.230000000000000000e+02
2.330000000000000000e+02
2.290000000000000000e+02
2.500000000000000000e+02
2.680000000000000000e+02
2.730000000000000000e+02
2.770000000000000000e+02
2.940000000000000000e+02
3.240000000000000000e+02
2.630000000000000000e+02
2.820000000000000000e+02
3.000000000000000000e+02
3.380000000000000000e+02
3.370000000000000000e+02
3.330000000000000000e+02
3.660000000000000000e+02
3.480000000000000000e+02
3.140000000000000000e+02
3.430000000000000000e+02
3.460000000000000000e+02
2.980000000000000000e+02
3.320000000000000000e+02
3.270000000000000000e+02
3.060000000000000000e+02
3.530000000000000000e+02
2.890000000000000000e+02
3.200000000000000000e+02
2.760000000000000000e+02
2.600000000000000000e+02
3.180000000000000000e+02
2.660000000000000000e+02
2.510000000000000000e+02
2.520000000000000000e+02
2.540000000000000000e+02
2.300000000000000000e+02
2.040000000000000000e+02
2.150000000000000000e+02
2.230000000000000000e+02
2.040000000000000000e+02
2.080000000000000000e+02
2.170000000000000000e+02
2.160000000000000000e+02
2.020000000000000000e+02
2.240000000000000000e+02
2.170000000000000000e+02
2.320000000000000000e+02
2.680000000000000000e+02
2.650000000000000000e+02
2.770000000000000000e+02
2.580000000000000000e+02
2.780000000000000000e+02
3.170000000000000000e+02
3.170000000000000000e+02
3.030000000000000000e+02
3.130000000000000000e+02
2.950000000000000000e+02
3.240000000000000000e+02
3.210000000000000000e+02
3.440000000000000000e+02
3.070000000000000000e+02
3.060000000000000000e+02
3.190000000000000000e+02
3.280000000000000000e+02
3.380000000000000000e+02
4.160000000000000000e+02
4.330000000000000000e+02
4.550000000000000000e+02
4.400000000000000000e+02
3.890000000000000000e+02
4.440000000000000000e+02
4.640000000000000000e+02
4.730000000000000000e+02
4.560000000000000000e+02
4.810000000000000000e+02
4.430000000000000000e+02
4.930000000000000000e+02
4.750000000000000000e+02
5.200000000000000000e+02
5.050000000000000000e+02
5.640000000000000000e+02
5.610000000000000000e+02
5.560000000000000000e+02
5.360000000000000000e+02
5.330000000000000000e+02
5.480000000000000000e+02
5.380000000000000000e+02
5.060000000000000000e+02
5.370000000000000000e+02
6.070000000000000000e+02
5.850000000000000000e+02
6.350000000000000000e+02
6.210000000000000000e+02
6.200000000000000000e+02
6.500000000000000000e+02
6.430000000000000000e+02
6.860000000000000000e+02
7.000000000000000000e+02
7.520000000000000000e+02
8.700000000000000000e+02
9.750000000000000000e+02
9.770000000000000000e+02
9.720000000000000000e+02
1.102000000000000000e+03
1.087000000000000000e+03
1.221000000000000000e+03
1.160000000000000000e+03
1.255000000000000000e+03
1.367000000000000000e+03
1.481000000000000000e+03
1.507000000000000000e+03
1.839000000000000000e+03
2.042000000000000000e+03
2.133000000000000000e+03
2.773000000000000000e+03
3.136000000000000000e+03
3.712000000000000000e+03
3.075000000000000000e+03
2.987000000000000000e+03
2.522000000000000000e+03
2.319000000000000000e+03
1.795000000000000000e+03
1.748000000000000000e+03
1.952000000000000000e+03
1.820000000000000000e+03
1.951000000000000000e+03
1.890000000000000000e+03
1.792000000000000000e+03
1.777000000000000000e+03
1.843000000000000000e+03
1.981000000000000000e+03
1.873000000000000000e+03
1.921000000000000000e+03
2.270000000000000000e+03
2.473000000000000000e+03
2.820000000000000000e+03
3.388000000000000000e+03
3.652000000000000000e+03
4.488000000000000000e+03
4.973000000000000000e+03
4.474000000000000000e+03
4.380000000000000000e+03
4.579000000000000000e+03
4.044000000000000000e+03
3.735000000000000000e+03
3.456000000000000000e+03
3.580000000000000000e+03
3.396000000000000000e+03
3.415000000000000000e+03
3.378000000000000000e+03
3.089000000000000000e+03
2.642000000000000000e+03
2.584000000000000000e+03
2.600000000000000000e+03
2.747000000000000000e+03
2.668000000000000000e+03
2.752000000000000000e+03
2.419000000000000000e+03
2.183000000000000000e+03
1.920000000000000000e+03
1.798000000000000000e+03
1.645000000000000000e+03
1.493000000000000000e+03
1.485000000000000000e+03
1.559000000000000000e+03
1.497000000000000000e+03
1.425000000000000000e+03
1.287000000000000000e+03
1.313000000000000000e+03
1.326000000000000000e+03
1.274000000000000000e+03
1.246000000000000000e+03
1.039000000000000000e+03
7.670000000000000000e+02
7.270000000000000000e+02
6.460000000000000000e+02
6.170000000000000000e+02
5.120000000000000000e+02
4.880000000000000000e+02
5.160000000000000000e+02
4.340000000000000000e+02
3.790000000000000000e+02
3.650000000000000000e+02
3.440000000000000000e+02
3.200000000000000000e+02
3.200000000000000000e+02
3.130000000000000000e+02
3.050000000000000000e+02
2.820000000000000000e+02
2.700000000000000000e+02
2.510000000000000000e+02
2.170000000000000000e+02
1.990000000000000000e+02
1.770000000000000000e+02
1.680000000000000000e+02
8.600000000000000000e+01
7.700000000000000000e+01
1.600000000000000000e+02
4.956000000000000000e+03
2.335000000000000000e+03
1.638000000000000000e+03
1.243000000000000000e+03
9.060000000000000000e+02
7.540000000000000000e+02
6.460000000000000000e+02
5.690000000000000000e+02
4.820000000000000000e+02
4.250000000000000000e+02
3.790000000000000000e+02
3.910000000000000000e+02
3.460000000000000000e+02
3.120000000000000000e+02
3.210000000000000000e+02
2.870000000000000000e+02
2.820000000000000000e+02
2.540000000000000000e+02
2.720000000000000000e+02
2.520000000000000000e+02
2.500000000000000000e+02
2.400000000000000000e+02
2.590000000000000000e+02
2.830000000000000000e+02
2.880000000000000000e+02
2.890000000000000000e+02
2.580000000000000000e+02
2.400000000000000000e+02
2.370000000000000000e+02
2.380000000000000000e+02
2.260000000000000000e+02
2.080000000000000000e+02
2.120000000000000000e+02
2.210000000000000000e+02
2.140000000000000000e+02
2.140000000000000000e+02
2.210000000000000000e+02
2.130000000000000000e+02
1.960000000000000000e+02
1.730000000000000000e+02
1.950000000000000000e+02
1.540000000000000000e+02
1.900000000000000000e+02
1.830000000000000000e+02
1.730000000000000000e+02
1.970000000000000000e+02
1.720000000000000000e+02
1.950000000000000000e+02
1.870000000000000000e+02
1.810000000000000000e+02
1.870000000000000000e+02
1.880000000000000000e+02
1.980000000000000000e+02
1.870000000000000000e+02
2.000000000000000000e+02
1.990000000000000000e+02
2.360000000000000000e+02
2.370000000000000000e+02
2.320000000000000000e+02
2.540000000000000000e+02
2.250000000000000000e+02
2.150000000000000000e+02
2.580000000000000000e+02
2.360000000000000000e+02
2.240000000000000000e+02
2.320000000000000000e+02
2.360000000000000000e+02
2.310000000000000000e+02
2.270000000000000000e+02
2.260000000000000000e+02
2.140000000000000000e+02
2.400000000000000000e+02
2.710000000000000000e+02
2.610000000000000000e+02
2.500000000000000000e+02
2.710000000000000000e+02
2.620000000000000000e+02
2.410000000000000000e+02
2.250000000000000000e+02
2.460000000000000000e+02
2.740000000000000000e+02
2.790000000000000000e+02
3.160000000000000000e+02
3.180000000000000000e+02
3.340000000000000000e+02
3.060000000000000000e+02
2.810000000000000000e+02
3.050000000000000000e+02
3.000000000000000000e+02
3.230000000000000000e+02
3.150000000000000000e+02
3.970000000000000000e+02
4.180000000000000000e+02
3.880000000000000000e+02
3.120000000000000000e+02
3.230000000000000000e+02
3.310000000000000000e+02
2.930000000000000000e+02
3.400000000000000000e+02
3.450000000000000000e+02
3.470000000000000000e+02
3.180000000000000000e+02
3.170000000000000000e+02
3.560000000000000000e+02
3.410000000000000000e+02
3.260000000000000000e+02
3.210000000000000000e+02
3.220000000000000000e+02
2.930000000000000000e+02
3.480000000000000000e+02
3.450000000000000000e+02
3.720000000000000000e+02
4.140000000000000000e+02
4.300000000000000000e+02
5.030000000000000000e+02
4.620000000000000000e+02
4.710000000000000000e+02
4.940000000000000000e+02
5.300000000000000000e+02
4.450000000000000000e+02
4.610000000000000000e+02
4.550000000000000000e+02
4.750000000000000000e+02
4.510000000000000000e+02
4.690000000000000000e+02
5.060000000000000000e+02
5.290000000000000000e+02
5.140000000000000000e+02
4.680000000000000000e+02
6.090000000000000000e+02
6.150000000000000000e+02
6.350000000000000000e+02
5.970000000000000000e+02
6.920000000000000000e+02
6.900000000000000000e+02
7.400000000000000000e+02
7.820000000000000000e+02
8.200000000000000000e+02
8.580000000000000000e+02
8.710000000000000000e+02
9.760000000000000000e+02
9.870000000000000000e+02
9.270000000000000000e+02
8.450000000000000000e+02
8.780000000000000000e+02
8.630000000000000000e+02
8.650000000000000000e+02
8.810000000000000000e+02
9.230000000000000000e+02
1.036000000000000000e+03
1.231000000000000000e+03
1.297000000000000000e+03
1.369000000000000000e+03
1.506000000000000000e+03
1.603000000000000000e+03
1.895000000000000000e+03
2.311000000000000000e+03
2.456000000000000000e+03
2.686000000000000000e+03
2.470000000000000000e+03
2.005000000000000000e+03
1.908000000000000000e+03
1.948000000000000000e+03
2.122000000000000000e+03
2.246000000000000000e+03
2.324000000000000000e+03
2.068000000000000000e+03
2.070000000000000000e+03
2.156000000000000000e+03
1.758000000000000000e+03
1.858000000000000000e+03
1.683000000000000000e+03
1.714000000000000000e+03
1.623000000000000000e+03
1.522000000000000000e+03
1.862000000000000000e+03
2.129000000000000000e+03
2.471000000000000000e+03
2.972000000000000000e+03
3.521000000000000000e+03
3.201000000000000000e+03
3.048000000000000000e+03
3.006000000000000000e+03
3.028000000000000000e+03
2.986000000000000000e+03
2.507000000000000000e+03
2.406000000000000000e+03
2.489000000000000000e+03
2.405000000000000000e+03
2.446000000000000000e+03
2.398000000000000000e+03
2.324000000000000000e+03
2.593000000000000000e+03
2.499000000000000000e+03
2.427000000000000000e+03
2.565000000000000000e+03
3.338000000000000000e+03
4.043000000000000000e+03
4.709000000000000000e+03
3.135000000000000000e+03
2.691000000000000000e+03
2.768000000000000000e+03
2.780000000000000000e+03
2.616000000000000000e+03
2.354000000000000000e+03
2.103000000000000000e+03
1.899000000000000000e+03
1.913000000000000000e+03
1.732000000000000000e+03
1.601000000000000000e+03
1.576000000000000000e+03
1.471000000000000000e+03
1.411000000000000000e+03
1.416000000000000000e+03
1.342000000000000000e+03
1.135000000000000000e+03
1.207000000000000000e+03
1.255000000000000000e+03
1.158000000000000000e+03
1.144000000000000000e+03
1.243000000000000000e+03
1.211000000000000000e+03
1.441000000000000000e+03
1.444000000000000000e+03
1.445000000000000000e+03
1.355000000000000000e+03
1.256000000000000000e+03
1.255000000000000000e+03
1.287000000000000000e+03
9.840000000000000000e+02
8.360000000000000000e+02
6.630000000000000000e+02
5.430000000000000000e+02
4.890000000000000000e+02
4.160000000000000000e+02
4.000000000000000000e+02
3.860000000000000000e+02
4.040000000000000000e+02
4.070000000000000000e+02
3.530000000000000000e+02
2.850000000000000000e+02
2.380000000000000000e+02
1.850000000000000000e+02
1.590000000000000000e+02
1.530000000000000000e+02
1.720000000000000000e+02
1.440000000000000000e+02
1.260000000000000000e+02
1.050000000000000000e+02
1.070000000000000000e+02
9.100000000000000000e+01
7.000000000000000000e+01
8.800000000000000000e+01
6.600000000000000000e+01
5.200000000000000000e+01
9.500000000000000000e+01
5.283000000000000000e+03
1.636000000000000000e+03
1.790000000000000000e+03
1.146000000000000000e+03
9.560000000000000000e+02
7.630000000000000000e+02
6.830000000000000000e+02
5.740000000000000000e+02
4.910000000000000000e+02
4.810000000000000000e+02
3.850000000000000000e+02
3.650000000000000000e+02
3.650000000000000000e+02
3.720000000000000000e+02
3.770000000000000000e+02
3.450000000000000000e+02
3.580000000000000000e+02
3.280000000000000000e+02
2.780000000000000000e+02
3.330000000000000000e+02
3.210000000000000000e+02
3.130000000000000000e+02
2.550000000000000000e+02
3.080000000000000000e+02
3.070000000000000000e+02
2.630000000000000000e+02
2.940000000000000000e+02
2.530000000000000000e+02
2.870000000000000000e+02
2.580000000000000000e+02
2.890000000000000000e+02
2.580000000000000000e+02
2.170000000000000000e+02
2.160000000000000000e+02
2.150000000000000000e+02
2.210000000000000000e+02
1.770000000000000000e+02
2.060000000000000000e+02
2.060000000000000000e+02
2.060000000000000000e+02
1.740000000000000000e+02
1.960000000000000000e+02
1.560000000000000000e+02
1.960000000000000000e+02
1.740000000000000000e+02
1.870000000000000000e+02
1.800000000000000000e+02
1.970000000000000000e+02
2.140000000000000000e+02
2.170000000000000000e+02
2.320000000000000000e+02
2.300000000000000000e+02
2.630000000000000000e+02
2.420000000000000000e+02
2.370000000000000000e+02
2.670000000000000000e+02
2.320000000000000000e+02
2.400000000000000000e+02
2.170000000000000000e+02
2.250000000000000000e+02
2.170000000000000000e+02
2.150000000000000000e+02
2.650000000000000000e+02
3.010000000000000000e+02
2.440000000000000000e+02
2.120000000000000000e+02
2.440000000000000000e+02
2.310000000000000000e+02
2.460000000000000000e+02
2.290000000000000000e+02
2.530000000000000000e+02
2.220000000000000000e+02
1.930000000000000000e+02
2.420000000000000000e+02
2.200000000000000000e+02
2.250000000000000000e+02
2.050000000000000000e+02
2.430000000000000000e+02
2.640000000000000000e+02
2.610000000000000000e+02
2.150000000000000000e+02
2.610000000000000000e+02
2.420000000000000000e+02
2.830000000000000000e+02
3.090000000000000000e+02
2.870000000000000000e+02
3.160000000000000000e+02
3.020000000000000000e+02
3.040000000000000000e+02
3.190000000000000000e+02
3.180000000000000000e+02
2.960000000000000000e+02
3.070000000000000000e+02
2.840000000000000000e+02
2.880000000000000000e+02
2.860000000000000000e+02
3.530000000000000000e+02
2.990000000000000000e+02
3.830000000000000000e+02
3.870000000000000000e+02
4.680000000000000000e+02
4.020000000000000000e+02
4.230000000000000000e+02
4.660000000000000000e+02
4.790000000000000000e+02
4.880000000000000000e+02
5.300000000000000000e+02
5.980000000000000000e+02
6.010000000000000000e+02
6.540000000000000000e+02
6.400000000000000000e+02
7.270000000000000000e+02
7.570000000000000000e+02
7.610000000000000000e+02
8.180000000000000000e+02
8.920000000000000000e+02
8.270000000000000000e+02
8.940000000000000000e+02
8.990000000000000000e+02
9.320000000000000000e+02
8.810000000000000000e+02
8.280000000000000000e+02
8.950000000000000000e+02
9.390000000000000000e+02
8.840000000000000000e+02
8.910000000000000000e+02
8.350000000000000000e+02
8.280000000000000000e+02
8.280000000000000000e+02
8.930000000000000000e+02
8.500000000000000000e+02
9.060000000000000000e+02
1.081000000000000000e+03
1.108000000000000000e+03
1.118000000000000000e+03
1.086000000000000000e+03
1.093000000000000000e+03
1.273000000000000000e+03
1.372000000000000000e+03
1.496000000000000000e+03
1.639000000000000000e+03
2.131000000000000000e+03
2.463000000000000000e+03
2.643000000000000000e+03
2.273000000000000000e+03
1.862000000000000000e+03
1.975000000000000000e+03
2.022000000000000000e+03
2.313000000000000000e+03
2.265000000000000000e+03
2.517000000000000000e+03
2.830000000000000000e+03
2.846000000000000000e+03
2.493000000000000000e+03
2.530000000000000000e+03
2.274000000000000000e+03
2.339000000000000000e+03
2.320000000000000000e+03
2.434000000000000000e+03
2.394000000000000000e+03
2.663000000000000000e+03
2.659000000000000000e+03
3.021000000000000000e+03
3.370000000000000000e+03
3.144000000000000000e+03
3.027000000000000000e+03
2.680000000000000000e+03
2.115000000000000000e+03
2.148000000000000000e+03
1.948000000000000000e+03
1.785000000000000000e+03
1.390000000000000000e+03
1.445000000000000000e+03
1.498000000000000000e+03
1.443000000000000000e+03
1.476000000000000000e+03
1.472000000000000000e+03
1.601000000000000000e+03
1.696000000000000000e+03
1.650000000000000000e+03
1.789000000000000000e+03
1.917000000000000000e+03
1.974000000000000000e+03
2.171000000000000000e+03
2.544000000000000000e+03
3.549000000000000000e+03
2.856000000000000000e+03
2.341000000000000000e+03
2.029000000000000000e+03
2.104000000000000000e+03
1.571000000000000000e+03
1.892000000000000000e+03
1.768000000000000000e+03
1.915000000000000000e+03
1.399000000000000000e+03
1.366000000000000000e+03
1.341000000000000000e+03
1.476000000000000000e+03
1.456000000000000000e+03
1.579000000000000000e+03
1.461000000000000000e+03
1.392000000000000000e+03
1.479000000000000000e+03
1.679000000000000000e+03
1.683000000000000000e+03
1.587000000000000000e+03
1.459000000000000000e+03
1.385000000000000000e+03
1.445000000000000000e+03
1.295000000000000000e+03
1.310000000000000000e+03
1.308000000000000000e+03
1.217000000000000000e+03
1.147000000000000000e+03
9.750000000000000000e+02
9.740000000000000000e+02
9.880000000000000000e+02
1.002000000000000000e+03
9.290000000000000000e+02
9.610000000000000000e+02
8.910000000000000000e+02
9.750000000000000000e+02
8.530000000000000000e+02
8.970000000000000000e+02
1.009000000000000000e+03
8.270000000000000000e+02
8.310000000000000000e+02
8.040000000000000000e+02
8.150000000000000000e+02
7.980000000000000000e+02
6.730000000000000000e+02
4.970000000000000000e+02
4.530000000000000000e+02
4.060000000000000000e+02
3.750000000000000000e+02
3.040000000000000000e+02
2.620000000000000000e+02
2.860000000000000000e+02
2.580000000000000000e+02
2.950000000000000000e+02
2.520000000000000000e+02
2.930000000000000000e+02
2.880000000000000000e+02
2.240000000000000000e+02
2.400000000000000000e+02
1.880000000000000000e+02
1.770000000000000000e+02
1.670000000000000000e+02
1.610000000000000000e+02
1.500000000000000000e+02
1.740000000000000000e+02
1.330000000000000000e+02
1.170000000000000000e+02
1.130000000000000000e+02
1.250000000000000000e+02
4.150000000000000000e+02
1.104100000000000000e+04
1.500000000000000000e+01
6.100000000000000000e+01
7.600000000000000000e+01
4.800000000000000000e+01
4.190000000000000000e+02
1.512000000000000000e+03
4.500000000000000000e+01
9.870000000000000000e+02
3.200000000000000000e+02
1.333000000000000000e+03
4.734000000000000000e+03
3.314000000000000000e+03
1.554300000000000000e+04
9.379000000000000000e+03
2.559600000000000000e+04
1.100900000000000000e+04
1.061400000000000000e+04
6.448000000000000000e+03
1.364500000000000000e+04
1.629100000000000000e+04
1.247400000000000000e+04
6.966000000000000000e+03
3.677000000000000000e+03
6.172000000000000000e+03
5.797000000000000000e+03
6.488000000000000000e+03
4.500000000000000000e+01
8.500000000000000000e+01
1.600000000000000000e+01
9.590000000000000000e+03
0.000000000000000000e+00
2.290000000000000000e+02
2.000000000000000000e+00
6.120000000000000000e+02
9.260000000000000000e+02
1.356000000000000000e+03
2.200000000000000000e+01
2.670000000000000000e+02
1.050000000000000000e+02
3.630000000000000000e+02
4.000000000000000000e+00
2.740000000000000000e+02
3.960000000000000000e+02
2.600000000000000000e+01
1.540000000000000000e+02
2.410000000000000000e+02
1.600000000000000000e+02
5.980000000000000000e+02
7.200000000000000000e+01
3.730000000000000000e+02
1.790000000000000000e+02
7.200000000000000000e+01
1.400000000000000000e+01
1.000000000000000000e+01
7.000000000000000000e+01
2.500000000000000000e+01
4.000000000000000000e+00
0.000000000000000000e+00
0.000000000000000000e+00
2.490000000000000000e+02
0.000000000000000000e+00
0.000000000000000000e+00
1.000000000000000000e+00
0.000000000000000000e+00
0.000000000000000000e+00
4.500000000000000000e+01
0.000000000000000000e+00
0.000000000000000000e+00
0.000000000000000000e+00
3.500000000000000000e+01
0.000000000000000000e+00
0.000000000000000000e+00
0.000000000000000000e+00
0.000000000000000000e+00
9.140000000000000000e+02
0.000000000000000000e+00
0.000000000000000000e+00
0.000000000000000000e+00
0.000000000000000000e+00
3.300000000000000000e+01
0.000000000000000000e+00
0.000000000000000000e+00
4.500000000000000000e+01
1.000000000000000000e+00
0.000000000000000000e+00
0.000000000000000000e+00
1.800000000000000000e+01
0.000000000000000000e+00
0.000000000000000000e+00
1.000000000000000000e+02
0.000000000000000000e+00
1.000000000000000000e+00
4.000000000000000000e+00
2.000000000000000000e+00
1.900000000000000000e+01
1.610000000000000000e+02
3.000000000000000000e+00
1.190000000000000000e+02
1.300000000000000000e+01
1.200000000000000000e+01
3.180000000000000000e+02
9.300000000000000000e+01
1.584000000000000000e+03
5.770000000000000000e+02
1.561000000000000000e+03
1.883000000000000000e+03
1.464000000000000000e+03
6.920000000000000000e+02
2.743000000000000000e+03
2.859000000000000000e+03
4.007000000000000000e+03
1.646000000000000000e+03
1.463000000000000000e+03
2.390000000000000000e+03
1.069000000000000000e+03
8.550000000000000000e+02
1.100000000000000000e+01
2.300000000000000000e+01
9.000000000000000000e+00
8.711000000000000000e+03
0.000000000000000000e+00
6.100000000000000000e+01
3.000000000000000000e+00
8.400000000000000000e+01
3.620000000000000000e+02
1.580000000000000000e+03
5.000000000000000000e+00
1.800000000000000000e+01
2.000000000000000000e+00
8.000000000000000000e+00
0.000000000000000000e+00
1.830000000000000000e+02
3.200000000000000000e+01
0.000000000000000000e+00
9.000000000000000000e+01
0.000000000000000000e+00
0.000000000000000000e+00
2.000000000000000000e+00
0.000000000000000000e+00
2.768000000000000000e+03
3.000000000000000000e+00
0.000000000000000000e+00
0.000000000000000000e+00
2.000000000000000000e+00
1.900000000000000000e+01
1.000000000000000000e+00
0.000000000000000000e+00
0.000000000000000000e+00
0.000000000000000000e+00
8.000000000000000000e+00
0.000000000000000000e+00
0.000000000000000000e+00
0.000000000000000000e+00
0.000000000000000000e+00
0.000000000000000000e+00
1.500000000000000000e+02
0.000000000000000000e+00
3.000000000000000000e+00
0.000000000000000000e+00
1.700000000000000000e+01
0.000000000000000000e+00
0.000000000000000000e+00
3.000000000000000000e+00
0.000000000000000000e+00
4.531000000000000000e+03
0.000000000000000000e+00
0.000000000000000000e+00
0.000000000000000000e+00
1.200000000000000000e+01
3.760000000000000000e+02
0.000000000000000000e+00
0.000000000000000000e+00
3.416000000000000000e+03
1.000000000000000000e+00
2.000000000000000000e+00
2.000000000000000000e+00
2.210000000000000000e+02
2.000000000000000000e+00
6.000000000000000000e+00
7.737000000000000000e+03
2.600000000000000000e+01
5.472000000000000000e+03
7.426000000000000000e+03
4.230000000000000000e+03
4.379000000000000000e+03
5.554000000000000000e+03
4.999000000000000000e+03
4.848000000000000000e+03
2.401000000000000000e+03
4.641000000000000000e+03
4.059000000000000000e+03
2.000000000000000000e+03
1.970000000000000000e+03
1.848000000000000000e+03
1.364000000000000000e+03
2.488000000000000000e+03
2.879000000000000000e+03
1.747000000000000000e+03
2.883000000000000000e+03
2.998000000000000000e+03
3.992000000000000000e+03
2.540000000000000000e+03
3.139000000000000000e+03
1.741000000000000000e+03
1.905000000000000000e+03
3.293000000000000000e+03
2.744000000000000000e+03
2.525000000000000000e+03
3.336000000000000000e+03
4.119000000000000000e+03
3.189000000000000000e+03
3.758000000000000000e+03
3.750000000000000000e+03
3.440000000000000000e+03
3.571000000000000000e+03
3.734000000000000000e+03
3.619000000000000000e+03
3.272000000000000000e+03
3.430000000000000000e+03
4.428000000000000000e+03
5.032000000000000000e+03
5.214000000000000000e+03
5.606000000000000000e+03
4.345000000000000000e+03
4.411000000000000000e+03
4.528000000000000000e+03
4.733000000000000000e+03
5.102000000000000000e+03
4.045000000000000000e+03
3.861000000000000000e+03
3.397000000000000000e+03
3.369000000000000000e+03
3.120000000000000000e+03
2.415000000000000000e+03
2.334000000000000000e+03
2.471000000000000000e+03
2.261000000000000000e+03
1.842000000000000000e+03
1.661000000000000000e+03
1.521000000000000000e+03
1.516000000000000000e+03
1.378000000000000000e+03
1.334000000000000000e+03
1.555000000000000000e+03
1.155000000000000000e+03
1.261000000000000000e+03
1.096000000000000000e+03
7.310000000000000000e+02
6.220000000000000000e+02
5.580000000000000000e+02
4.270000000000000000e+02
3.020000000000000000e+02
4.880000000000000000e+02
2.490000000000000000e+02
2.770000000000000000e+02
2.290000000000000000e+02
2.970000000000000000e+02
2.380000000000000000e+02
1.540000000000000000e+02
2.330000000000000000e+02
2.570000000000000000e+02
1.980000000000000000e+02
2.130000000000000000e+02
1.620000000000000000e+02
5.680000000000000000e+02
1.070000000000000000e+02
1.190000000000000000e+02
1.310000000000000000e+02
1.130000000000000000e+02
1.330000000000000000e+02
1.400000000000000000e+02
8.200000000000000000e+01
1.000000000000000000e+02
1.050000000000000000e+02
5.200000000000000000e+01
1.980000000000000000e+02
7.500000000000000000e+01
1.340000000000000000e+02
4.700000000000000000e+01
8.400000000000000000e+01
6.000000000000000000e+01
4.190000000000000000e+02
5.800000000000000000e+01
6.400000000000000000e+01
5.000000000000000000e+01
1.320000000000000000e+02
7.000000000000000000e+01
5.800000000000000000e+01
1.760000000000000000e+02
2.200000000000000000e+01
5.300000000000000000e+01
4.800000000000000000e+01
7.100000000000000000e+01
3.400000000000000000e+01
2.300000000000000000e+01
1.150000000000000000e+02
2.800000000000000000e+01
6.200000000000000000e+01
3.000000000000000000e+01
5.200000000000000000e+01
4.300000000000000000e+01
2.500000000000000000e+01
3.500000000000000000e+01
2.600000000000000000e+01
2.200000000000000000e+01
3.000000000000000000e+00
2.500000000000000000e+01
6.890000000000000000e+02
5.000000000000000000e+00
1.500000000000000000e+01
1.400000000000000000e+01
3.000000000000000000e+01
1.600000000000000000e+01
2.600000000000000000e+01
3.200000000000000000e+01
4.100000000000000000e+01
3.400000000000000000e+01
1.300000000000000000e+01
5.000000000000000000e+01
1.900000000000000000e+01
1.200000000000000000e+01
1.320000000000000000e+02
2.700000000000000000e+01
1.700000000000000000e+01
1.100000000000000000e+01
6.500000000000000000e+01
1.300000000000000000e+01
2.900000000000000000e+01
2.400000000000000000e+01
2.100000000000000000e+01
1.900000000000000000e+01
6.000000000000000000e+00
1.970000000000000000e+02
3.000000000000000000e+00
1.000000000000000000e+01
1.600000000000000000e+01
3.800000000000000000e+01
1.800000000000000000e+01
1.200000000000000000e+02
4.000000000000000000e+00
1.400000000000000000e+01
2.500000000000000000e+01
9.000000000000000000e+00
1.900000000000000000e+01
1.100000000000000000e+01
1.800000000000000000e+01
6.000000000000000000e+00
6.000000000000000000e+00
3.000000000000000000e+00
7.490000000000000000e+02
3.000000000000000000e+00
5.000000000000000000e+00
1.500000000000000000e+01
1.900000000000000000e+01
1.500000000000000000e+01
6.000000000000000000e+00
2.400000000000000000e+01
3.000000000000000000e+00
3.500000000000000000e+01
1.000000000000000000e+01
1.400000000000000000e+01
1.770000000000000000e+02
3.000000000000000000e+00
2.000000000000000000e+01
4.500000000000000000e+01
1.000000000000000000e+00
1.300000000000000000e+01
1.400000000000000000e+01
5.000000000000000000e+00
4.000000000000000000e+00
2.800000000000000000e+02
3.000000000000000000e+00
5.000000000000000000e+00
1.200000000000000000e+01
1.100000000000000000e+01
1.700000000000000000e+01
6.000000000000000000e+00
3.100000000000000000e+01
0.000000000000000000e+00
2.300000000000000000e+01
9.000000000000000000e+00
7.000000000000000000e+00
1.000000000000000000e+00
6.500000000000000000e+01
3.000000000000000000e+00
1.000000000000000000e+01
1.500000000000000000e+01
8.000000000000000000e+00
1.100000000000000000e+01
7.000000000000000000e+00
8.000000000000000000e+00
4.000000000000000000e+00
2.120000000000000000e+02
8.000000000000000000e+00
1.000000000000000000e+01
1.100000000000000000e+01
9.000000000000000000e+00
4.000000000000000000e+00
6.800000000000000000e+01
7.000000000000000000e+00
1.700000000000000000e+01
1.000000000000000000e+01
3.200000000000000000e+01
5.000000000000000000e+00
1.900000000000000000e+01
4.000000000000000000e+00
5.400000000000000000e+01
1.200000000000000000e+01
4.000000000000000000e+00
1.800000000000000000e+01
4.000000000000000000e+00
2.900000000000000000e+01
2.000000000000000000e+00
1.800000000000000000e+01
2.100000000000000000e+01
2.000000000000000000e+00
1.200000000000000000e+01
1.100000000000000000e+01
1.300000000000000000e+01
1.000000000000000000e+01
6.000000000000000000e+00
9.000000000000000000e+00
3.000000000000000000e+00
4.000000000000000000e+00
1.000000000000000000e+00
2.000000000000000000e+00
0.000000000000000000e+00
0.000000000000000000e+00
0.000000000000000000e+00
1.000000000000000000e+00
0.000000000000000000e+00
0.000000000000000000e+00
0.000000000000000000e+00
0.000000000000000000e+00
4.091000000000000000e+03
2.918000000000000000e+03
1.952000000000000000e+03
1.972000000000000000e+03
1.358000000000000000e+03
1.078000000000000000e+03
8.880000000000000000e+02
7.820000000000000000e+02
6.860000000000000000e+02
5.500000000000000000e+02
5.450000000000000000e+02
4.360000000000000000e+02
4.070000000000000000e+02
3.480000000000000000e+02
3.570000000000000000e+02
3.560000000000000000e+02
3.090000000000000000e+02
3.100000000000000000e+02
2.950000000000000000e+02
2.790000000000000000e+02
2.880000000000000000e+02
2.560000000000000000e+02
2.570000000000000000e+02
2.540000000000000000e+02
2.630000000000000000e+02
2.760000000000000000e+02
2.560000000000000000e+02
2.580000000000000000e+02
2.640000000000000000e+02
2.170000000000000000e+02
2.300000000000000000e+02
2.480000000000000000e+02
2.480000000000000000e+02
2.200000000000000000e+02
1.990000000000000000e+02
2.130000000000000000e+02
2.110000000000000000e+02
2.060000000000000000e+02
2.140000000000000000e+02
2.000000000000000000e+02
1.710000000000000000e+02
1.840000000000000000e+02
1.950000000000000000e+02
1.720000000000000000e+02
1.840000000000000000e+02
1.510000000000000000e+02
1.420000000000000000e+02
1.790000000000000000e+02
1.580000000000000000e+02
1.470000000000000000e+02
1.760000000000000000e+02
1.410000000000000000e+02
1.540000000000000000e+02
1.900000000000000000e+02
1.850000000000000000e+02
1.690000000000000000e+02
2.170000000000000000e+02
2.400000000000000000e+02
2.370000000000000000e+02
2.340000000000000000e+02
2.150000000000000000e+02
2.420000000000000000e+02
2.140000000000000000e+02
2.280000000000000000e+02
2.560000000000000000e+02
2.320000000000000000e+02
1.950000000000000000e+02
2.310000000000000000e+02
2.550000000000000000e+02
2.010000000000000000e+02
1.950000000000000000e+02
2.220000000000000000e+02
2.090000000000000000e+02
2.190000000000000000e+02
2.240000000000000000e+02
2.260000000000000000e+02
2.300000000000000000e+02
2.280000000000000000e+02
2.340000000000000000e+02
2.390000000000000000e+02
2.220000000000000000e+02
2.420000000000000000e+02
2.340000000000000000e+02
2.340000000000000000e+02
2.530000000000000000e+02
2.460000000000000000e+02
2.520000000000000000e+02
2.530000000000000000e+02
2.180000000000000000e+02
2.500000000000000000e+02
2.170000000000000000e+02
2.190000000000000000e+02
1.940000000000000000e+02
1.870000000000000000e+02
1.830000000000000000e+02
1.750000000000000000e+02
1.760000000000000000e+02
1.980000000000000000e+02
1.760000000000000000e+02
2.360000000000000000e+02
2.320000000000000000e+02
2.580000000000000000e+02
2.340000000000000000e+02
2.560000000000000000e+02
2.460000000000000000e+02
2.730000000000000000e+02
3.070000000000000000e+02
2.910000000000000000e+02
3.160000000000000000e+02
2.820000000000000000e+02
2.880000000000000000e+02
3.080000000000000000e+02
3.560000000000000000e+02
3.410000000000000000e+02
3.300000000000000000e+02
3.460000000000000000e+02
3.830000000000000000e+02
3.620000000000000000e+02
3.890000000000000000e+02
3.860000000000000000e+02
3.470000000000000000e+02
3.790000000000000000e+02
3.460000000000000000e+02
4.030000000000000000e+02
4.410000000000000000e+02
4.170000000000000000e+02
4.460000000000000000e+02
4.040000000000000000e+02
3.720000000000000000e+02
4.190000000000000000e+02
4.270000000000000000e+02
4.450000000000000000e+02
4.400000000000000000e+02
4.730000000000000000e+02
4.280000000000000000e+02
4.790000000000000000e+02
4.420000000000000000e+02
5.060000000000000000e+02
5.210000000000000000e+02
5.570000000000000000e+02
5.660000000000000000e+02
6.440000000000000000e+02
5.740000000000000000e+02
5.800000000000000000e+02
6.480000000000000000e+02
6.530000000000000000e+02
6.070000000000000000e+02
6.840000000000000000e+02
6.870000000000000000e+02
6.900000000000000000e+02
7.530000000000000000e+02
7.370000000000000000e+02
7.870000000000000000e+02
8.390000000000000000e+02
7.900000000000000000e+02
8.180000000000000000e+02
8.310000000000000000e+02
8.340000000000000000e+02
9.750000000000000000e+02
1.047000000000000000e+03
1.042000000000000000e+03
1.030000000000000000e+03
1.132000000000000000e+03
1.119000000000000000e+03
1.257000000000000000e+03
1.167000000000000000e+03
1.290000000000000000e+03
1.377000000000000000e+03
1.506000000000000000e+03
1.495000000000000000e+03
1.829000000000000000e+03
2.032000000000000000e+03
2.158000000000000000e+03
2.781000000000000000e+03
3.131000000000000000e+03
3.703000000000000000e+03
3.088000000000000000e+03
2.974000000000000000e+03
2.511000000000000000e+03
2.280000000000000000e+03
1.750000000000000000e+03
1.733000000000000000e+03
1.895000000000000000e+03
1.763000000000000000e+03
1.912000000000000000e+03
1.845000000000000000e+03
1.769000000000000000e+03
1.790000000000000000e+03
1.826000000000000000e+03
1.966000000000000000e+03
1.887000000000000000e+03
1.881000000000000000e+03
2.236000000000000000e+03
2.421000000000000000e+03
2.781000000000000000e+03
3.389000000000000000e+03
3.594000000000000000e+03
4.354000000000000000e+03
4.750000000000000000e+03
4.499000000000000000e+03
4.347000000000000000e+03
4.550000000000000000e+03
4.004000000000000000e+03
3.652000000000000000e+03
3.337000000000000000e+03
3.477000000000000000e+03
3.366000000000000000e+03
3.335000000000000000e+03
3.276000000000000000e+03
2.983000000000000000e+03
2.504000000000000000e+03
2.410000000000000000e+03
2.405000000000000000e+03
2.585000000000000000e+03
2.588000000000000000e+03
2.562000000000000000e+03
2.302000000000000000e+03
2.012000000000000000e+03
1.807000000000000000e+03
1.653000000000000000e+03
1.513000000000000000e+03
1.300000000000000000e+03
1.366000000000000000e+03
1.347000000000000000e+03
1.241000000000000000e+03
1.334000000000000000e+03
1.319000000000000000e+03
1.357000000000000000e+03
1.466000000000000000e+03
1.556000000000000000e+03
1.660000000000000000e+03
1.383000000000000000e+03
1.026000000000000000e+03
9.390000000000000000e+02
8.220000000000000000e+02
7.410000000000000000e+02
5.840000000000000000e+02
5.660000000000000000e+02
6.020000000000000000e+02
5.360000000000000000e+02
5.320000000000000000e+02
4.930000000000000000e+02
5.080000000000000000e+02
5.040000000000000000e+02
4.630000000000000000e+02
4.660000000000000000e+02
4.190000000000000000e+02
3.850000000000000000e+02
3.650000000000000000e+02
3.530000000000000000e+02
3.090000000000000000e+02
3.200000000000000000e+02
2.350000000000000000e+02
2.370000000000000000e+02
1.800000000000000000e+02
1.770000000000000000e+02
5.880000000000000000e+02
