2.900000000000000000e+01
4.500000000000000000e+01
1.080000000000000000e+02
2.190000000000000000e+02
3.950000000000000000e+02
4.960000000000000000e+02
5.870000000000000000e+02
6.950000000000000000e+02
9.070000000000000000e+02
9.990000000000000000e+02
1.148000000000000000e+03
1.314000000000000000e+03
1.335000000000000000e+03
1.322000000000000000e+03
1.181000000000000000e+03
1.075000000000000000e+03
8.800000000000000000e+02
7.400000000000000000e+02
6.900000000000000000e+02
6.170000000000000000e+02
5.820000000000000000e+02
5.890000000000000000e+02
5.390000000000000000e+02
5.620000000000000000e+02
5.470000000000000000e+02
6.290000000000000000e+02
5.830000000000000000e+02
5.980000000000000000e+02
6.600000000000000000e+02
6.580000000000000000e+02
6.680000000000000000e+02
6.760000000000000000e+02
6.260000000000000000e+02
6.500000000000000000e+02
6.330000000000000000e+02
6.230000000000000000e+02
6.170000000000000000e+02
6.140000000000000000e+02
6.240000000000000000e+02
7.540000000000000000e+02
7.430000000000000000e+02
7.450000000000000000e+02
8.250000000000000000e+02
7.900000000000000000e+02
9.230000000000000000e+02
9.990000000000000000e+02
1.076000000000000000e+03
1.079000000000000000e+03
1.108000000000000000e+03
9.710000000000000000e+02
9.430000000000000000e+02
9.070000000000000000e+02
9.160000000000000000e+02
8.630000000000000000e+02
8.120000000000000000e+02
8.620000000000000000e+02
9.490000000000000000e+02
9.410000000000000000e+02
9.670000000000000000e+02
1.007000000000000000e+03
9.260000000000000000e+02
9.280000000000000000e+02
8.300000000000000000e+02
8.400000000000000000e+02
7.850000000000000000e+02
7.410000000000000000e+02
7.720000000000000000e+02
7.710000000000000000e+02
7.160000000000000000e+02
8.220000000000000000e+02
7.940000000000000000e+02
8.190000000000000000e+02
7.660000000000000000e+02
7.890000000000000000e+02
7.610000000000000000e+02
7.250000000000000000e+02
7.520000000000000000e+02
6.810000000000000000e+02
7.110000000000000000e+02
7.020000000000000000e+02
7.730000000000000000e+02
8.050000000000000000e+02
8.040000000000000000e+02
8.320000000000000000e+02
8.570000000000000000e+02
9.760000000000000000e+02
8.890000000000000000e+02
9.020000000000000000e+02
9.410000000000000000e+02
9.370000000000000000e+02
9.580000000000000000e+02
1.026000000000000000e+03
1.218000000000000000e+03
1.302000000000000000e+03
1.307000000000000000e+03
1.261000000000000000e+03
1.274000000000000000e+03
1.228000000000000000e+03
1.259000000000000000e+03
1.285000000000000000e+03
1.235000000000000000e+03
1.236000000000000000e+03
1.201000000000000000e+03
1.202000000000000000e+03
1.203000000000000000e+03
1.186000000000000000e+03
1.119000000000000000e+03
1.085000000000000000e+03
1.146000000000000000e+03
1.155000000000000000e+03
1.193000000000000000e+03
1.128000000000000000e+03
1.077000000000000000e+03
1.027000000000000000e+03
1.080000000000000000e+03
1.125000000000000000e+03
1.127000000000000000e+03
1.135000000000000000e+03
1.116000000000000000e+03
1.142000000000000000e+03
1.114000000000000000e+03
1.176000000000000000e+03
1.050000000000000000e+03
1.094000000000000000e+03
1.032000000000000000e+03
1.027000000000000000e+03
1.033000000000000000e+03
1.017000000000000000e+03
1.090000000000000000e+03
9.940000000000000000e+02
9.890000000000000000e+02
9.400000000000000000e+02
9.420000000000000000e+02
9.150000000000000000e+02
9.060000000000000000e+02
8.870000000000000000e+02
9.080000000000000000e+02
8.250000000000000000e+02
8.710000000000000000e+02
8.750000000000000000e+02
7.590000000000000000e+02
7.950000000000000000e+02
7.740000000000000000e+02
7.820000000000000000e+02
7.570000000000000000e+02
8.010000000000000000e+02
7.410000000000000000e+02
7.410000000000000000e+02
6.940000000000000000e+02
7.130000000000000000e+02
6.600000000000000000e+02
6.510000000000000000e+02
7.070000000000000000e+02
6.580000000000000000e+02
6.770000000000000000e+02
7.000000000000000000e+02
6.810000000000000000e+02
7.000000000000000000e+02
6.420000000000000000e+02
6.720000000000000000e+02
6.660000000000000000e+02
6.850000000000000000e+02
6.890000000000000000e+02
7.370000000000000000e+02
7.040000000000000000e+02
6.780000000000000000e+02
6.790000000000000000e+02
7.220000000000000000e+02
7.010000000000000000e+02
7.320000000000000000e+02
7.600000000000000000e+02
7.690000000000000000e+02
7.850000000000000000e+02
7.510000000000000000e+02
8.050000000000000000e+02
8.280000000000000000e+02
7.900000000000000000e+02
8.110000000000000000e+02
8.290000000000000000e+02
8.590000000000000000e+02
8.580000000000000000e+02
8.700000000000000000e+02
9.060000000000000000e+02
9.340000000000000000e+02
9.570000000000000000e+02
1.077000000000000000e+03
1.100000000000000000e+03
1.138000000000000000e+03
1.160000000000000000e+03
1.174000000000000000e+03
1.252000000000000000e+03
1.339000000000000000e+03
1.277000000000000000e+03
1.342000000000000000e+03
1.363000000000000000e+03
1.345000000000000000e+03
1.452000000000000000e+03
1.421000000000000000e+03
1.462000000000000000e+03
1.543000000000000000e+03
1.496000000000000000e+03
1.638000000000000000e+03
1.653000000000000000e+03
1.649000000000000000e+03
1.540000000000000000e+03
1.519000000000000000e+03
1.411000000000000000e+03
1.451000000000000000e+03
1.500000000000000000e+03
1.443000000000000000e+03
1.463000000000000000e+03
1.499000000000000000e+03
1.456000000000000000e+03
1.477000000000000000e+03
1.633000000000000000e+03
1.816000000000000000e+03
1.884000000000000000e+03
2.041000000000000000e+03
1.901000000000000000e+03
1.853000000000000000e+03
1.566000000000000000e+03
1.468000000000000000e+03
1.596000000000000000e+03
1.556000000000000000e+03
1.595000000000000000e+03
1.704000000000000000e+03
1.613000000000000000e+03
1.454000000000000000e+03
1.526000000000000000e+03
1.564000000000000000e+03
1.645000000000000000e+03
1.655000000000000000e+03
1.857000000000000000e+03
2.382000000000000000e+03
2.264000000000000000e+03
1.729000000000000000e+03
1.161000000000000000e+03
5.760000000000000000e+02
3.750000000000000000e+02
1.390000000000000000e+02
7.300000000000000000e+01
4.300000000000000000e+01
3.500000000000000000e+01
1.100000000000000000e+01
2.000000000000000000e+01
2.000000000000000000e+01
1.000000000000000000e+01
1.200000000000000000e+01
9.000000000000000000e+00
1.700000000000000000e+01
2.000000000000000000e+00
8.000000000000000000e+00
1.000000000000000000e+01
5.000000000000000000e+00
1.000000000000000000e+01
4.000000000000000000e+00
1.000000000000000000e+00
1.100000000000000000e+01
1.400000000000000000e+01
4.300000000000000000e+01
1.080000000000000000e+02
2.150000000000000000e+02
4.030000000000000000e+02
4.750000000000000000e+02
5.610000000000000000e+02
7.070000000000000000e+02
8.730000000000000000e+02
9.790000000000000000e+02
1.134000000000000000e+03
1.292000000000000000e+03
1.352000000000000000e+03
1.326000000000000000e+03
1.172000000000000000e+03
1.023000000000000000e+03
9.010000000000000000e+02
7.560000000000000000e+02
6.800000000000000000e+02
6.330000000000000000e+02
5.730000000000000000e+02
5.950000000000000000e+02
5.440000000000000000e+02
5.460000000000000000e+02
5.160000000000000000e+02
6.400000000000000000e+02
5.940000000000000000e+02
5.780000000000000000e+02
6.900000000000000000e+02
6.670000000000000000e+02
7.000000000000000000e+02
6.990000000000000000e+02
6.600000000000000000e+02
6.440000000000000000e+02
6.450000000000000000e+02
6.270000000000000000e+02
6.480000000000000000e+02
6.320000000000000000e+02
6.770000000000000000e+02
7.150000000000000000e+02
7.560000000000000000e+02
8.030000000000000000e+02
8.480000000000000000e+02
9.110000000000000000e+02
1.064000000000000000e+03
1.116000000000000000e+03
1.084000000000000000e+03
1.088000000000000000e+03
1.066000000000000000e+03
9.410000000000000000e+02
8.880000000000000000e+02
9.580000000000000000e+02
8.590000000000000000e+02
8.710000000000000000e+02
8.770000000000000000e+02
9.840000000000000000e+02
9.780000000000000000e+02
9.440000000000000000e+02
1.013000000000000000e+03
9.200000000000000000e+02
9.280000000000000000e+02
8.750000000000000000e+02
8.480000000000000000e+02
8.160000000000000000e+02
8.170000000000000000e+02
7.940000000000000000e+02
8.240000000000000000e+02
7.930000000000000000e+02
8.010000000000000000e+02
8.150000000000000000e+02
7.830000000000000000e+02
8.180000000000000000e+02
7.360000000000000000e+02
6.770000000000000000e+02
6.560000000000000000e+02
6.980000000000000000e+02
6.600000000000000000e+02
7.210000000000000000e+02
6.320000000000000000e+02
6.780000000000000000e+02
7.220000000000000000e+02
7.200000000000000000e+02
8.090000000000000000e+02
7.220000000000000000e+02
8.060000000000000000e+02
7.900000000000000000e+02
7.820000000000000000e+02
8.580000000000000000e+02
9.180000000000000000e+02
9.230000000000000000e+02
9.410000000000000000e+02
9.540000000000000000e+02
8.540000000000000000e+02
8.170000000000000000e+02
8.770000000000000000e+02
8.170000000000000000e+02
7.850000000000000000e+02
7.230000000000000000e+02
7.730000000000000000e+02
8.000000000000000000e+02
8.340000000000000000e+02
8.430000000000000000e+02
9.300000000000000000e+02
1.130000000000000000e+03
1.315000000000000000e+03
1.238000000000000000e+03
1.353000000000000000e+03
1.361000000000000000e+03
1.361000000000000000e+03
1.545000000000000000e+03
1.595000000000000000e+03
1.495000000000000000e+03
1.450000000000000000e+03
1.403000000000000000e+03
1.341000000000000000e+03
1.323000000000000000e+03
1.147000000000000000e+03
1.145000000000000000e+03
1.186000000000000000e+03
1.120000000000000000e+03
1.120000000000000000e+03
1.106000000000000000e+03
1.128000000000000000e+03
1.127000000000000000e+03
1.137000000000000000e+03
1.145000000000000000e+03
1.152000000000000000e+03
1.168000000000000000e+03
1.121000000000000000e+03
1.098000000000000000e+03
1.052000000000000000e+03
1.072000000000000000e+03
1.004000000000000000e+03
9.320000000000000000e+02
9.280000000000000000e+02
9.500000000000000000e+02
8.140000000000000000e+02
8.350000000000000000e+02
8.360000000000000000e+02
8.340000000000000000e+02
8.550000000000000000e+02
8.300000000000000000e+02
8.770000000000000000e+02
8.680000000000000000e+02
8.780000000000000000e+02
8.400000000000000000e+02
7.790000000000000000e+02
8.080000000000000000e+02
7.870000000000000000e+02
8.280000000000000000e+02
7.670000000000000000e+02
7.850000000000000000e+02
6.920000000000000000e+02
7.530000000000000000e+02
7.390000000000000000e+02
6.930000000000000000e+02
6.590000000000000000e+02
6.820000000000000000e+02
7.060000000000000000e+02
7.240000000000000000e+02
6.720000000000000000e+02
7.550000000000000000e+02
7.150000000000000000e+02
6.630000000000000000e+02
6.720000000000000000e+02
7.080000000000000000e+02
7.240000000000000000e+02
6.810000000000000000e+02
7.250000000000000000e+02
7.310000000000000000e+02
7.440000000000000000e+02
7.290000000000000000e+02
8.020000000000000000e+02
7.890000000000000000e+02
8.130000000000000000e+02
8.080000000000000000e+02
8.020000000000000000e+02
7.620000000000000000e+02
7.960000000000000000e+02
8.740000000000000000e+02
8.410000000000000000e+02
8.510000000000000000e+02
8.500000000000000000e+02
9.330000000000000000e+02
9.030000000000000000e+02
9.840000000000000000e+02
9.880000000000000000e+02
1.041000000000000000e+03
1.084000000000000000e+03
1.114000000000000000e+03
1.096000000000000000e+03
1.194000000000000000e+03
1.249000000000000000e+03
1.226000000000000000e+03
1.335000000000000000e+03
1.423000000000000000e+03
1.372000000000000000e+03
1.539000000000000000e+03
1.449000000000000000e+03
1.499000000000000000e+03
1.495000000000000000e+03
1.610000000000000000e+03
1.572000000000000000e+03
1.474000000000000000e+03
1.522000000000000000e+03
1.482000000000000000e+03
1.438000000000000000e+03
1.383000000000000000e+03
1.310000000000000000e+03
1.343000000000000000e+03
1.358000000000000000e+03
1.285000000000000000e+03
1.256000000000000000e+03
1.360000000000000000e+03
1.315000000000000000e+03
1.354000000000000000e+03
1.379000000000000000e+03
1.464000000000000000e+03
1.392000000000000000e+03
1.524000000000000000e+03
1.706000000000000000e+03
2.025000000000000000e+03
2.100000000000000000e+03
1.924000000000000000e+03
1.900000000000000000e+03
1.622000000000000000e+03
1.596000000000000000e+03
1.756000000000000000e+03
1.677000000000000000e+03
1.441000000000000000e+03
1.398000000000000000e+03
1.423000000000000000e+03
1.357000000000000000e+03
1.360000000000000000e+03
1.686000000000000000e+03
2.138000000000000000e+03
1.921000000000000000e+03
1.800000000000000000e+03
1.742000000000000000e+03
9.400000000000000000e+02
6.430000000000000000e+02
1.580000000000000000e+02
5.900000000000000000e+01
3.600000000000000000e+01
2.400000000000000000e+01
2.600000000000000000e+01
2.100000000000000000e+01
1.000000000000000000e+01
1.100000000000000000e+01
1.300000000000000000e+01
6.000000000000000000e+00
1.000000000000000000e+01
8.000000000000000000e+00
8.000000000000000000e+00
1.240000000000000000e+02
1.660000000000000000e+02
2.480000000000000000e+02
4.430000000000000000e+02
5.850000000000000000e+02
6.520000000000000000e+02
7.360000000000000000e+02
8.890000000000000000e+02
1.020000000000000000e+03
1.125000000000000000e+03
1.203000000000000000e+03
1.213000000000000000e+03
1.099000000000000000e+03
1.005000000000000000e+03
9.200000000000000000e+02
7.720000000000000000e+02
6.620000000000000000e+02
6.300000000000000000e+02
6.090000000000000000e+02
6.030000000000000000e+02
5.970000000000000000e+02
5.090000000000000000e+02
5.280000000000000000e+02
4.750000000000000000e+02
5.780000000000000000e+02
5.830000000000000000e+02
5.710000000000000000e+02
6.080000000000000000e+02
5.650000000000000000e+02
5.960000000000000000e+02
5.690000000000000000e+02
5.590000000000000000e+02
6.350000000000000000e+02
6.040000000000000000e+02
5.740000000000000000e+02
5.480000000000000000e+02
5.710000000000000000e+02
6.050000000000000000e+02
5.650000000000000000e+02
5.680000000000000000e+02
6.240000000000000000e+02
6.500000000000000000e+02
6.080000000000000000e+02
6.530000000000000000e+02
6.890000000000000000e+02
7.320000000000000000e+02
7.550000000000000000e+02
8.710000000000000000e+02
9.270000000000000000e+02
9.040000000000000000e+02
1.002000000000000000e+03
1.090000000000000000e+03
1.096000000000000000e+03
1.000000000000000000e+03
9.780000000000000000e+02
9.430000000000000000e+02
8.740000000000000000e+02
8.480000000000000000e+02
8.230000000000000000e+02
8.060000000000000000e+02
8.140000000000000000e+02
8.420000000000000000e+02
8.250000000000000000e+02
9.060000000000000000e+02
9.240000000000000000e+02
8.660000000000000000e+02
8.720000000000000000e+02
8.100000000000000000e+02
7.800000000000000000e+02
7.300000000000000000e+02
7.870000000000000000e+02
7.410000000000000000e+02
7.780000000000000000e+02
7.410000000000000000e+02
7.540000000000000000e+02
7.650000000000000000e+02
7.390000000000000000e+02
7.080000000000000000e+02
6.840000000000000000e+02
6.380000000000000000e+02
6.070000000000000000e+02
6.340000000000000000e+02
5.950000000000000000e+02
5.940000000000000000e+02
5.820000000000000000e+02
6.690000000000000000e+02
6.820000000000000000e+02
6.470000000000000000e+02
6.880000000000000000e+02
7.280000000000000000e+02
7.030000000000000000e+02
6.900000000000000000e+02
7.030000000000000000e+02
7.130000000000000000e+02
8.000000000000000000e+02
7.430000000000000000e+02
7.310000000000000000e+02
7.590000000000000000e+02
6.890000000000000000e+02
6.980000000000000000e+02
6.930000000000000000e+02
7.520000000000000000e+02
7.630000000000000000e+02
7.290000000000000000e+02
7.390000000000000000e+02
7.490000000000000000e+02
7.910000000000000000e+02
8.070000000000000000e+02
7.720000000000000000e+02
8.200000000000000000e+02
9.490000000000000000e+02
9.610000000000000000e+02
1.035000000000000000e+03
1.164000000000000000e+03
1.377000000000000000e+03
1.313000000000000000e+03
1.295000000000000000e+03
1.279000000000000000e+03
1.332000000000000000e+03
1.333000000000000000e+03
1.505000000000000000e+03
1.414000000000000000e+03
1.429000000000000000e+03
1.402000000000000000e+03
1.329000000000000000e+03
1.315000000000000000e+03
1.213000000000000000e+03
1.103000000000000000e+03
1.083000000000000000e+03
1.120000000000000000e+03
1.071000000000000000e+03
1.139000000000000000e+03
1.109000000000000000e+03
1.231000000000000000e+03
1.158000000000000000e+03
1.151000000000000000e+03
1.094000000000000000e+03
1.079000000000000000e+03
1.103000000000000000e+03
1.105000000000000000e+03
1.030000000000000000e+03
1.010000000000000000e+03
9.770000000000000000e+02
9.790000000000000000e+02
9.460000000000000000e+02
9.220000000000000000e+02
9.910000000000000000e+02
9.380000000000000000e+02
8.970000000000000000e+02
9.800000000000000000e+02
8.600000000000000000e+02
8.900000000000000000e+02
8.750000000000000000e+02
8.080000000000000000e+02
8.460000000000000000e+02
8.060000000000000000e+02
7.370000000000000000e+02
7.730000000000000000e+02
7.270000000000000000e+02
7.660000000000000000e+02
8.010000000000000000e+02
7.830000000000000000e+02
7.550000000000000000e+02
7.690000000000000000e+02
7.280000000000000000e+02
7.300000000000000000e+02
7.380000000000000000e+02
7.460000000000000000e+02
7.240000000000000000e+02
6.930000000000000000e+02
6.890000000000000000e+02
7.380000000000000000e+02
7.560000000000000000e+02
7.320000000000000000e+02
7.650000000000000000e+02
7.650000000000000000e+02
7.740000000000000000e+02
7.470000000000000000e+02
7.780000000000000000e+02
8.050000000000000000e+02
8.030000000000000000e+02
7.760000000000000000e+02
8.480000000000000000e+02
8.060000000000000000e+02
7.900000000000000000e+02
8.120000000000000000e+02
8.200000000000000000e+02
8.350000000000000000e+02
8.630000000000000000e+02
8.530000000000000000e+02
8.800000000000000000e+02
8.560000000000000000e+02
9.520000000000000000e+02
9.840000000000000000e+02
9.750000000000000000e+02
1.005000000000000000e+03
1.025000000000000000e+03
1.059000000000000000e+03
1.134000000000000000e+03
1.203000000000000000e+03
1.192000000000000000e+03
1.295000000000000000e+03
1.330000000000000000e+03
1.427000000000000000e+03
1.430000000000000000e+03
1.480000000000000000e+03
1.462000000000000000e+03
1.374000000000000000e+03
1.368000000000000000e+03
1.262000000000000000e+03
1.247000000000000000e+03
1.257000000000000000e+03
1.198000000000000000e+03
1.193000000000000000e+03
1.171000000000000000e+03
1.131000000000000000e+03
1.166000000000000000e+03
1.098000000000000000e+03
1.026000000000000000e+03
1.028000000000000000e+03
1.139000000000000000e+03
1.044000000000000000e+03
1.119000000000000000e+03
1.141000000000000000e+03
1.074000000000000000e+03
1.086000000000000000e+03
1.131000000000000000e+03
1.183000000000000000e+03
1.247000000000000000e+03
1.286000000000000000e+03
1.312000000000000000e+03
1.292000000000000000e+03
1.433000000000000000e+03
1.576000000000000000e+03
1.782000000000000000e+03
1.731000000000000000e+03
1.915000000000000000e+03
1.795000000000000000e+03
1.675000000000000000e+03
1.461000000000000000e+03
1.502000000000000000e+03
1.538000000000000000e+03
1.440000000000000000e+03
1.423000000000000000e+03
1.513000000000000000e+03
1.499000000000000000e+03
1.443000000000000000e+03
1.666000000000000000e+03
1.896000000000000000e+03
1.766000000000000000e+03
1.374000000000000000e+03
1.353000000000000000e+03
1.098000000000000000e+03
4.840000000000000000e+02
1.440000000000000000e+02
1.010000000000000000e+02
5.134000000000000000e+03
0.000000000000000000e+00
0.000000000000000000e+00
0.000000000000000000e+00
0.000000000000000000e+00
0.000000000000000000e+00
2.890000000000000000e+02
0.000000000000000000e+00
6.000000000000000000e+01
0.000000000000000000e+00
0.000000000000000000e+00
9.700000000000000000e+01
5.000000000000000000e+00
8.860000000000000000e+02
3.490000000000000000e+02
8.300000000000000000e+01
1.031000000000000000e+03
1.780000000000000000e+02
2.190000000000000000e+02
9.770000000000000000e+02
9.110000000000000000e+02
1.004000000000000000e+03
1.710000000000000000e+02
1.560000000000000000e+02
9.190000000000000000e+02
7.990000000000000000e+02
4.400000000000000000e+01
0.000000000000000000e+00
3.000000000000000000e+00
0.000000000000000000e+00
3.641000000000000000e+03
0.000000000000000000e+00
3.200000000000000000e+01
0.000000000000000000e+00
6.200000000000000000e+01
4.280000000000000000e+02
1.512000000000000000e+03
0.000000000000000000e+00
1.400000000000000000e+01
0.000000000000000000e+00
4.400000000000000000e+01
0.000000000000000000e+00
5.139000000000000000e+03
9.130000000000000000e+02
0.000000000000000000e+00
2.400000000000000000e+01
0.000000000000000000e+00
0.000000000000000000e+00
1.400000000000000000e+01
0.000000000000000000e+00
1.384400000000000000e+04
7.500000000000000000e+01
0.000000000000000000e+00
1.000000000000000000e+00
0.000000000000000000e+00
3.100000000000000000e+02
0.000000000000000000e+00
0.000000000000000000e+00
4.000000000000000000e+00
0.000000000000000000e+00
2.400000000000000000e+01
0.000000000000000000e+00
7.000000000000000000e+00
0.000000000000000000e+00
0.000000000000000000e+00
5.000000000000000000e+00
5.980000000000000000e+02
1.300000000000000000e+01
5.000000000000000000e+00
1.700000000000000000e+01
2.000000000000000000e+01
3.000000000000000000e+00
0.000000000000000000e+00
4.000000000000000000e+00
1.800000000000000000e+01
1.560500000000000000e+04
3.000000000000000000e+00
0.000000000000000000e+00
1.000000000000000000e+00
1.300000000000000000e+01
7.700000000000000000e+01
0.000000000000000000e+00
0.000000000000000000e+00
6.970000000000000000e+02
8.000000000000000000e+00
1.900000000000000000e+01
0.000000000000000000e+00
7.600000000000000000e+01
0.000000000000000000e+00
0.000000000000000000e+00
1.220000000000000000e+02
2.800000000000000000e+01
1.000000000000000000e+01
8.700000000000000000e+01
2.300000000000000000e+01
3.240000000000000000e+02
1.406000000000000000e+03
4.440000000000000000e+02
4.020000000000000000e+02
1.275000000000000000e+03
3.310000000000000000e+02
3.387000000000000000e+03
2.944000000000000000e+03
4.559000000000000000e+03
1.165000000000000000e+03
2.506000000000000000e+03
5.043000000000000000e+03
1.111000000000000000e+03
7.226000000000000000e+03
5.408000000000000000e+03
2.946800000000000000e+04
2.309900000000000000e+04
2.251500000000000000e+04
2.023000000000000000e+04
2.276600000000000000e+04
8.289000000000000000e+03
4.927000000000000000e+03
1.000000000000000000e+00
1.000000000000000000e+00
0.000000000000000000e+00
1.047800000000000000e+04
0.000000000000000000e+00
1.600000000000000000e+01
0.000000000000000000e+00
1.610000000000000000e+02
5.720000000000000000e+02
2.099000000000000000e+03
0.000000000000000000e+00
2.000000000000000000e+00
0.000000000000000000e+00
2.000000000000000000e+00
0.000000000000000000e+00
1.020000000000000000e+02
2.600000000000000000e+01
0.000000000000000000e+00
1.000000000000000000e+00
0.000000000000000000e+00
0.000000000000000000e+00
0.000000000000000000e+00
0.000000000000000000e+00
2.400000000000000000e+02
0.000000000000000000e+00
0.000000000000000000e+00
0.000000000000000000e+00
0.000000000000000000e+00
4.000000000000000000e+00
0.000000000000000000e+00
0.000000000000000000e+00
0.000000000000000000e+00
0.000000000000000000e+00
0.000000000000000000e+00
0.000000000000000000e+00
0.000000000000000000e+00
0.000000000000000000e+00
0.000000000000000000e+00
0.000000000000000000e+00
2.500000000000000000e+01
0.000000000000000000e+00
0.000000000000000000e+00
0.000000000000000000e+00
0.000000000000000000e+00
0.000000000000000000e+00
0.000000000000000000e+00
0.000000000000000000e+00
0.000000000000000000e+00
5.130000000000000000e+02
0.000000000000000000e+00
0.000000000000000000e+00
0.000000000000000000e+00
0.000000000000000000e+00
2.000000000000000000e+00
0.000000000000000000e+00
0.000000000000000000e+00
7.500000000000000000e+01
0.000000000000000000e+00
0.000000000000000000e+00
0.000000000000000000e+00
0.000000000000000000e+00
0.000000000000000000e+00
0.000000000000000000e+00
5.120000000000000000e+03
7.000000000000000000e+00
1.594000000000000000e+03
6.797000000000000000e+03
1.127700000000000000e+04
5.142000000000000000e+03
8.229000000000000000e+03
7.452000000000000000e+03
6.761000000000000000e+03
6.764000000000000000e+03
6.055000000000000000e+03
6.277000000000000000e+03
5.689000000000000000e+03
8.592000000000000000e+03
1.077800000000000000e+04
1.421600000000000000e+04
1.414000000000000000e+04
1.143100000000000000e+04
8.171000000000000000e+03
8.242000000000000000e+03
5.374000000000000000e+03
3.708000000000000000e+03
3.022000000000000000e+03
3.256000000000000000e+03
3.171000000000000000e+03
3.012000000000000000e+03
3.437000000000000000e+03
3.066000000000000000e+03
3.100000000000000000e+03
3.098000000000000000e+03
3.030000000000000000e+03
2.760000000000000000e+03
2.574000000000000000e+03
2.292000000000000000e+03
2.190000000000000000e+03
2.254000000000000000e+03
2.601000000000000000e+03
1.300000000000000000e+03
1.886000000000000000e+03
1.632000000000000000e+03
1.797000000000000000e+03
1.328000000000000000e+03
1.046000000000000000e+03
1.928000000000000000e+03
1.500000000000000000e+03
1.787000000000000000e+03
1.911000000000000000e+03
2.034000000000000000e+03
1.365000000000000000e+03
6.070000000000000000e+02
5.170000000000000000e+02
1.168000000000000000e+03
2.900000000000000000e+02
4.250000000000000000e+02
2.630000000000000000e+02
9.210000000000000000e+02
1.960000000000000000e+02
3.010000000000000000e+02
3.290000000000000000e+02
7.390000000000000000e+02
1.570000000000000000e+02
2.500000000000000000e+02
1.090000000000000000e+02
6.700000000000000000e+01
8.670000000000000000e+02
4.800000000000000000e+01
9.500000000000000000e+01
2.540000000000000000e+02
7.100000000000000000e+01
6.400000000000000000e+01
5.240000000000000000e+02
3.140000000000000000e+02
4.500000000000000000e+01
1.210000000000000000e+02
5.500000000000000000e+01
3.140000000000000000e+02
3.100000000000000000e+01
4.690000000000000000e+02
7.800000000000000000e+01
2.700000000000000000e+01
3.840000000000000000e+02
6.600000000000000000e+01
3.000000000000000000e+01
2.700000000000000000e+01
2.200000000000000000e+01
8.630000000000000000e+02
1.500000000000000000e+01
2.200000000000000000e+01
2.000000000000000000e+01
5.400000000000000000e+01
2.400000000000000000e+01
3.990000000000000000e+02
1.000000000000000000e+01
2.800000000000000000e+01
6.800000000000000000e+01
4.000000000000000000e+00
3.440000000000000000e+02
1.000000000000000000e+01
3.920000000000000000e+02
7.400000000000000000e+01
3.000000000000000000e+00
3.000000000000000000e+00
7.300000000000000000e+01
3.000000000000000000e+00
8.000000000000000000e+00
6.800000000000000000e+01
2.960000000000000000e+02
9.000000000000000000e+00
6.000000000000000000e+00
3.520000000000000000e+02
1.000000000000000000e+00
3.000000000000000000e+00
7.400000000000000000e+01
1.600000000000000000e+01
3.000000000000000000e+00
3.000000000000000000e+00
2.650000000000000000e+02
4.000000000000000000e+00
1.400000000000000000e+01
7.700000000000000000e+01
3.000000000000000000e+00
8.000000000000000000e+00
2.000000000000000000e+00
3.000000000000000000e+00
2.000000000000000000e+00
0.000000000000000000e+00
2.000000000000000000e+00
3.000000000000000000e+00
6.110000000000000000e+02
1.000000000000000000e+00
1.000000000000000000e+00
3.000000000000000000e+00
1.000000000000000000e+00
6.000000000000000000e+00
1.000000000000000000e+00
4.000000000000000000e+00
0.000000000000000000e+00
7.800000000000000000e+01
1.000000000000000000e+00
1.100000000000000000e+01
2.000000000000000000e+00
0.000000000000000000e+00
1.900000000000000000e+02
0.000000000000000000e+00
2.000000000000000000e+00
2.000000000000000000e+00
1.000000000000000000e+00
0.000000000000000000e+00
2.000000000000000000e+00
7.100000000000000000e+01
2.000000000000000000e+00
1.000000000000000000e+00
2.000000000000000000e+00
1.500000000000000000e+02
1.000000000000000000e+00
0.000000000000000000e+00
1.000000000000000000e+00
1.000000000000000000e+00
2.000000000000000000e+00
1.540000000000000000e+02
0.000000000000000000e+00
0.000000000000000000e+00
4.400000000000000000e+01
1.000000000000000000e+00
3.000000000000000000e+00
0.000000000000000000e+00
0.000000000000000000e+00
0.000000000000000000e+00
1.000000000000000000e+00
1.000000000000000000e+00
1.000000000000000000e+01
1.000000000000000000e+00
0.000000000000000000e+00
1.000000000000000000e+00
3.000000000000000000e+00
4.000000000000000000e+00
3.000000000000000000e+00
2.000000000000000000e+00
1.000000000000000000e+00
2.300000000000000000e+01
1.000000000000000000e+00
4.000000000000000000e+00
9.000000000000000000e+01
1.000000000000000000e+00
1.000000000000000000e+00
5.000000000000000000e+00
4.000000000000000000e+00
1.000000000000000000e+00
1.000000000000000000e+00
0.000000000000000000e+00
0.000000000000000000e+00
8.100000000000000000e+01
0.000000000000000000e+00
1.000000000000000000e+00
2.000000000000000000e+00
4.000000000000000000e+00
5.000000000000000000e+00
1.000000000000000000e+00
1.300000000000000000e+01
0.000000000000000000e+00
3.000000000000000000e+00
2.000000000000000000e+00
3.000000000000000000e+00
0.000000000000000000e+00
2.000000000000000000e+00
2.000000000000000000e+00
4.000000000000000000e+00
1.000000000000000000e+00
1.000000000000000000e+00
4.000000000000000000e+00
2.000000000000000000e+00
1.000000000000000000e+00
3.000000000000000000e+00
8.400000000000000000e+01
1.000000000000000000e+00
5.000000000000000000e+00
3.000000000000000000e+00
2.000000000000000000e+00
3.000000000000000000e+00
4.000000000000000000e+00
3.000000000000000000e+00
0.000000000000000000e+00
1.000000000000000000e+00
9.000000000000000000e+00
3.000000000000000000e+00
5.000000000000000000e+00
2.000000000000000000e+00
3.000000000000000000e+00
1.000000000000000000e+00
2.000000000000000000e+00
4.000000000000000000e+00
3.000000000000000000e+00
3.000000000000000000e+00
1.000000000000000000e+00
6.000000000000000000e+00
1.000000000000000000e+00
2.000000000000000000e+00
0.000000000000000000e+00
0.000000000000000000e+00
2.000000000000000000e+00
0.000000000000000000e+00
0.000000000000000000e+00
0.000000000000000000e+00
0.000000000000000000e+00
1.000000000000000000e+00
0.000000000000000000e+00
0.000000000000000000e+00
1.000000000000000000e+00
0.000000000000000000e+00
0.000000000000000000e+00
0.000000000000000000e+00
1.000000000000000000e+00
0.000000000000000000e+00
0.000000000000000000e+00
0.000000000000000000e+00
1.320000000000000000e+02
0.000000000000000000e+00
9.000000000000000000e+00
1.500000000000000000e+01
4.200000000000000000e+01
1.030000000000000000e+02
2.100000000000000000e+02
3.930000000000000000e+02
4.700000000000000000e+02
5.600000000000000000e+02
6.850000000000000000e+02
8.460000000000000000e+02
9.570000000000000000e+02
1.120000000000000000e+03
1.272000000000000000e+03
1.333000000000000000e+03
1.286000000000000000e+03
1.149000000000000000e+03
9.990000000000000000e+02
8.810000000000000000e+02
7.300000000000000000e+02
7.060000000000000000e+02
6.440000000000000000e+02
5.590000000000000000e+02
5.840000000000000000e+02
5.120000000000000000e+02
5.290000000000000000e+02
5.180000000000000000e+02
6.200000000000000000e+02
5.730000000000000000e+02
5.610000000000000000e+02
6.440000000000000000e+02
6.350000000000000000e+02
6.920000000000000000e+02
6.960000000000000000e+02
6.230000000000000000e+02
6.190000000000000000e+02
6.040000000000000000e+02
6.110000000000000000e+02
5.990000000000000000e+02
5.530000000000000000e+02
5.830000000000000000e+02
6.540000000000000000e+02
6.520000000000000000e+02
6.650000000000000000e+02
7.360000000000000000e+02
6.970000000000000000e+02
7.570000000000000000e+02
8.530000000000000000e+02
8.810000000000000000e+02
8.730000000000000000e+02
9.810000000000000000e+02
9.770000000000000000e+02
9.900000000000000000e+02
9.820000000000000000e+02
9.250000000000000000e+02
8.890000000000000000e+02
8.580000000000000000e+02
8.960000000000000000e+02
8.460000000000000000e+02
8.070000000000000000e+02
7.820000000000000000e+02
8.240000000000000000e+02
8.010000000000000000e+02
8.890000000000000000e+02
8.940000000000000000e+02
8.330000000000000000e+02
8.440000000000000000e+02
7.750000000000000000e+02
7.540000000000000000e+02
7.500000000000000000e+02
7.550000000000000000e+02
7.590000000000000000e+02
7.580000000000000000e+02
7.780000000000000000e+02
7.630000000000000000e+02
7.660000000000000000e+02
7.710000000000000000e+02
7.430000000000000000e+02
7.330000000000000000e+02
6.700000000000000000e+02
6.280000000000000000e+02
6.770000000000000000e+02
5.860000000000000000e+02
6.040000000000000000e+02
5.900000000000000000e+02
6.800000000000000000e+02
6.780000000000000000e+02
6.490000000000000000e+02
6.880000000000000000e+02
7.350000000000000000e+02
7.240000000000000000e+02
6.820000000000000000e+02
6.920000000000000000e+02
7.680000000000000000e+02
7.960000000000000000e+02
7.420000000000000000e+02
7.680000000000000000e+02
7.650000000000000000e+02
6.860000000000000000e+02
7.510000000000000000e+02
7.010000000000000000e+02
7.230000000000000000e+02
7.580000000000000000e+02
7.530000000000000000e+02
7.550000000000000000e+02
7.800000000000000000e+02
8.180000000000000000e+02
7.980000000000000000e+02
7.780000000000000000e+02
8.620000000000000000e+02
9.910000000000000000e+02
9.700000000000000000e+02
1.040000000000000000e+03
1.137000000000000000e+03
1.370000000000000000e+03
1.342000000000000000e+03
1.311000000000000000e+03
1.299000000000000000e+03
1.360000000000000000e+03
1.331000000000000000e+03
1.515000000000000000e+03
1.411000000000000000e+03
1.442000000000000000e+03
1.435000000000000000e+03
1.322000000000000000e+03
1.358000000000000000e+03
1.218000000000000000e+03
1.098000000000000000e+03
1.090000000000000000e+03
1.141000000000000000e+03
1.091000000000000000e+03
1.162000000000000000e+03
1.126000000000000000e+03
1.227000000000000000e+03
1.170000000000000000e+03
1.149000000000000000e+03
1.115000000000000000e+03
1.094000000000000000e+03
1.116000000000000000e+03
1.133000000000000000e+03
1.034000000000000000e+03
1.035000000000000000e+03
9.740000000000000000e+02
9.860000000000000000e+02
9.480000000000000000e+02
9.520000000000000000e+02
9.880000000000000000e+02
9.550000000000000000e+02
9.100000000000000000e+02
9.910000000000000000e+02
8.690000000000000000e+02
8.990000000000000000e+02
8.740000000000000000e+02
8.230000000000000000e+02
8.440000000000000000e+02
8.250000000000000000e+02
7.580000000000000000e+02
7.860000000000000000e+02
7.330000000000000000e+02
7.650000000000000000e+02
7.970000000000000000e+02
8.110000000000000000e+02
7.590000000000000000e+02
7.870000000000000000e+02
7.490000000000000000e+02
7.520000000000000000e+02
7.510000000000000000e+02
7.430000000000000000e+02
7.350000000000000000e+02
7.040000000000000000e+02
6.920000000000000000e+02
7.520000000000000000e+02
7.870000000000000000e+02
7.370000000000000000e+02
7.770000000000000000e+02
7.830000000000000000e+02
7.560000000000000000e+02
7.550000000000000000e+02
7.960000000000000000e+02
8.170000000000000000e+02
8.020000000000000000e+02
7.810000000000000000e+02
8.340000000000000000e+02
8.290000000000000000e+02
7.810000000000000000e+02
8.400000000000000000e+02
8.230000000000000000e+02
8.330000000000000000e+02
8.620000000000000000e+02
8.350000000000000000e+02
8.800000000000000000e+02
8.890000000000000000e+02
9.240000000000000000e+02
1.014000000000000000e+03
9.750000000000000000e+02
9.820000000000000000e+02
1.048000000000000000e+03
1.072000000000000000e+03
1.140000000000000000e+03
1.207000000000000000e+03
1.209000000000000000e+03
1.300000000000000000e+03
1.323000000000000000e+03
1.435000000000000000e+03
1.445000000000000000e+03
1.489000000000000000e+03
1.496000000000000000e+03
1.399000000000000000e+03
1.376000000000000000e+03
1.261000000000000000e+03
1.250000000000000000e+03
1.276000000000000000e+03
1.200000000000000000e+03
1.208000000000000000e+03
1.177000000000000000e+03
1.142000000000000000e+03
1.160000000000000000e+03
1.105000000000000000e+03
1.033000000000000000e+03
1.023000000000000000e+03
1.141000000000000000e+03
1.054000000000000000e+03
1.114000000000000000e+03
1.143000000000000000e+03
1.082000000000000000e+03
1.089000000000000000e+03
1.129000000000000000e+03
1.185000000000000000e+03
1.247000000000000000e+03
1.288000000000000000e+03
1.311000000000000000e+03
1.295000000000000000e+03
1.430000000000000000e+03
1.575000000000000000e+03
1.785000000000000000e+03
1.732000000000000000e+03
1.912000000000000000e+03
1.795000000000000000e+03
1.676000000000000000e+03
1.464000000000000000e+03
1.501000000000000000e+03
1.539000000000000000e+03
1.437000000000000000e+03
1.424000000000000000e+03
1.515000000000000000e+03
1.499000000000000000e+03
1.441000000000000000e+03
1.668000000000000000e+03
1.894000000000000000e+03
1.765000000000000000e+03
1.372000000000000000e+03
1.357000000000000000e+03
1.098000000000000000e+03
4.840000000000000000e+02
1.440000000000000000e+02
1.030000000000000000e+02
