5.292000000000000000e+03
7.620000000000000000e+03
4.681000000000000000e+03
2.869000000000000000e+03
2.070000000000000000e+03
1.711000000000000000e+03
1.560000000000000000e+03
1.320000000000000000e+03
1.247000000000000000e+03
1.069000000000000000e+03
8.370000000000000000e+02
7.630000000000000000e+02
7.310000000000000000e+02
6.300000000000000000e+02
6.540000000000000000e+02
5.260000000000000000e+02
5.030000000000000000e+02
4.990000000000000000e+02
5.240000000000000000e+02
5.150000000000000000e+02
5.400000000000000000e+02
5.840000000000000000e+02
6.140000000000000000e+02
6.150000000000000000e+02
6.280000000000000000e+02
6.300000000000000000e+02
6.220000000000000000e+02
6.680000000000000000e+02
7.040000000000000000e+02
7.630000000000000000e+02
7.700000000000000000e+02
6.750000000000000000e+02
5.720000000000000000e+02
5.080000000000000000e+02
4.500000000000000000e+02
4.830000000000000000e+02
4.660000000000000000e+02
4.740000000000000000e+02
4.500000000000000000e+02
5.430000000000000000e+02
4.780000000000000000e+02
4.960000000000000000e+02
5.320000000000000000e+02
6.210000000000000000e+02
6.780000000000000000e+02
7.720000000000000000e+02
8.520000000000000000e+02
8.950000000000000000e+02
8.860000000000000000e+02
8.160000000000000000e+02
9.790000000000000000e+02
9.700000000000000000e+02
9.050000000000000000e+02
9.230000000000000000e+02
9.630000000000000000e+02
1.010000000000000000e+03
9.430000000000000000e+02
9.660000000000000000e+02
9.690000000000000000e+02
9.670000000000000000e+02
9.400000000000000000e+02
9.140000000000000000e+02
8.430000000000000000e+02
8.530000000000000000e+02
8.470000000000000000e+02
8.660000000000000000e+02
8.770000000000000000e+02
8.180000000000000000e+02
7.650000000000000000e+02
7.920000000000000000e+02
8.170000000000000000e+02
7.270000000000000000e+02
7.460000000000000000e+02
6.990000000000000000e+02
7.700000000000000000e+02
7.000000000000000000e+02
7.120000000000000000e+02
7.180000000000000000e+02
6.060000000000000000e+02
6.570000000000000000e+02
6.120000000000000000e+02
6.370000000000000000e+02
6.180000000000000000e+02
6.370000000000000000e+02
6.360000000000000000e+02
5.930000000000000000e+02
6.550000000000000000e+02
6.120000000000000000e+02
6.340000000000000000e+02
5.550000000000000000e+02
5.740000000000000000e+02
6.330000000000000000e+02
5.600000000000000000e+02
5.690000000000000000e+02
5.920000000000000000e+02
5.890000000000000000e+02
5.500000000000000000e+02
5.460000000000000000e+02
5.660000000000000000e+02
5.500000000000000000e+02
5.800000000000000000e+02
5.620000000000000000e+02
5.750000000000000000e+02
6.070000000000000000e+02
6.040000000000000000e+02
6.210000000000000000e+02
6.270000000000000000e+02
5.730000000000000000e+02
6.070000000000000000e+02
6.640000000000000000e+02
6.640000000000000000e+02
6.940000000000000000e+02
6.790000000000000000e+02
7.610000000000000000e+02
6.470000000000000000e+02
7.560000000000000000e+02
7.960000000000000000e+02
6.960000000000000000e+02
7.700000000000000000e+02
7.140000000000000000e+02
7.830000000000000000e+02
7.630000000000000000e+02
7.130000000000000000e+02
8.150000000000000000e+02
7.890000000000000000e+02
7.320000000000000000e+02
7.940000000000000000e+02
7.670000000000000000e+02
7.860000000000000000e+02
7.860000000000000000e+02
7.230000000000000000e+02
7.450000000000000000e+02
7.330000000000000000e+02
7.210000000000000000e+02
7.330000000000000000e+02
7.320000000000000000e+02
7.150000000000000000e+02
7.710000000000000000e+02
7.460000000000000000e+02
7.780000000000000000e+02
7.650000000000000000e+02
7.730000000000000000e+02
8.260000000000000000e+02
7.780000000000000000e+02
7.590000000000000000e+02
7.900000000000000000e+02
7.790000000000000000e+02
7.680000000000000000e+02
7.490000000000000000e+02
8.330000000000000000e+02
8.390000000000000000e+02
9.650000000000000000e+02
1.022000000000000000e+03
1.061000000000000000e+03
1.168000000000000000e+03
1.160000000000000000e+03
1.241000000000000000e+03
1.323000000000000000e+03
1.490000000000000000e+03
1.502000000000000000e+03
1.563000000000000000e+03
1.627000000000000000e+03
1.699000000000000000e+03
1.801000000000000000e+03
1.889000000000000000e+03
1.908000000000000000e+03
1.884000000000000000e+03
1.843000000000000000e+03
1.856000000000000000e+03
1.929000000000000000e+03
1.904000000000000000e+03
1.925000000000000000e+03
1.768000000000000000e+03
1.798000000000000000e+03
1.761000000000000000e+03
1.711000000000000000e+03
1.633000000000000000e+03
1.547000000000000000e+03
1.524000000000000000e+03
1.405000000000000000e+03
1.319000000000000000e+03
1.303000000000000000e+03
1.300000000000000000e+03
1.140000000000000000e+03
1.153000000000000000e+03
1.128000000000000000e+03
1.128000000000000000e+03
1.111000000000000000e+03
1.042000000000000000e+03
8.610000000000000000e+02
9.190000000000000000e+02
9.990000000000000000e+02
1.019000000000000000e+03
1.037000000000000000e+03
1.071000000000000000e+03
1.031000000000000000e+03
1.095000000000000000e+03
1.141000000000000000e+03
1.122000000000000000e+03
1.040000000000000000e+03
1.037000000000000000e+03
1.051000000000000000e+03
1.056000000000000000e+03
1.070000000000000000e+03
1.074000000000000000e+03
1.043000000000000000e+03
1.038000000000000000e+03
1.198000000000000000e+03
1.353000000000000000e+03
1.539000000000000000e+03
1.982000000000000000e+03
1.965000000000000000e+03
1.610000000000000000e+03
1.359000000000000000e+03
1.160000000000000000e+03
9.550000000000000000e+02
7.890000000000000000e+02
7.390000000000000000e+02
6.300000000000000000e+02
4.550000000000000000e+02
4.530000000000000000e+02
4.690000000000000000e+02
5.000000000000000000e+02
4.970000000000000000e+02
5.200000000000000000e+02
5.290000000000000000e+02
6.550000000000000000e+02
6.440000000000000000e+02
6.740000000000000000e+02
7.100000000000000000e+02
7.970000000000000000e+02
8.210000000000000000e+02
8.340000000000000000e+02
7.950000000000000000e+02
8.370000000000000000e+02
8.370000000000000000e+02
8.720000000000000000e+02
8.790000000000000000e+02
7.920000000000000000e+02
7.480000000000000000e+02
8.690000000000000000e+02
7.960000000000000000e+02
6.990000000000000000e+02
5.760000000000000000e+02
4.350000000000000000e+02
4.650000000000000000e+02
5.580000000000000000e+02
5.220000000000000000e+02
4.000000000000000000e+02
4.840000000000000000e+02
4.260000000000000000e+02
2.390000000000000000e+02
7.400000000000000000e+01
3.500000000000000000e+01
1.500000000000000000e+01
8.000000000000000000e+00
2.955000000000000000e+03
6.137000000000000000e+03
3.820000000000000000e+03
2.191000000000000000e+03
1.684000000000000000e+03
1.250000000000000000e+03
1.030000000000000000e+03
9.490000000000000000e+02
9.050000000000000000e+02
7.570000000000000000e+02
7.730000000000000000e+02
7.200000000000000000e+02
6.520000000000000000e+02
6.460000000000000000e+02
5.710000000000000000e+02
6.100000000000000000e+02
6.520000000000000000e+02
7.180000000000000000e+02
8.470000000000000000e+02
8.240000000000000000e+02
8.790000000000000000e+02
8.060000000000000000e+02
6.590000000000000000e+02
5.080000000000000000e+02
5.230000000000000000e+02
5.250000000000000000e+02
5.010000000000000000e+02
5.830000000000000000e+02
5.460000000000000000e+02
5.400000000000000000e+02
5.690000000000000000e+02
6.260000000000000000e+02
7.440000000000000000e+02
8.430000000000000000e+02
7.650000000000000000e+02
6.510000000000000000e+02
6.070000000000000000e+02
5.900000000000000000e+02
5.690000000000000000e+02
6.310000000000000000e+02
6.350000000000000000e+02
6.900000000000000000e+02
6.850000000000000000e+02
7.060000000000000000e+02
8.060000000000000000e+02
8.460000000000000000e+02
8.950000000000000000e+02
8.120000000000000000e+02
8.650000000000000000e+02
9.150000000000000000e+02
9.980000000000000000e+02
9.350000000000000000e+02
8.780000000000000000e+02
9.470000000000000000e+02
9.860000000000000000e+02
8.890000000000000000e+02
8.880000000000000000e+02
8.850000000000000000e+02
8.720000000000000000e+02
8.440000000000000000e+02
8.590000000000000000e+02
7.700000000000000000e+02
7.790000000000000000e+02
7.890000000000000000e+02
8.050000000000000000e+02
7.960000000000000000e+02
7.560000000000000000e+02
7.370000000000000000e+02
7.240000000000000000e+02
7.360000000000000000e+02
7.330000000000000000e+02
7.970000000000000000e+02
7.390000000000000000e+02
7.110000000000000000e+02
7.240000000000000000e+02
7.080000000000000000e+02
7.110000000000000000e+02
6.860000000000000000e+02
6.260000000000000000e+02
6.010000000000000000e+02
6.120000000000000000e+02
6.600000000000000000e+02
5.830000000000000000e+02
6.220000000000000000e+02
5.680000000000000000e+02
5.850000000000000000e+02
6.250000000000000000e+02
5.610000000000000000e+02
5.440000000000000000e+02
5.580000000000000000e+02
5.800000000000000000e+02
5.660000000000000000e+02
5.810000000000000000e+02
5.680000000000000000e+02
5.850000000000000000e+02
5.870000000000000000e+02
5.750000000000000000e+02
5.750000000000000000e+02
5.220000000000000000e+02
5.140000000000000000e+02
4.850000000000000000e+02
4.730000000000000000e+02
5.200000000000000000e+02
4.990000000000000000e+02
5.390000000000000000e+02
5.570000000000000000e+02
5.750000000000000000e+02
5.660000000000000000e+02
5.450000000000000000e+02
5.960000000000000000e+02
5.720000000000000000e+02
5.640000000000000000e+02
5.530000000000000000e+02
5.650000000000000000e+02
5.610000000000000000e+02
5.880000000000000000e+02
5.590000000000000000e+02
5.070000000000000000e+02
5.240000000000000000e+02
5.600000000000000000e+02
5.810000000000000000e+02
5.250000000000000000e+02
5.590000000000000000e+02
5.420000000000000000e+02
5.970000000000000000e+02
5.930000000000000000e+02
5.970000000000000000e+02
6.070000000000000000e+02
6.260000000000000000e+02
6.490000000000000000e+02
7.050000000000000000e+02
7.450000000000000000e+02
8.160000000000000000e+02
7.940000000000000000e+02
8.030000000000000000e+02
7.860000000000000000e+02
8.620000000000000000e+02
8.650000000000000000e+02
8.210000000000000000e+02
8.520000000000000000e+02
8.550000000000000000e+02
9.500000000000000000e+02
8.740000000000000000e+02
9.290000000000000000e+02
9.030000000000000000e+02
9.320000000000000000e+02
9.360000000000000000e+02
9.260000000000000000e+02
9.170000000000000000e+02
8.560000000000000000e+02
9.190000000000000000e+02
9.060000000000000000e+02
9.780000000000000000e+02
1.040000000000000000e+03
1.093000000000000000e+03
1.058000000000000000e+03
1.042000000000000000e+03
1.253000000000000000e+03
1.324000000000000000e+03
1.553000000000000000e+03
1.695000000000000000e+03
1.816000000000000000e+03
1.884000000000000000e+03
2.033000000000000000e+03
2.142000000000000000e+03
2.181000000000000000e+03
2.042000000000000000e+03
1.972000000000000000e+03
1.863000000000000000e+03
1.915000000000000000e+03
1.929000000000000000e+03
1.920000000000000000e+03
1.940000000000000000e+03
1.870000000000000000e+03
1.834000000000000000e+03
1.595000000000000000e+03
1.600000000000000000e+03
1.587000000000000000e+03
1.566000000000000000e+03
1.533000000000000000e+03
1.482000000000000000e+03
1.352000000000000000e+03
1.289000000000000000e+03
1.281000000000000000e+03
1.268000000000000000e+03
1.141000000000000000e+03
1.189000000000000000e+03
1.172000000000000000e+03
1.046000000000000000e+03
1.141000000000000000e+03
1.123000000000000000e+03
1.069000000000000000e+03
1.053000000000000000e+03
1.085000000000000000e+03
1.068000000000000000e+03
1.104000000000000000e+03
1.042000000000000000e+03
1.101000000000000000e+03
1.183000000000000000e+03
1.261000000000000000e+03
1.146000000000000000e+03
1.187000000000000000e+03
1.243000000000000000e+03
1.247000000000000000e+03
1.225000000000000000e+03
1.224000000000000000e+03
1.302000000000000000e+03
1.209000000000000000e+03
1.403000000000000000e+03
1.649000000000000000e+03
1.904000000000000000e+03
2.330000000000000000e+03
2.195000000000000000e+03
1.729000000000000000e+03
1.397000000000000000e+03
1.167000000000000000e+03
8.600000000000000000e+02
7.330000000000000000e+02
6.210000000000000000e+02
6.350000000000000000e+02
6.060000000000000000e+02
5.440000000000000000e+02
6.140000000000000000e+02
6.440000000000000000e+02
5.580000000000000000e+02
5.920000000000000000e+02
5.420000000000000000e+02
5.040000000000000000e+02
4.890000000000000000e+02
5.580000000000000000e+02
6.040000000000000000e+02
6.420000000000000000e+02
6.630000000000000000e+02
7.340000000000000000e+02
7.640000000000000000e+02
7.920000000000000000e+02
9.000000000000000000e+02
1.022000000000000000e+03
1.042000000000000000e+03
1.029000000000000000e+03
9.600000000000000000e+02
8.770000000000000000e+02
8.410000000000000000e+02
8.030000000000000000e+02
9.390000000000000000e+02
1.008000000000000000e+03
9.910000000000000000e+02
9.390000000000000000e+02
6.270000000000000000e+02
6.160000000000000000e+02
5.260000000000000000e+02
2.810000000000000000e+02
9.300000000000000000e+01
6.600000000000000000e+01
3.200000000000000000e+01
1.700000000000000000e+01
2.759000000000000000e+03
5.113000000000000000e+03
2.459000000000000000e+03
1.605000000000000000e+03
2.057000000000000000e+03
1.074000000000000000e+03
1.081000000000000000e+03
1.020000000000000000e+03
9.980000000000000000e+02
9.710000000000000000e+02
8.660000000000000000e+02
7.550000000000000000e+02
6.900000000000000000e+02
6.510000000000000000e+02
7.050000000000000000e+02
5.740000000000000000e+02
5.530000000000000000e+02
5.000000000000000000e+02
5.470000000000000000e+02
5.070000000000000000e+02
5.070000000000000000e+02
4.910000000000000000e+02
5.680000000000000000e+02
5.570000000000000000e+02
5.960000000000000000e+02
6.150000000000000000e+02
6.880000000000000000e+02
7.170000000000000000e+02
7.040000000000000000e+02
6.140000000000000000e+02
6.220000000000000000e+02
5.850000000000000000e+02
7.060000000000000000e+02
6.580000000000000000e+02
6.400000000000000000e+02
5.900000000000000000e+02
6.800000000000000000e+02
8.010000000000000000e+02
7.950000000000000000e+02
7.520000000000000000e+02
6.350000000000000000e+02
6.760000000000000000e+02
7.120000000000000000e+02
8.120000000000000000e+02
9.080000000000000000e+02
9.940000000000000000e+02
1.123000000000000000e+03
1.021000000000000000e+03
1.006000000000000000e+03
9.520000000000000000e+02
1.008000000000000000e+03
9.660000000000000000e+02
9.110000000000000000e+02
9.150000000000000000e+02
9.850000000000000000e+02
9.180000000000000000e+02
9.410000000000000000e+02
9.330000000000000000e+02
9.370000000000000000e+02
9.200000000000000000e+02
8.930000000000000000e+02
9.180000000000000000e+02
8.370000000000000000e+02
8.350000000000000000e+02
8.570000000000000000e+02
8.320000000000000000e+02
7.810000000000000000e+02
8.130000000000000000e+02
7.300000000000000000e+02
7.620000000000000000e+02
7.550000000000000000e+02
7.600000000000000000e+02
6.890000000000000000e+02
7.200000000000000000e+02
6.870000000000000000e+02
6.980000000000000000e+02
6.760000000000000000e+02
6.630000000000000000e+02
6.410000000000000000e+02
6.260000000000000000e+02
6.500000000000000000e+02
6.640000000000000000e+02
6.620000000000000000e+02
5.940000000000000000e+02
6.320000000000000000e+02
6.350000000000000000e+02
6.240000000000000000e+02
6.090000000000000000e+02
6.370000000000000000e+02
5.960000000000000000e+02
5.970000000000000000e+02
5.880000000000000000e+02
6.070000000000000000e+02
5.890000000000000000e+02
5.210000000000000000e+02
5.610000000000000000e+02
5.020000000000000000e+02
4.970000000000000000e+02
4.970000000000000000e+02
4.860000000000000000e+02
4.570000000000000000e+02
4.510000000000000000e+02
4.420000000000000000e+02
4.430000000000000000e+02
4.770000000000000000e+02
4.560000000000000000e+02
4.640000000000000000e+02
5.110000000000000000e+02
5.250000000000000000e+02
5.020000000000000000e+02
5.510000000000000000e+02
6.090000000000000000e+02
5.520000000000000000e+02
5.540000000000000000e+02
5.610000000000000000e+02
5.620000000000000000e+02
5.180000000000000000e+02
4.840000000000000000e+02
6.020000000000000000e+02
5.100000000000000000e+02
5.030000000000000000e+02
5.340000000000000000e+02
5.120000000000000000e+02
5.250000000000000000e+02
5.710000000000000000e+02
5.400000000000000000e+02
5.650000000000000000e+02
5.460000000000000000e+02
5.740000000000000000e+02
6.180000000000000000e+02
6.470000000000000000e+02
6.670000000000000000e+02
6.250000000000000000e+02
6.480000000000000000e+02
6.870000000000000000e+02
7.140000000000000000e+02
7.620000000000000000e+02
7.630000000000000000e+02
7.740000000000000000e+02
7.790000000000000000e+02
8.230000000000000000e+02
8.130000000000000000e+02
8.520000000000000000e+02
9.090000000000000000e+02
9.590000000000000000e+02
9.800000000000000000e+02
1.029000000000000000e+03
1.051000000000000000e+03
1.165000000000000000e+03
1.270000000000000000e+03
1.216000000000000000e+03
1.271000000000000000e+03
1.412000000000000000e+03
1.563000000000000000e+03
1.586000000000000000e+03
1.764000000000000000e+03
1.930000000000000000e+03
1.977000000000000000e+03
2.074000000000000000e+03
2.118000000000000000e+03
2.149000000000000000e+03
2.146000000000000000e+03
2.123000000000000000e+03
2.123000000000000000e+03
2.064000000000000000e+03
2.082000000000000000e+03
2.075000000000000000e+03
1.975000000000000000e+03
1.939000000000000000e+03
1.943000000000000000e+03
1.740000000000000000e+03
1.616000000000000000e+03
1.605000000000000000e+03
1.371000000000000000e+03
1.406000000000000000e+03
1.345000000000000000e+03
1.223000000000000000e+03
1.135000000000000000e+03
1.109000000000000000e+03
1.169000000000000000e+03
1.084000000000000000e+03
1.039000000000000000e+03
1.048000000000000000e+03
9.960000000000000000e+02
1.042000000000000000e+03
1.053000000000000000e+03
9.920000000000000000e+02
9.230000000000000000e+02
9.660000000000000000e+02
1.018000000000000000e+03
1.000000000000000000e+03
1.005000000000000000e+03
1.149000000000000000e+03
1.115000000000000000e+03
1.054000000000000000e+03
1.222000000000000000e+03
1.222000000000000000e+03
1.172000000000000000e+03
1.238000000000000000e+03
1.281000000000000000e+03
1.265000000000000000e+03
1.216000000000000000e+03
1.155000000000000000e+03
1.367000000000000000e+03
1.599000000000000000e+03
1.897000000000000000e+03
2.219000000000000000e+03
2.017000000000000000e+03
1.611000000000000000e+03
1.394000000000000000e+03
1.164000000000000000e+03
8.290000000000000000e+02
6.860000000000000000e+02
5.700000000000000000e+02
5.470000000000000000e+02
4.910000000000000000e+02
5.410000000000000000e+02
6.260000000000000000e+02
6.500000000000000000e+02
5.830000000000000000e+02
6.350000000000000000e+02
7.040000000000000000e+02
6.820000000000000000e+02
7.500000000000000000e+02
8.050000000000000000e+02
7.750000000000000000e+02
7.380000000000000000e+02
7.600000000000000000e+02
7.730000000000000000e+02
8.210000000000000000e+02
7.180000000000000000e+02
6.770000000000000000e+02
6.560000000000000000e+02
5.810000000000000000e+02
5.930000000000000000e+02
6.520000000000000000e+02
6.860000000000000000e+02
7.830000000000000000e+02
8.160000000000000000e+02
8.160000000000000000e+02
8.470000000000000000e+02
9.000000000000000000e+02
1.055000000000000000e+03
1.272000000000000000e+03
1.379000000000000000e+03
1.409000000000000000e+03
1.386000000000000000e+03
1.430000000000000000e+03
1.359000000000000000e+03
1.232000000000000000e+03
8.460000000000000000e+02
4.880000000000000000e+02
2.110000000000000000e+02
1.100000000000000000e+02
5.600000000000000000e+01
1.030000000000000000e+02
1.932900000000000000e+04
0.000000000000000000e+00
3.000000000000000000e+00
1.600000000000000000e+01
0.000000000000000000e+00
2.600000000000000000e+01
2.370000000000000000e+02
0.000000000000000000e+00
6.100000000000000000e+01
0.000000000000000000e+00
3.000000000000000000e+00
8.500000000000000000e+01
0.000000000000000000e+00
6.310000000000000000e+02
5.400000000000000000e+01
1.110000000000000000e+02
4.790000000000000000e+02
7.900000000000000000e+01
2.780000000000000000e+02
1.790000000000000000e+03
1.171000000000000000e+03
8.990000000000000000e+02
2.940000000000000000e+02
2.250000000000000000e+02
2.850000000000000000e+03
2.394500000000000000e+04
1.192000000000000000e+03
6.440000000000000000e+02
7.470000000000000000e+02
1.388000000000000000e+03
5.317000000000000000e+03
8.960000000000000000e+02
1.055000000000000000e+03
1.025000000000000000e+03
1.225000000000000000e+03
1.263600000000000000e+04
8.626000000000000000e+03
4.420000000000000000e+02
2.870000000000000000e+02
4.210000000000000000e+02
6.110000000000000000e+02
3.380000000000000000e+02
7.460000000000000000e+02
7.940000000000000000e+02
2.860000000000000000e+02
4.410000000000000000e+02
4.880000000000000000e+02
1.520000000000000000e+02
4.090000000000000000e+02
1.060000000000000000e+02
9.710000000000000000e+02
2.920000000000000000e+02
1.640000000000000000e+02
1.510000000000000000e+02
1.920000000000000000e+02
3.490000000000000000e+02
2.520000000000000000e+02
1.480000000000000000e+02
1.510000000000000000e+02
1.500000000000000000e+01
4.060000000000000000e+02
6.000000000000000000e+00
1.570000000000000000e+02
1.460000000000000000e+02
1.000000000000000000e+00
1.080000000000000000e+02
4.810000000000000000e+02
1.050000000000000000e+02
1.090000000000000000e+02
1.470000000000000000e+02
2.060000000000000000e+02
6.400000000000000000e+01
4.600000000000000000e+01
1.500000000000000000e+02
2.320000000000000000e+02
3.044000000000000000e+03
1.100000000000000000e+02
3.200000000000000000e+01
0.000000000000000000e+00
1.690000000000000000e+02
8.130000000000000000e+02
2.400000000000000000e+01
1.300000000000000000e+01
8.410000000000000000e+02
1.540000000000000000e+02
1.500000000000000000e+02
3.700000000000000000e+01
7.500000000000000000e+02
9.900000000000000000e+01
5.000000000000000000e+01
1.365000000000000000e+03
1.710000000000000000e+02
2.570000000000000000e+02
5.820000000000000000e+02
3.670000000000000000e+02
2.431000000000000000e+03
4.432000000000000000e+03
6.790000000000000000e+02
5.612000000000000000e+03
3.698000000000000000e+03
4.196000000000000000e+03
1.287000000000000000e+04
9.066000000000000000e+03
2.474600000000000000e+04
9.263000000000000000e+03
9.865000000000000000e+03
8.713000000000000000e+03
2.848000000000000000e+03
1.217000000000000000e+03
6.539000000000000000e+03
5.580000000000000000e+03
3.379000000000000000e+03
5.470000000000000000e+02
4.480000000000000000e+02
3.482000000000000000e+03
1.590000000000000000e+03
1.030000000000000000e+02
2.000000000000000000e+00
0.000000000000000000e+00
0.000000000000000000e+00
6.755000000000000000e+03
0.000000000000000000e+00
1.000000000000000000e+00
0.000000000000000000e+00
6.500000000000000000e+01
4.540000000000000000e+02
1.213000000000000000e+03
0.000000000000000000e+00
8.000000000000000000e+00
1.000000000000000000e+00
4.000000000000000000e+00
0.000000000000000000e+00
2.090000000000000000e+02
5.800000000000000000e+01
0.000000000000000000e+00
1.200000000000000000e+01
0.000000000000000000e+00
0.000000000000000000e+00
1.000000000000000000e+00
0.000000000000000000e+00
7.360000000000000000e+02
0.000000000000000000e+00
0.000000000000000000e+00
0.000000000000000000e+00
4.000000000000000000e+00
2.000000000000000000e+01
0.000000000000000000e+00
0.000000000000000000e+00
0.000000000000000000e+00
0.000000000000000000e+00
2.000000000000000000e+00
0.000000000000000000e+00
0.000000000000000000e+00
0.000000000000000000e+00
0.000000000000000000e+00
0.000000000000000000e+00
7.300000000000000000e+01
0.000000000000000000e+00
1.000000000000000000e+00
0.000000000000000000e+00
1.100000000000000000e+01
0.000000000000000000e+00
1.000000000000000000e+00
3.000000000000000000e+00
1.000000000000000000e+00
1.633000000000000000e+03
0.000000000000000000e+00
0.000000000000000000e+00
0.000000000000000000e+00
3.500000000000000000e+01
1.900000000000000000e+02
5.400000000000000000e+01
3.400000000000000000e+01
1.300000000000000000e+02
1.600000000000000000e+01
1.000000000000000000e+01
5.000000000000000000e+00
3.800000000000000000e+01
1.000000000000000000e+00
0.000000000000000000e+00
1.915800000000000000e+04
0.000000000000000000e+00
1.897000000000000000e+03
2.333000000000000000e+03
1.419000000000000000e+03
3.377000000000000000e+03
1.010700000000000000e+04
9.208000000000000000e+03
1.687300000000000000e+04
2.070800000000000000e+04
6.976000000000000000e+03
4.071000000000000000e+03
5.311000000000000000e+03
2.188000000000000000e+03
3.112000000000000000e+03
2.730000000000000000e+03
2.190000000000000000e+03
2.640000000000000000e+03
1.952000000000000000e+03
1.612000000000000000e+03
1.909000000000000000e+03
1.607000000000000000e+03
1.588000000000000000e+03
1.481000000000000000e+03
1.523000000000000000e+03
1.495000000000000000e+03
1.567000000000000000e+03
1.435000000000000000e+03
1.381000000000000000e+03
1.331000000000000000e+03
1.433000000000000000e+03
1.341000000000000000e+03
1.373000000000000000e+03
1.356000000000000000e+03
1.526000000000000000e+03
1.572000000000000000e+03
1.858000000000000000e+03
1.494000000000000000e+03
1.863000000000000000e+03
1.758000000000000000e+03
1.724000000000000000e+03
1.800000000000000000e+03
1.744000000000000000e+03
1.509000000000000000e+03
1.520000000000000000e+03
1.413000000000000000e+03
1.399000000000000000e+03
1.408000000000000000e+03
1.410000000000000000e+03
1.383000000000000000e+03
1.333000000000000000e+03
1.308000000000000000e+03
1.130000000000000000e+03
1.069000000000000000e+03
1.185000000000000000e+03
1.199000000000000000e+03
9.120000000000000000e+02
1.046000000000000000e+03
9.220000000000000000e+02
8.410000000000000000e+02
7.830000000000000000e+02
7.310000000000000000e+02
7.750000000000000000e+02
6.560000000000000000e+02
9.210000000000000000e+02
7.410000000000000000e+02
7.210000000000000000e+02
7.420000000000000000e+02
7.530000000000000000e+02
6.180000000000000000e+02
7.700000000000000000e+02
6.950000000000000000e+02
7.240000000000000000e+02
8.300000000000000000e+02
7.230000000000000000e+02
6.720000000000000000e+02
6.450000000000000000e+02
7.320000000000000000e+02
7.600000000000000000e+02
6.090000000000000000e+02
6.500000000000000000e+02
6.840000000000000000e+02
5.830000000000000000e+02
7.290000000000000000e+02
5.520000000000000000e+02
1.015000000000000000e+03
5.900000000000000000e+02
6.610000000000000000e+02
6.320000000000000000e+02
6.680000000000000000e+02
6.900000000000000000e+02
7.010000000000000000e+02
6.590000000000000000e+02
6.430000000000000000e+02
5.930000000000000000e+02
5.470000000000000000e+02
7.360000000000000000e+02
4.990000000000000000e+02
6.320000000000000000e+02
4.720000000000000000e+02
5.630000000000000000e+02
4.930000000000000000e+02
8.900000000000000000e+02
4.490000000000000000e+02
4.810000000000000000e+02
4.150000000000000000e+02
5.570000000000000000e+02
4.380000000000000000e+02
4.250000000000000000e+02
5.360000000000000000e+02
3.720000000000000000e+02
3.970000000000000000e+02
4.340000000000000000e+02
3.870000000000000000e+02
2.980000000000000000e+02
3.380000000000000000e+02
3.770000000000000000e+02
3.490000000000000000e+02
3.050000000000000000e+02
3.500000000000000000e+02
3.400000000000000000e+02
2.520000000000000000e+02
2.930000000000000000e+02
2.500000000000000000e+02
2.280000000000000000e+02
2.600000000000000000e+02
1.790000000000000000e+02
2.420000000000000000e+02
1.940000000000000000e+03
1.380000000000000000e+02
2.770000000000000000e+02
1.730000000000000000e+02
2.460000000000000000e+02
1.950000000000000000e+02
1.970000000000000000e+02
2.040000000000000000e+02
2.360000000000000000e+02
2.720000000000000000e+02
1.830000000000000000e+02
1.870000000000000000e+02
2.030000000000000000e+02
1.390000000000000000e+02
3.360000000000000000e+02
2.150000000000000000e+02
1.290000000000000000e+02
1.490000000000000000e+02
2.270000000000000000e+02
1.360000000000000000e+02
1.660000000000000000e+02
1.930000000000000000e+02
1.350000000000000000e+02
1.370000000000000000e+02
1.280000000000000000e+02
5.580000000000000000e+02
1.100000000000000000e+02
1.570000000000000000e+02
2.270000000000000000e+02
1.820000000000000000e+02
1.560000000000000000e+02
5.540000000000000000e+02
1.010000000000000000e+02
1.510000000000000000e+02
2.610000000000000000e+02
1.440000000000000000e+02
1.550000000000000000e+02
1.910000000000000000e+02
1.430000000000000000e+02
1.620000000000000000e+02
1.680000000000000000e+02
2.600000000000000000e+01
1.395000000000000000e+03
3.400000000000000000e+01
1.350000000000000000e+02
1.640000000000000000e+02
1.420000000000000000e+02
1.300000000000000000e+02
8.500000000000000000e+01
1.870000000000000000e+02
4.400000000000000000e+01
3.010000000000000000e+02
8.200000000000000000e+01
1.380000000000000000e+02
5.960000000000000000e+02
6.300000000000000000e+01
9.200000000000000000e+01
2.820000000000000000e+02
1.330000000000000000e+02
1.730000000000000000e+02
1.990000000000000000e+02
9.000000000000000000e+01
4.200000000000000000e+01
8.600000000000000000e+02
1.700000000000000000e+01
2.280000000000000000e+02
1.860000000000000000e+02
1.130000000000000000e+02
1.820000000000000000e+02
2.010000000000000000e+02
2.810000000000000000e+02
1.200000000000000000e+02
3.750000000000000000e+02
7.600000000000000000e+01
1.950000000000000000e+02
7.600000000000000000e+01
4.320000000000000000e+02
6.400000000000000000e+01
2.740000000000000000e+02
8.300000000000000000e+01
1.970000000000000000e+02
3.050000000000000000e+02
6.100000000000000000e+01
1.580000000000000000e+02
2.900000000000000000e+01
6.350000000000000000e+02
1.250000000000000000e+02
1.540000000000000000e+02
2.280000000000000000e+02
1.690000000000000000e+02
3.000000000000000000e+01
1.100000000000000000e+02
1.490000000000000000e+02
6.000000000000000000e+01
6.900000000000000000e+01
2.900000000000000000e+02
1.070000000000000000e+02
5.100000000000000000e+01
4.500000000000000000e+01
2.370000000000000000e+02
1.020000000000000000e+02
2.000000000000000000e+00
1.630000000000000000e+02
5.900000000000000000e+01
6.500000000000000000e+01
6.200000000000000000e+01
1.330000000000000000e+02
3.300000000000000000e+01
1.300000000000000000e+01
1.170000000000000000e+02
5.300000000000000000e+01
4.100000000000000000e+01
3.000000000000000000e+01
3.900000000000000000e+01
3.700000000000000000e+01
3.900000000000000000e+01
2.800000000000000000e+01
1.300000000000000000e+01
4.000000000000000000e+00
6.000000000000000000e+00
3.000000000000000000e+00
0.000000000000000000e+00
0.000000000000000000e+00
0.000000000000000000e+00
0.000000000000000000e+00
0.000000000000000000e+00
0.000000000000000000e+00
4.049000000000000000e+03
2.026000000000000000e+03
5.037000000000000000e+03
2.598000000000000000e+03
1.842000000000000000e+03
2.097000000000000000e+03
1.182000000000000000e+03
1.112000000000000000e+03
1.064000000000000000e+03
9.980000000000000000e+02
9.610000000000000000e+02
8.760000000000000000e+02
7.450000000000000000e+02
6.810000000000000000e+02
6.240000000000000000e+02
7.000000000000000000e+02
5.540000000000000000e+02
5.350000000000000000e+02
4.720000000000000000e+02
5.260000000000000000e+02
4.810000000000000000e+02
4.710000000000000000e+02
4.630000000000000000e+02
5.240000000000000000e+02
5.230000000000000000e+02
5.620000000000000000e+02
5.930000000000000000e+02
6.460000000000000000e+02
6.890000000000000000e+02
6.610000000000000000e+02
5.620000000000000000e+02
5.690000000000000000e+02
5.510000000000000000e+02
6.670000000000000000e+02
6.190000000000000000e+02
5.900000000000000000e+02
5.540000000000000000e+02
6.260000000000000000e+02
7.460000000000000000e+02
7.540000000000000000e+02
6.770000000000000000e+02
5.640000000000000000e+02
6.140000000000000000e+02
6.000000000000000000e+02
6.870000000000000000e+02
7.610000000000000000e+02
8.790000000000000000e+02
1.006000000000000000e+03
9.350000000000000000e+02
9.830000000000000000e+02
9.190000000000000000e+02
1.007000000000000000e+03
9.810000000000000000e+02
9.050000000000000000e+02
8.800000000000000000e+02
9.060000000000000000e+02
9.010000000000000000e+02
9.030000000000000000e+02
9.110000000000000000e+02
8.880000000000000000e+02
8.800000000000000000e+02
8.430000000000000000e+02
8.580000000000000000e+02
7.840000000000000000e+02
7.870000000000000000e+02
7.910000000000000000e+02
7.600000000000000000e+02
7.460000000000000000e+02
7.390000000000000000e+02
6.490000000000000000e+02
7.150000000000000000e+02
7.220000000000000000e+02
6.590000000000000000e+02
6.630000000000000000e+02
6.690000000000000000e+02
6.740000000000000000e+02
6.710000000000000000e+02
6.330000000000000000e+02
6.240000000000000000e+02
6.140000000000000000e+02
5.700000000000000000e+02
6.000000000000000000e+02
6.180000000000000000e+02
6.170000000000000000e+02
5.870000000000000000e+02
5.900000000000000000e+02
5.780000000000000000e+02
5.880000000000000000e+02
5.990000000000000000e+02
6.070000000000000000e+02
5.710000000000000000e+02
5.670000000000000000e+02
5.580000000000000000e+02
5.640000000000000000e+02
5.700000000000000000e+02
5.100000000000000000e+02
5.460000000000000000e+02
4.870000000000000000e+02
4.700000000000000000e+02
5.140000000000000000e+02
4.720000000000000000e+02
4.560000000000000000e+02
4.460000000000000000e+02
4.470000000000000000e+02
4.530000000000000000e+02
4.540000000000000000e+02
4.910000000000000000e+02
4.890000000000000000e+02
4.940000000000000000e+02
5.220000000000000000e+02
5.240000000000000000e+02
5.700000000000000000e+02
5.970000000000000000e+02
5.640000000000000000e+02
5.870000000000000000e+02
5.280000000000000000e+02
6.260000000000000000e+02
5.300000000000000000e+02
4.890000000000000000e+02
5.890000000000000000e+02
5.370000000000000000e+02
5.260000000000000000e+02
5.310000000000000000e+02
4.910000000000000000e+02
5.010000000000000000e+02
5.460000000000000000e+02
5.540000000000000000e+02
5.460000000000000000e+02
5.310000000000000000e+02
5.470000000000000000e+02
5.620000000000000000e+02
5.840000000000000000e+02
6.100000000000000000e+02
5.720000000000000000e+02
5.920000000000000000e+02
6.000000000000000000e+02
6.360000000000000000e+02
6.930000000000000000e+02
6.570000000000000000e+02
6.770000000000000000e+02
6.820000000000000000e+02
6.880000000000000000e+02
7.770000000000000000e+02
7.600000000000000000e+02
8.240000000000000000e+02
8.460000000000000000e+02
8.630000000000000000e+02
8.660000000000000000e+02
8.270000000000000000e+02
9.010000000000000000e+02
9.110000000000000000e+02
9.550000000000000000e+02
9.730000000000000000e+02
1.014000000000000000e+03
1.105000000000000000e+03
1.169000000000000000e+03
1.194000000000000000e+03
1.246000000000000000e+03
1.318000000000000000e+03
1.396000000000000000e+03
1.539000000000000000e+03
1.609000000000000000e+03
1.804000000000000000e+03
1.851000000000000000e+03
1.969000000000000000e+03
2.058000000000000000e+03
2.141000000000000000e+03
2.182000000000000000e+03
2.130000000000000000e+03
2.079000000000000000e+03
2.109000000000000000e+03
2.176000000000000000e+03
2.071000000000000000e+03
2.082000000000000000e+03
1.910000000000000000e+03
1.897000000000000000e+03
1.870000000000000000e+03
1.688000000000000000e+03
1.699000000000000000e+03
1.658000000000000000e+03
1.522000000000000000e+03
1.451000000000000000e+03
1.411000000000000000e+03
1.350000000000000000e+03
1.284000000000000000e+03
1.240000000000000000e+03
1.221000000000000000e+03
1.158000000000000000e+03
1.117000000000000000e+03
1.037000000000000000e+03
1.019000000000000000e+03
1.056000000000000000e+03
1.030000000000000000e+03
1.049000000000000000e+03
1.052000000000000000e+03
1.106000000000000000e+03
1.123000000000000000e+03
1.109000000000000000e+03
1.114000000000000000e+03
1.192000000000000000e+03
1.205000000000000000e+03
1.137000000000000000e+03
1.174000000000000000e+03
1.218000000000000000e+03
1.209000000000000000e+03
1.223000000000000000e+03
1.220000000000000000e+03
1.335000000000000000e+03
1.347000000000000000e+03
1.421000000000000000e+03
1.583000000000000000e+03
1.801000000000000000e+03
2.224000000000000000e+03
2.203000000000000000e+03
1.838000000000000000e+03
1.520000000000000000e+03
1.277000000000000000e+03
1.037000000000000000e+03
9.760000000000000000e+02
8.320000000000000000e+02
6.740000000000000000e+02
6.830000000000000000e+02
7.630000000000000000e+02
7.400000000000000000e+02
7.940000000000000000e+02
8.120000000000000000e+02
7.930000000000000000e+02
8.090000000000000000e+02
8.130000000000000000e+02
8.010000000000000000e+02
8.320000000000000000e+02
7.100000000000000000e+02
6.550000000000000000e+02
6.310000000000000000e+02
5.370000000000000000e+02
5.450000000000000000e+02
6.420000000000000000e+02
7.140000000000000000e+02
8.420000000000000000e+02
8.660000000000000000e+02
8.610000000000000000e+02
8.810000000000000000e+02
9.200000000000000000e+02
1.059000000000000000e+03
1.255000000000000000e+03
1.349000000000000000e+03
1.378000000000000000e+03
1.317000000000000000e+03
1.396000000000000000e+03
1.340000000000000000e+03
1.281000000000000000e+03
8.940000000000000000e+02
5.480000000000000000e+02
2.590000000000000000e+02
1.540000000000000000e+02
7.300000000000000000e+01
1.200000000000000000e+02
