3.200000000000000000e+01
7.500000000000000000e+01
1.330000000000000000e+02
2.110000000000000000e+02
2.920000000000000000e+02
3.580000000000000000e+02
3.350000000000000000e+02
3.320000000000000000e+02
3.700000000000000000e+02
3.680000000000000000e+02
4.440000000000000000e+02
4.210000000000000000e+02
5.180000000000000000e+02
5.060000000000000000e+02
5.460000000000000000e+02
6.050000000000000000e+02
6.150000000000000000e+02
6.410000000000000000e+02
7.290000000000000000e+02
7.270000000000000000e+02
6.690000000000000000e+02
6.750000000000000000e+02
6.460000000000000000e+02
6.840000000000000000e+02
7.810000000000000000e+02
8.300000000000000000e+02
7.700000000000000000e+02
7.790000000000000000e+02
7.630000000000000000e+02
6.340000000000000000e+02
6.450000000000000000e+02
5.750000000000000000e+02
6.100000000000000000e+02
6.290000000000000000e+02
5.830000000000000000e+02
6.350000000000000000e+02
7.100000000000000000e+02
7.460000000000000000e+02
7.380000000000000000e+02
8.680000000000000000e+02
9.570000000000000000e+02
1.009000000000000000e+03
9.240000000000000000e+02
1.115000000000000000e+03
1.131000000000000000e+03
1.173000000000000000e+03
1.152000000000000000e+03
1.216000000000000000e+03
1.207000000000000000e+03
1.241000000000000000e+03
1.309000000000000000e+03
1.147000000000000000e+03
1.260000000000000000e+03
1.308000000000000000e+03
1.266000000000000000e+03
1.370000000000000000e+03
1.288000000000000000e+03
1.202000000000000000e+03
1.136000000000000000e+03
1.062000000000000000e+03
9.680000000000000000e+02
9.650000000000000000e+02
8.580000000000000000e+02
8.390000000000000000e+02
8.590000000000000000e+02
8.010000000000000000e+02
7.770000000000000000e+02
7.230000000000000000e+02
7.330000000000000000e+02
7.520000000000000000e+02
7.690000000000000000e+02
7.860000000000000000e+02
8.010000000000000000e+02
8.200000000000000000e+02
8.090000000000000000e+02
7.490000000000000000e+02
8.160000000000000000e+02
7.630000000000000000e+02
7.760000000000000000e+02
7.620000000000000000e+02
7.970000000000000000e+02
9.360000000000000000e+02
1.062000000000000000e+03
1.133000000000000000e+03
1.220000000000000000e+03
1.212000000000000000e+03
1.134000000000000000e+03
1.053000000000000000e+03
9.640000000000000000e+02
8.750000000000000000e+02
8.220000000000000000e+02
7.660000000000000000e+02
6.660000000000000000e+02
5.470000000000000000e+02
6.100000000000000000e+02
5.160000000000000000e+02
5.030000000000000000e+02
5.050000000000000000e+02
4.990000000000000000e+02
4.750000000000000000e+02
4.600000000000000000e+02
4.800000000000000000e+02
4.640000000000000000e+02
4.150000000000000000e+02
4.550000000000000000e+02
4.780000000000000000e+02
4.880000000000000000e+02
4.580000000000000000e+02
4.890000000000000000e+02
4.630000000000000000e+02
4.290000000000000000e+02
4.730000000000000000e+02
4.820000000000000000e+02
5.090000000000000000e+02
5.150000000000000000e+02
5.320000000000000000e+02
5.320000000000000000e+02
5.520000000000000000e+02
5.910000000000000000e+02
6.360000000000000000e+02
6.000000000000000000e+02
6.360000000000000000e+02
6.710000000000000000e+02
6.570000000000000000e+02
7.140000000000000000e+02
7.010000000000000000e+02
7.310000000000000000e+02
7.480000000000000000e+02
7.240000000000000000e+02
7.390000000000000000e+02
7.840000000000000000e+02
8.360000000000000000e+02
8.810000000000000000e+02
9.130000000000000000e+02
9.420000000000000000e+02
9.570000000000000000e+02
1.018000000000000000e+03
9.900000000000000000e+02
1.096000000000000000e+03
1.073000000000000000e+03
1.128000000000000000e+03
1.170000000000000000e+03
1.146000000000000000e+03
1.215000000000000000e+03
1.193000000000000000e+03
1.316000000000000000e+03
1.436000000000000000e+03
1.477000000000000000e+03
1.552000000000000000e+03
1.597000000000000000e+03
1.674000000000000000e+03
1.695000000000000000e+03
1.654000000000000000e+03
1.633000000000000000e+03
1.748000000000000000e+03
1.787000000000000000e+03
1.840000000000000000e+03
1.797000000000000000e+03
1.761000000000000000e+03
1.608000000000000000e+03
1.625000000000000000e+03
1.585000000000000000e+03
1.502000000000000000e+03
1.534000000000000000e+03
1.362000000000000000e+03
1.281000000000000000e+03
1.210000000000000000e+03
1.117000000000000000e+03
9.230000000000000000e+02
9.670000000000000000e+02
8.450000000000000000e+02
7.230000000000000000e+02
6.590000000000000000e+02
5.760000000000000000e+02
5.570000000000000000e+02
4.760000000000000000e+02
4.490000000000000000e+02
4.050000000000000000e+02
3.990000000000000000e+02
4.020000000000000000e+02
3.670000000000000000e+02
3.400000000000000000e+02
3.830000000000000000e+02
3.050000000000000000e+02
2.610000000000000000e+02
2.410000000000000000e+02
1.760000000000000000e+02
1.500000000000000000e+02
1.430000000000000000e+02
1.580000000000000000e+02
2.070000000000000000e+02
1.450000000000000000e+02
1.870000000000000000e+02
1.670000000000000000e+02
1.670000000000000000e+02
1.820000000000000000e+02
1.810000000000000000e+02
1.760000000000000000e+02
1.920000000000000000e+02
1.800000000000000000e+02
1.390000000000000000e+02
1.130000000000000000e+02
9.600000000000000000e+01
9.900000000000000000e+01
1.090000000000000000e+02
8.700000000000000000e+01
8.900000000000000000e+01
1.050000000000000000e+02
1.060000000000000000e+02
8.900000000000000000e+01
1.520000000000000000e+02
1.260000000000000000e+02
1.570000000000000000e+02
2.150000000000000000e+02
2.620000000000000000e+02
3.850000000000000000e+02
5.680000000000000000e+02
5.670000000000000000e+02
7.030000000000000000e+02
9.860000000000000000e+02
6.740000000000000000e+02
9.190000000000000000e+02
1.295000000000000000e+03
1.430000000000000000e+03
1.380000000000000000e+03
1.191000000000000000e+03
1.816000000000000000e+03
1.977000000000000000e+03
2.198000000000000000e+03
2.303000000000000000e+03
3.853000000000000000e+03
6.471000000000000000e+03
1.017700000000000000e+04
1.184800000000000000e+04
1.075300000000000000e+04
6.776000000000000000e+03
1.006300000000000000e+04
1.339000000000000000e+03
2.080000000000000000e+02
5.200000000000000000e+01
6.700000000000000000e+01
4.500000000000000000e+01
4.900000000000000000e+01
2.400000000000000000e+01
3.400000000000000000e+01
2.400000000000000000e+01
2.300000000000000000e+01
2.200000000000000000e+01
2.900000000000000000e+01
1.500000000000000000e+01
1.300000000000000000e+01
1.000000000000000000e+01
2.000000000000000000e+00
1.000000000000000000e+00
0.000000000000000000e+00
0.000000000000000000e+00
1.000000000000000000e+00
8.000000000000000000e+00
4.700000000000000000e+01
7.600000000000000000e+01
1.510000000000000000e+02
2.230000000000000000e+02
2.620000000000000000e+02
2.640000000000000000e+02
2.960000000000000000e+02
2.880000000000000000e+02
2.620000000000000000e+02
2.960000000000000000e+02
3.300000000000000000e+02
4.180000000000000000e+02
4.290000000000000000e+02
4.380000000000000000e+02
4.720000000000000000e+02
5.390000000000000000e+02
5.800000000000000000e+02
6.170000000000000000e+02
6.550000000000000000e+02
7.160000000000000000e+02
7.030000000000000000e+02
6.930000000000000000e+02
6.770000000000000000e+02
7.000000000000000000e+02
6.020000000000000000e+02
6.930000000000000000e+02
6.880000000000000000e+02
7.660000000000000000e+02
7.800000000000000000e+02
6.920000000000000000e+02
7.190000000000000000e+02
5.980000000000000000e+02
6.020000000000000000e+02
5.950000000000000000e+02
6.040000000000000000e+02
6.010000000000000000e+02
5.620000000000000000e+02
5.650000000000000000e+02
6.140000000000000000e+02
6.380000000000000000e+02
7.570000000000000000e+02
7.890000000000000000e+02
9.670000000000000000e+02
9.860000000000000000e+02
1.040000000000000000e+03
9.730000000000000000e+02
9.940000000000000000e+02
1.052000000000000000e+03
1.113000000000000000e+03
1.135000000000000000e+03
1.051000000000000000e+03
1.080000000000000000e+03
1.084000000000000000e+03
1.058000000000000000e+03
1.130000000000000000e+03
1.207000000000000000e+03
1.214000000000000000e+03
1.357000000000000000e+03
1.229000000000000000e+03
1.081000000000000000e+03
1.113000000000000000e+03
1.000000000000000000e+03
1.009000000000000000e+03
9.330000000000000000e+02
8.270000000000000000e+02
8.170000000000000000e+02
8.790000000000000000e+02
7.250000000000000000e+02
7.250000000000000000e+02
7.050000000000000000e+02
6.710000000000000000e+02
6.470000000000000000e+02
6.910000000000000000e+02
6.980000000000000000e+02
6.880000000000000000e+02
7.210000000000000000e+02
7.400000000000000000e+02
7.750000000000000000e+02
7.630000000000000000e+02
7.510000000000000000e+02
7.670000000000000000e+02
7.460000000000000000e+02
7.670000000000000000e+02
7.200000000000000000e+02
7.340000000000000000e+02
8.590000000000000000e+02
9.150000000000000000e+02
1.067000000000000000e+03
1.145000000000000000e+03
1.124000000000000000e+03
1.142000000000000000e+03
1.012000000000000000e+03
9.930000000000000000e+02
9.480000000000000000e+02
8.900000000000000000e+02
9.460000000000000000e+02
7.650000000000000000e+02
7.760000000000000000e+02
6.810000000000000000e+02
6.860000000000000000e+02
6.170000000000000000e+02
5.440000000000000000e+02
5.000000000000000000e+02
4.780000000000000000e+02
4.740000000000000000e+02
5.010000000000000000e+02
4.680000000000000000e+02
4.670000000000000000e+02
4.550000000000000000e+02
4.050000000000000000e+02
4.540000000000000000e+02
4.290000000000000000e+02
4.050000000000000000e+02
4.200000000000000000e+02
4.350000000000000000e+02
4.280000000000000000e+02
4.770000000000000000e+02
4.730000000000000000e+02
4.760000000000000000e+02
4.800000000000000000e+02
5.000000000000000000e+02
5.080000000000000000e+02
5.620000000000000000e+02
5.660000000000000000e+02
6.360000000000000000e+02
6.540000000000000000e+02
6.260000000000000000e+02
6.990000000000000000e+02
6.950000000000000000e+02
7.090000000000000000e+02
6.950000000000000000e+02
6.730000000000000000e+02
7.800000000000000000e+02
7.950000000000000000e+02
8.030000000000000000e+02
9.220000000000000000e+02
8.620000000000000000e+02
9.190000000000000000e+02
1.032000000000000000e+03
1.007000000000000000e+03
1.053000000000000000e+03
1.155000000000000000e+03
1.169000000000000000e+03
1.235000000000000000e+03
1.258000000000000000e+03
1.310000000000000000e+03
1.275000000000000000e+03
1.369000000000000000e+03
1.373000000000000000e+03
1.397000000000000000e+03
1.404000000000000000e+03
1.555000000000000000e+03
1.544000000000000000e+03
1.607000000000000000e+03
1.572000000000000000e+03
1.602000000000000000e+03
1.718000000000000000e+03
1.749000000000000000e+03
1.887000000000000000e+03
1.780000000000000000e+03
1.694000000000000000e+03
1.611000000000000000e+03
1.568000000000000000e+03
1.515000000000000000e+03
1.436000000000000000e+03
1.559000000000000000e+03
1.450000000000000000e+03
1.477000000000000000e+03
1.323000000000000000e+03
1.026000000000000000e+03
9.420000000000000000e+02
8.800000000000000000e+02
8.240000000000000000e+02
7.030000000000000000e+02
7.150000000000000000e+02
5.780000000000000000e+02
5.930000000000000000e+02
5.440000000000000000e+02
5.510000000000000000e+02
5.060000000000000000e+02
4.860000000000000000e+02
4.890000000000000000e+02
5.240000000000000000e+02
4.770000000000000000e+02
5.620000000000000000e+02
5.050000000000000000e+02
5.010000000000000000e+02
4.210000000000000000e+02
3.000000000000000000e+02
2.620000000000000000e+02
2.680000000000000000e+02
2.580000000000000000e+02
2.780000000000000000e+02
2.500000000000000000e+02
2.550000000000000000e+02
2.470000000000000000e+02
2.410000000000000000e+02
2.610000000000000000e+02
2.270000000000000000e+02
2.230000000000000000e+02
2.280000000000000000e+02
1.970000000000000000e+02
1.620000000000000000e+02
1.510000000000000000e+02
1.230000000000000000e+02
1.040000000000000000e+02
1.000000000000000000e+02
1.050000000000000000e+02
1.030000000000000000e+02
8.800000000000000000e+01
1.020000000000000000e+02
1.150000000000000000e+02
9.800000000000000000e+01
1.040000000000000000e+02
8.700000000000000000e+01
1.140000000000000000e+02
1.060000000000000000e+02
1.520000000000000000e+02
1.770000000000000000e+02
1.990000000000000000e+02
2.940000000000000000e+02
4.440000000000000000e+02
5.610000000000000000e+02
8.090000000000000000e+02
1.100000000000000000e+03
7.620000000000000000e+02
9.460000000000000000e+02
1.193000000000000000e+03
1.324000000000000000e+03
1.407000000000000000e+03
1.299000000000000000e+03
1.982000000000000000e+03
2.103000000000000000e+03
2.315000000000000000e+03
2.793000000000000000e+03
4.588000000000000000e+03
7.921000000000000000e+03
1.370400000000000000e+04
1.666600000000000000e+04
1.630200000000000000e+04
1.391000000000000000e+03
1.430000000000000000e+02
5.300000000000000000e+01
5.300000000000000000e+01
4.500000000000000000e+01
4.100000000000000000e+01
5.300000000000000000e+01
5.300000000000000000e+01
3.700000000000000000e+01
3.100000000000000000e+01
4.200000000000000000e+01
1.700000000000000000e+01
1.100000000000000000e+01
1.300000000000000000e+01
0.000000000000000000e+00
0.000000000000000000e+00
0.000000000000000000e+00
3.000000000000000000e+00
1.000000000000000000e+01
2.100000000000000000e+01
5.200000000000000000e+01
7.200000000000000000e+01
9.900000000000000000e+01
1.640000000000000000e+02
2.340000000000000000e+02
2.320000000000000000e+02
2.560000000000000000e+02
2.590000000000000000e+02
2.460000000000000000e+02
2.650000000000000000e+02
2.790000000000000000e+02
3.400000000000000000e+02
4.180000000000000000e+02
4.220000000000000000e+02
4.470000000000000000e+02
5.110000000000000000e+02
5.090000000000000000e+02
6.450000000000000000e+02
5.740000000000000000e+02
6.360000000000000000e+02
6.540000000000000000e+02
6.180000000000000000e+02
6.540000000000000000e+02
6.140000000000000000e+02
6.040000000000000000e+02
6.490000000000000000e+02
7.350000000000000000e+02
7.050000000000000000e+02
6.580000000000000000e+02
6.810000000000000000e+02
6.050000000000000000e+02
6.090000000000000000e+02
6.010000000000000000e+02
5.860000000000000000e+02
5.530000000000000000e+02
5.220000000000000000e+02
5.680000000000000000e+02
5.250000000000000000e+02
5.480000000000000000e+02
5.880000000000000000e+02
5.990000000000000000e+02
6.300000000000000000e+02
6.720000000000000000e+02
6.580000000000000000e+02
7.370000000000000000e+02
7.960000000000000000e+02
8.130000000000000000e+02
9.150000000000000000e+02
8.670000000000000000e+02
8.890000000000000000e+02
8.900000000000000000e+02
8.440000000000000000e+02
9.570000000000000000e+02
9.420000000000000000e+02
1.063000000000000000e+03
9.740000000000000000e+02
1.019000000000000000e+03
1.059000000000000000e+03
1.064000000000000000e+03
1.058000000000000000e+03
1.121000000000000000e+03
1.228000000000000000e+03
1.186000000000000000e+03
1.218000000000000000e+03
1.271000000000000000e+03
1.232000000000000000e+03
1.009000000000000000e+03
8.540000000000000000e+02
8.640000000000000000e+02
8.590000000000000000e+02
8.360000000000000000e+02
8.000000000000000000e+02
7.940000000000000000e+02
7.500000000000000000e+02
7.750000000000000000e+02
7.070000000000000000e+02
6.720000000000000000e+02
6.800000000000000000e+02
7.320000000000000000e+02
6.670000000000000000e+02
6.680000000000000000e+02
7.200000000000000000e+02
6.870000000000000000e+02
6.800000000000000000e+02
7.030000000000000000e+02
6.800000000000000000e+02
6.460000000000000000e+02
6.730000000000000000e+02
6.820000000000000000e+02
7.270000000000000000e+02
6.760000000000000000e+02
7.450000000000000000e+02
7.240000000000000000e+02
8.080000000000000000e+02
9.100000000000000000e+02
1.040000000000000000e+03
1.150000000000000000e+03
1.114000000000000000e+03
1.110000000000000000e+03
1.134000000000000000e+03
9.920000000000000000e+02
9.670000000000000000e+02
8.700000000000000000e+02
8.690000000000000000e+02
7.610000000000000000e+02
6.820000000000000000e+02
6.020000000000000000e+02
5.320000000000000000e+02
5.450000000000000000e+02
5.380000000000000000e+02
5.120000000000000000e+02
5.010000000000000000e+02
4.410000000000000000e+02
5.100000000000000000e+02
4.560000000000000000e+02
4.500000000000000000e+02
4.670000000000000000e+02
4.220000000000000000e+02
4.630000000000000000e+02
4.310000000000000000e+02
4.300000000000000000e+02
4.410000000000000000e+02
4.560000000000000000e+02
4.790000000000000000e+02
5.220000000000000000e+02
5.720000000000000000e+02
4.900000000000000000e+02
5.710000000000000000e+02
5.690000000000000000e+02
5.680000000000000000e+02
6.050000000000000000e+02
6.300000000000000000e+02
6.550000000000000000e+02
6.920000000000000000e+02
6.680000000000000000e+02
7.060000000000000000e+02
6.650000000000000000e+02
7.190000000000000000e+02
7.090000000000000000e+02
7.560000000000000000e+02
7.630000000000000000e+02
8.010000000000000000e+02
8.100000000000000000e+02
9.000000000000000000e+02
8.720000000000000000e+02
9.030000000000000000e+02
9.560000000000000000e+02
1.010000000000000000e+03
1.090000000000000000e+03
1.119000000000000000e+03
1.232000000000000000e+03
1.261000000000000000e+03
1.319000000000000000e+03
1.368000000000000000e+03
1.523000000000000000e+03
1.489000000000000000e+03
1.631000000000000000e+03
1.683000000000000000e+03
1.717000000000000000e+03
1.748000000000000000e+03
1.736000000000000000e+03
1.673000000000000000e+03
1.654000000000000000e+03
1.768000000000000000e+03
1.753000000000000000e+03
1.762000000000000000e+03
1.623000000000000000e+03
1.598000000000000000e+03
1.555000000000000000e+03
1.499000000000000000e+03
1.464000000000000000e+03
1.337000000000000000e+03
1.242000000000000000e+03
1.253000000000000000e+03
1.157000000000000000e+03
1.035000000000000000e+03
9.860000000000000000e+02
8.960000000000000000e+02
8.950000000000000000e+02
8.840000000000000000e+02
7.310000000000000000e+02
6.580000000000000000e+02
5.370000000000000000e+02
5.800000000000000000e+02
5.100000000000000000e+02
5.060000000000000000e+02
4.860000000000000000e+02
4.930000000000000000e+02
5.710000000000000000e+02
4.980000000000000000e+02
4.790000000000000000e+02
4.320000000000000000e+02
3.560000000000000000e+02
3.630000000000000000e+02
3.680000000000000000e+02
3.310000000000000000e+02
3.100000000000000000e+02
2.610000000000000000e+02
2.770000000000000000e+02
2.220000000000000000e+02
1.750000000000000000e+02
1.450000000000000000e+02
1.190000000000000000e+02
1.490000000000000000e+02
1.330000000000000000e+02
1.700000000000000000e+02
1.920000000000000000e+02
1.870000000000000000e+02
1.850000000000000000e+02
1.670000000000000000e+02
1.580000000000000000e+02
1.560000000000000000e+02
1.740000000000000000e+02
1.800000000000000000e+02
1.870000000000000000e+02
1.760000000000000000e+02
1.220000000000000000e+02
1.260000000000000000e+02
1.130000000000000000e+02
1.090000000000000000e+02
1.030000000000000000e+02
1.000000000000000000e+02
1.380000000000000000e+02
1.810000000000000000e+02
1.710000000000000000e+02
2.430000000000000000e+02
3.670000000000000000e+02
5.280000000000000000e+02
8.520000000000000000e+02
9.670000000000000000e+02
1.344000000000000000e+03
1.240000000000000000e+03
1.361000000000000000e+03
1.562000000000000000e+03
1.446000000000000000e+03
2.031000000000000000e+03
2.385000000000000000e+03
3.119000000000000000e+03
5.402000000000000000e+03
9.908000000000000000e+03
8.925000000000000000e+03
1.227900000000000000e+04
1.263400000000000000e+04
9.585000000000000000e+03
2.057000000000000000e+03
1.612000000000000000e+03
3.340000000000000000e+02
7.000000000000000000e+01
3.600000000000000000e+01
1.000000000000000000e+02
1.430000000000000000e+02
0.000000000000000000e+00
0.000000000000000000e+00
0.000000000000000000e+00
0.000000000000000000e+00
0.000000000000000000e+00
0.000000000000000000e+00
0.000000000000000000e+00
0.000000000000000000e+00
0.000000000000000000e+00
0.000000000000000000e+00
0.000000000000000000e+00
0.000000000000000000e+00
0.000000000000000000e+00
0.000000000000000000e+00
0.000000000000000000e+00
0.000000000000000000e+00
0.000000000000000000e+00
0.000000000000000000e+00
0.000000000000000000e+00
8.800000000000000000e+01
0.000000000000000000e+00
0.000000000000000000e+00
0.000000000000000000e+00
0.000000000000000000e+00
0.000000000000000000e+00
0.000000000000000000e+00
0.000000000000000000e+00
0.000000000000000000e+00
0.000000000000000000e+00
6.400000000000000000e+01
0.000000000000000000e+00
0.000000000000000000e+00
0.000000000000000000e+00
6.000000000000000000e+00
1.500000000000000000e+01
9.000000000000000000e+00
0.000000000000000000e+00
8.000000000000000000e+00
3.000000000000000000e+00
6.000000000000000000e+00
0.000000000000000000e+00
2.200000000000000000e+01
5.000000000000000000e+00
0.000000000000000000e+00
6.000000000000000000e+00
2.000000000000000000e+00
0.000000000000000000e+00
3.500000000000000000e+01
0.000000000000000000e+00
2.100000000000000000e+01
3.800000000000000000e+01
1.700000000000000000e+01
6.000000000000000000e+00
1.600000000000000000e+01
3.000000000000000000e+01
7.600000000000000000e+01
6.800000000000000000e+01
2.100000000000000000e+01
3.000000000000000000e+00
8.000000000000000000e+01
0.000000000000000000e+00
2.400000000000000000e+01
2.200000000000000000e+01
0.000000000000000000e+00
2.600000000000000000e+01
5.000000000000000000e+01
1.600000000000000000e+01
2.400000000000000000e+01
1.900000000000000000e+01
4.700000000000000000e+01
5.000000000000000000e+00
0.000000000000000000e+00
4.800000000000000000e+01
4.100000000000000000e+01
7.800000000000000000e+01
2.000000000000000000e+00
0.000000000000000000e+00
0.000000000000000000e+00
2.700000000000000000e+01
1.290000000000000000e+02
0.000000000000000000e+00
0.000000000000000000e+00
4.700000000000000000e+01
1.100000000000000000e+01
4.600000000000000000e+01
3.000000000000000000e+01
1.930000000000000000e+02
1.900000000000000000e+02
6.350000000000000000e+02
5.780000000000000000e+02
5.290000000000000000e+02
4.270000000000000000e+02
3.510000000000000000e+02
3.370000000000000000e+02
1.204000000000000000e+03
7.400000000000000000e+02
1.730000000000000000e+02
1.925000000000000000e+03
1.166000000000000000e+03
6.170000000000000000e+02
7.735000000000000000e+03
5.600000000000000000e+02
2.214300000000000000e+04
5.295000000000000000e+03
6.340000000000000000e+03
6.908200000000000000e+04
4.713000000000000000e+03
1.976700000000000000e+04
1.337200000000000000e+04
6.957000000000000000e+03
3.993100000000000000e+04
1.571100000000000000e+04
8.859000000000000000e+03
1.948000000000000000e+03
2.152000000000000000e+03
2.579000000000000000e+03
2.200000000000000000e+01
3.500000000000000000e+01
9.000000000000000000e+00
1.190000000000000000e+03
0.000000000000000000e+00
3.800000000000000000e+01
0.000000000000000000e+00
7.500000000000000000e+01
1.880000000000000000e+02
3.630000000000000000e+02
0.000000000000000000e+00
1.100000000000000000e+01
7.000000000000000000e+00
3.800000000000000000e+01
0.000000000000000000e+00
3.800000000000000000e+01
4.100000000000000000e+01
0.000000000000000000e+00
0.000000000000000000e+00
0.000000000000000000e+00
0.000000000000000000e+00
1.300000000000000000e+01
0.000000000000000000e+00
1.200000000000000000e+01
2.500000000000000000e+01
5.000000000000000000e+00
0.000000000000000000e+00
0.000000000000000000e+00
2.800000000000000000e+01
3.400000000000000000e+01
0.000000000000000000e+00
0.000000000000000000e+00
0.000000000000000000e+00
3.900000000000000000e+01
0.000000000000000000e+00
0.000000000000000000e+00
2.000000000000000000e+01
0.000000000000000000e+00
6.000000000000000000e+00
3.700000000000000000e+01
3.000000000000000000e+00
1.600000000000000000e+01
3.000000000000000000e+00
6.000000000000000000e+00
0.000000000000000000e+00
0.000000000000000000e+00
5.000000000000000000e+00
4.000000000000000000e+00
0.000000000000000000e+00
0.000000000000000000e+00
0.000000000000000000e+00
0.000000000000000000e+00
0.000000000000000000e+00
0.000000000000000000e+00
0.000000000000000000e+00
0.000000000000000000e+00
0.000000000000000000e+00
0.000000000000000000e+00
0.000000000000000000e+00
0.000000000000000000e+00
0.000000000000000000e+00
0.000000000000000000e+00
0.000000000000000000e+00
1.430000000000000000e+02
0.000000000000000000e+00
5.000000000000000000e+00
2.400000000000000000e+01
1.220000000000000000e+02
1.490000000000000000e+02
1.970000000000000000e+02
1.930000000000000000e+02
1.312000000000000000e+03
8.762000000000000000e+03
6.350000000000000000e+02
4.399000000000000000e+03
1.451000000000000000e+03
8.410000000000000000e+03
2.896000000000000000e+03
2.842100000000000000e+04
2.493500000000000000e+04
6.972000000000000000e+03
7.537000000000000000e+03
7.382000000000000000e+03
6.863000000000000000e+03
5.878000000000000000e+03
5.489000000000000000e+03
5.847000000000000000e+03
4.760000000000000000e+03
3.913000000000000000e+03
3.814000000000000000e+03
3.172000000000000000e+03
2.803000000000000000e+03
2.573000000000000000e+03
1.989000000000000000e+03
1.643000000000000000e+03
1.459000000000000000e+03
1.468000000000000000e+03
1.442000000000000000e+03
1.555000000000000000e+03
2.004000000000000000e+03
1.612000000000000000e+03
2.234000000000000000e+03
2.206000000000000000e+03
2.341000000000000000e+03
2.618000000000000000e+03
2.578000000000000000e+03
2.747000000000000000e+03
2.659000000000000000e+03
3.133000000000000000e+03
2.933000000000000000e+03
3.098000000000000000e+03
2.793000000000000000e+03
2.815000000000000000e+03
2.636000000000000000e+03
2.260000000000000000e+03
2.397000000000000000e+03
2.509000000000000000e+03
2.302000000000000000e+03
2.379000000000000000e+03
1.704000000000000000e+03
1.854000000000000000e+03
1.700000000000000000e+03
1.252000000000000000e+03
1.358000000000000000e+03
1.068000000000000000e+03
1.157000000000000000e+03
7.400000000000000000e+02
1.361000000000000000e+03
8.780000000000000000e+02
1.015000000000000000e+03
6.770000000000000000e+02
9.710000000000000000e+02
5.230000000000000000e+02
8.760000000000000000e+02
6.750000000000000000e+02
4.750000000000000000e+02
7.160000000000000000e+02
4.600000000000000000e+02
4.620000000000000000e+02
5.220000000000000000e+02
4.590000000000000000e+02
6.860000000000000000e+02
2.140000000000000000e+02
3.240000000000000000e+02
3.390000000000000000e+02
5.530000000000000000e+02
2.980000000000000000e+02
3.600000000000000000e+01
8.540000000000000000e+02
1.700000000000000000e+01
2.260000000000000000e+02
1.980000000000000000e+02
4.000000000000000000e+02
1.790000000000000000e+02
1.700000000000000000e+02
1.400000000000000000e+02
3.040000000000000000e+02
1.770000000000000000e+02
3.300000000000000000e+01
2.150000000000000000e+02
2.580000000000000000e+02
1.950000000000000000e+02
9.200000000000000000e+01
1.210000000000000000e+02
2.400000000000000000e+01
3.570000000000000000e+02
1.600000000000000000e+01
1.240000000000000000e+02
4.900000000000000000e+01
1.770000000000000000e+02
1.840000000000000000e+02
4.100000000000000000e+01
1.930000000000000000e+02
1.000000000000000000e+00
7.400000000000000000e+01
6.700000000000000000e+01
1.990000000000000000e+02
2.100000000000000000e+01
6.700000000000000000e+01
1.330000000000000000e+02
2.000000000000000000e+01
6.500000000000000000e+01
4.100000000000000000e+01
1.390000000000000000e+02
1.210000000000000000e+02
5.100000000000000000e+01
1.800000000000000000e+01
1.000000000000000000e+01
1.000000000000000000e+00
0.000000000000000000e+00
3.500000000000000000e+01
4.120000000000000000e+02
1.000000000000000000e+00
0.000000000000000000e+00
1.000000000000000000e+00
6.000000000000000000e+00
2.400000000000000000e+01
6.700000000000000000e+01
5.300000000000000000e+01
1.090000000000000000e+02
1.900000000000000000e+01
6.000000000000000000e+00
4.100000000000000000e+01
1.200000000000000000e+01
0.000000000000000000e+00
1.240000000000000000e+02
1.900000000000000000e+01
8.000000000000000000e+00
0.000000000000000000e+00
1.080000000000000000e+02
1.000000000000000000e+00
1.200000000000000000e+01
2.500000000000000000e+01
3.700000000000000000e+01
0.000000000000000000e+00
0.000000000000000000e+00
6.100000000000000000e+01
0.000000000000000000e+00
0.000000000000000000e+00
1.600000000000000000e+01
1.140000000000000000e+02
1.000000000000000000e+00
8.800000000000000000e+01
0.000000000000000000e+00
3.000000000000000000e+00
2.800000000000000000e+01
0.000000000000000000e+00
9.000000000000000000e+00
5.000000000000000000e+00
4.000000000000000000e+00
0.000000000000000000e+00
0.000000000000000000e+00
0.000000000000000000e+00
1.480000000000000000e+02
0.000000000000000000e+00
0.000000000000000000e+00
0.000000000000000000e+00
6.000000000000000000e+00
4.000000000000000000e+00
0.000000000000000000e+00
1.200000000000000000e+01
0.000000000000000000e+00
2.500000000000000000e+01
2.000000000000000000e+00
0.000000000000000000e+00
3.100000000000000000e+01
0.000000000000000000e+00
2.000000000000000000e+00
7.200000000000000000e+01
0.000000000000000000e+00
3.000000000000000000e+00
0.000000000000000000e+00
0.000000000000000000e+00
0.000000000000000000e+00
2.500000000000000000e+01
0.000000000000000000e+00
0.000000000000000000e+00
0.000000000000000000e+00
1.000000000000000000e+00
1.900000000000000000e+01
0.000000000000000000e+00
2.000000000000000000e+01
0.000000000000000000e+00
4.000000000000000000e+00
0.000000000000000000e+00
0.000000000000000000e+00
0.000000000000000000e+00
5.600000000000000000e+01
0.000000000000000000e+00
0.000000000000000000e+00
1.000000000000000000e+00
0.000000000000000000e+00
7.000000000000000000e+00
0.000000000000000000e+00
0.000000000000000000e+00
0.000000000000000000e+00
2.300000000000000000e+01
0.000000000000000000e+00
1.000000000000000000e+00
3.000000000000000000e+00
0.000000000000000000e+00
0.000000000000000000e+00
9.000000000000000000e+00
0.000000000000000000e+00
0.000000000000000000e+00
0.000000000000000000e+00
1.100000000000000000e+01
0.000000000000000000e+00
0.000000000000000000e+00
0.000000000000000000e+00
1.900000000000000000e+01
0.000000000000000000e+00
0.000000000000000000e+00
1.200000000000000000e+01
0.000000000000000000e+00
5.000000000000000000e+00
0.000000000000000000e+00
4.000000000000000000e+00
0.000000000000000000e+00
0.000000000000000000e+00
2.000000000000000000e+00
0.000000000000000000e+00
0.000000000000000000e+00
0.000000000000000000e+00
0.000000000000000000e+00
0.000000000000000000e+00
0.000000000000000000e+00
0.000000000000000000e+00
0.000000000000000000e+00
0.000000000000000000e+00
0.000000000000000000e+00
0.000000000000000000e+00
0.000000000000000000e+00
0.000000000000000000e+00
0.000000000000000000e+00
0.000000000000000000e+00
0.000000000000000000e+00
0.000000000000000000e+00
3.200000000000000000e+01
0.000000000000000000e+00
0.000000000000000000e+00
0.000000000000000000e+00
3.000000000000000000e+00
1.000000000000000000e+01
2.100000000000000000e+01
5.200000000000000000e+01
7.200000000000000000e+01
9.900000000000000000e+01
1.640000000000000000e+02
2.340000000000000000e+02
2.320000000000000000e+02
2.560000000000000000e+02
2.590000000000000000e+02
2.460000000000000000e+02
2.650000000000000000e+02
2.790000000000000000e+02
3.400000000000000000e+02
4.180000000000000000e+02
4.200000000000000000e+02
4.460000000000000000e+02
5.120000000000000000e+02
5.080000000000000000e+02
6.450000000000000000e+02
5.750000000000000000e+02
6.350000000000000000e+02
6.560000000000000000e+02
6.130000000000000000e+02
6.550000000000000000e+02
6.110000000000000000e+02
6.020000000000000000e+02
6.540000000000000000e+02
7.360000000000000000e+02
7.060000000000000000e+02
6.570000000000000000e+02
6.790000000000000000e+02
6.060000000000000000e+02
6.050000000000000000e+02
6.000000000000000000e+02
5.900000000000000000e+02
5.550000000000000000e+02
5.200000000000000000e+02
5.660000000000000000e+02
5.230000000000000000e+02
5.540000000000000000e+02
5.840000000000000000e+02
5.980000000000000000e+02
6.270000000000000000e+02
6.730000000000000000e+02
6.630000000000000000e+02
7.390000000000000000e+02
7.930000000000000000e+02
8.140000000000000000e+02
9.160000000000000000e+02
8.660000000000000000e+02
8.910000000000000000e+02
8.900000000000000000e+02
8.430000000000000000e+02
9.600000000000000000e+02
9.410000000000000000e+02
1.062000000000000000e+03
9.750000000000000000e+02
1.020000000000000000e+03
1.060000000000000000e+03
1.064000000000000000e+03
1.057000000000000000e+03
1.121000000000000000e+03
1.229000000000000000e+03
1.185000000000000000e+03
1.214000000000000000e+03
1.273000000000000000e+03
1.233000000000000000e+03
1.010000000000000000e+03
8.540000000000000000e+02
8.620000000000000000e+02
8.590000000000000000e+02
8.350000000000000000e+02
7.990000000000000000e+02
7.940000000000000000e+02
7.450000000000000000e+02
7.760000000000000000e+02
7.070000000000000000e+02
6.710000000000000000e+02
6.820000000000000000e+02
7.300000000000000000e+02
6.700000000000000000e+02
6.680000000000000000e+02
7.180000000000000000e+02
6.820000000000000000e+02
6.810000000000000000e+02
7.100000000000000000e+02
6.780000000000000000e+02
6.460000000000000000e+02
6.750000000000000000e+02
6.830000000000000000e+02
7.210000000000000000e+02
6.700000000000000000e+02
7.480000000000000000e+02
7.220000000000000000e+02
8.040000000000000000e+02
9.110000000000000000e+02
1.044000000000000000e+03
1.149000000000000000e+03
1.118000000000000000e+03
1.109000000000000000e+03
1.133000000000000000e+03
9.850000000000000000e+02
9.660000000000000000e+02
8.750000000000000000e+02
8.650000000000000000e+02
7.590000000000000000e+02
6.790000000000000000e+02
6.020000000000000000e+02
5.360000000000000000e+02
5.380000000000000000e+02
5.270000000000000000e+02
5.090000000000000000e+02
4.990000000000000000e+02
4.450000000000000000e+02
5.020000000000000000e+02
4.610000000000000000e+02
4.380000000000000000e+02
4.620000000000000000e+02
4.170000000000000000e+02
4.600000000000000000e+02
4.320000000000000000e+02
4.200000000000000000e+02
4.350000000000000000e+02
4.650000000000000000e+02
4.930000000000000000e+02
5.100000000000000000e+02
5.800000000000000000e+02
4.880000000000000000e+02
5.710000000000000000e+02
5.650000000000000000e+02
5.630000000000000000e+02
6.140000000000000000e+02
6.390000000000000000e+02
6.400000000000000000e+02
6.830000000000000000e+02
6.770000000000000000e+02
7.130000000000000000e+02
6.610000000000000000e+02
7.230000000000000000e+02
7.000000000000000000e+02
7.580000000000000000e+02
7.650000000000000000e+02
8.060000000000000000e+02
8.210000000000000000e+02
9.050000000000000000e+02
8.710000000000000000e+02
9.010000000000000000e+02
9.590000000000000000e+02
1.012000000000000000e+03
1.083000000000000000e+03
1.124000000000000000e+03
1.233000000000000000e+03
1.259000000000000000e+03
1.318000000000000000e+03
1.369000000000000000e+03
1.528000000000000000e+03
1.487000000000000000e+03
1.632000000000000000e+03
1.681000000000000000e+03
1.718000000000000000e+03
1.751000000000000000e+03
1.735000000000000000e+03
1.676000000000000000e+03
1.657000000000000000e+03
1.772000000000000000e+03
1.753000000000000000e+03
1.759000000000000000e+03
1.615000000000000000e+03
1.600000000000000000e+03
1.559000000000000000e+03
1.489000000000000000e+03
1.461000000000000000e+03
1.338000000000000000e+03
1.237000000000000000e+03
1.249000000000000000e+03
1.161000000000000000e+03
1.025000000000000000e+03
9.830000000000000000e+02
8.930000000000000000e+02
8.970000000000000000e+02
8.850000000000000000e+02
7.350000000000000000e+02
6.550000000000000000e+02
5.370000000000000000e+02
5.640000000000000000e+02
4.960000000000000000e+02
5.000000000000000000e+02
4.610000000000000000e+02
4.860000000000000000e+02
5.680000000000000000e+02
5.020000000000000000e+02
4.810000000000000000e+02
4.350000000000000000e+02
3.590000000000000000e+02
3.830000000000000000e+02
3.780000000000000000e+02
3.410000000000000000e+02
3.180000000000000000e+02
2.770000000000000000e+02
2.780000000000000000e+02
2.270000000000000000e+02
1.780000000000000000e+02
1.470000000000000000e+02
1.200000000000000000e+02
1.450000000000000000e+02
1.320000000000000000e+02
1.620000000000000000e+02
1.920000000000000000e+02
1.850000000000000000e+02
1.800000000000000000e+02
1.660000000000000000e+02
1.510000000000000000e+02
1.650000000000000000e+02
1.670000000000000000e+02
1.830000000000000000e+02
1.840000000000000000e+02
1.770000000000000000e+02
1.270000000000000000e+02
1.250000000000000000e+02
1.160000000000000000e+02
1.090000000000000000e+02
1.010000000000000000e+02
1.040000000000000000e+02
1.430000000000000000e+02
1.780000000000000000e+02
1.670000000000000000e+02
2.460000000000000000e+02
3.560000000000000000e+02
5.330000000000000000e+02
8.540000000000000000e+02
9.600000000000000000e+02
1.344000000000000000e+03
1.237000000000000000e+03
1.355000000000000000e+03
1.546000000000000000e+03
1.451000000000000000e+03
2.041000000000000000e+03
2.376000000000000000e+03
3.121000000000000000e+03
5.404000000000000000e+03
9.911000000000000000e+03
8.932000000000000000e+03
1.228000000000000000e+04
1.264900000000000000e+04
9.601000000000000000e+03
2.074000000000000000e+03
1.616000000000000000e+03
3.450000000000000000e+02
7.700000000000000000e+01
4.200000000000000000e+01
1.080000000000000000e+02
