5.700000000000000000e+01
1.320000000000000000e+02
2.030000000000000000e+02
2.580000000000000000e+02
2.440000000000000000e+02
3.060000000000000000e+02
3.530000000000000000e+02
4.650000000000000000e+02
5.580000000000000000e+02
8.070000000000000000e+02
9.820000000000000000e+02
1.014000000000000000e+03
1.161000000000000000e+03
1.059000000000000000e+03
9.960000000000000000e+02
8.760000000000000000e+02
9.040000000000000000e+02
8.590000000000000000e+02
9.440000000000000000e+02
8.850000000000000000e+02
9.020000000000000000e+02
8.800000000000000000e+02
9.430000000000000000e+02
9.410000000000000000e+02
9.620000000000000000e+02
9.640000000000000000e+02
8.970000000000000000e+02
9.430000000000000000e+02
8.870000000000000000e+02
8.680000000000000000e+02
9.090000000000000000e+02
8.700000000000000000e+02
8.320000000000000000e+02
8.650000000000000000e+02
8.430000000000000000e+02
8.440000000000000000e+02
7.790000000000000000e+02
8.290000000000000000e+02
8.250000000000000000e+02
7.290000000000000000e+02
8.110000000000000000e+02
7.860000000000000000e+02
7.380000000000000000e+02
7.310000000000000000e+02
6.980000000000000000e+02
6.740000000000000000e+02
6.940000000000000000e+02
7.180000000000000000e+02
6.610000000000000000e+02
6.650000000000000000e+02
7.060000000000000000e+02
6.360000000000000000e+02
7.040000000000000000e+02
7.000000000000000000e+02
6.520000000000000000e+02
6.970000000000000000e+02
7.030000000000000000e+02
7.220000000000000000e+02
7.440000000000000000e+02
7.050000000000000000e+02
7.830000000000000000e+02
7.720000000000000000e+02
8.430000000000000000e+02
8.210000000000000000e+02
8.620000000000000000e+02
8.080000000000000000e+02
8.890000000000000000e+02
8.280000000000000000e+02
8.640000000000000000e+02
9.620000000000000000e+02
9.460000000000000000e+02
8.920000000000000000e+02
9.260000000000000000e+02
9.020000000000000000e+02
8.450000000000000000e+02
8.610000000000000000e+02
8.140000000000000000e+02
8.110000000000000000e+02
8.150000000000000000e+02
7.910000000000000000e+02
7.490000000000000000e+02
8.180000000000000000e+02
7.920000000000000000e+02
8.000000000000000000e+02
8.860000000000000000e+02
7.890000000000000000e+02
7.820000000000000000e+02
7.760000000000000000e+02
7.200000000000000000e+02
7.680000000000000000e+02
7.140000000000000000e+02
7.840000000000000000e+02
7.460000000000000000e+02
7.000000000000000000e+02
7.750000000000000000e+02
7.440000000000000000e+02
7.650000000000000000e+02
7.610000000000000000e+02
7.610000000000000000e+02
7.540000000000000000e+02
7.550000000000000000e+02
7.170000000000000000e+02
7.670000000000000000e+02
7.320000000000000000e+02
7.300000000000000000e+02
7.180000000000000000e+02
7.000000000000000000e+02
7.030000000000000000e+02
6.640000000000000000e+02
6.970000000000000000e+02
6.410000000000000000e+02
6.250000000000000000e+02
6.830000000000000000e+02
6.610000000000000000e+02
6.360000000000000000e+02
6.100000000000000000e+02
6.000000000000000000e+02
5.690000000000000000e+02
6.220000000000000000e+02
6.050000000000000000e+02
6.070000000000000000e+02
6.110000000000000000e+02
6.660000000000000000e+02
6.370000000000000000e+02
5.990000000000000000e+02
5.990000000000000000e+02
6.000000000000000000e+02
6.290000000000000000e+02
6.390000000000000000e+02
6.100000000000000000e+02
5.670000000000000000e+02
5.880000000000000000e+02
6.640000000000000000e+02
6.280000000000000000e+02
6.530000000000000000e+02
7.050000000000000000e+02
6.820000000000000000e+02
6.560000000000000000e+02
6.240000000000000000e+02
6.460000000000000000e+02
6.250000000000000000e+02
6.110000000000000000e+02
5.900000000000000000e+02
6.310000000000000000e+02
6.230000000000000000e+02
5.730000000000000000e+02
5.650000000000000000e+02
5.770000000000000000e+02
5.540000000000000000e+02
5.550000000000000000e+02
5.640000000000000000e+02
6.250000000000000000e+02
6.310000000000000000e+02
5.590000000000000000e+02
5.810000000000000000e+02
5.410000000000000000e+02
5.840000000000000000e+02
5.590000000000000000e+02
5.810000000000000000e+02
5.790000000000000000e+02
5.750000000000000000e+02
6.310000000000000000e+02
6.560000000000000000e+02
7.280000000000000000e+02
6.890000000000000000e+02
7.090000000000000000e+02
8.100000000000000000e+02
8.680000000000000000e+02
1.016000000000000000e+03
1.168000000000000000e+03
1.320000000000000000e+03
1.509000000000000000e+03
1.773000000000000000e+03
1.959000000000000000e+03
2.159000000000000000e+03
2.492000000000000000e+03
2.713000000000000000e+03
2.823000000000000000e+03
2.992000000000000000e+03
3.135000000000000000e+03
2.989000000000000000e+03
3.040000000000000000e+03
2.875000000000000000e+03
2.693000000000000000e+03
2.629000000000000000e+03
2.368000000000000000e+03
2.128000000000000000e+03
1.942000000000000000e+03
1.732000000000000000e+03
1.551000000000000000e+03
1.386000000000000000e+03
1.286000000000000000e+03
1.123000000000000000e+03
1.146000000000000000e+03
9.970000000000000000e+02
1.012000000000000000e+03
8.810000000000000000e+02
8.490000000000000000e+02
7.750000000000000000e+02
7.510000000000000000e+02
6.700000000000000000e+02
5.870000000000000000e+02
5.700000000000000000e+02
6.090000000000000000e+02
5.900000000000000000e+02
5.360000000000000000e+02
5.900000000000000000e+02
5.520000000000000000e+02
6.070000000000000000e+02
5.940000000000000000e+02
6.510000000000000000e+02
6.230000000000000000e+02
6.550000000000000000e+02
7.240000000000000000e+02
7.930000000000000000e+02
8.350000000000000000e+02
8.580000000000000000e+02
9.090000000000000000e+02
9.500000000000000000e+02
1.034000000000000000e+03
1.094000000000000000e+03
1.192000000000000000e+03
1.266000000000000000e+03
1.421000000000000000e+03
1.537000000000000000e+03
1.625000000000000000e+03
1.635000000000000000e+03
1.456000000000000000e+03
1.482000000000000000e+03
1.563000000000000000e+03
1.539000000000000000e+03
1.671000000000000000e+03
1.733000000000000000e+03
1.843000000000000000e+03
1.995000000000000000e+03
2.055000000000000000e+03
1.882000000000000000e+03
1.928000000000000000e+03
2.079000000000000000e+03
2.293000000000000000e+03
2.786000000000000000e+03
2.322000000000000000e+03
1.438000000000000000e+03
8.460000000000000000e+02
5.580000000000000000e+02
4.680000000000000000e+02
3.750000000000000000e+02
3.470000000000000000e+02
3.400000000000000000e+02
3.040000000000000000e+02
2.960000000000000000e+02
3.510000000000000000e+02
3.790000000000000000e+02
4.260000000000000000e+02
3.310000000000000000e+02
1.437000000000000000e+03
1.190000000000000000e+02
1.420000000000000000e+02
2.260000000000000000e+02
2.770000000000000000e+02
2.990000000000000000e+02
3.520000000000000000e+02
3.990000000000000000e+02
5.170000000000000000e+02
6.390000000000000000e+02
8.670000000000000000e+02
9.840000000000000000e+02
9.920000000000000000e+02
1.098000000000000000e+03
9.860000000000000000e+02
9.950000000000000000e+02
8.620000000000000000e+02
9.000000000000000000e+02
8.800000000000000000e+02
8.400000000000000000e+02
8.880000000000000000e+02
9.010000000000000000e+02
9.600000000000000000e+02
8.880000000000000000e+02
9.760000000000000000e+02
9.530000000000000000e+02
9.250000000000000000e+02
8.530000000000000000e+02
8.730000000000000000e+02
8.110000000000000000e+02
8.810000000000000000e+02
8.520000000000000000e+02
8.340000000000000000e+02
8.760000000000000000e+02
8.800000000000000000e+02
9.040000000000000000e+02
8.220000000000000000e+02
8.590000000000000000e+02
8.330000000000000000e+02
7.710000000000000000e+02
8.220000000000000000e+02
7.630000000000000000e+02
7.530000000000000000e+02
7.470000000000000000e+02
7.750000000000000000e+02
7.050000000000000000e+02
7.260000000000000000e+02
7.840000000000000000e+02
7.420000000000000000e+02
7.370000000000000000e+02
7.740000000000000000e+02
7.700000000000000000e+02
8.250000000000000000e+02
8.120000000000000000e+02
8.700000000000000000e+02
8.150000000000000000e+02
8.250000000000000000e+02
9.300000000000000000e+02
8.880000000000000000e+02
9.440000000000000000e+02
9.290000000000000000e+02
8.500000000000000000e+02
8.170000000000000000e+02
8.900000000000000000e+02
8.010000000000000000e+02
8.470000000000000000e+02
8.980000000000000000e+02
9.090000000000000000e+02
8.400000000000000000e+02
8.710000000000000000e+02
8.660000000000000000e+02
7.870000000000000000e+02
8.090000000000000000e+02
7.850000000000000000e+02
7.470000000000000000e+02
7.590000000000000000e+02
8.060000000000000000e+02
7.420000000000000000e+02
7.730000000000000000e+02
7.270000000000000000e+02
7.830000000000000000e+02
7.410000000000000000e+02
7.480000000000000000e+02
7.300000000000000000e+02
7.040000000000000000e+02
7.750000000000000000e+02
7.360000000000000000e+02
6.880000000000000000e+02
7.220000000000000000e+02
6.830000000000000000e+02
6.870000000000000000e+02
7.130000000000000000e+02
6.890000000000000000e+02
7.210000000000000000e+02
7.160000000000000000e+02
7.250000000000000000e+02
6.520000000000000000e+02
6.430000000000000000e+02
6.630000000000000000e+02
6.750000000000000000e+02
6.820000000000000000e+02
6.650000000000000000e+02
6.450000000000000000e+02
6.510000000000000000e+02
6.330000000000000000e+02
7.310000000000000000e+02
6.640000000000000000e+02
6.590000000000000000e+02
6.710000000000000000e+02
6.740000000000000000e+02
6.710000000000000000e+02
6.770000000000000000e+02
7.550000000000000000e+02
6.780000000000000000e+02
7.380000000000000000e+02
7.220000000000000000e+02
6.660000000000000000e+02
7.270000000000000000e+02
7.100000000000000000e+02
6.700000000000000000e+02
6.760000000000000000e+02
7.190000000000000000e+02
6.450000000000000000e+02
6.620000000000000000e+02
6.190000000000000000e+02
6.000000000000000000e+02
5.760000000000000000e+02
5.830000000000000000e+02
5.820000000000000000e+02
5.720000000000000000e+02
6.230000000000000000e+02
5.610000000000000000e+02
5.480000000000000000e+02
5.430000000000000000e+02
5.250000000000000000e+02
5.520000000000000000e+02
5.520000000000000000e+02
5.400000000000000000e+02
5.770000000000000000e+02
5.870000000000000000e+02
5.620000000000000000e+02
5.570000000000000000e+02
5.320000000000000000e+02
5.780000000000000000e+02
5.620000000000000000e+02
5.320000000000000000e+02
5.470000000000000000e+02
6.090000000000000000e+02
5.850000000000000000e+02
5.920000000000000000e+02
5.970000000000000000e+02
6.030000000000000000e+02
5.980000000000000000e+02
6.100000000000000000e+02
5.050000000000000000e+02
5.880000000000000000e+02
5.890000000000000000e+02
5.940000000000000000e+02
6.510000000000000000e+02
6.240000000000000000e+02
7.050000000000000000e+02
7.030000000000000000e+02
8.200000000000000000e+02
8.890000000000000000e+02
1.047000000000000000e+03
1.190000000000000000e+03
1.329000000000000000e+03
1.530000000000000000e+03
1.806000000000000000e+03
1.933000000000000000e+03
2.162000000000000000e+03
2.489000000000000000e+03
2.629000000000000000e+03
2.881000000000000000e+03
2.963000000000000000e+03
3.079000000000000000e+03
3.023000000000000000e+03
2.980000000000000000e+03
2.931000000000000000e+03
2.693000000000000000e+03
2.583000000000000000e+03
2.493000000000000000e+03
2.177000000000000000e+03
2.034000000000000000e+03
1.794000000000000000e+03
1.574000000000000000e+03
1.401000000000000000e+03
1.256000000000000000e+03
1.181000000000000000e+03
1.053000000000000000e+03
9.450000000000000000e+02
8.920000000000000000e+02
8.020000000000000000e+02
7.270000000000000000e+02
7.080000000000000000e+02
7.120000000000000000e+02
7.150000000000000000e+02
7.230000000000000000e+02
6.990000000000000000e+02
6.880000000000000000e+02
7.030000000000000000e+02
6.600000000000000000e+02
6.680000000000000000e+02
6.540000000000000000e+02
6.280000000000000000e+02
6.250000000000000000e+02
6.400000000000000000e+02
6.550000000000000000e+02
6.740000000000000000e+02
6.520000000000000000e+02
6.850000000000000000e+02
6.670000000000000000e+02
7.180000000000000000e+02
7.260000000000000000e+02
8.180000000000000000e+02
8.150000000000000000e+02
9.050000000000000000e+02
9.460000000000000000e+02
1.019000000000000000e+03
1.072000000000000000e+03
1.085000000000000000e+03
1.105000000000000000e+03
1.203000000000000000e+03
1.270000000000000000e+03
1.394000000000000000e+03
1.505000000000000000e+03
1.565000000000000000e+03
1.635000000000000000e+03
1.647000000000000000e+03
1.616000000000000000e+03
1.634000000000000000e+03
1.610000000000000000e+03
1.600000000000000000e+03
1.788000000000000000e+03
1.716000000000000000e+03
1.898000000000000000e+03
1.983000000000000000e+03
2.106000000000000000e+03
1.999000000000000000e+03
1.811000000000000000e+03
1.898000000000000000e+03
2.363000000000000000e+03
2.884000000000000000e+03
2.272000000000000000e+03
1.360000000000000000e+03
7.060000000000000000e+02
4.540000000000000000e+02
3.530000000000000000e+02
2.780000000000000000e+02
2.500000000000000000e+02
1.970000000000000000e+02
1.870000000000000000e+02
1.710000000000000000e+02
1.780000000000000000e+02
2.220000000000000000e+02
2.180000000000000000e+02
2.560000000000000000e+02
3.110000000000000000e+02
2.050000000000000000e+02
2.530000000000000000e+02
2.880000000000000000e+02
3.600000000000000000e+02
4.150000000000000000e+02
4.650000000000000000e+02
5.480000000000000000e+02
6.270000000000000000e+02
8.610000000000000000e+02
1.018000000000000000e+03
9.550000000000000000e+02
1.108000000000000000e+03
9.830000000000000000e+02
1.001000000000000000e+03
9.020000000000000000e+02
8.690000000000000000e+02
8.180000000000000000e+02
8.110000000000000000e+02
8.470000000000000000e+02
8.390000000000000000e+02
8.730000000000000000e+02
9.210000000000000000e+02
9.270000000000000000e+02
9.110000000000000000e+02
8.930000000000000000e+02
8.320000000000000000e+02
8.660000000000000000e+02
8.410000000000000000e+02
8.020000000000000000e+02
8.300000000000000000e+02
8.310000000000000000e+02
8.060000000000000000e+02
7.850000000000000000e+02
7.530000000000000000e+02
8.090000000000000000e+02
7.560000000000000000e+02
7.620000000000000000e+02
7.790000000000000000e+02
7.390000000000000000e+02
7.060000000000000000e+02
7.460000000000000000e+02
6.790000000000000000e+02
7.030000000000000000e+02
7.740000000000000000e+02
7.460000000000000000e+02
6.990000000000000000e+02
8.090000000000000000e+02
7.570000000000000000e+02
8.150000000000000000e+02
8.940000000000000000e+02
8.890000000000000000e+02
9.120000000000000000e+02
9.170000000000000000e+02
9.690000000000000000e+02
9.460000000000000000e+02
9.530000000000000000e+02
9.590000000000000000e+02
9.710000000000000000e+02
9.600000000000000000e+02
9.500000000000000000e+02
9.700000000000000000e+02
9.930000000000000000e+02
9.380000000000000000e+02
9.820000000000000000e+02
9.770000000000000000e+02
9.600000000000000000e+02
8.990000000000000000e+02
8.290000000000000000e+02
8.100000000000000000e+02
7.960000000000000000e+02
7.400000000000000000e+02
7.330000000000000000e+02
6.900000000000000000e+02
7.210000000000000000e+02
6.580000000000000000e+02
6.740000000000000000e+02
7.310000000000000000e+02
6.110000000000000000e+02
6.150000000000000000e+02
5.840000000000000000e+02
5.980000000000000000e+02
5.940000000000000000e+02
5.740000000000000000e+02
5.870000000000000000e+02
5.410000000000000000e+02
5.750000000000000000e+02
5.580000000000000000e+02
4.960000000000000000e+02
5.190000000000000000e+02
5.820000000000000000e+02
6.140000000000000000e+02
5.620000000000000000e+02
5.820000000000000000e+02
5.970000000000000000e+02
5.880000000000000000e+02
6.130000000000000000e+02
6.150000000000000000e+02
6.240000000000000000e+02
6.300000000000000000e+02
5.930000000000000000e+02
5.810000000000000000e+02
5.830000000000000000e+02
6.570000000000000000e+02
6.660000000000000000e+02
6.620000000000000000e+02
6.340000000000000000e+02
6.610000000000000000e+02
6.880000000000000000e+02
6.710000000000000000e+02
6.520000000000000000e+02
6.420000000000000000e+02
6.610000000000000000e+02
6.550000000000000000e+02
6.630000000000000000e+02
6.700000000000000000e+02
6.310000000000000000e+02
6.620000000000000000e+02
6.150000000000000000e+02
6.010000000000000000e+02
6.430000000000000000e+02
6.030000000000000000e+02
6.430000000000000000e+02
5.980000000000000000e+02
5.490000000000000000e+02
5.770000000000000000e+02
5.620000000000000000e+02
5.620000000000000000e+02
5.980000000000000000e+02
5.930000000000000000e+02
5.730000000000000000e+02
5.740000000000000000e+02
5.840000000000000000e+02
5.690000000000000000e+02
5.810000000000000000e+02
5.950000000000000000e+02
5.920000000000000000e+02
5.920000000000000000e+02
5.890000000000000000e+02
5.570000000000000000e+02
5.900000000000000000e+02
5.910000000000000000e+02
5.370000000000000000e+02
5.490000000000000000e+02
5.680000000000000000e+02
5.350000000000000000e+02
5.920000000000000000e+02
6.340000000000000000e+02
5.890000000000000000e+02
5.690000000000000000e+02
6.250000000000000000e+02
6.200000000000000000e+02
5.730000000000000000e+02
6.450000000000000000e+02
6.760000000000000000e+02
6.710000000000000000e+02
7.470000000000000000e+02
7.990000000000000000e+02
8.360000000000000000e+02
8.990000000000000000e+02
1.084000000000000000e+03
1.198000000000000000e+03
1.364000000000000000e+03
1.538000000000000000e+03
1.828000000000000000e+03
1.981000000000000000e+03
2.218000000000000000e+03
2.589000000000000000e+03
2.701000000000000000e+03
3.004000000000000000e+03
3.053000000000000000e+03
3.128000000000000000e+03
3.093000000000000000e+03
3.052000000000000000e+03
2.934000000000000000e+03
2.789000000000000000e+03
2.638000000000000000e+03
2.445000000000000000e+03
2.143000000000000000e+03
2.085000000000000000e+03
1.906000000000000000e+03
1.576000000000000000e+03
1.449000000000000000e+03
1.364000000000000000e+03
1.209000000000000000e+03
1.059000000000000000e+03
9.430000000000000000e+02
9.280000000000000000e+02
8.510000000000000000e+02
7.640000000000000000e+02
6.720000000000000000e+02
6.640000000000000000e+02
6.470000000000000000e+02
5.990000000000000000e+02
5.660000000000000000e+02
5.960000000000000000e+02
5.910000000000000000e+02
5.940000000000000000e+02
6.270000000000000000e+02
6.150000000000000000e+02
6.460000000000000000e+02
6.830000000000000000e+02
6.100000000000000000e+02
7.260000000000000000e+02
6.490000000000000000e+02
6.730000000000000000e+02
6.330000000000000000e+02
6.160000000000000000e+02
6.180000000000000000e+02
6.200000000000000000e+02
6.150000000000000000e+02
6.410000000000000000e+02
6.180000000000000000e+02
6.300000000000000000e+02
6.510000000000000000e+02
7.410000000000000000e+02
7.420000000000000000e+02
7.430000000000000000e+02
8.240000000000000000e+02
9.060000000000000000e+02
9.640000000000000000e+02
9.270000000000000000e+02
1.030000000000000000e+03
1.038000000000000000e+03
1.148000000000000000e+03
1.194000000000000000e+03
1.255000000000000000e+03
1.400000000000000000e+03
1.532000000000000000e+03
1.632000000000000000e+03
1.651000000000000000e+03
1.754000000000000000e+03
1.667000000000000000e+03
1.653000000000000000e+03
1.641000000000000000e+03
1.681000000000000000e+03
1.735000000000000000e+03
1.795000000000000000e+03
1.831000000000000000e+03
1.963000000000000000e+03
2.019000000000000000e+03
1.868000000000000000e+03
1.853000000000000000e+03
1.910000000000000000e+03
2.251000000000000000e+03
2.775000000000000000e+03
2.175000000000000000e+03
1.318000000000000000e+03
7.110000000000000000e+02
4.260000000000000000e+02
3.380000000000000000e+02
2.940000000000000000e+02
2.570000000000000000e+02
2.500000000000000000e+02
2.170000000000000000e+02
8.360000000000000000e+02
1.468300000000000000e+04
9.020000000000000000e+02
3.820000000000000000e+02
2.640000000000000000e+02
2.140000000000000000e+02
4.360000000000000000e+02
5.478000000000000000e+03
1.090000000000000000e+02
7.190000000000000000e+02
1.270000000000000000e+02
1.320000000000000000e+02
2.487600000000000000e+04
1.300000000000000000e+02
2.362900000000000000e+04
4.240000000000000000e+02
2.690000000000000000e+02
7.080000000000000000e+02
1.230000000000000000e+02
1.210000000000000000e+02
1.088000000000000000e+03
1.042300000000000000e+04
4.740000000000000000e+02
1.340000000000000000e+02
1.910000000000000000e+02
4.705000000000000000e+03
8.240000000000000000e+02
2.310000000000000000e+02
4.800000000000000000e+01
8.200000000000000000e+01
1.000000000000000000e+02
3.925000000000000000e+03
8.400000000000000000e+01
2.280000000000000000e+02
2.260000000000000000e+02
4.900000000000000000e+02
1.138000000000000000e+03
1.100000000000000000e+03
4.210000000000000000e+02
4.920000000000000000e+02
3.350000000000000000e+02
5.950000000000000000e+02
2.570000000000000000e+02
6.270000000000000000e+02
8.920000000000000000e+02
2.240000000000000000e+02
3.920000000000000000e+02
5.090000000000000000e+02
9.800000000000000000e+01
5.330000000000000000e+02
1.510000000000000000e+02
9.010000000000000000e+02
3.600000000000000000e+02
2.810000000000000000e+02
1.780000000000000000e+02
2.340000000000000000e+02
3.490000000000000000e+02
3.590000000000000000e+02
2.080000000000000000e+02
2.180000000000000000e+02
1.570000000000000000e+02
4.160000000000000000e+02
1.550000000000000000e+02
2.300000000000000000e+02
3.640000000000000000e+02
1.560000000000000000e+02
2.790000000000000000e+02
6.870000000000000000e+02
2.720000000000000000e+02
2.270000000000000000e+02
3.230000000000000000e+02
4.100000000000000000e+02
1.110000000000000000e+02
1.460000000000000000e+02
2.320000000000000000e+02
4.480000000000000000e+02
1.179000000000000000e+03
2.210000000000000000e+02
1.420000000000000000e+02
3.600000000000000000e+01
4.450000000000000000e+02
1.214000000000000000e+03
9.100000000000000000e+01
8.100000000000000000e+01
5.200000000000000000e+02
4.040000000000000000e+02
3.530000000000000000e+02
1.140000000000000000e+02
1.155000000000000000e+03
3.000000000000000000e+02
3.570000000000000000e+02
1.721000000000000000e+03
5.500000000000000000e+02
7.310000000000000000e+02
9.780000000000000000e+02
8.910000000000000000e+02
2.808000000000000000e+03
2.557000000000000000e+03
7.440000000000000000e+02
2.075000000000000000e+03
1.190000000000000000e+03
9.340000000000000000e+02
2.433000000000000000e+03
8.460000000000000000e+02
3.986000000000000000e+03
1.278000000000000000e+03
2.316000000000000000e+03
2.287000000000000000e+03
2.169000000000000000e+03
1.171000000000000000e+03
3.438000000000000000e+03
4.169000000000000000e+03
4.295000000000000000e+03
3.852000000000000000e+03
2.232000000000000000e+03
2.437800000000000000e+04
4.267000000000000000e+03
2.881000000000000000e+03
8.100000000000000000e+01
2.570000000000000000e+02
1.760000000000000000e+02
8.540000000000000000e+03
1.000000000000000000e+00
4.530000000000000000e+02
3.400000000000000000e+01
7.480000000000000000e+02
2.696000000000000000e+03
7.704000000000000000e+03
1.000000000000000000e+01
8.000000000000000000e+01
2.400000000000000000e+01
2.030000000000000000e+02
3.000000000000000000e+00
1.499000000000000000e+03
5.020000000000000000e+02
1.000000000000000000e+00
3.700000000000000000e+01
2.600000000000000000e+01
7.000000000000000000e+00
9.000000000000000000e+01
9.000000000000000000e+00
2.008000000000000000e+03
1.330000000000000000e+02
5.900000000000000000e+01
9.000000000000000000e+00
1.600000000000000000e+01
3.030000000000000000e+02
9.100000000000000000e+01
3.900000000000000000e+01
6.000000000000000000e+00
0.000000000000000000e+00
1.390000000000000000e+02
3.000000000000000000e+00
1.100000000000000000e+01
5.900000000000000000e+01
0.000000000000000000e+00
3.300000000000000000e+01
5.120000000000000000e+02
3.000000000000000000e+01
4.300000000000000000e+01
6.700000000000000000e+01
1.850000000000000000e+02
2.800000000000000000e+01
2.600000000000000000e+01
9.500000000000000000e+01
1.110000000000000000e+02
5.358000000000000000e+03
5.900000000000000000e+01
8.400000000000000000e+01
6.100000000000000000e+01
1.190000000000000000e+02
5.850000000000000000e+02
1.330000000000000000e+02
2.880000000000000000e+02
1.031000000000000000e+03
5.140000000000000000e+02
5.020000000000000000e+02
5.300000000000000000e+02
1.123000000000000000e+03
1.087000000000000000e+03
1.106000000000000000e+03
1.251300000000000000e+04
5.600000000000000000e+01
2.444000000000000000e+03
3.109000000000000000e+03
2.216000000000000000e+03
2.181600000000000000e+04
1.257700000000000000e+04
5.302000000000000000e+03
4.214000000000000000e+03
7.444000000000000000e+03
1.662900000000000000e+04
1.841200000000000000e+04
1.257000000000000000e+04
3.815000000000000000e+03
3.829000000000000000e+03
3.411000000000000000e+03
2.802000000000000000e+03
2.588000000000000000e+03
2.703000000000000000e+03
2.347000000000000000e+03
2.508000000000000000e+03
2.256000000000000000e+03
2.339000000000000000e+03
2.484000000000000000e+03
2.372000000000000000e+03
2.122000000000000000e+03
2.473000000000000000e+03
2.312000000000000000e+03
2.303000000000000000e+03
1.915000000000000000e+03
2.047000000000000000e+03
2.029000000000000000e+03
1.940000000000000000e+03
1.787000000000000000e+03
1.991000000000000000e+03
1.767000000000000000e+03
2.188000000000000000e+03
1.276000000000000000e+03
1.771000000000000000e+03
1.670000000000000000e+03
1.716000000000000000e+03
1.592000000000000000e+03
1.331000000000000000e+03
1.927000000000000000e+03
1.505000000000000000e+03
1.438000000000000000e+03
1.678000000000000000e+03
1.386000000000000000e+03
1.376000000000000000e+03
1.308000000000000000e+03
1.208000000000000000e+03
1.608000000000000000e+03
1.091000000000000000e+03
1.309000000000000000e+03
1.081000000000000000e+03
1.234000000000000000e+03
9.200000000000000000e+02
1.143000000000000000e+03
1.047000000000000000e+03
1.044000000000000000e+03
7.720000000000000000e+02
9.350000000000000000e+02
8.190000000000000000e+02
6.440000000000000000e+02
1.148000000000000000e+03
5.990000000000000000e+02
5.860000000000000000e+02
6.980000000000000000e+02
5.650000000000000000e+02
5.390000000000000000e+02
7.510000000000000000e+02
6.290000000000000000e+02
4.540000000000000000e+02
6.430000000000000000e+02
4.450000000000000000e+02
5.240000000000000000e+02
4.140000000000000000e+02
5.950000000000000000e+02
4.540000000000000000e+02
3.290000000000000000e+02
3.740000000000000000e+02
3.760000000000000000e+02
2.640000000000000000e+02
2.700000000000000000e+02
2.110000000000000000e+02
6.970000000000000000e+02
1.970000000000000000e+02
2.600000000000000000e+02
1.990000000000000000e+02
2.560000000000000000e+02
2.430000000000000000e+02
2.940000000000000000e+02
1.730000000000000000e+02
2.010000000000000000e+02
2.030000000000000000e+02
1.410000000000000000e+02
3.210000000000000000e+02
1.730000000000000000e+02
2.640000000000000000e+02
1.450000000000000000e+02
1.130000000000000000e+02
1.400000000000000000e+02
2.630000000000000000e+02
1.400000000000000000e+02
1.200000000000000000e+02
1.470000000000000000e+02
2.330000000000000000e+02
1.370000000000000000e+02
1.180000000000000000e+02
2.310000000000000000e+02
1.000000000000000000e+02
1.290000000000000000e+02
1.440000000000000000e+02
1.480000000000000000e+02
1.030000000000000000e+02
9.200000000000000000e+01
1.880000000000000000e+02
9.200000000000000000e+01
1.310000000000000000e+02
1.350000000000000000e+02
1.120000000000000000e+02
1.220000000000000000e+02
9.600000000000000000e+01
9.900000000000000000e+01
8.700000000000000000e+01
9.900000000000000000e+01
1.020000000000000000e+02
1.050000000000000000e+02
3.980000000000000000e+02
8.100000000000000000e+01
8.900000000000000000e+01
9.400000000000000000e+01
9.100000000000000000e+01
7.900000000000000000e+01
1.040000000000000000e+02
8.100000000000000000e+01
1.010000000000000000e+02
9.900000000000000000e+01
8.900000000000000000e+01
1.050000000000000000e+02
8.300000000000000000e+01
7.800000000000000000e+01
1.580000000000000000e+02
7.800000000000000000e+01
9.100000000000000000e+01
8.200000000000000000e+01
9.000000000000000000e+01
6.700000000000000000e+01
6.900000000000000000e+01
1.200000000000000000e+02
8.500000000000000000e+01
7.700000000000000000e+01
9.800000000000000000e+01
1.640000000000000000e+02
6.000000000000000000e+01
7.500000000000000000e+01
7.300000000000000000e+01
8.700000000000000000e+01
6.400000000000000000e+01
1.350000000000000000e+02
5.600000000000000000e+01
4.900000000000000000e+01
9.200000000000000000e+01
6.400000000000000000e+01
6.300000000000000000e+01
6.900000000000000000e+01
7.000000000000000000e+01
6.000000000000000000e+01
4.900000000000000000e+01
5.200000000000000000e+01
1.680000000000000000e+02
5.600000000000000000e+01
7.300000000000000000e+01
6.300000000000000000e+01
7.200000000000000000e+01
7.400000000000000000e+01
7.800000000000000000e+01
6.700000000000000000e+01
5.500000000000000000e+01
9.700000000000000000e+01
8.300000000000000000e+01
8.100000000000000000e+01
1.480000000000000000e+02
8.100000000000000000e+01
6.900000000000000000e+01
9.100000000000000000e+01
9.000000000000000000e+01
7.300000000000000000e+01
9.600000000000000000e+01
7.300000000000000000e+01
1.030000000000000000e+02
1.430000000000000000e+02
9.900000000000000000e+01
9.900000000000000000e+01
1.010000000000000000e+02
1.170000000000000000e+02
1.120000000000000000e+02
1.410000000000000000e+02
1.730000000000000000e+02
1.530000000000000000e+02
1.740000000000000000e+02
1.930000000000000000e+02
1.730000000000000000e+02
1.830000000000000000e+02
2.020000000000000000e+02
1.190000000000000000e+02
1.030000000000000000e+02
8.300000000000000000e+01
9.500000000000000000e+01
7.700000000000000000e+01
6.100000000000000000e+01
3.300000000000000000e+01
2.700000000000000000e+01
7.500000000000000000e+01
1.800000000000000000e+01
1.300000000000000000e+01
1.900000000000000000e+01
1.500000000000000000e+01
1.300000000000000000e+01
1.500000000000000000e+01
1.500000000000000000e+01
1.000000000000000000e+01
1.100000000000000000e+01
1.700000000000000000e+01
9.000000000000000000e+00
1.400000000000000000e+01
1.000000000000000000e+01
1.600000000000000000e+01
1.800000000000000000e+01
8.000000000000000000e+00
1.100000000000000000e+01
9.000000000000000000e+00
4.000000000000000000e+00
1.000000000000000000e+01
1.200000000000000000e+01
1.300000000000000000e+01
6.000000000000000000e+00
1.500000000000000000e+01
1.100000000000000000e+01
1.300000000000000000e+01
7.000000000000000000e+00
8.000000000000000000e+00
3.000000000000000000e+00
5.000000000000000000e+00
6.000000000000000000e+00
9.000000000000000000e+00
1.100000000000000000e+01
7.000000000000000000e+00
9.000000000000000000e+00
5.000000000000000000e+00
7.000000000000000000e+00
1.000000000000000000e+00
3.000000000000000000e+00
1.000000000000000000e+00
0.000000000000000000e+00
3.770000000000000000e+02
2.100000000000000000e+01
8.400000000000000000e+01
1.350000000000000000e+02
1.850000000000000000e+02
1.930000000000000000e+02
2.310000000000000000e+02
2.880000000000000000e+02
4.240000000000000000e+02
4.840000000000000000e+02
7.410000000000000000e+02
9.490000000000000000e+02
9.500000000000000000e+02
1.073000000000000000e+03
9.520000000000000000e+02
9.480000000000000000e+02
7.920000000000000000e+02
8.180000000000000000e+02
7.330000000000000000e+02
8.220000000000000000e+02
7.620000000000000000e+02
7.820000000000000000e+02
8.160000000000000000e+02
8.090000000000000000e+02
8.510000000000000000e+02
8.240000000000000000e+02
8.260000000000000000e+02
7.660000000000000000e+02
8.430000000000000000e+02
7.710000000000000000e+02
7.410000000000000000e+02
8.090000000000000000e+02
8.120000000000000000e+02
7.580000000000000000e+02
7.850000000000000000e+02
7.550000000000000000e+02
7.920000000000000000e+02
7.600000000000000000e+02
7.850000000000000000e+02
7.950000000000000000e+02
7.340000000000000000e+02
7.290000000000000000e+02
7.530000000000000000e+02
6.670000000000000000e+02
6.660000000000000000e+02
7.050000000000000000e+02
7.050000000000000000e+02
6.250000000000000000e+02
6.290000000000000000e+02
5.940000000000000000e+02
6.730000000000000000e+02
6.440000000000000000e+02
6.150000000000000000e+02
6.550000000000000000e+02
6.440000000000000000e+02
6.440000000000000000e+02
6.680000000000000000e+02
6.510000000000000000e+02
7.020000000000000000e+02
6.740000000000000000e+02
6.660000000000000000e+02
6.610000000000000000e+02
6.580000000000000000e+02
7.080000000000000000e+02
6.910000000000000000e+02
6.900000000000000000e+02
7.280000000000000000e+02
7.990000000000000000e+02
7.570000000000000000e+02
7.980000000000000000e+02
8.340000000000000000e+02
8.390000000000000000e+02
8.500000000000000000e+02
8.270000000000000000e+02
8.480000000000000000e+02
7.530000000000000000e+02
7.240000000000000000e+02
7.430000000000000000e+02
7.210000000000000000e+02
6.660000000000000000e+02
6.900000000000000000e+02
6.020000000000000000e+02
6.400000000000000000e+02
6.510000000000000000e+02
5.950000000000000000e+02
6.570000000000000000e+02
5.670000000000000000e+02
5.770000000000000000e+02
5.710000000000000000e+02
5.100000000000000000e+02
5.270000000000000000e+02
5.430000000000000000e+02
6.010000000000000000e+02
5.590000000000000000e+02
5.590000000000000000e+02
5.840000000000000000e+02
5.630000000000000000e+02
5.810000000000000000e+02
6.310000000000000000e+02
6.580000000000000000e+02
6.210000000000000000e+02
5.960000000000000000e+02
6.040000000000000000e+02
6.170000000000000000e+02
6.470000000000000000e+02
6.660000000000000000e+02
6.700000000000000000e+02
6.480000000000000000e+02
6.510000000000000000e+02
6.530000000000000000e+02
6.420000000000000000e+02
6.480000000000000000e+02
6.210000000000000000e+02
6.490000000000000000e+02
6.730000000000000000e+02
6.320000000000000000e+02
6.360000000000000000e+02
6.090000000000000000e+02
6.280000000000000000e+02
6.150000000000000000e+02
5.830000000000000000e+02
6.620000000000000000e+02
6.010000000000000000e+02
6.700000000000000000e+02
6.510000000000000000e+02
6.000000000000000000e+02
6.490000000000000000e+02
5.890000000000000000e+02
6.040000000000000000e+02
6.030000000000000000e+02
6.370000000000000000e+02
6.000000000000000000e+02
5.480000000000000000e+02
5.840000000000000000e+02
5.720000000000000000e+02
6.080000000000000000e+02
5.900000000000000000e+02
5.680000000000000000e+02
5.720000000000000000e+02
5.940000000000000000e+02
5.530000000000000000e+02
5.860000000000000000e+02
5.590000000000000000e+02
5.650000000000000000e+02
5.370000000000000000e+02
5.270000000000000000e+02
5.040000000000000000e+02
5.740000000000000000e+02
5.870000000000000000e+02
5.670000000000000000e+02
5.480000000000000000e+02
5.730000000000000000e+02
5.990000000000000000e+02
5.420000000000000000e+02
5.640000000000000000e+02
5.560000000000000000e+02
5.310000000000000000e+02
5.420000000000000000e+02
5.850000000000000000e+02
5.830000000000000000e+02
5.980000000000000000e+02
6.260000000000000000e+02
6.100000000000000000e+02
6.540000000000000000e+02
7.260000000000000000e+02
7.670000000000000000e+02
7.790000000000000000e+02
8.500000000000000000e+02
9.580000000000000000e+02
1.076000000000000000e+03
1.279000000000000000e+03
1.419000000000000000e+03
1.570000000000000000e+03
1.822000000000000000e+03
2.035000000000000000e+03
2.225000000000000000e+03
2.620000000000000000e+03
2.810000000000000000e+03
2.908000000000000000e+03
3.084000000000000000e+03
3.198000000000000000e+03
3.103000000000000000e+03
3.149000000000000000e+03
2.959000000000000000e+03
2.793000000000000000e+03
2.708000000000000000e+03
2.466000000000000000e+03
2.160000000000000000e+03
2.009000000000000000e+03
1.780000000000000000e+03
1.583000000000000000e+03
1.386000000000000000e+03
1.270000000000000000e+03
1.120000000000000000e+03
1.060000000000000000e+03
1.013000000000000000e+03
9.580000000000000000e+02
8.420000000000000000e+02
8.370000000000000000e+02
7.740000000000000000e+02
7.940000000000000000e+02
7.980000000000000000e+02
7.690000000000000000e+02
7.020000000000000000e+02
7.820000000000000000e+02
7.190000000000000000e+02
6.940000000000000000e+02
6.820000000000000000e+02
6.530000000000000000e+02
7.070000000000000000e+02
7.080000000000000000e+02
7.260000000000000000e+02
7.290000000000000000e+02
7.010000000000000000e+02
7.670000000000000000e+02
7.590000000000000000e+02
8.140000000000000000e+02
8.110000000000000000e+02
8.370000000000000000e+02
9.070000000000000000e+02
9.550000000000000000e+02
1.037000000000000000e+03
1.047000000000000000e+03
1.086000000000000000e+03
1.096000000000000000e+03
1.184000000000000000e+03
1.246000000000000000e+03
1.273000000000000000e+03
1.402000000000000000e+03
1.555000000000000000e+03
1.648000000000000000e+03
1.647000000000000000e+03
1.741000000000000000e+03
1.674000000000000000e+03
1.690000000000000000e+03
1.656000000000000000e+03
1.754000000000000000e+03
1.812000000000000000e+03
1.871000000000000000e+03
1.936000000000000000e+03
2.051000000000000000e+03
2.147000000000000000e+03
2.020000000000000000e+03
1.989000000000000000e+03
2.029000000000000000e+03
2.391000000000000000e+03
2.969000000000000000e+03
2.370000000000000000e+03
1.536000000000000000e+03
9.320000000000000000e+02
6.700000000000000000e+02
5.800000000000000000e+02
5.820000000000000000e+02
5.810000000000000000e+02
5.620000000000000000e+02
4.580000000000000000e+02
2.318000000000000000e+03
