2.630000000000000000e+02
1.980000000000000000e+02
1.070000000000000000e+02
1.750000000000000000e+02
1.940000000000000000e+02
1.960000000000000000e+02
3.190000000000000000e+02
3.700000000000000000e+02
4.180000000000000000e+02
5.550000000000000000e+02
6.340000000000000000e+02
6.110000000000000000e+02
7.170000000000000000e+02
7.010000000000000000e+02
6.920000000000000000e+02
6.770000000000000000e+02
7.040000000000000000e+02
6.660000000000000000e+02
6.960000000000000000e+02
6.700000000000000000e+02
6.990000000000000000e+02
6.820000000000000000e+02
7.040000000000000000e+02
8.320000000000000000e+02
7.650000000000000000e+02
8.940000000000000000e+02
8.400000000000000000e+02
9.060000000000000000e+02
8.780000000000000000e+02
7.910000000000000000e+02
6.640000000000000000e+02
7.590000000000000000e+02
7.130000000000000000e+02
7.310000000000000000e+02
6.850000000000000000e+02
7.260000000000000000e+02
7.310000000000000000e+02
7.630000000000000000e+02
7.800000000000000000e+02
7.220000000000000000e+02
7.560000000000000000e+02
7.280000000000000000e+02
7.590000000000000000e+02
7.760000000000000000e+02
7.440000000000000000e+02
7.470000000000000000e+02
7.850000000000000000e+02
7.800000000000000000e+02
8.400000000000000000e+02
7.810000000000000000e+02
8.560000000000000000e+02
8.820000000000000000e+02
9.470000000000000000e+02
9.170000000000000000e+02
9.350000000000000000e+02
9.390000000000000000e+02
9.010000000000000000e+02
9.070000000000000000e+02
9.530000000000000000e+02
9.630000000000000000e+02
9.260000000000000000e+02
9.250000000000000000e+02
9.490000000000000000e+02
8.840000000000000000e+02
9.850000000000000000e+02
9.940000000000000000e+02
9.550000000000000000e+02
9.810000000000000000e+02
1.050000000000000000e+03
9.460000000000000000e+02
9.000000000000000000e+02
9.770000000000000000e+02
9.090000000000000000e+02
9.170000000000000000e+02
8.640000000000000000e+02
9.260000000000000000e+02
9.670000000000000000e+02
8.710000000000000000e+02
9.310000000000000000e+02
9.450000000000000000e+02
9.210000000000000000e+02
9.360000000000000000e+02
9.200000000000000000e+02
9.620000000000000000e+02
9.770000000000000000e+02
9.280000000000000000e+02
9.880000000000000000e+02
1.026000000000000000e+03
1.043000000000000000e+03
1.002000000000000000e+03
1.036000000000000000e+03
1.011000000000000000e+03
1.097000000000000000e+03
1.104000000000000000e+03
1.120000000000000000e+03
1.071000000000000000e+03
1.174000000000000000e+03
1.183000000000000000e+03
1.217000000000000000e+03
1.216000000000000000e+03
1.269000000000000000e+03
1.328000000000000000e+03
1.259000000000000000e+03
1.315000000000000000e+03
1.286000000000000000e+03
1.331000000000000000e+03
1.357000000000000000e+03
1.443000000000000000e+03
1.361000000000000000e+03
1.426000000000000000e+03
1.402000000000000000e+03
1.471000000000000000e+03
1.504000000000000000e+03
1.454000000000000000e+03
1.435000000000000000e+03
1.441000000000000000e+03
1.371000000000000000e+03
1.465000000000000000e+03
1.383000000000000000e+03
1.333000000000000000e+03
1.379000000000000000e+03
1.306000000000000000e+03
1.349000000000000000e+03
1.278000000000000000e+03
1.264000000000000000e+03
1.179000000000000000e+03
1.222000000000000000e+03
1.150000000000000000e+03
1.120000000000000000e+03
1.104000000000000000e+03
1.015000000000000000e+03
1.047000000000000000e+03
1.022000000000000000e+03
1.083000000000000000e+03
1.042000000000000000e+03
1.073000000000000000e+03
1.018000000000000000e+03
9.840000000000000000e+02
9.790000000000000000e+02
9.870000000000000000e+02
9.860000000000000000e+02
1.033000000000000000e+03
9.260000000000000000e+02
1.030000000000000000e+03
9.590000000000000000e+02
9.280000000000000000e+02
9.600000000000000000e+02
9.060000000000000000e+02
9.940000000000000000e+02
1.014000000000000000e+03
9.740000000000000000e+02
1.051000000000000000e+03
9.570000000000000000e+02
9.540000000000000000e+02
9.920000000000000000e+02
9.340000000000000000e+02
1.034000000000000000e+03
9.640000000000000000e+02
9.770000000000000000e+02
9.840000000000000000e+02
1.000000000000000000e+03
9.260000000000000000e+02
9.840000000000000000e+02
9.160000000000000000e+02
9.870000000000000000e+02
9.210000000000000000e+02
8.990000000000000000e+02
9.250000000000000000e+02
8.800000000000000000e+02
8.810000000000000000e+02
8.240000000000000000e+02
7.930000000000000000e+02
7.820000000000000000e+02
8.130000000000000000e+02
7.010000000000000000e+02
7.460000000000000000e+02
7.120000000000000000e+02
6.640000000000000000e+02
6.760000000000000000e+02
6.420000000000000000e+02
6.330000000000000000e+02
6.010000000000000000e+02
5.640000000000000000e+02
6.060000000000000000e+02
5.710000000000000000e+02
5.960000000000000000e+02
5.330000000000000000e+02
5.470000000000000000e+02
5.680000000000000000e+02
5.970000000000000000e+02
5.310000000000000000e+02
5.460000000000000000e+02
5.300000000000000000e+02
5.720000000000000000e+02
5.000000000000000000e+02
5.260000000000000000e+02
4.810000000000000000e+02
5.230000000000000000e+02
4.810000000000000000e+02
4.490000000000000000e+02
4.330000000000000000e+02
4.720000000000000000e+02
4.550000000000000000e+02
4.130000000000000000e+02
4.400000000000000000e+02
4.690000000000000000e+02
4.460000000000000000e+02
4.090000000000000000e+02
4.050000000000000000e+02
3.580000000000000000e+02
3.610000000000000000e+02
4.010000000000000000e+02
3.850000000000000000e+02
3.590000000000000000e+02
3.680000000000000000e+02
3.930000000000000000e+02
4.110000000000000000e+02
3.870000000000000000e+02
3.660000000000000000e+02
4.370000000000000000e+02
6.150000000000000000e+02
1.037000000000000000e+03
1.404000000000000000e+03
2.777000000000000000e+03
1.291000000000000000e+03
2.177000000000000000e+03
2.752000000000000000e+03
7.620000000000000000e+03
7.901000000000000000e+03
5.300000000000000000e+03
4.870000000000000000e+03
5.360000000000000000e+03
4.774000000000000000e+03
5.939000000000000000e+03
7.362000000000000000e+03
5.475000000000000000e+03
5.684000000000000000e+03
6.914000000000000000e+03
4.326000000000000000e+03
4.459000000000000000e+03
3.638000000000000000e+03
2.139000000000000000e+03
3.265000000000000000e+03
3.977000000000000000e+03
2.688000000000000000e+03
1.217000000000000000e+03
1.028000000000000000e+03
7.460000000000000000e+02
1.193000000000000000e+03
1.074000000000000000e+03
1.254000000000000000e+03
1.730000000000000000e+03
3.112000000000000000e+03
2.225000000000000000e+03
9.971000000000000000e+03
8.878600000000000000e+04
4.380000000000000000e+02
1.930000000000000000e+02
1.800000000000000000e+02
2.060000000000000000e+02
2.500000000000000000e+02
3.170000000000000000e+02
4.310000000000000000e+02
5.170000000000000000e+02
6.180000000000000000e+02
6.550000000000000000e+02
6.720000000000000000e+02
7.440000000000000000e+02
8.030000000000000000e+02
7.550000000000000000e+02
7.490000000000000000e+02
7.470000000000000000e+02
6.870000000000000000e+02
7.050000000000000000e+02
7.130000000000000000e+02
8.130000000000000000e+02
7.920000000000000000e+02
8.060000000000000000e+02
9.000000000000000000e+02
8.900000000000000000e+02
9.790000000000000000e+02
9.730000000000000000e+02
9.300000000000000000e+02
9.350000000000000000e+02
8.730000000000000000e+02
7.990000000000000000e+02
8.130000000000000000e+02
9.060000000000000000e+02
8.150000000000000000e+02
8.240000000000000000e+02
8.110000000000000000e+02
8.670000000000000000e+02
8.640000000000000000e+02
8.620000000000000000e+02
7.800000000000000000e+02
7.910000000000000000e+02
7.770000000000000000e+02
8.620000000000000000e+02
8.460000000000000000e+02
8.740000000000000000e+02
8.640000000000000000e+02
9.130000000000000000e+02
9.040000000000000000e+02
9.380000000000000000e+02
9.420000000000000000e+02
9.550000000000000000e+02
9.600000000000000000e+02
9.340000000000000000e+02
9.340000000000000000e+02
8.840000000000000000e+02
9.100000000000000000e+02
8.740000000000000000e+02
8.810000000000000000e+02
9.310000000000000000e+02
9.550000000000000000e+02
1.020000000000000000e+03
9.650000000000000000e+02
9.700000000000000000e+02
9.660000000000000000e+02
1.021000000000000000e+03
9.530000000000000000e+02
9.960000000000000000e+02
1.032000000000000000e+03
1.000000000000000000e+03
1.017000000000000000e+03
1.005000000000000000e+03
1.059000000000000000e+03
1.090000000000000000e+03
1.081000000000000000e+03
1.077000000000000000e+03
1.128000000000000000e+03
1.100000000000000000e+03
1.104000000000000000e+03
1.104000000000000000e+03
1.134000000000000000e+03
1.137000000000000000e+03
1.138000000000000000e+03
1.199000000000000000e+03
1.154000000000000000e+03
1.266000000000000000e+03
1.189000000000000000e+03
1.256000000000000000e+03
1.335000000000000000e+03
1.346000000000000000e+03
1.313000000000000000e+03
1.338000000000000000e+03
1.305000000000000000e+03
1.354000000000000000e+03
1.270000000000000000e+03
1.298000000000000000e+03
1.339000000000000000e+03
1.354000000000000000e+03
1.349000000000000000e+03
1.309000000000000000e+03
1.261000000000000000e+03
1.324000000000000000e+03
1.355000000000000000e+03
1.230000000000000000e+03
1.270000000000000000e+03
1.290000000000000000e+03
1.352000000000000000e+03
1.299000000000000000e+03
1.436000000000000000e+03
1.355000000000000000e+03
1.360000000000000000e+03
1.414000000000000000e+03
1.386000000000000000e+03
1.376000000000000000e+03
1.376000000000000000e+03
1.362000000000000000e+03
1.418000000000000000e+03
1.369000000000000000e+03
1.305000000000000000e+03
1.238000000000000000e+03
1.198000000000000000e+03
1.180000000000000000e+03
1.127000000000000000e+03
1.114000000000000000e+03
1.086000000000000000e+03
1.063000000000000000e+03
1.131000000000000000e+03
1.045000000000000000e+03
1.055000000000000000e+03
1.040000000000000000e+03
1.054000000000000000e+03
1.011000000000000000e+03
9.630000000000000000e+02
9.020000000000000000e+02
1.053000000000000000e+03
9.420000000000000000e+02
9.490000000000000000e+02
1.007000000000000000e+03
9.970000000000000000e+02
9.790000000000000000e+02
1.008000000000000000e+03
9.730000000000000000e+02
9.840000000000000000e+02
9.500000000000000000e+02
9.710000000000000000e+02
9.930000000000000000e+02
9.930000000000000000e+02
9.660000000000000000e+02
9.860000000000000000e+02
1.065000000000000000e+03
1.012000000000000000e+03
9.360000000000000000e+02
9.770000000000000000e+02
9.600000000000000000e+02
9.160000000000000000e+02
9.490000000000000000e+02
9.150000000000000000e+02
9.160000000000000000e+02
8.980000000000000000e+02
9.020000000000000000e+02
8.160000000000000000e+02
8.200000000000000000e+02
7.810000000000000000e+02
7.500000000000000000e+02
7.930000000000000000e+02
7.440000000000000000e+02
7.610000000000000000e+02
7.060000000000000000e+02
7.110000000000000000e+02
6.830000000000000000e+02
6.400000000000000000e+02
6.410000000000000000e+02
5.980000000000000000e+02
5.780000000000000000e+02
5.710000000000000000e+02
5.670000000000000000e+02
5.780000000000000000e+02
5.630000000000000000e+02
5.300000000000000000e+02
5.300000000000000000e+02
4.860000000000000000e+02
5.060000000000000000e+02
4.810000000000000000e+02
4.470000000000000000e+02
3.940000000000000000e+02
4.360000000000000000e+02
4.230000000000000000e+02
4.240000000000000000e+02
4.000000000000000000e+02
4.080000000000000000e+02
3.780000000000000000e+02
4.120000000000000000e+02
3.940000000000000000e+02
4.240000000000000000e+02
3.940000000000000000e+02
3.730000000000000000e+02
3.940000000000000000e+02
4.090000000000000000e+02
3.550000000000000000e+02
3.870000000000000000e+02
3.550000000000000000e+02
4.100000000000000000e+02
3.550000000000000000e+02
4.170000000000000000e+02
3.900000000000000000e+02
4.050000000000000000e+02
4.210000000000000000e+02
4.360000000000000000e+02
3.510000000000000000e+02
4.270000000000000000e+02
4.500000000000000000e+02
4.070000000000000000e+02
3.910000000000000000e+02
3.780000000000000000e+02
3.720000000000000000e+02
3.930000000000000000e+02
3.570000000000000000e+02
3.460000000000000000e+02
3.690000000000000000e+02
3.310000000000000000e+02
3.500000000000000000e+02
2.990000000000000000e+02
3.120000000000000000e+02
3.020000000000000000e+02
2.920000000000000000e+02
2.580000000000000000e+02
3.410000000000000000e+02
3.050000000000000000e+02
3.670000000000000000e+02
6.120000000000000000e+02
1.024000000000000000e+03
1.920000000000000000e+03
3.176000000000000000e+03
2.386000000000000000e+03
6.850000000000000000e+03
8.082000000000000000e+03
6.183000000000000000e+03
5.895000000000000000e+03
5.799000000000000000e+03
5.086000000000000000e+03
5.881000000000000000e+03
7.448000000000000000e+03
6.958000000000000000e+03
6.750000000000000000e+03
8.322000000000000000e+03
5.496000000000000000e+03
6.228000000000000000e+03
2.999000000000000000e+03
2.390000000000000000e+03
1.670000000000000000e+03
2.198000000000000000e+03
2.234000000000000000e+03
3.774000000000000000e+03
2.474000000000000000e+03
7.453000000000000000e+03
2.294000000000000000e+03
3.985000000000000000e+03
8.773100000000000000e+04
1.345000000000000000e+03
3.130000000000000000e+02
3.640000000000000000e+02
4.220000000000000000e+02
4.750000000000000000e+02
5.790000000000000000e+02
7.220000000000000000e+02
8.690000000000000000e+02
8.480000000000000000e+02
8.250000000000000000e+02
8.910000000000000000e+02
8.590000000000000000e+02
8.360000000000000000e+02
8.860000000000000000e+02
9.500000000000000000e+02
9.700000000000000000e+02
9.380000000000000000e+02
1.031000000000000000e+03
1.092000000000000000e+03
1.200000000000000000e+03
1.123000000000000000e+03
1.102000000000000000e+03
1.091000000000000000e+03
1.009000000000000000e+03
8.930000000000000000e+02
9.420000000000000000e+02
8.760000000000000000e+02
9.230000000000000000e+02
8.740000000000000000e+02
8.780000000000000000e+02
8.760000000000000000e+02
8.760000000000000000e+02
8.700000000000000000e+02
9.070000000000000000e+02
8.370000000000000000e+02
8.940000000000000000e+02
8.820000000000000000e+02
9.530000000000000000e+02
9.000000000000000000e+02
9.510000000000000000e+02
9.350000000000000000e+02
8.910000000000000000e+02
8.900000000000000000e+02
9.350000000000000000e+02
9.560000000000000000e+02
9.070000000000000000e+02
9.090000000000000000e+02
8.970000000000000000e+02
9.490000000000000000e+02
9.510000000000000000e+02
9.460000000000000000e+02
8.810000000000000000e+02
8.990000000000000000e+02
8.370000000000000000e+02
8.820000000000000000e+02
8.910000000000000000e+02
8.880000000000000000e+02
8.850000000000000000e+02
8.770000000000000000e+02
9.120000000000000000e+02
9.310000000000000000e+02
9.820000000000000000e+02
9.220000000000000000e+02
1.001000000000000000e+03
1.054000000000000000e+03
1.020000000000000000e+03
1.065000000000000000e+03
1.061000000000000000e+03
1.167000000000000000e+03
1.086000000000000000e+03
1.174000000000000000e+03
1.190000000000000000e+03
1.120000000000000000e+03
1.230000000000000000e+03
1.262000000000000000e+03
1.226000000000000000e+03
1.327000000000000000e+03
1.343000000000000000e+03
1.366000000000000000e+03
1.365000000000000000e+03
1.457000000000000000e+03
1.513000000000000000e+03
1.514000000000000000e+03
1.477000000000000000e+03
1.585000000000000000e+03
1.539000000000000000e+03
1.574000000000000000e+03
1.582000000000000000e+03
1.576000000000000000e+03
1.567000000000000000e+03
1.474000000000000000e+03
1.422000000000000000e+03
1.442000000000000000e+03
1.368000000000000000e+03
1.363000000000000000e+03
1.350000000000000000e+03
1.325000000000000000e+03
1.342000000000000000e+03
1.320000000000000000e+03
1.308000000000000000e+03
1.311000000000000000e+03
1.256000000000000000e+03
1.198000000000000000e+03
1.223000000000000000e+03
1.246000000000000000e+03
1.298000000000000000e+03
1.266000000000000000e+03
1.230000000000000000e+03
1.180000000000000000e+03
1.258000000000000000e+03
1.301000000000000000e+03
1.208000000000000000e+03
1.266000000000000000e+03
1.239000000000000000e+03
1.197000000000000000e+03
1.174000000000000000e+03
1.281000000000000000e+03
1.201000000000000000e+03
1.171000000000000000e+03
1.144000000000000000e+03
1.221000000000000000e+03
1.192000000000000000e+03
1.094000000000000000e+03
1.082000000000000000e+03
1.043000000000000000e+03
1.078000000000000000e+03
1.067000000000000000e+03
1.088000000000000000e+03
1.081000000000000000e+03
1.020000000000000000e+03
1.029000000000000000e+03
1.075000000000000000e+03
1.001000000000000000e+03
1.020000000000000000e+03
9.980000000000000000e+02
9.530000000000000000e+02
9.440000000000000000e+02
9.580000000000000000e+02
9.540000000000000000e+02
9.030000000000000000e+02
9.130000000000000000e+02
9.160000000000000000e+02
9.110000000000000000e+02
8.640000000000000000e+02
8.560000000000000000e+02
8.370000000000000000e+02
8.110000000000000000e+02
7.980000000000000000e+02
7.570000000000000000e+02
7.040000000000000000e+02
6.850000000000000000e+02
6.880000000000000000e+02
6.730000000000000000e+02
7.550000000000000000e+02
6.850000000000000000e+02
6.080000000000000000e+02
6.170000000000000000e+02
6.090000000000000000e+02
5.760000000000000000e+02
5.500000000000000000e+02
5.290000000000000000e+02
5.180000000000000000e+02
5.250000000000000000e+02
5.050000000000000000e+02
5.230000000000000000e+02
4.920000000000000000e+02
4.790000000000000000e+02
4.940000000000000000e+02
5.310000000000000000e+02
4.670000000000000000e+02
4.670000000000000000e+02
4.490000000000000000e+02
4.590000000000000000e+02
4.500000000000000000e+02
4.310000000000000000e+02
4.060000000000000000e+02
4.310000000000000000e+02
3.990000000000000000e+02
4.060000000000000000e+02
4.230000000000000000e+02
3.540000000000000000e+02
3.380000000000000000e+02
3.770000000000000000e+02
3.370000000000000000e+02
3.580000000000000000e+02
3.750000000000000000e+02
3.480000000000000000e+02
3.420000000000000000e+02
2.880000000000000000e+02
3.340000000000000000e+02
3.180000000000000000e+02
3.110000000000000000e+02
2.990000000000000000e+02
3.310000000000000000e+02
3.110000000000000000e+02
3.260000000000000000e+02
2.960000000000000000e+02
3.430000000000000000e+02
3.060000000000000000e+02
3.060000000000000000e+02
3.210000000000000000e+02
3.080000000000000000e+02
2.970000000000000000e+02
3.120000000000000000e+02
3.320000000000000000e+02
3.220000000000000000e+02
2.990000000000000000e+02
3.420000000000000000e+02
3.040000000000000000e+02
3.010000000000000000e+02
3.710000000000000000e+02
3.680000000000000000e+02
4.230000000000000000e+02
3.970000000000000000e+02
4.040000000000000000e+02
4.100000000000000000e+02
4.020000000000000000e+02
3.490000000000000000e+02
3.770000000000000000e+02
3.980000000000000000e+02
3.450000000000000000e+02
3.270000000000000000e+02
3.610000000000000000e+02
3.320000000000000000e+02
2.960000000000000000e+02
2.810000000000000000e+02
3.140000000000000000e+02
2.680000000000000000e+02
3.150000000000000000e+02
2.990000000000000000e+02
3.030000000000000000e+02
3.350000000000000000e+02
3.590000000000000000e+02
1.362000000000000000e+03
2.813000000000000000e+03
2.654000000000000000e+03
9.722000000000000000e+03
9.159000000000000000e+03
5.185000000000000000e+03
5.549000000000000000e+03
6.255000000000000000e+03
5.362000000000000000e+03
8.267000000000000000e+03
8.412000000000000000e+03
5.225000000000000000e+03
9.187000000000000000e+03
9.525000000000000000e+03
4.382000000000000000e+03
4.094000000000000000e+03
2.669000000000000000e+03
2.758000000000000000e+03
5.787000000000000000e+03
2.481000000000000000e+03
8.682000000000000000e+03
3.375000000000000000e+03
8.762400000000000000e+04
9.708000000000000000e+04
7.000000000000000000e+00
6.100000000000000000e+01
1.580000000000000000e+02
4.400000000000000000e+01
1.300000000000000000e+03
7.770000000000000000e+02
3.170000000000000000e+02
4.009000000000000000e+03
3.936000000000000000e+03
7.849000000000000000e+03
1.567600000000000000e+04
8.917000000000000000e+03
1.488100000000000000e+04
7.876000000000000000e+03
1.396300000000000000e+04
1.012000000000000000e+04
9.297000000000000000e+03
3.744000000000000000e+03
9.314000000000000000e+03
7.574000000000000000e+03
7.875000000000000000e+03
3.477000000000000000e+03
1.801000000000000000e+03
7.904000000000000000e+03
3.548000000000000000e+03
1.912000000000000000e+03
8.900000000000000000e+01
6.600000000000000000e+01
1.200000000000000000e+01
5.055000000000000000e+03
0.000000000000000000e+00
4.400000000000000000e+01
0.000000000000000000e+00
2.410000000000000000e+02
7.910000000000000000e+02
2.383000000000000000e+03
2.000000000000000000e+00
2.400000000000000000e+01
8.000000000000000000e+00
6.600000000000000000e+01
0.000000000000000000e+00
7.630000000000000000e+02
1.830000000000000000e+02
0.000000000000000000e+00
1.430000000000000000e+02
0.000000000000000000e+00
0.000000000000000000e+00
6.000000000000000000e+00
0.000000000000000000e+00
1.449000000000000000e+03
4.600000000000000000e+01
0.000000000000000000e+00
1.000000000000000000e+00
0.000000000000000000e+00
1.920000000000000000e+02
7.000000000000000000e+00
0.000000000000000000e+00
0.000000000000000000e+00
0.000000000000000000e+00
7.400000000000000000e+01
0.000000000000000000e+00
0.000000000000000000e+00
0.000000000000000000e+00
0.000000000000000000e+00
0.000000000000000000e+00
4.380000000000000000e+02
0.000000000000000000e+00
1.000000000000000000e+00
0.000000000000000000e+00
9.400000000000000000e+01
0.000000000000000000e+00
0.000000000000000000e+00
4.000000000000000000e+00
1.000000000000000000e+00
2.713000000000000000e+03
0.000000000000000000e+00
0.000000000000000000e+00
0.000000000000000000e+00
7.000000000000000000e+00
2.790000000000000000e+02
0.000000000000000000e+00
0.000000000000000000e+00
1.095000000000000000e+03
2.000000000000000000e+00
2.000000000000000000e+00
0.000000000000000000e+00
2.140000000000000000e+02
0.000000000000000000e+00
4.000000000000000000e+00
2.235000000000000000e+03
1.900000000000000000e+01
4.800000000000000000e+01
2.330000000000000000e+02
1.100000000000000000e+01
1.204000000000000000e+03
5.111000000000000000e+03
6.500000000000000000e+01
5.760000000000000000e+03
1.260000000000000000e+03
1.449000000000000000e+03
1.715900000000000000e+04
2.377000000000000000e+03
6.747200000000000000e+04
5.754000000000000000e+03
1.208000000000000000e+03
1.417000000000000000e+03
1.570000000000000000e+02
9.600000000000000000e+01
1.759000000000000000e+03
1.097200000000000000e+04
4.760000000000000000e+02
2.000000000000000000e+01
4.400000000000000000e+01
2.027000000000000000e+03
5.840000000000000000e+02
1.300000000000000000e+01
1.000000000000000000e+00
2.000000000000000000e+00
0.000000000000000000e+00
2.006000000000000000e+03
0.000000000000000000e+00
1.000000000000000000e+00
0.000000000000000000e+00
2.700000000000000000e+01
1.050000000000000000e+02
2.930000000000000000e+02
0.000000000000000000e+00
7.000000000000000000e+00
0.000000000000000000e+00
1.000000000000000000e+01
0.000000000000000000e+00
3.500000000000000000e+01
1.100000000000000000e+01
0.000000000000000000e+00
1.300000000000000000e+01
0.000000000000000000e+00
0.000000000000000000e+00
4.000000000000000000e+00
0.000000000000000000e+00
2.600000000000000000e+02
9.000000000000000000e+00
3.000000000000000000e+00
0.000000000000000000e+00
0.000000000000000000e+00
6.000000000000000000e+00
4.000000000000000000e+00
3.000000000000000000e+00
0.000000000000000000e+00
0.000000000000000000e+00
5.180000000000000000e+02
0.000000000000000000e+00
3.000000000000000000e+00
4.000000000000000000e+00
0.000000000000000000e+00
8.000000000000000000e+00
5.500000000000000000e+01
4.000000000000000000e+00
2.000000000000000000e+00
1.000000000000000000e+00
1.400000000000000000e+01
0.000000000000000000e+00
0.000000000000000000e+00
7.000000000000000000e+00
5.000000000000000000e+00
1.027900000000000000e+04
0.000000000000000000e+00
1.000000000000000000e+00
0.000000000000000000e+00
5.000000000000000000e+00
1.230000000000000000e+02
0.000000000000000000e+00
1.000000000000000000e+00
3.900000000000000000e+02
4.000000000000000000e+00
6.000000000000000000e+00
4.000000000000000000e+00
3.900000000000000000e+01
3.000000000000000000e+00
3.000000000000000000e+00
9.659300000000000000e+04
9.730000000000000000e+02
1.277800000000000000e+04
1.127800000000000000e+04
1.970000000000000000e+03
6.226000000000000000e+03
4.027000000000000000e+03
9.738000000000000000e+03
1.248400000000000000e+04
2.590300000000000000e+04
3.399400000000000000e+04
3.424000000000000000e+03
5.562000000000000000e+03
1.913000000000000000e+03
5.152000000000000000e+03
1.525000000000000000e+03
1.400000000000000000e+03
1.359000000000000000e+03
1.139000000000000000e+03
1.186000000000000000e+03
1.416000000000000000e+03
1.299000000000000000e+03
1.411000000000000000e+03
1.522000000000000000e+03
1.541000000000000000e+03
1.621000000000000000e+03
2.032000000000000000e+03
2.010000000000000000e+03
2.135000000000000000e+03
2.004000000000000000e+03
2.097000000000000000e+03
2.029000000000000000e+03
2.219000000000000000e+03
2.302000000000000000e+03
2.326000000000000000e+03
2.252000000000000000e+03
2.719000000000000000e+03
2.118000000000000000e+03
2.772000000000000000e+03
2.630000000000000000e+03
2.699000000000000000e+03
2.717000000000000000e+03
2.766000000000000000e+03
2.987000000000000000e+03
2.846000000000000000e+03
2.875000000000000000e+03
2.945000000000000000e+03
2.968000000000000000e+03
2.983000000000000000e+03
3.002000000000000000e+03
2.807000000000000000e+03
3.362000000000000000e+03
2.730000000000000000e+03
3.098000000000000000e+03
2.843000000000000000e+03
2.850000000000000000e+03
2.795000000000000000e+03
2.790000000000000000e+03
2.854000000000000000e+03
2.581000000000000000e+03
2.512000000000000000e+03
2.682000000000000000e+03
2.348000000000000000e+03
2.215000000000000000e+03
3.020000000000000000e+03
2.102000000000000000e+03
1.995000000000000000e+03
2.294000000000000000e+03
2.005000000000000000e+03
1.618000000000000000e+03
2.192000000000000000e+03
1.795000000000000000e+03
1.520000000000000000e+03
1.836000000000000000e+03
1.510000000000000000e+03
1.519000000000000000e+03
1.346000000000000000e+03
1.471000000000000000e+03
1.417000000000000000e+03
8.720000000000000000e+02
1.213000000000000000e+03
1.078000000000000000e+03
9.910000000000000000e+02
9.470000000000000000e+02
5.750000000000000000e+02
1.605000000000000000e+03
5.110000000000000000e+02
7.460000000000000000e+02
6.910000000000000000e+02
6.700000000000000000e+02
7.640000000000000000e+02
7.300000000000000000e+02
5.800000000000000000e+02
5.340000000000000000e+02
5.700000000000000000e+02
4.150000000000000000e+02
5.680000000000000000e+02
3.980000000000000000e+02
7.020000000000000000e+02
3.170000000000000000e+02
4.360000000000000000e+02
2.990000000000000000e+02
5.110000000000000000e+02
3.220000000000000000e+02
2.890000000000000000e+02
2.790000000000000000e+02
5.370000000000000000e+02
3.560000000000000000e+02
2.310000000000000000e+02
3.630000000000000000e+02
1.430000000000000000e+02
2.500000000000000000e+02
2.220000000000000000e+02
2.840000000000000000e+02
1.800000000000000000e+02
1.960000000000000000e+02
3.610000000000000000e+02
1.630000000000000000e+02
2.360000000000000000e+02
1.540000000000000000e+02
2.010000000000000000e+02
1.800000000000000000e+02
1.310000000000000000e+02
1.490000000000000000e+02
1.400000000000000000e+02
1.210000000000000000e+02
2.800000000000000000e+01
1.840000000000000000e+02
5.830000000000000000e+02
2.800000000000000000e+01
1.050000000000000000e+02
1.190000000000000000e+02
1.150000000000000000e+02
8.000000000000000000e+01
1.200000000000000000e+02
1.040000000000000000e+02
1.120000000000000000e+02
8.800000000000000000e+01
7.900000000000000000e+01
1.020000000000000000e+02
8.200000000000000000e+01
5.700000000000000000e+01
2.160000000000000000e+02
9.300000000000000000e+01
5.300000000000000000e+01
4.300000000000000000e+01
1.190000000000000000e+02
4.500000000000000000e+01
7.300000000000000000e+01
6.200000000000000000e+01
5.500000000000000000e+01
6.900000000000000000e+01
2.500000000000000000e+01
1.320000000000000000e+02
1.500000000000000000e+01
5.500000000000000000e+01
5.400000000000000000e+01
7.400000000000000000e+01
5.300000000000000000e+01
1.600000000000000000e+02
1.400000000000000000e+01
4.300000000000000000e+01
6.900000000000000000e+01
2.800000000000000000e+01
3.700000000000000000e+01
6.500000000000000000e+01
6.100000000000000000e+01
3.300000000000000000e+01
1.800000000000000000e+01
1.000000000000000000e+00
1.940000000000000000e+02
1.000000000000000000e+00
1.700000000000000000e+01
4.500000000000000000e+01
4.800000000000000000e+01
3.900000000000000000e+01
9.000000000000000000e+00
4.100000000000000000e+01
6.000000000000000000e+00
4.700000000000000000e+01
1.900000000000000000e+01
2.200000000000000000e+01
1.070000000000000000e+02
3.000000000000000000e+00
4.400000000000000000e+01
6.400000000000000000e+01
8.000000000000000000e+00
3.100000000000000000e+01
2.800000000000000000e+01
4.000000000000000000e+00
4.000000000000000000e+00
1.180000000000000000e+02
4.000000000000000000e+00
1.700000000000000000e+01
2.000000000000000000e+01
1.800000000000000000e+01
2.600000000000000000e+01
2.700000000000000000e+01
3.500000000000000000e+01
5.000000000000000000e+00
4.000000000000000000e+01
3.100000000000000000e+01
8.000000000000000000e+00
8.000000000000000000e+00
5.900000000000000000e+01
3.000000000000000000e+00
2.100000000000000000e+01
2.000000000000000000e+01
8.000000000000000000e+00
2.100000000000000000e+01
6.000000000000000000e+00
1.700000000000000000e+01
0.000000000000000000e+00
8.800000000000000000e+01
6.000000000000000000e+00
8.000000000000000000e+00
3.300000000000000000e+01
1.300000000000000000e+01
4.000000000000000000e+00
3.700000000000000000e+01
9.000000000000000000e+00
1.500000000000000000e+01
6.000000000000000000e+00
1.800000000000000000e+01
7.000000000000000000e+00
2.500000000000000000e+01
5.000000000000000000e+00
5.500000000000000000e+01
1.300000000000000000e+01
0.000000000000000000e+00
2.000000000000000000e+01
7.000000000000000000e+00
2.200000000000000000e+01
4.000000000000000000e+00
3.400000000000000000e+01
6.000000000000000000e+00
4.000000000000000000e+00
2.100000000000000000e+01
4.000000000000000000e+00
1.200000000000000000e+01
7.000000000000000000e+00
8.000000000000000000e+00
1.600000000000000000e+01
5.000000000000000000e+00
6.000000000000000000e+00
9.000000000000000000e+00
6.000000000000000000e+00
5.000000000000000000e+00
3.000000000000000000e+00
1.000000000000000000e+00
1.000000000000000000e+00
0.000000000000000000e+00
0.000000000000000000e+00
0.000000000000000000e+00
0.000000000000000000e+00
1.353000000000000000e+03
1.080000000000000000e+02
1.960000000000000000e+02
9.100000000000000000e+01
1.480000000000000000e+02
1.740000000000000000e+02
1.680000000000000000e+02
2.940000000000000000e+02
3.530000000000000000e+02
3.960000000000000000e+02
5.370000000000000000e+02
6.080000000000000000e+02
6.240000000000000000e+02
7.150000000000000000e+02
6.960000000000000000e+02
6.880000000000000000e+02
6.830000000000000000e+02
6.880000000000000000e+02
6.570000000000000000e+02
6.770000000000000000e+02
6.930000000000000000e+02
6.820000000000000000e+02
6.910000000000000000e+02
6.900000000000000000e+02
8.210000000000000000e+02
7.880000000000000000e+02
8.890000000000000000e+02
8.260000000000000000e+02
9.120000000000000000e+02
8.650000000000000000e+02
7.800000000000000000e+02
6.410000000000000000e+02
7.370000000000000000e+02
6.980000000000000000e+02
6.930000000000000000e+02
6.440000000000000000e+02
6.860000000000000000e+02
6.990000000000000000e+02
7.160000000000000000e+02
7.970000000000000000e+02
7.080000000000000000e+02
7.450000000000000000e+02
6.870000000000000000e+02
7.220000000000000000e+02
7.210000000000000000e+02
7.290000000000000000e+02
6.980000000000000000e+02
7.250000000000000000e+02
7.350000000000000000e+02
8.290000000000000000e+02
7.430000000000000000e+02
8.570000000000000000e+02
8.490000000000000000e+02
8.990000000000000000e+02
8.660000000000000000e+02
8.210000000000000000e+02
8.440000000000000000e+02
8.160000000000000000e+02
8.210000000000000000e+02
7.710000000000000000e+02
7.980000000000000000e+02
8.150000000000000000e+02
7.660000000000000000e+02
7.840000000000000000e+02
7.850000000000000000e+02
8.200000000000000000e+02
8.190000000000000000e+02
8.210000000000000000e+02
8.520000000000000000e+02
9.560000000000000000e+02
9.080000000000000000e+02
8.960000000000000000e+02
9.500000000000000000e+02
8.420000000000000000e+02
8.790000000000000000e+02
8.580000000000000000e+02
8.790000000000000000e+02
9.160000000000000000e+02
8.270000000000000000e+02
8.870000000000000000e+02
9.210000000000000000e+02
9.230000000000000000e+02
9.540000000000000000e+02
9.090000000000000000e+02
9.510000000000000000e+02
9.590000000000000000e+02
9.080000000000000000e+02
9.770000000000000000e+02
9.780000000000000000e+02
9.820000000000000000e+02
9.860000000000000000e+02
9.800000000000000000e+02
9.670000000000000000e+02
1.021000000000000000e+03
1.065000000000000000e+03
1.060000000000000000e+03
1.020000000000000000e+03
1.138000000000000000e+03
1.180000000000000000e+03
1.204000000000000000e+03
1.211000000000000000e+03
1.272000000000000000e+03
1.313000000000000000e+03
1.246000000000000000e+03
1.337000000000000000e+03
1.298000000000000000e+03
1.364000000000000000e+03
1.369000000000000000e+03
1.421000000000000000e+03
1.388000000000000000e+03
1.471000000000000000e+03
1.482000000000000000e+03
1.559000000000000000e+03
1.590000000000000000e+03
1.547000000000000000e+03
1.514000000000000000e+03
1.497000000000000000e+03
1.517000000000000000e+03
1.535000000000000000e+03
1.515000000000000000e+03
1.420000000000000000e+03
1.485000000000000000e+03
1.414000000000000000e+03
1.394000000000000000e+03
1.326000000000000000e+03
1.289000000000000000e+03
1.227000000000000000e+03
1.269000000000000000e+03
1.195000000000000000e+03
1.163000000000000000e+03
1.135000000000000000e+03
1.046000000000000000e+03
1.073000000000000000e+03
1.073000000000000000e+03
1.100000000000000000e+03
1.067000000000000000e+03
1.091000000000000000e+03
1.020000000000000000e+03
9.860000000000000000e+02
9.900000000000000000e+02
9.870000000000000000e+02
1.000000000000000000e+03
1.038000000000000000e+03
9.320000000000000000e+02
1.004000000000000000e+03
9.440000000000000000e+02
9.340000000000000000e+02
9.670000000000000000e+02
9.280000000000000000e+02
1.011000000000000000e+03
9.810000000000000000e+02
9.530000000000000000e+02
1.019000000000000000e+03
9.440000000000000000e+02
9.670000000000000000e+02
9.850000000000000000e+02
9.550000000000000000e+02
1.006000000000000000e+03
9.400000000000000000e+02
9.590000000000000000e+02
9.760000000000000000e+02
9.830000000000000000e+02
9.270000000000000000e+02
9.690000000000000000e+02
8.990000000000000000e+02
9.820000000000000000e+02
9.420000000000000000e+02
8.920000000000000000e+02
9.350000000000000000e+02
8.580000000000000000e+02
8.810000000000000000e+02
8.580000000000000000e+02
8.370000000000000000e+02
8.250000000000000000e+02
8.550000000000000000e+02
7.590000000000000000e+02
7.750000000000000000e+02
7.290000000000000000e+02
6.890000000000000000e+02
6.520000000000000000e+02
6.670000000000000000e+02
5.980000000000000000e+02
6.280000000000000000e+02
5.710000000000000000e+02
6.030000000000000000e+02
5.690000000000000000e+02
6.090000000000000000e+02
5.330000000000000000e+02
5.020000000000000000e+02
5.170000000000000000e+02
5.090000000000000000e+02
4.760000000000000000e+02
5.390000000000000000e+02
4.700000000000000000e+02
4.810000000000000000e+02
4.680000000000000000e+02
4.830000000000000000e+02
4.300000000000000000e+02
4.750000000000000000e+02
4.200000000000000000e+02
4.290000000000000000e+02
4.330000000000000000e+02
4.400000000000000000e+02
4.030000000000000000e+02
3.980000000000000000e+02
4.150000000000000000e+02
4.390000000000000000e+02
4.220000000000000000e+02
4.120000000000000000e+02
4.290000000000000000e+02
4.050000000000000000e+02
4.630000000000000000e+02
4.770000000000000000e+02
5.080000000000000000e+02
4.640000000000000000e+02
4.890000000000000000e+02
5.030000000000000000e+02
4.960000000000000000e+02
4.580000000000000000e+02
4.530000000000000000e+02
4.600000000000000000e+02
3.990000000000000000e+02
4.260000000000000000e+02
4.650000000000000000e+02
3.990000000000000000e+02
3.810000000000000000e+02
3.510000000000000000e+02
3.750000000000000000e+02
3.750000000000000000e+02
3.830000000000000000e+02
3.770000000000000000e+02
4.160000000000000000e+02
3.940000000000000000e+02
4.270000000000000000e+02
1.413000000000000000e+03
2.873000000000000000e+03
2.735000000000000000e+03
9.745000000000000000e+03
9.224000000000000000e+03
5.198000000000000000e+03
5.622000000000000000e+03
6.299000000000000000e+03
5.476000000000000000e+03
8.367000000000000000e+03
8.475000000000000000e+03
5.028000000000000000e+03
8.661000000000000000e+03
1.034000000000000000e+04
4.473000000000000000e+03
4.071000000000000000e+03
2.634000000000000000e+03
2.403000000000000000e+03
3.611000000000000000e+03
3.969000000000000000e+03
2.529000000000000000e+03
9.620000000000000000e+03
9.018500000000000000e+04
