2.150000000000000000e+02
1.060000000000000000e+02
1.170000000000000000e+02
1.150000000000000000e+02
1.480000000000000000e+02
1.760000000000000000e+02
1.860000000000000000e+02
2.070000000000000000e+02
2.150000000000000000e+02
2.180000000000000000e+02
2.880000000000000000e+02
3.230000000000000000e+02
3.310000000000000000e+02
3.260000000000000000e+02
3.890000000000000000e+02
3.650000000000000000e+02
4.070000000000000000e+02
4.730000000000000000e+02
5.410000000000000000e+02
5.980000000000000000e+02
7.150000000000000000e+02
7.860000000000000000e+02
8.150000000000000000e+02
1.034000000000000000e+03
1.161000000000000000e+03
1.231000000000000000e+03
1.305000000000000000e+03
1.347000000000000000e+03
1.260000000000000000e+03
1.321000000000000000e+03
1.099000000000000000e+03
1.159000000000000000e+03
1.051000000000000000e+03
1.067000000000000000e+03
1.007000000000000000e+03
1.047000000000000000e+03
9.730000000000000000e+02
9.910000000000000000e+02
1.066000000000000000e+03
1.081000000000000000e+03
1.202000000000000000e+03
1.137000000000000000e+03
1.312000000000000000e+03
1.309000000000000000e+03
1.367000000000000000e+03
1.377000000000000000e+03
1.427000000000000000e+03
1.440000000000000000e+03
1.487000000000000000e+03
1.407000000000000000e+03
1.497000000000000000e+03
1.462000000000000000e+03
1.324000000000000000e+03
1.415000000000000000e+03
1.384000000000000000e+03
1.392000000000000000e+03
1.331000000000000000e+03
1.282000000000000000e+03
1.203000000000000000e+03
1.171000000000000000e+03
1.093000000000000000e+03
1.079000000000000000e+03
1.021000000000000000e+03
1.012000000000000000e+03
1.018000000000000000e+03
9.100000000000000000e+02
8.950000000000000000e+02
9.300000000000000000e+02
8.180000000000000000e+02
7.780000000000000000e+02
7.610000000000000000e+02
7.450000000000000000e+02
7.600000000000000000e+02
7.260000000000000000e+02
6.910000000000000000e+02
6.570000000000000000e+02
6.680000000000000000e+02
6.820000000000000000e+02
6.760000000000000000e+02
7.250000000000000000e+02
7.440000000000000000e+02
7.460000000000000000e+02
7.180000000000000000e+02
7.720000000000000000e+02
7.550000000000000000e+02
7.630000000000000000e+02
7.660000000000000000e+02
8.120000000000000000e+02
8.090000000000000000e+02
8.480000000000000000e+02
9.200000000000000000e+02
9.480000000000000000e+02
9.710000000000000000e+02
9.200000000000000000e+02
9.150000000000000000e+02
9.160000000000000000e+02
1.033000000000000000e+03
1.120000000000000000e+03
1.168000000000000000e+03
1.110000000000000000e+03
1.179000000000000000e+03
1.212000000000000000e+03
1.257000000000000000e+03
1.385000000000000000e+03
1.403000000000000000e+03
1.391000000000000000e+03
1.421000000000000000e+03
1.463000000000000000e+03
1.594000000000000000e+03
1.628000000000000000e+03
1.778000000000000000e+03
1.822000000000000000e+03
1.908000000000000000e+03
1.901000000000000000e+03
2.055000000000000000e+03
2.076000000000000000e+03
2.250000000000000000e+03
2.346000000000000000e+03
2.533000000000000000e+03
2.532000000000000000e+03
2.579000000000000000e+03
2.597000000000000000e+03
2.687000000000000000e+03
2.544000000000000000e+03
2.619000000000000000e+03
2.697000000000000000e+03
2.720000000000000000e+03
2.790000000000000000e+03
2.926000000000000000e+03
2.883000000000000000e+03
2.942000000000000000e+03
2.859000000000000000e+03
2.840000000000000000e+03
2.923000000000000000e+03
3.082000000000000000e+03
3.020000000000000000e+03
3.095000000000000000e+03
2.821000000000000000e+03
2.852000000000000000e+03
2.688000000000000000e+03
2.722000000000000000e+03
2.625000000000000000e+03
2.503000000000000000e+03
2.370000000000000000e+03
2.215000000000000000e+03
2.037000000000000000e+03
1.820000000000000000e+03
1.755000000000000000e+03
1.798000000000000000e+03
1.714000000000000000e+03
1.507000000000000000e+03
1.502000000000000000e+03
1.412000000000000000e+03
1.272000000000000000e+03
1.117000000000000000e+03
1.040000000000000000e+03
9.780000000000000000e+02
9.330000000000000000e+02
8.860000000000000000e+02
8.090000000000000000e+02
7.410000000000000000e+02
7.260000000000000000e+02
7.280000000000000000e+02
6.930000000000000000e+02
6.800000000000000000e+02
6.290000000000000000e+02
6.550000000000000000e+02
6.220000000000000000e+02
5.610000000000000000e+02
5.580000000000000000e+02
5.500000000000000000e+02
5.410000000000000000e+02
5.370000000000000000e+02
5.800000000000000000e+02
6.360000000000000000e+02
5.930000000000000000e+02
5.870000000000000000e+02
5.960000000000000000e+02
5.290000000000000000e+02
5.680000000000000000e+02
6.010000000000000000e+02
6.270000000000000000e+02
5.360000000000000000e+02
5.560000000000000000e+02
6.320000000000000000e+02
5.730000000000000000e+02
5.420000000000000000e+02
4.670000000000000000e+02
4.520000000000000000e+02
4.540000000000000000e+02
4.490000000000000000e+02
3.820000000000000000e+02
4.020000000000000000e+02
3.330000000000000000e+02
3.150000000000000000e+02
2.800000000000000000e+02
3.040000000000000000e+02
2.720000000000000000e+02
2.680000000000000000e+02
2.600000000000000000e+02
2.640000000000000000e+02
2.440000000000000000e+02
2.450000000000000000e+02
2.190000000000000000e+02
2.100000000000000000e+02
2.070000000000000000e+02
2.030000000000000000e+02
2.070000000000000000e+02
1.990000000000000000e+02
1.830000000000000000e+02
1.750000000000000000e+02
1.760000000000000000e+02
1.640000000000000000e+02
1.650000000000000000e+02
1.500000000000000000e+02
1.440000000000000000e+02
1.510000000000000000e+02
1.620000000000000000e+02
1.570000000000000000e+02
1.560000000000000000e+02
1.540000000000000000e+02
1.310000000000000000e+02
9.400000000000000000e+01
1.050000000000000000e+02
1.200000000000000000e+02
8.900000000000000000e+01
8.700000000000000000e+01
8.400000000000000000e+01
1.090000000000000000e+02
9.300000000000000000e+01
8.300000000000000000e+01
7.800000000000000000e+01
8.900000000000000000e+01
1.010000000000000000e+02
9.300000000000000000e+01
9.600000000000000000e+01
8.400000000000000000e+01
9.000000000000000000e+01
6.400000000000000000e+01
7.800000000000000000e+01
7.600000000000000000e+01
7.000000000000000000e+01
4.900000000000000000e+01
4.100000000000000000e+01
3.300000000000000000e+01
2.600000000000000000e+01
1.900000000000000000e+01
2.400000000000000000e+01
1.400000000000000000e+01
1.100000000000000000e+01
1.200000000000000000e+01
4.000000000000000000e+00
2.000000000000000000e+00
1.000000000000000000e+00
1.000000000000000000e+00
1.000000000000000000e+00
2.490000000000000000e+02
1.410000000000000000e+02
1.320000000000000000e+02
1.480000000000000000e+02
1.430000000000000000e+02
1.960000000000000000e+02
2.090000000000000000e+02
2.610000000000000000e+02
2.550000000000000000e+02
2.940000000000000000e+02
3.640000000000000000e+02
3.350000000000000000e+02
4.140000000000000000e+02
4.500000000000000000e+02
5.440000000000000000e+02
5.400000000000000000e+02
6.100000000000000000e+02
7.050000000000000000e+02
8.420000000000000000e+02
9.480000000000000000e+02
1.009000000000000000e+03
9.540000000000000000e+02
9.890000000000000000e+02
9.070000000000000000e+02
8.950000000000000000e+02
9.300000000000000000e+02
8.930000000000000000e+02
9.310000000000000000e+02
9.910000000000000000e+02
9.330000000000000000e+02
8.930000000000000000e+02
9.160000000000000000e+02
8.450000000000000000e+02
9.370000000000000000e+02
9.860000000000000000e+02
1.071000000000000000e+03
1.138000000000000000e+03
1.205000000000000000e+03
1.203000000000000000e+03
1.258000000000000000e+03
1.339000000000000000e+03
1.414000000000000000e+03
1.362000000000000000e+03
1.419000000000000000e+03
1.296000000000000000e+03
1.260000000000000000e+03
1.345000000000000000e+03
1.211000000000000000e+03
1.179000000000000000e+03
1.290000000000000000e+03
1.291000000000000000e+03
1.301000000000000000e+03
1.254000000000000000e+03
1.151000000000000000e+03
1.133000000000000000e+03
1.120000000000000000e+03
1.057000000000000000e+03
1.015000000000000000e+03
9.870000000000000000e+02
9.820000000000000000e+02
9.380000000000000000e+02
9.810000000000000000e+02
9.020000000000000000e+02
8.870000000000000000e+02
8.260000000000000000e+02
8.210000000000000000e+02
7.890000000000000000e+02
7.410000000000000000e+02
7.530000000000000000e+02
7.760000000000000000e+02
8.140000000000000000e+02
7.950000000000000000e+02
7.630000000000000000e+02
8.140000000000000000e+02
8.300000000000000000e+02
8.080000000000000000e+02
9.480000000000000000e+02
9.130000000000000000e+02
9.280000000000000000e+02
1.012000000000000000e+03
1.062000000000000000e+03
1.190000000000000000e+03
1.180000000000000000e+03
1.287000000000000000e+03
1.320000000000000000e+03
1.418000000000000000e+03
1.575000000000000000e+03
1.681000000000000000e+03
1.630000000000000000e+03
1.763000000000000000e+03
1.723000000000000000e+03
1.771000000000000000e+03
1.835000000000000000e+03
1.768000000000000000e+03
1.866000000000000000e+03
2.048000000000000000e+03
2.106000000000000000e+03
2.278000000000000000e+03
2.361000000000000000e+03
2.488000000000000000e+03
2.601000000000000000e+03
2.546000000000000000e+03
2.495000000000000000e+03
2.589000000000000000e+03
2.812000000000000000e+03
2.833000000000000000e+03
2.801000000000000000e+03
2.727000000000000000e+03
2.712000000000000000e+03
2.700000000000000000e+03
2.797000000000000000e+03
2.827000000000000000e+03
2.788000000000000000e+03
2.654000000000000000e+03
2.812000000000000000e+03
2.993000000000000000e+03
2.999000000000000000e+03
2.964000000000000000e+03
2.982000000000000000e+03
3.190000000000000000e+03
3.126000000000000000e+03
3.081000000000000000e+03
3.058000000000000000e+03
3.129000000000000000e+03
3.176000000000000000e+03
3.143000000000000000e+03
3.106000000000000000e+03
2.945000000000000000e+03
2.921000000000000000e+03
2.812000000000000000e+03
2.734000000000000000e+03
2.583000000000000000e+03
2.543000000000000000e+03
2.241000000000000000e+03
2.107000000000000000e+03
2.017000000000000000e+03
1.860000000000000000e+03
1.731000000000000000e+03
1.715000000000000000e+03
1.600000000000000000e+03
1.504000000000000000e+03
1.355000000000000000e+03
1.265000000000000000e+03
1.156000000000000000e+03
1.012000000000000000e+03
9.600000000000000000e+02
8.510000000000000000e+02
7.910000000000000000e+02
7.150000000000000000e+02
6.510000000000000000e+02
6.530000000000000000e+02
5.790000000000000000e+02
5.560000000000000000e+02
6.020000000000000000e+02
6.070000000000000000e+02
5.900000000000000000e+02
4.950000000000000000e+02
4.470000000000000000e+02
3.930000000000000000e+02
3.730000000000000000e+02
3.670000000000000000e+02
2.900000000000000000e+02
3.280000000000000000e+02
3.060000000000000000e+02
3.050000000000000000e+02
2.440000000000000000e+02
2.500000000000000000e+02
2.290000000000000000e+02
2.040000000000000000e+02
2.260000000000000000e+02
2.040000000000000000e+02
2.210000000000000000e+02
2.000000000000000000e+02
2.420000000000000000e+02
2.600000000000000000e+02
2.430000000000000000e+02
2.710000000000000000e+02
2.570000000000000000e+02
2.430000000000000000e+02
2.550000000000000000e+02
2.710000000000000000e+02
2.640000000000000000e+02
2.780000000000000000e+02
2.770000000000000000e+02
3.850000000000000000e+02
3.700000000000000000e+02
4.100000000000000000e+02
3.830000000000000000e+02
3.890000000000000000e+02
3.870000000000000000e+02
3.650000000000000000e+02
3.100000000000000000e+02
2.820000000000000000e+02
2.580000000000000000e+02
2.470000000000000000e+02
2.190000000000000000e+02
1.960000000000000000e+02
2.010000000000000000e+02
1.910000000000000000e+02
1.650000000000000000e+02
1.550000000000000000e+02
1.400000000000000000e+02
1.240000000000000000e+02
1.190000000000000000e+02
1.230000000000000000e+02
1.080000000000000000e+02
1.140000000000000000e+02
1.070000000000000000e+02
9.300000000000000000e+01
1.070000000000000000e+02
7.900000000000000000e+01
9.500000000000000000e+01
7.200000000000000000e+01
5.900000000000000000e+01
6.400000000000000000e+01
6.200000000000000000e+01
5.400000000000000000e+01
5.500000000000000000e+01
5.400000000000000000e+01
4.800000000000000000e+01
4.800000000000000000e+01
4.900000000000000000e+01
3.800000000000000000e+01
4.100000000000000000e+01
3.400000000000000000e+01
3.800000000000000000e+01
5.200000000000000000e+01
4.400000000000000000e+01
5.200000000000000000e+01
4.200000000000000000e+01
3.400000000000000000e+01
3.400000000000000000e+01
3.300000000000000000e+01
2.900000000000000000e+01
2.600000000000000000e+01
1.700000000000000000e+01
1.600000000000000000e+01
1.200000000000000000e+01
2.200000000000000000e+01
2.000000000000000000e+01
5.000000000000000000e+00
9.000000000000000000e+00
3.000000000000000000e+00
4.000000000000000000e+00
1.000000000000000000e+00
2.000000000000000000e+00
0.000000000000000000e+00
2.000000000000000000e+00
1.000000000000000000e+00
1.000000000000000000e+00
1.000000000000000000e+00
0.000000000000000000e+00
0.000000000000000000e+00
0.000000000000000000e+00
0.000000000000000000e+00
1.000000000000000000e+00
1.781000000000000000e+03
7.060000000000000000e+02
6.500000000000000000e+02
6.190000000000000000e+02
5.340000000000000000e+02
4.450000000000000000e+02
4.650000000000000000e+02
3.770000000000000000e+02
4.090000000000000000e+02
5.160000000000000000e+02
4.820000000000000000e+02
5.490000000000000000e+02
5.670000000000000000e+02
5.840000000000000000e+02
6.590000000000000000e+02
7.520000000000000000e+02
9.280000000000000000e+02
9.970000000000000000e+02
9.980000000000000000e+02
1.003000000000000000e+03
9.710000000000000000e+02
1.006000000000000000e+03
1.052000000000000000e+03
1.102000000000000000e+03
1.109000000000000000e+03
1.086000000000000000e+03
1.210000000000000000e+03
1.211000000000000000e+03
1.206000000000000000e+03
1.233000000000000000e+03
1.283000000000000000e+03
1.163000000000000000e+03
1.284000000000000000e+03
1.360000000000000000e+03
1.335000000000000000e+03
1.336000000000000000e+03
1.486000000000000000e+03
1.443000000000000000e+03
1.433000000000000000e+03
1.468000000000000000e+03
1.405000000000000000e+03
1.378000000000000000e+03
1.272000000000000000e+03
1.334000000000000000e+03
1.339000000000000000e+03
1.274000000000000000e+03
1.332000000000000000e+03
1.246000000000000000e+03
1.263000000000000000e+03
1.185000000000000000e+03
1.197000000000000000e+03
1.318000000000000000e+03
1.321000000000000000e+03
1.232000000000000000e+03
1.202000000000000000e+03
1.269000000000000000e+03
1.184000000000000000e+03
1.136000000000000000e+03
1.103000000000000000e+03
1.122000000000000000e+03
1.099000000000000000e+03
1.017000000000000000e+03
1.004000000000000000e+03
1.003000000000000000e+03
1.044000000000000000e+03
1.065000000000000000e+03
1.034000000000000000e+03
1.010000000000000000e+03
1.035000000000000000e+03
1.095000000000000000e+03
1.127000000000000000e+03
1.102000000000000000e+03
1.021000000000000000e+03
1.061000000000000000e+03
1.129000000000000000e+03
1.120000000000000000e+03
1.177000000000000000e+03
1.207000000000000000e+03
1.176000000000000000e+03
1.296000000000000000e+03
1.312000000000000000e+03
1.342000000000000000e+03
1.439000000000000000e+03
1.477000000000000000e+03
1.514000000000000000e+03
1.587000000000000000e+03
1.632000000000000000e+03
1.762000000000000000e+03
1.841000000000000000e+03
1.887000000000000000e+03
1.983000000000000000e+03
2.147000000000000000e+03
2.127000000000000000e+03
2.129000000000000000e+03
2.179000000000000000e+03
2.120000000000000000e+03
2.082000000000000000e+03
2.231000000000000000e+03
2.134000000000000000e+03
2.196000000000000000e+03
2.360000000000000000e+03
2.397000000000000000e+03
2.334000000000000000e+03
2.350000000000000000e+03
2.473000000000000000e+03
2.457000000000000000e+03
2.584000000000000000e+03
2.422000000000000000e+03
2.563000000000000000e+03
2.573000000000000000e+03
2.618000000000000000e+03
2.675000000000000000e+03
2.581000000000000000e+03
2.492000000000000000e+03
2.740000000000000000e+03
2.631000000000000000e+03
2.536000000000000000e+03
2.457000000000000000e+03
2.413000000000000000e+03
2.333000000000000000e+03
2.273000000000000000e+03
2.208000000000000000e+03
2.089000000000000000e+03
2.019000000000000000e+03
1.867000000000000000e+03
1.778000000000000000e+03
1.679000000000000000e+03
1.630000000000000000e+03
1.397000000000000000e+03
1.300000000000000000e+03
1.153000000000000000e+03
1.118000000000000000e+03
9.520000000000000000e+02
8.140000000000000000e+02
7.210000000000000000e+02
6.560000000000000000e+02
6.460000000000000000e+02
5.830000000000000000e+02
5.230000000000000000e+02
5.050000000000000000e+02
4.880000000000000000e+02
4.570000000000000000e+02
3.910000000000000000e+02
3.840000000000000000e+02
4.100000000000000000e+02
3.770000000000000000e+02
3.790000000000000000e+02
3.530000000000000000e+02
3.690000000000000000e+02
3.420000000000000000e+02
3.180000000000000000e+02
2.990000000000000000e+02
3.030000000000000000e+02
3.100000000000000000e+02
3.090000000000000000e+02
2.920000000000000000e+02
2.860000000000000000e+02
3.060000000000000000e+02
3.230000000000000000e+02
2.820000000000000000e+02
2.930000000000000000e+02
2.880000000000000000e+02
2.880000000000000000e+02
2.710000000000000000e+02
2.660000000000000000e+02
2.980000000000000000e+02
2.700000000000000000e+02
2.590000000000000000e+02
2.500000000000000000e+02
2.410000000000000000e+02
2.500000000000000000e+02
2.760000000000000000e+02
2.690000000000000000e+02
2.490000000000000000e+02
2.700000000000000000e+02
2.200000000000000000e+02
2.410000000000000000e+02
2.370000000000000000e+02
2.290000000000000000e+02
2.710000000000000000e+02
2.980000000000000000e+02
3.020000000000000000e+02
3.170000000000000000e+02
3.340000000000000000e+02
3.180000000000000000e+02
3.990000000000000000e+02
3.730000000000000000e+02
3.710000000000000000e+02
3.740000000000000000e+02
3.620000000000000000e+02
3.210000000000000000e+02
3.210000000000000000e+02
3.340000000000000000e+02
3.080000000000000000e+02
2.870000000000000000e+02
3.250000000000000000e+02
3.500000000000000000e+02
3.870000000000000000e+02
3.890000000000000000e+02
4.320000000000000000e+02
4.390000000000000000e+02
3.990000000000000000e+02
4.610000000000000000e+02
4.510000000000000000e+02
4.450000000000000000e+02
4.320000000000000000e+02
4.950000000000000000e+02
5.270000000000000000e+02
5.300000000000000000e+02
5.700000000000000000e+02
4.930000000000000000e+02
5.590000000000000000e+02
4.890000000000000000e+02
5.520000000000000000e+02
4.950000000000000000e+02
5.150000000000000000e+02
5.170000000000000000e+02
5.640000000000000000e+02
5.410000000000000000e+02
4.920000000000000000e+02
4.570000000000000000e+02
3.720000000000000000e+02
3.990000000000000000e+02
3.740000000000000000e+02
3.460000000000000000e+02
3.690000000000000000e+02
3.570000000000000000e+02
3.830000000000000000e+02
3.890000000000000000e+02
4.310000000000000000e+02
3.630000000000000000e+02
3.370000000000000000e+02
3.340000000000000000e+02
3.420000000000000000e+02
3.280000000000000000e+02
2.870000000000000000e+02
2.720000000000000000e+02
2.850000000000000000e+02
2.810000000000000000e+02
2.460000000000000000e+02
2.450000000000000000e+02
2.430000000000000000e+02
2.420000000000000000e+02
2.370000000000000000e+02
2.320000000000000000e+02
2.400000000000000000e+02
3.150000000000000000e+02
2.440000000000000000e+02
2.800000000000000000e+02
3.300000000000000000e+02
3.270000000000000000e+02
3.850000000000000000e+02
3.720000000000000000e+02
3.390000000000000000e+02
2.990000000000000000e+02
8.830000000000000000e+02
2.468000000000000000e+03
4.300000000000000000e+02
3.620000000000000000e+02
5.450000000000000000e+02
2.970000000000000000e+02
1.431000000000000000e+03
2.516000000000000000e+03
2.200000000000000000e+02
1.381000000000000000e+03
3.390000000000000000e+02
2.890000000000000000e+02
5.731000000000000000e+03
9.474000000000000000e+03
1.899500000000000000e+04
2.046300000000000000e+04
4.472400000000000000e+04
1.510300000000000000e+04
1.431300000000000000e+04
6.248000000000000000e+03
8.882000000000000000e+03
5.086000000000000000e+03
3.570000000000000000e+03
1.821000000000000000e+03
1.122000000000000000e+03
2.501000000000000000e+03
1.032000000000000000e+03
2.530000000000000000e+02
1.740000000000000000e+02
1.180000000000000000e+02
1.240000000000000000e+02
8.820000000000000000e+02
1.600000000000000000e+01
6.300000000000000000e+01
5.000000000000000000e+00
5.100000000000000000e+01
1.930000000000000000e+02
4.370000000000000000e+02
0.000000000000000000e+00
6.000000000000000000e+00
0.000000000000000000e+00
1.400000000000000000e+01
0.000000000000000000e+00
4.130000000000000000e+02
6.400000000000000000e+01
0.000000000000000000e+00
1.000000000000000000e+00
0.000000000000000000e+00
0.000000000000000000e+00
3.000000000000000000e+00
0.000000000000000000e+00
3.680000000000000000e+02
2.200000000000000000e+01
1.000000000000000000e+00
0.000000000000000000e+00
0.000000000000000000e+00
8.600000000000000000e+01
0.000000000000000000e+00
0.000000000000000000e+00
0.000000000000000000e+00
0.000000000000000000e+00
1.200000000000000000e+01
0.000000000000000000e+00
0.000000000000000000e+00
0.000000000000000000e+00
0.000000000000000000e+00
0.000000000000000000e+00
8.400000000000000000e+01
0.000000000000000000e+00
0.000000000000000000e+00
0.000000000000000000e+00
2.700000000000000000e+01
0.000000000000000000e+00
0.000000000000000000e+00
5.000000000000000000e+00
0.000000000000000000e+00
5.310000000000000000e+02
0.000000000000000000e+00
0.000000000000000000e+00
0.000000000000000000e+00
3.000000000000000000e+00
7.500000000000000000e+01
0.000000000000000000e+00
0.000000000000000000e+00
1.790000000000000000e+02
4.000000000000000000e+00
5.000000000000000000e+00
0.000000000000000000e+00
9.900000000000000000e+01
1.000000000000000000e+00
1.000000000000000000e+00
1.550000000000000000e+02
0.000000000000000000e+00
3.000000000000000000e+00
3.200000000000000000e+01
1.000000000000000000e+00
2.400000000000000000e+01
4.200000000000000000e+02
6.000000000000000000e+00
3.200000000000000000e+01
1.600000000000000000e+01
1.500000000000000000e+01
2.300000000000000000e+02
6.700000000000000000e+01
5.560000000000000000e+02
2.270000000000000000e+02
4.720000000000000000e+02
4.810000000000000000e+02
5.580000000000000000e+02
4.170000000000000000e+02
8.110000000000000000e+02
1.602000000000000000e+03
2.210000000000000000e+03
6.305000000000000000e+03
9.457000000000000000e+03
7.488000000000000000e+03
5.857000000000000000e+03
4.181000000000000000e+03
1.966000000000000000e+03
1.334000000000000000e+03
8.390000000000000000e+02
2.082000000000000000e+03
1.810000000000000000e+02
4.910000000000000000e+02
2.730000000000000000e+02
4.490000000000000000e+02
1.040000000000000000e+03
1.204000000000000000e+03
1.520000000000000000e+02
3.570000000000000000e+02
1.630000000000000000e+02
3.220000000000000000e+02
2.100000000000000000e+01
1.671000000000000000e+03
7.370000000000000000e+02
1.300000000000000000e+01
6.900000000000000000e+01
3.400000000000000000e+01
1.300000000000000000e+01
1.310000000000000000e+02
7.000000000000000000e+00
1.544000000000000000e+03
2.770000000000000000e+02
4.600000000000000000e+01
8.000000000000000000e+00
2.500000000000000000e+01
5.410000000000000000e+02
1.110000000000000000e+02
2.600000000000000000e+01
1.600000000000000000e+01
9.000000000000000000e+00
1.930000000000000000e+02
3.000000000000000000e+00
1.800000000000000000e+01
5.200000000000000000e+01
8.000000000000000000e+00
1.500000000000000000e+01
1.301000000000000000e+03
3.200000000000000000e+01
4.500000000000000000e+01
4.300000000000000000e+01
3.110000000000000000e+02
3.000000000000000000e+01
2.800000000000000000e+01
1.830000000000000000e+02
2.210000000000000000e+02
1.170000000000000000e+03
3.900000000000000000e+01
6.600000000000000000e+01
1.900000000000000000e+01
1.790000000000000000e+02
9.790000000000000000e+02
6.700000000000000000e+01
5.400000000000000000e+01
1.390000000000000000e+03
2.080000000000000000e+02
2.160000000000000000e+02
1.530000000000000000e+02
8.350000000000000000e+02
3.070000000000000000e+02
3.970000000000000000e+02
8.780000000000000000e+02
0.000000000000000000e+00
2.200000000000000000e+01
2.550000000000000000e+02
3.340000000000000000e+02
2.960000000000000000e+02
4.780000000000000000e+02
9.380000000000000000e+02
9.990000000000000000e+02
1.174000000000000000e+03
8.810000000000000000e+02
9.450000000000000000e+02
9.300000000000000000e+02
1.103000000000000000e+03
1.164000000000000000e+03
1.178000000000000000e+03
1.219000000000000000e+03
1.270000000000000000e+03
1.183000000000000000e+03
1.265000000000000000e+03
1.411000000000000000e+03
1.361000000000000000e+03
1.278000000000000000e+03
1.274000000000000000e+03
1.305000000000000000e+03
1.168000000000000000e+03
1.466000000000000000e+03
1.362000000000000000e+03
1.402000000000000000e+03
1.267000000000000000e+03
1.499000000000000000e+03
1.419000000000000000e+03
1.541000000000000000e+03
1.826000000000000000e+03
3.176000000000000000e+03
3.745000000000000000e+03
5.404000000000000000e+03
4.614000000000000000e+03
6.022000000000000000e+03
4.395000000000000000e+03
4.905000000000000000e+03
4.024000000000000000e+03
3.725000000000000000e+03
4.222000000000000000e+03
4.048000000000000000e+03
3.853000000000000000e+03
4.353000000000000000e+03
3.718000000000000000e+03
3.305000000000000000e+03
3.324000000000000000e+03
3.013000000000000000e+03
3.392000000000000000e+03
2.464000000000000000e+03
2.709000000000000000e+03
2.499000000000000000e+03
2.322000000000000000e+03
2.610000000000000000e+03
2.391000000000000000e+03
2.492000000000000000e+03
2.091000000000000000e+03
2.182000000000000000e+03
1.806000000000000000e+03
1.975000000000000000e+03
1.488000000000000000e+03
2.015000000000000000e+03
1.442000000000000000e+03
1.615000000000000000e+03
1.196000000000000000e+03
1.211000000000000000e+03
1.417000000000000000e+03
1.120000000000000000e+03
1.397000000000000000e+03
8.470000000000000000e+02
9.990000000000000000e+02
1.140000000000000000e+03
7.560000000000000000e+02
7.460000000000000000e+02
7.340000000000000000e+02
1.252000000000000000e+03
7.670000000000000000e+02
6.970000000000000000e+02
8.940000000000000000e+02
6.530000000000000000e+02
6.000000000000000000e+02
4.250000000000000000e+02
7.560000000000000000e+02
3.780000000000000000e+02
4.260000000000000000e+02
4.860000000000000000e+02
5.230000000000000000e+02
3.940000000000000000e+02
4.070000000000000000e+02
3.580000000000000000e+02
3.850000000000000000e+02
4.370000000000000000e+02
3.110000000000000000e+02
3.950000000000000000e+02
3.390000000000000000e+02
3.500000000000000000e+02
3.440000000000000000e+02
3.100000000000000000e+02
2.720000000000000000e+02
3.960000000000000000e+02
2.620000000000000000e+02
2.870000000000000000e+02
2.860000000000000000e+02
2.870000000000000000e+02
2.890000000000000000e+02
2.780000000000000000e+02
3.100000000000000000e+02
2.710000000000000000e+02
2.860000000000000000e+02
3.280000000000000000e+02
3.420000000000000000e+02
3.230000000000000000e+02
3.530000000000000000e+02
4.080000000000000000e+02
3.310000000000000000e+02
3.560000000000000000e+02
3.510000000000000000e+02
3.970000000000000000e+02
3.730000000000000000e+02
3.420000000000000000e+02
3.990000000000000000e+02
3.750000000000000000e+02
3.230000000000000000e+02
4.250000000000000000e+02
3.840000000000000000e+02
5.590000000000000000e+02
3.960000000000000000e+02
3.400000000000000000e+02
3.960000000000000000e+02
4.380000000000000000e+02
4.260000000000000000e+02
3.910000000000000000e+02
4.710000000000000000e+02
4.190000000000000000e+02
4.870000000000000000e+02
4.700000000000000000e+02
4.680000000000000000e+02
4.410000000000000000e+02
4.360000000000000000e+02
4.890000000000000000e+02
5.330000000000000000e+02
5.700000000000000000e+02
5.200000000000000000e+02
5.840000000000000000e+02
5.720000000000000000e+02
6.310000000000000000e+02
5.800000000000000000e+02
5.800000000000000000e+02
6.200000000000000000e+02
5.710000000000000000e+02
6.660000000000000000e+02
6.090000000000000000e+02
6.520000000000000000e+02
6.400000000000000000e+02
6.980000000000000000e+02
7.120000000000000000e+02
7.420000000000000000e+02
7.100000000000000000e+02
6.980000000000000000e+02
7.830000000000000000e+02
6.770000000000000000e+02
7.020000000000000000e+02
7.790000000000000000e+02
7.190000000000000000e+02
7.380000000000000000e+02
6.810000000000000000e+02
7.190000000000000000e+02
7.210000000000000000e+02
7.470000000000000000e+02
6.650000000000000000e+02
7.520000000000000000e+02
6.990000000000000000e+02
6.870000000000000000e+02
6.600000000000000000e+02
8.250000000000000000e+02
7.170000000000000000e+02
8.480000000000000000e+02
8.490000000000000000e+02
7.940000000000000000e+02
8.680000000000000000e+02
8.480000000000000000e+02
7.470000000000000000e+02
8.470000000000000000e+02
8.330000000000000000e+02
8.160000000000000000e+02
9.260000000000000000e+02
9.090000000000000000e+02
8.170000000000000000e+02
8.670000000000000000e+02
8.330000000000000000e+02
7.940000000000000000e+02
8.270000000000000000e+02
8.250000000000000000e+02
8.180000000000000000e+02
8.130000000000000000e+02
7.400000000000000000e+02
7.920000000000000000e+02
7.210000000000000000e+02
7.260000000000000000e+02
7.050000000000000000e+02
6.750000000000000000e+02
6.950000000000000000e+02
5.210000000000000000e+02
5.420000000000000000e+02
5.070000000000000000e+02
4.360000000000000000e+02
3.600000000000000000e+02
3.350000000000000000e+02
3.750000000000000000e+02
3.040000000000000000e+02
3.440000000000000000e+02
3.170000000000000000e+02
3.130000000000000000e+02
3.050000000000000000e+02
2.710000000000000000e+02
2.340000000000000000e+02
3.130000000000000000e+02
2.460000000000000000e+02
2.340000000000000000e+02
2.130000000000000000e+02
1.990000000000000000e+02
2.090000000000000000e+02
1.890000000000000000e+02
1.810000000000000000e+02
2.090000000000000000e+02
2.030000000000000000e+02
1.910000000000000000e+02
2.040000000000000000e+02
1.890000000000000000e+02
1.730000000000000000e+02
2.270000000000000000e+02
1.860000000000000000e+02
2.290000000000000000e+02
1.980000000000000000e+02
1.930000000000000000e+02
2.170000000000000000e+02
1.800000000000000000e+02
1.900000000000000000e+02
2.010000000000000000e+02
2.090000000000000000e+02
1.850000000000000000e+02
1.970000000000000000e+02
1.870000000000000000e+02
2.470000000000000000e+02
1.450000000000000000e+02
2.250000000000000000e+02
2.290000000000000000e+02
2.610000000000000000e+02
1.680000000000000000e+02
2.820000000000000000e+02
5.100000000000000000e+01
0.000000000000000000e+00
2.043000000000000000e+03
2.300000000000000000e+01
4.100000000000000000e+01
3.700000000000000000e+01
4.700000000000000000e+01
6.200000000000000000e+01
4.800000000000000000e+01
5.500000000000000000e+01
5.200000000000000000e+01
6.500000000000000000e+01
6.700000000000000000e+01
9.300000000000000000e+01
1.150000000000000000e+02
1.200000000000000000e+02
1.450000000000000000e+02
1.760000000000000000e+02
1.800000000000000000e+02
2.100000000000000000e+02
2.430000000000000000e+02
3.030000000000000000e+02
3.360000000000000000e+02
3.960000000000000000e+02
4.190000000000000000e+02
4.940000000000000000e+02
6.620000000000000000e+02
7.190000000000000000e+02
7.440000000000000000e+02
7.980000000000000000e+02
7.690000000000000000e+02
7.370000000000000000e+02
8.100000000000000000e+02
7.180000000000000000e+02
7.560000000000000000e+02
7.410000000000000000e+02
7.210000000000000000e+02
7.230000000000000000e+02
7.490000000000000000e+02
7.310000000000000000e+02
7.160000000000000000e+02
7.550000000000000000e+02
7.940000000000000000e+02
9.010000000000000000e+02
8.370000000000000000e+02
9.160000000000000000e+02
9.370000000000000000e+02
9.870000000000000000e+02
9.940000000000000000e+02
1.046000000000000000e+03
1.083000000000000000e+03
9.930000000000000000e+02
9.230000000000000000e+02
9.940000000000000000e+02
1.000000000000000000e+03
9.510000000000000000e+02
9.550000000000000000e+02
9.000000000000000000e+02
9.290000000000000000e+02
8.730000000000000000e+02
8.600000000000000000e+02
8.130000000000000000e+02
8.350000000000000000e+02
8.150000000000000000e+02
8.090000000000000000e+02
7.090000000000000000e+02
7.000000000000000000e+02
7.360000000000000000e+02
6.860000000000000000e+02
6.520000000000000000e+02
6.610000000000000000e+02
6.410000000000000000e+02
6.020000000000000000e+02
5.920000000000000000e+02
5.970000000000000000e+02
5.470000000000000000e+02
5.610000000000000000e+02
5.160000000000000000e+02
4.780000000000000000e+02
5.390000000000000000e+02
5.230000000000000000e+02
5.130000000000000000e+02
4.990000000000000000e+02
5.430000000000000000e+02
5.580000000000000000e+02
5.820000000000000000e+02
5.720000000000000000e+02
5.880000000000000000e+02
5.930000000000000000e+02
6.060000000000000000e+02
6.290000000000000000e+02
6.430000000000000000e+02
6.930000000000000000e+02
7.140000000000000000e+02
7.680000000000000000e+02
7.760000000000000000e+02
7.440000000000000000e+02
7.970000000000000000e+02
7.940000000000000000e+02
8.590000000000000000e+02
9.340000000000000000e+02
9.860000000000000000e+02
9.750000000000000000e+02
1.034000000000000000e+03
1.085000000000000000e+03
1.125000000000000000e+03
1.243000000000000000e+03
1.240000000000000000e+03
1.239000000000000000e+03
1.268000000000000000e+03
1.313000000000000000e+03
1.410000000000000000e+03
1.484000000000000000e+03
1.663000000000000000e+03
1.735000000000000000e+03
1.812000000000000000e+03
1.808000000000000000e+03
1.963000000000000000e+03
2.045000000000000000e+03
2.179000000000000000e+03
2.324000000000000000e+03
2.468000000000000000e+03
2.501000000000000000e+03
2.574000000000000000e+03
2.619000000000000000e+03
2.736000000000000000e+03
2.617000000000000000e+03
2.683000000000000000e+03
2.746000000000000000e+03
2.816000000000000000e+03
2.927000000000000000e+03
3.018000000000000000e+03
2.983000000000000000e+03
3.063000000000000000e+03
2.998000000000000000e+03
2.933000000000000000e+03
3.048000000000000000e+03
3.209000000000000000e+03
3.158000000000000000e+03
3.223000000000000000e+03
2.974000000000000000e+03
2.991000000000000000e+03
2.858000000000000000e+03
2.890000000000000000e+03
2.772000000000000000e+03
2.631000000000000000e+03
2.508000000000000000e+03
2.333000000000000000e+03
2.152000000000000000e+03
1.935000000000000000e+03
1.855000000000000000e+03
1.910000000000000000e+03
1.828000000000000000e+03
1.599000000000000000e+03
1.594000000000000000e+03
1.506000000000000000e+03
1.370000000000000000e+03
1.241000000000000000e+03
1.127000000000000000e+03
1.057000000000000000e+03
1.052000000000000000e+03
1.004000000000000000e+03
8.920000000000000000e+02
8.570000000000000000e+02
8.150000000000000000e+02
8.370000000000000000e+02
7.850000000000000000e+02
7.390000000000000000e+02
7.100000000000000000e+02
7.270000000000000000e+02
6.760000000000000000e+02
5.930000000000000000e+02
5.790000000000000000e+02
5.700000000000000000e+02
5.740000000000000000e+02
5.690000000000000000e+02
6.020000000000000000e+02
6.290000000000000000e+02
5.860000000000000000e+02
5.730000000000000000e+02
5.640000000000000000e+02
5.100000000000000000e+02
5.470000000000000000e+02
5.790000000000000000e+02
5.810000000000000000e+02
5.390000000000000000e+02
5.530000000000000000e+02
6.100000000000000000e+02
6.590000000000000000e+02
6.890000000000000000e+02
6.400000000000000000e+02
6.420000000000000000e+02
6.290000000000000000e+02
6.170000000000000000e+02
5.800000000000000000e+02
5.840000000000000000e+02
5.210000000000000000e+02
4.890000000000000000e+02
4.870000000000000000e+02
5.620000000000000000e+02
5.770000000000000000e+02
5.620000000000000000e+02
6.160000000000000000e+02
6.270000000000000000e+02
5.760000000000000000e+02
6.440000000000000000e+02
6.130000000000000000e+02
6.010000000000000000e+02
5.990000000000000000e+02
6.430000000000000000e+02
6.860000000000000000e+02
6.790000000000000000e+02
7.140000000000000000e+02
6.250000000000000000e+02
6.870000000000000000e+02
6.230000000000000000e+02
6.860000000000000000e+02
6.090000000000000000e+02
6.290000000000000000e+02
6.250000000000000000e+02
6.900000000000000000e+02
6.620000000000000000e+02
6.270000000000000000e+02
5.900000000000000000e+02
4.780000000000000000e+02
4.710000000000000000e+02
4.630000000000000000e+02
4.500000000000000000e+02
4.410000000000000000e+02
4.190000000000000000e+02
4.500000000000000000e+02
4.820000000000000000e+02
5.090000000000000000e+02
4.370000000000000000e+02
4.040000000000000000e+02
4.100000000000000000e+02
4.330000000000000000e+02
4.150000000000000000e+02
3.740000000000000000e+02
3.500000000000000000e+02
3.710000000000000000e+02
3.430000000000000000e+02
3.230000000000000000e+02
3.200000000000000000e+02
3.110000000000000000e+02
2.890000000000000000e+02
2.770000000000000000e+02
2.640000000000000000e+02
2.650000000000000000e+02
3.340000000000000000e+02
2.680000000000000000e+02
2.940000000000000000e+02
3.410000000000000000e+02
3.390000000000000000e+02
3.890000000000000000e+02
3.730000000000000000e+02
3.400000000000000000e+02
3.000000000000000000e+02
8.840000000000000000e+02
