3.058000000000000000e+03
1.188800000000000000e+04
2.625000000000000000e+03
1.813000000000000000e+03
1.555000000000000000e+03
1.376000000000000000e+03
1.437000000000000000e+03
1.380000000000000000e+03
1.402000000000000000e+03
1.368000000000000000e+03
1.391000000000000000e+03
1.513000000000000000e+03
1.486000000000000000e+03
1.587000000000000000e+03
1.752000000000000000e+03
1.810000000000000000e+03
1.859000000000000000e+03
1.852000000000000000e+03
1.949000000000000000e+03
2.039000000000000000e+03
1.935000000000000000e+03
1.993000000000000000e+03
1.868000000000000000e+03
1.961000000000000000e+03
1.951000000000000000e+03
1.882000000000000000e+03
1.941000000000000000e+03
1.891000000000000000e+03
1.866000000000000000e+03
1.673000000000000000e+03
1.714000000000000000e+03
1.601000000000000000e+03
1.392000000000000000e+03
1.479000000000000000e+03
1.413000000000000000e+03
1.421000000000000000e+03
1.350000000000000000e+03
1.449000000000000000e+03
1.519000000000000000e+03
1.504000000000000000e+03
1.501000000000000000e+03
1.409000000000000000e+03
1.399000000000000000e+03
1.398000000000000000e+03
1.444000000000000000e+03
1.340000000000000000e+03
1.411000000000000000e+03
1.462000000000000000e+03
1.327000000000000000e+03
1.432000000000000000e+03
1.424000000000000000e+03
1.371000000000000000e+03
1.388000000000000000e+03
1.307000000000000000e+03
1.365000000000000000e+03
1.388000000000000000e+03
1.333000000000000000e+03
1.265000000000000000e+03
1.266000000000000000e+03
1.247000000000000000e+03
1.271000000000000000e+03
1.252000000000000000e+03
1.226000000000000000e+03
1.258000000000000000e+03
1.263000000000000000e+03
1.324000000000000000e+03
1.323000000000000000e+03
1.256000000000000000e+03
1.210000000000000000e+03
1.190000000000000000e+03
1.232000000000000000e+03
1.122000000000000000e+03
1.174000000000000000e+03
1.115000000000000000e+03
1.035000000000000000e+03
1.036000000000000000e+03
1.022000000000000000e+03
9.700000000000000000e+02
9.740000000000000000e+02
9.190000000000000000e+02
9.200000000000000000e+02
8.790000000000000000e+02
8.260000000000000000e+02
7.650000000000000000e+02
7.570000000000000000e+02
8.250000000000000000e+02
7.970000000000000000e+02
7.620000000000000000e+02
7.420000000000000000e+02
7.290000000000000000e+02
7.100000000000000000e+02
6.650000000000000000e+02
6.950000000000000000e+02
6.590000000000000000e+02
6.550000000000000000e+02
6.310000000000000000e+02
6.150000000000000000e+02
6.280000000000000000e+02
6.050000000000000000e+02
5.920000000000000000e+02
5.590000000000000000e+02
5.990000000000000000e+02
5.970000000000000000e+02
5.480000000000000000e+02
6.070000000000000000e+02
5.700000000000000000e+02
4.910000000000000000e+02
5.840000000000000000e+02
5.920000000000000000e+02
5.780000000000000000e+02
5.620000000000000000e+02
6.260000000000000000e+02
6.260000000000000000e+02
6.740000000000000000e+02
6.220000000000000000e+02
6.260000000000000000e+02
6.280000000000000000e+02
6.190000000000000000e+02
6.830000000000000000e+02
6.190000000000000000e+02
6.040000000000000000e+02
6.420000000000000000e+02
6.890000000000000000e+02
6.820000000000000000e+02
7.050000000000000000e+02
7.220000000000000000e+02
7.330000000000000000e+02
7.040000000000000000e+02
7.130000000000000000e+02
7.560000000000000000e+02
7.620000000000000000e+02
7.320000000000000000e+02
7.110000000000000000e+02
6.780000000000000000e+02
7.190000000000000000e+02
7.150000000000000000e+02
7.120000000000000000e+02
7.020000000000000000e+02
7.300000000000000000e+02
7.050000000000000000e+02
7.370000000000000000e+02
7.500000000000000000e+02
7.050000000000000000e+02
7.360000000000000000e+02
7.800000000000000000e+02
7.610000000000000000e+02
6.990000000000000000e+02
7.130000000000000000e+02
7.100000000000000000e+02
6.910000000000000000e+02
7.060000000000000000e+02
7.010000000000000000e+02
6.850000000000000000e+02
6.780000000000000000e+02
6.960000000000000000e+02
7.210000000000000000e+02
7.290000000000000000e+02
7.350000000000000000e+02
7.020000000000000000e+02
7.150000000000000000e+02
7.510000000000000000e+02
7.110000000000000000e+02
7.320000000000000000e+02
7.260000000000000000e+02
7.200000000000000000e+02
7.130000000000000000e+02
8.130000000000000000e+02
7.150000000000000000e+02
6.990000000000000000e+02
7.300000000000000000e+02
7.070000000000000000e+02
6.930000000000000000e+02
7.300000000000000000e+02
7.560000000000000000e+02
6.880000000000000000e+02
6.820000000000000000e+02
6.750000000000000000e+02
6.370000000000000000e+02
7.330000000000000000e+02
7.190000000000000000e+02
6.470000000000000000e+02
6.110000000000000000e+02
6.430000000000000000e+02
6.720000000000000000e+02
7.370000000000000000e+02
7.190000000000000000e+02
7.290000000000000000e+02
7.370000000000000000e+02
6.950000000000000000e+02
8.280000000000000000e+02
6.890000000000000000e+02
7.410000000000000000e+02
7.130000000000000000e+02
7.430000000000000000e+02
7.510000000000000000e+02
7.180000000000000000e+02
7.930000000000000000e+02
6.960000000000000000e+02
7.790000000000000000e+02
7.630000000000000000e+02
7.260000000000000000e+02
7.570000000000000000e+02
7.490000000000000000e+02
7.460000000000000000e+02
7.440000000000000000e+02
6.850000000000000000e+02
7.280000000000000000e+02
7.150000000000000000e+02
7.180000000000000000e+02
7.140000000000000000e+02
6.830000000000000000e+02
6.680000000000000000e+02
6.660000000000000000e+02
6.190000000000000000e+02
6.450000000000000000e+02
6.140000000000000000e+02
6.710000000000000000e+02
6.560000000000000000e+02
6.780000000000000000e+02
6.130000000000000000e+02
5.700000000000000000e+02
5.940000000000000000e+02
6.010000000000000000e+02
5.580000000000000000e+02
5.600000000000000000e+02
5.330000000000000000e+02
5.310000000000000000e+02
4.940000000000000000e+02
5.020000000000000000e+02
4.560000000000000000e+02
4.310000000000000000e+02
4.040000000000000000e+02
4.130000000000000000e+02
3.920000000000000000e+02
3.850000000000000000e+02
3.790000000000000000e+02
3.400000000000000000e+02
3.530000000000000000e+02
3.660000000000000000e+02
3.200000000000000000e+02
3.360000000000000000e+02
3.100000000000000000e+02
2.860000000000000000e+02
2.970000000000000000e+02
2.700000000000000000e+02
2.620000000000000000e+02
2.650000000000000000e+02
2.320000000000000000e+02
2.120000000000000000e+02
2.120000000000000000e+02
1.710000000000000000e+02
1.600000000000000000e+02
1.410000000000000000e+02
1.480000000000000000e+02
1.280000000000000000e+02
3.340000000000000000e+02
2.816000000000000000e+03
1.190900000000000000e+04
2.647000000000000000e+03
1.789000000000000000e+03
1.557000000000000000e+03
1.519000000000000000e+03
1.443000000000000000e+03
1.412000000000000000e+03
1.384000000000000000e+03
1.385000000000000000e+03
1.354000000000000000e+03
1.365000000000000000e+03
1.366000000000000000e+03
1.428000000000000000e+03
1.495000000000000000e+03
1.592000000000000000e+03
1.576000000000000000e+03
1.702000000000000000e+03
1.851000000000000000e+03
2.033000000000000000e+03
2.131000000000000000e+03
2.233000000000000000e+03
2.379000000000000000e+03
2.362000000000000000e+03
2.374000000000000000e+03
2.181000000000000000e+03
2.018000000000000000e+03
1.843000000000000000e+03
1.730000000000000000e+03
1.639000000000000000e+03
1.698000000000000000e+03
1.544000000000000000e+03
1.568000000000000000e+03
1.645000000000000000e+03
1.540000000000000000e+03
1.609000000000000000e+03
1.557000000000000000e+03
1.628000000000000000e+03
1.543000000000000000e+03
1.621000000000000000e+03
1.621000000000000000e+03
1.591000000000000000e+03
1.595000000000000000e+03
1.451000000000000000e+03
1.434000000000000000e+03
1.384000000000000000e+03
1.392000000000000000e+03
1.378000000000000000e+03
1.309000000000000000e+03
1.347000000000000000e+03
1.327000000000000000e+03
1.251000000000000000e+03
1.352000000000000000e+03
1.349000000000000000e+03
1.307000000000000000e+03
1.355000000000000000e+03
1.334000000000000000e+03
1.269000000000000000e+03
1.248000000000000000e+03
1.230000000000000000e+03
1.306000000000000000e+03
1.288000000000000000e+03
1.276000000000000000e+03
1.249000000000000000e+03
1.213000000000000000e+03
1.226000000000000000e+03
1.322000000000000000e+03
1.217000000000000000e+03
1.192000000000000000e+03
1.225000000000000000e+03
1.171000000000000000e+03
1.126000000000000000e+03
1.112000000000000000e+03
1.116000000000000000e+03
1.067000000000000000e+03
1.113000000000000000e+03
1.005000000000000000e+03
1.015000000000000000e+03
9.980000000000000000e+02
9.580000000000000000e+02
9.440000000000000000e+02
8.870000000000000000e+02
8.640000000000000000e+02
8.530000000000000000e+02
8.320000000000000000e+02
8.250000000000000000e+02
8.160000000000000000e+02
8.010000000000000000e+02
7.410000000000000000e+02
7.880000000000000000e+02
7.490000000000000000e+02
6.930000000000000000e+02
7.650000000000000000e+02
7.020000000000000000e+02
7.210000000000000000e+02
6.870000000000000000e+02
6.810000000000000000e+02
6.450000000000000000e+02
6.390000000000000000e+02
6.630000000000000000e+02
6.790000000000000000e+02
6.420000000000000000e+02
6.500000000000000000e+02
5.910000000000000000e+02
6.450000000000000000e+02
6.270000000000000000e+02
6.420000000000000000e+02
6.140000000000000000e+02
6.460000000000000000e+02
6.220000000000000000e+02
6.260000000000000000e+02
6.530000000000000000e+02
6.470000000000000000e+02
6.080000000000000000e+02
6.750000000000000000e+02
6.570000000000000000e+02
6.410000000000000000e+02
6.510000000000000000e+02
7.080000000000000000e+02
7.080000000000000000e+02
7.390000000000000000e+02
7.490000000000000000e+02
7.600000000000000000e+02
7.030000000000000000e+02
7.100000000000000000e+02
7.660000000000000000e+02
7.850000000000000000e+02
8.030000000000000000e+02
7.770000000000000000e+02
7.560000000000000000e+02
7.990000000000000000e+02
7.870000000000000000e+02
8.690000000000000000e+02
7.870000000000000000e+02
7.830000000000000000e+02
8.220000000000000000e+02
8.190000000000000000e+02
8.410000000000000000e+02
7.830000000000000000e+02
8.530000000000000000e+02
7.670000000000000000e+02
7.780000000000000000e+02
7.840000000000000000e+02
7.700000000000000000e+02
8.240000000000000000e+02
8.510000000000000000e+02
8.030000000000000000e+02
7.860000000000000000e+02
7.700000000000000000e+02
7.270000000000000000e+02
7.500000000000000000e+02
7.330000000000000000e+02
7.000000000000000000e+02
7.170000000000000000e+02
6.820000000000000000e+02
7.340000000000000000e+02
7.030000000000000000e+02
7.130000000000000000e+02
6.810000000000000000e+02
7.000000000000000000e+02
7.020000000000000000e+02
7.150000000000000000e+02
7.090000000000000000e+02
7.390000000000000000e+02
7.260000000000000000e+02
7.380000000000000000e+02
7.260000000000000000e+02
6.760000000000000000e+02
6.960000000000000000e+02
7.430000000000000000e+02
6.910000000000000000e+02
7.450000000000000000e+02
7.520000000000000000e+02
6.880000000000000000e+02
7.240000000000000000e+02
7.660000000000000000e+02
7.150000000000000000e+02
7.660000000000000000e+02
7.640000000000000000e+02
7.440000000000000000e+02
7.790000000000000000e+02
7.250000000000000000e+02
7.220000000000000000e+02
7.170000000000000000e+02
6.900000000000000000e+02
7.490000000000000000e+02
6.910000000000000000e+02
7.210000000000000000e+02
7.000000000000000000e+02
7.040000000000000000e+02
7.100000000000000000e+02
7.000000000000000000e+02
6.820000000000000000e+02
7.010000000000000000e+02
6.680000000000000000e+02
6.980000000000000000e+02
6.720000000000000000e+02
6.530000000000000000e+02
6.720000000000000000e+02
6.400000000000000000e+02
6.370000000000000000e+02
5.990000000000000000e+02
6.390000000000000000e+02
6.380000000000000000e+02
6.100000000000000000e+02
6.810000000000000000e+02
6.150000000000000000e+02
6.250000000000000000e+02
6.050000000000000000e+02
6.110000000000000000e+02
6.040000000000000000e+02
6.310000000000000000e+02
6.270000000000000000e+02
5.910000000000000000e+02
6.350000000000000000e+02
6.200000000000000000e+02
5.790000000000000000e+02
5.710000000000000000e+02
5.740000000000000000e+02
5.640000000000000000e+02
5.180000000000000000e+02
4.930000000000000000e+02
4.410000000000000000e+02
4.570000000000000000e+02
4.260000000000000000e+02
4.050000000000000000e+02
3.830000000000000000e+02
3.350000000000000000e+02
3.580000000000000000e+02
3.190000000000000000e+02
3.030000000000000000e+02
3.150000000000000000e+02
2.770000000000000000e+02
2.950000000000000000e+02
2.900000000000000000e+02
2.980000000000000000e+02
2.700000000000000000e+02
2.810000000000000000e+02
2.620000000000000000e+02
2.400000000000000000e+02
2.270000000000000000e+02
2.380000000000000000e+02
1.910000000000000000e+02
1.770000000000000000e+02
1.400000000000000000e+02
1.750000000000000000e+02
1.480000000000000000e+02
1.500000000000000000e+02
1.400000000000000000e+02
1.300000000000000000e+02
1.020000000000000000e+02
1.070000000000000000e+02
8.300000000000000000e+01
6.400000000000000000e+01
5.200000000000000000e+01
5.800000000000000000e+01
2.858000000000000000e+03
1.082800000000000000e+04
2.259000000000000000e+03
1.786000000000000000e+03
1.469000000000000000e+03
1.285000000000000000e+03
1.260000000000000000e+03
1.166000000000000000e+03
1.234000000000000000e+03
1.343000000000000000e+03
1.361000000000000000e+03
1.474000000000000000e+03
1.495000000000000000e+03
1.566000000000000000e+03
1.590000000000000000e+03
1.629000000000000000e+03
1.720000000000000000e+03
1.717000000000000000e+03
1.776000000000000000e+03
1.986000000000000000e+03
2.272000000000000000e+03
2.266000000000000000e+03
2.453000000000000000e+03
2.275000000000000000e+03
2.323000000000000000e+03
2.250000000000000000e+03
2.152000000000000000e+03
2.123000000000000000e+03
2.074000000000000000e+03
1.995000000000000000e+03
2.016000000000000000e+03
2.017000000000000000e+03
1.940000000000000000e+03
1.974000000000000000e+03
1.823000000000000000e+03
1.798000000000000000e+03
1.733000000000000000e+03
1.669000000000000000e+03
1.661000000000000000e+03
1.604000000000000000e+03
1.546000000000000000e+03
1.545000000000000000e+03
1.541000000000000000e+03
1.564000000000000000e+03
1.575000000000000000e+03
1.495000000000000000e+03
1.557000000000000000e+03
1.531000000000000000e+03
1.469000000000000000e+03
1.422000000000000000e+03
1.483000000000000000e+03
1.327000000000000000e+03
1.373000000000000000e+03
1.303000000000000000e+03
1.284000000000000000e+03
1.259000000000000000e+03
1.250000000000000000e+03
1.237000000000000000e+03
1.210000000000000000e+03
1.104000000000000000e+03
1.144000000000000000e+03
1.155000000000000000e+03
1.128000000000000000e+03
1.028000000000000000e+03
1.171000000000000000e+03
1.074000000000000000e+03
1.153000000000000000e+03
1.153000000000000000e+03
1.066000000000000000e+03
1.099000000000000000e+03
1.080000000000000000e+03
1.069000000000000000e+03
1.063000000000000000e+03
1.084000000000000000e+03
1.054000000000000000e+03
1.066000000000000000e+03
1.073000000000000000e+03
1.013000000000000000e+03
1.089000000000000000e+03
1.073000000000000000e+03
1.076000000000000000e+03
1.007000000000000000e+03
9.580000000000000000e+02
9.930000000000000000e+02
1.016000000000000000e+03
9.320000000000000000e+02
9.470000000000000000e+02
9.190000000000000000e+02
9.630000000000000000e+02
9.180000000000000000e+02
9.250000000000000000e+02
8.980000000000000000e+02
8.150000000000000000e+02
8.860000000000000000e+02
8.930000000000000000e+02
7.950000000000000000e+02
8.180000000000000000e+02
8.300000000000000000e+02
8.920000000000000000e+02
8.210000000000000000e+02
8.110000000000000000e+02
7.890000000000000000e+02
7.540000000000000000e+02
7.930000000000000000e+02
8.060000000000000000e+02
7.520000000000000000e+02
8.040000000000000000e+02
7.300000000000000000e+02
7.560000000000000000e+02
7.190000000000000000e+02
7.480000000000000000e+02
6.920000000000000000e+02
7.110000000000000000e+02
7.330000000000000000e+02
7.690000000000000000e+02
7.440000000000000000e+02
7.910000000000000000e+02
7.900000000000000000e+02
7.280000000000000000e+02
7.480000000000000000e+02
7.850000000000000000e+02
7.990000000000000000e+02
8.300000000000000000e+02
7.950000000000000000e+02
7.940000000000000000e+02
7.970000000000000000e+02
8.330000000000000000e+02
8.280000000000000000e+02
7.600000000000000000e+02
7.910000000000000000e+02
7.830000000000000000e+02
7.580000000000000000e+02
8.120000000000000000e+02
7.730000000000000000e+02
7.360000000000000000e+02
7.480000000000000000e+02
7.060000000000000000e+02
7.510000000000000000e+02
7.650000000000000000e+02
7.350000000000000000e+02
7.360000000000000000e+02
7.590000000000000000e+02
6.930000000000000000e+02
6.880000000000000000e+02
7.160000000000000000e+02
7.280000000000000000e+02
7.250000000000000000e+02
7.390000000000000000e+02
7.130000000000000000e+02
7.600000000000000000e+02
7.550000000000000000e+02
7.650000000000000000e+02
7.390000000000000000e+02
7.550000000000000000e+02
7.530000000000000000e+02
7.150000000000000000e+02
7.420000000000000000e+02
7.560000000000000000e+02
7.110000000000000000e+02
7.460000000000000000e+02
7.450000000000000000e+02
7.420000000000000000e+02
7.200000000000000000e+02
7.280000000000000000e+02
7.760000000000000000e+02
7.690000000000000000e+02
7.830000000000000000e+02
7.270000000000000000e+02
7.580000000000000000e+02
7.270000000000000000e+02
7.240000000000000000e+02
7.130000000000000000e+02
7.360000000000000000e+02
7.700000000000000000e+02
7.060000000000000000e+02
6.740000000000000000e+02
6.450000000000000000e+02
6.530000000000000000e+02
7.140000000000000000e+02
6.750000000000000000e+02
7.270000000000000000e+02
6.830000000000000000e+02
7.040000000000000000e+02
6.540000000000000000e+02
6.310000000000000000e+02
6.410000000000000000e+02
5.970000000000000000e+02
5.850000000000000000e+02
6.310000000000000000e+02
6.090000000000000000e+02
6.260000000000000000e+02
6.120000000000000000e+02
5.740000000000000000e+02
6.130000000000000000e+02
6.780000000000000000e+02
6.070000000000000000e+02
5.880000000000000000e+02
6.050000000000000000e+02
5.700000000000000000e+02
5.930000000000000000e+02
5.780000000000000000e+02
5.730000000000000000e+02
5.360000000000000000e+02
5.850000000000000000e+02
5.390000000000000000e+02
5.670000000000000000e+02
5.740000000000000000e+02
5.950000000000000000e+02
5.870000000000000000e+02
5.650000000000000000e+02
5.870000000000000000e+02
5.910000000000000000e+02
5.460000000000000000e+02
5.280000000000000000e+02
5.360000000000000000e+02
4.410000000000000000e+02
4.250000000000000000e+02
4.160000000000000000e+02
3.640000000000000000e+02
3.580000000000000000e+02
3.110000000000000000e+02
3.020000000000000000e+02
3.020000000000000000e+02
2.880000000000000000e+02
3.200000000000000000e+02
3.160000000000000000e+02
2.930000000000000000e+02
2.920000000000000000e+02
2.590000000000000000e+02
2.480000000000000000e+02
2.600000000000000000e+02
2.470000000000000000e+02
2.140000000000000000e+02
2.270000000000000000e+02
1.940000000000000000e+02
2.050000000000000000e+02
1.770000000000000000e+02
1.900000000000000000e+02
1.780000000000000000e+02
1.620000000000000000e+02
1.620000000000000000e+02
1.490000000000000000e+02
1.150000000000000000e+02
1.270000000000000000e+02
1.090000000000000000e+02
1.140000000000000000e+02
1.160000000000000000e+02
8.100000000000000000e+01
7.600000000000000000e+01
8.500000000000000000e+01
8.300000000000000000e+01
6.400000000000000000e+01
7.200000000000000000e+01
5.200000000000000000e+01
6.700000000000000000e+01
1.660000000000000000e+02
2.705400000000000000e+04
4.850000000000000000e+02
5.890000000000000000e+02
1.017000000000000000e+03
4.270000000000000000e+02
1.988000000000000000e+03
2.614000000000000000e+03
4.850000000000000000e+02
2.409000000000000000e+03
1.309000000000000000e+03
1.371000000000000000e+03
4.954000000000000000e+03
1.678000000000000000e+03
6.312000000000000000e+03
2.902000000000000000e+03
5.127000000000000000e+03
5.123000000000000000e+03
5.474000000000000000e+03
2.418000000000000000e+03
5.297000000000000000e+03
5.461000000000000000e+03
6.316000000000000000e+03
4.420000000000000000e+03
3.059000000000000000e+03
4.342000000000000000e+03
2.874000000000000000e+03
3.256000000000000000e+03
6.610000000000000000e+02
6.780000000000000000e+02
4.060000000000000000e+02
5.865000000000000000e+03
8.000000000000000000e+01
6.180000000000000000e+02
1.740000000000000000e+02
8.060000000000000000e+02
1.805000000000000000e+03
1.854000000000000000e+03
4.400000000000000000e+01
1.950000000000000000e+02
8.000000000000000000e+01
2.930000000000000000e+02
8.000000000000000000e+00
8.040000000000000000e+02
3.980000000000000000e+02
3.000000000000000000e+00
5.100000000000000000e+01
1.000000000000000000e+01
0.000000000000000000e+00
1.060000000000000000e+02
7.000000000000000000e+00
1.250000000000000000e+03
2.070000000000000000e+02
3.000000000000000000e+01
2.000000000000000000e+00
2.300000000000000000e+01
2.500000000000000000e+02
7.300000000000000000e+01
1.300000000000000000e+01
1.000000000000000000e+01
2.000000000000000000e+00
2.900000000000000000e+02
7.000000000000000000e+00
1.300000000000000000e+01
4.800000000000000000e+01
1.300000000000000000e+01
3.800000000000000000e+01
6.360000000000000000e+02
4.000000000000000000e+01
9.000000000000000000e+01
5.600000000000000000e+01
2.740000000000000000e+02
4.300000000000000000e+01
3.700000000000000000e+01
1.150000000000000000e+02
1.270000000000000000e+02
2.607000000000000000e+03
5.400000000000000000e+01
7.300000000000000000e+01
4.400000000000000000e+01
1.170000000000000000e+02
6.980000000000000000e+02
2.200000000000000000e+01
4.100000000000000000e+01
1.051000000000000000e+03
1.260000000000000000e+02
1.590000000000000000e+02
2.600000000000000000e+01
5.380000000000000000e+02
6.600000000000000000e+01
2.600000000000000000e+01
9.410000000000000000e+02
6.800000000000000000e+01
1.570000000000000000e+02
3.000000000000000000e+02
9.200000000000000000e+01
8.870000000000000000e+02
2.110000000000000000e+03
1.390000000000000000e+02
1.301000000000000000e+03
5.810000000000000000e+02
5.770000000000000000e+02
3.324000000000000000e+03
1.581000000000000000e+03
7.467000000000000000e+03
2.585000000000000000e+03
4.606000000000000000e+03
4.124000000000000000e+03
1.980000000000000000e+03
1.239000000000000000e+03
4.908000000000000000e+03
4.591000000000000000e+03
5.970000000000000000e+03
1.657000000000000000e+03
4.584000000000000000e+03
4.736000000000000000e+03
4.029000000000000000e+03
1.760000000000000000e+03
1.600000000000000000e+01
7.200000000000000000e+01
3.700000000000000000e+01
1.317300000000000000e+04
0.000000000000000000e+00
2.050000000000000000e+02
2.700000000000000000e+01
1.223000000000000000e+03
3.789000000000000000e+03
4.682000000000000000e+03
9.000000000000000000e+00
1.700000000000000000e+02
5.000000000000000000e+01
2.380000000000000000e+02
1.000000000000000000e+00
1.153000000000000000e+03
6.410000000000000000e+02
7.000000000000000000e+00
6.800000000000000000e+01
2.000000000000000000e+01
3.000000000000000000e+00
1.050000000000000000e+02
4.000000000000000000e+00
2.163000000000000000e+03
2.110000000000000000e+02
5.500000000000000000e+01
7.000000000000000000e+00
1.300000000000000000e+01
3.750000000000000000e+02
1.050000000000000000e+02
3.100000000000000000e+01
2.700000000000000000e+01
0.000000000000000000e+00
1.920000000000000000e+02
0.000000000000000000e+00
1.900000000000000000e+01
4.200000000000000000e+01
1.000000000000000000e+00
4.000000000000000000e+01
7.220000000000000000e+02
2.600000000000000000e+01
8.400000000000000000e+01
7.300000000000000000e+01
2.700000000000000000e+02
3.300000000000000000e+01
4.100000000000000000e+01
2.330000000000000000e+02
3.090000000000000000e+02
2.863000000000000000e+03
1.330000000000000000e+02
1.110000000000000000e+02
7.000000000000000000e+01
2.810000000000000000e+02
1.335000000000000000e+03
1.220000000000000000e+02
2.150000000000000000e+02
1.112000000000000000e+03
6.270000000000000000e+02
4.540000000000000000e+02
2.500000000000000000e+02
1.280000000000000000e+03
5.190000000000000000e+02
5.270000000000000000e+02
2.364900000000000000e+04
1.000000000000000000e+01
6.410000000000000000e+02
2.453000000000000000e+03
2.195000000000000000e+03
2.018000000000000000e+03
2.458000000000000000e+03
2.653000000000000000e+03
2.968000000000000000e+03
3.710000000000000000e+03
4.103000000000000000e+03
3.473000000000000000e+03
3.360000000000000000e+03
3.282000000000000000e+03
3.053000000000000000e+03
3.333000000000000000e+03
2.950000000000000000e+03
2.667000000000000000e+03
2.760000000000000000e+03
2.637000000000000000e+03
2.840000000000000000e+03
3.041000000000000000e+03
3.264000000000000000e+03
3.429000000000000000e+03
3.260000000000000000e+03
2.724000000000000000e+03
3.261000000000000000e+03
2.664000000000000000e+03
2.823000000000000000e+03
2.334000000000000000e+03
2.429000000000000000e+03
2.181000000000000000e+03
2.371000000000000000e+03
2.122000000000000000e+03
2.114000000000000000e+03
1.924000000000000000e+03
2.298000000000000000e+03
1.331000000000000000e+03
1.864000000000000000e+03
1.858000000000000000e+03
1.767000000000000000e+03
1.623000000000000000e+03
1.444000000000000000e+03
1.957000000000000000e+03
1.557000000000000000e+03
1.375000000000000000e+03
1.823000000000000000e+03
1.330000000000000000e+03
1.365000000000000000e+03
1.564000000000000000e+03
1.118000000000000000e+03
1.895000000000000000e+03
1.066000000000000000e+03
1.480000000000000000e+03
1.043000000000000000e+03
1.788000000000000000e+03
8.500000000000000000e+02
1.668000000000000000e+03
1.274000000000000000e+03
1.414000000000000000e+03
1.081000000000000000e+03
1.305000000000000000e+03
9.980000000000000000e+02
6.630000000000000000e+02
2.102000000000000000e+03
9.540000000000000000e+02
8.970000000000000000e+02
1.287000000000000000e+03
1.065000000000000000e+03
8.000000000000000000e+02
1.453000000000000000e+03
1.097000000000000000e+03
8.270000000000000000e+02
1.506000000000000000e+03
8.530000000000000000e+02
1.066000000000000000e+03
9.030000000000000000e+02
1.304000000000000000e+03
1.115000000000000000e+03
6.770000000000000000e+02
1.027000000000000000e+03
9.860000000000000000e+02
9.670000000000000000e+02
9.640000000000000000e+02
6.160000000000000000e+02
2.337000000000000000e+03
6.030000000000000000e+02
9.560000000000000000e+02
9.480000000000000000e+02
1.011000000000000000e+03
1.116000000000000000e+03
1.079000000000000000e+03
8.100000000000000000e+02
1.004000000000000000e+03
9.700000000000000000e+02
5.900000000000000000e+02
1.172000000000000000e+03
8.320000000000000000e+02
1.128000000000000000e+03
7.170000000000000000e+02
8.610000000000000000e+02
6.830000000000000000e+02
1.608000000000000000e+03
6.870000000000000000e+02
7.280000000000000000e+02
6.010000000000000000e+02
9.690000000000000000e+02
7.690000000000000000e+02
6.210000000000000000e+02
1.085000000000000000e+03
5.070000000000000000e+02
6.290000000000000000e+02
6.500000000000000000e+02
8.410000000000000000e+02
5.230000000000000000e+02
4.970000000000000000e+02
8.330000000000000000e+02
5.530000000000000000e+02
8.220000000000000000e+02
5.730000000000000000e+02
6.590000000000000000e+02
5.590000000000000000e+02
5.290000000000000000e+02
5.520000000000000000e+02
5.610000000000000000e+02
4.780000000000000000e+02
2.800000000000000000e+02
6.360000000000000000e+02
2.026000000000000000e+03
2.720000000000000000e+02
4.390000000000000000e+02
4.770000000000000000e+02
4.420000000000000000e+02
4.140000000000000000e+02
4.900000000000000000e+02
4.310000000000000000e+02
4.780000000000000000e+02
4.280000000000000000e+02
3.890000000000000000e+02
5.780000000000000000e+02
3.910000000000000000e+02
3.590000000000000000e+02
6.750000000000000000e+02
3.950000000000000000e+02
3.060000000000000000e+02
2.900000000000000000e+02
4.590000000000000000e+02
3.030000000000000000e+02
3.130000000000000000e+02
3.520000000000000000e+02
2.310000000000000000e+02
2.880000000000000000e+02
2.360000000000000000e+02
6.120000000000000000e+02
2.230000000000000000e+02
2.420000000000000000e+02
2.320000000000000000e+02
2.660000000000000000e+02
2.380000000000000000e+02
5.080000000000000000e+02
1.580000000000000000e+02
1.950000000000000000e+02
2.390000000000000000e+02
1.480000000000000000e+02
1.510000000000000000e+02
1.930000000000000000e+02
1.600000000000000000e+02
1.420000000000000000e+02
1.060000000000000000e+02
6.100000000000000000e+01
1.384000000000000000e+03
6.600000000000000000e+01
1.010000000000000000e+02
1.200000000000000000e+02
1.240000000000000000e+02
9.100000000000000000e+01
9.400000000000000000e+01
1.450000000000000000e+02
3.900000000000000000e+01
1.530000000000000000e+02
8.600000000000000000e+01
8.100000000000000000e+01
3.440000000000000000e+02
6.300000000000000000e+01
9.000000000000000000e+01
1.450000000000000000e+02
6.700000000000000000e+01
6.100000000000000000e+01
9.300000000000000000e+01
5.500000000000000000e+01
4.500000000000000000e+01
4.100000000000000000e+02
3.800000000000000000e+01
5.600000000000000000e+01
6.500000000000000000e+01
5.900000000000000000e+01
7.200000000000000000e+01
6.200000000000000000e+01
1.070000000000000000e+02
3.100000000000000000e+01
7.500000000000000000e+01
6.500000000000000000e+01
3.700000000000000000e+01
4.100000000000000000e+01
1.360000000000000000e+02
4.000000000000000000e+01
4.200000000000000000e+01
5.000000000000000000e+01
3.500000000000000000e+01
5.300000000000000000e+01
4.200000000000000000e+01
4.500000000000000000e+01
1.400000000000000000e+01
3.600000000000000000e+02
3.600000000000000000e+01
2.800000000000000000e+01
4.700000000000000000e+01
3.800000000000000000e+01
2.100000000000000000e+01
1.260000000000000000e+02
3.200000000000000000e+01
4.200000000000000000e+01
4.000000000000000000e+01
5.300000000000000000e+01
3.200000000000000000e+01
3.000000000000000000e+01
1.900000000000000000e+01
7.600000000000000000e+01
2.900000000000000000e+01
1.800000000000000000e+01
3.900000000000000000e+01
1.800000000000000000e+01
3.700000000000000000e+01
2.300000000000000000e+01
3.000000000000000000e+01
4.000000000000000000e+01
1.900000000000000000e+01
3.300000000000000000e+01
1.800000000000000000e+01
2.300000000000000000e+01
1.800000000000000000e+01
1.900000000000000000e+01
1.500000000000000000e+01
1.700000000000000000e+01
1.800000000000000000e+01
1.500000000000000000e+01
1.200000000000000000e+01
1.800000000000000000e+01
1.300000000000000000e+01
1.200000000000000000e+01
1.000000000000000000e+00
3.000000000000000000e+00
9.000000000000000000e+00
1.000000000000000000e+00
0.000000000000000000e+00
3.178000000000000000e+03
1.536000000000000000e+03
1.069800000000000000e+04
2.271000000000000000e+03
1.801000000000000000e+03
1.400000000000000000e+03
1.229000000000000000e+03
1.155000000000000000e+03
1.063000000000000000e+03
1.056000000000000000e+03
1.117000000000000000e+03
1.117000000000000000e+03
1.227000000000000000e+03
1.221000000000000000e+03
1.224000000000000000e+03
1.263000000000000000e+03
1.220000000000000000e+03
1.273000000000000000e+03
1.251000000000000000e+03
1.270000000000000000e+03
1.391000000000000000e+03
1.464000000000000000e+03
1.435000000000000000e+03
1.595000000000000000e+03
1.746000000000000000e+03
1.828000000000000000e+03
1.854000000000000000e+03
2.087000000000000000e+03
2.002000000000000000e+03
1.964000000000000000e+03
1.746000000000000000e+03
1.777000000000000000e+03
1.570000000000000000e+03
1.546000000000000000e+03
1.663000000000000000e+03
1.498000000000000000e+03
1.463000000000000000e+03
1.431000000000000000e+03
1.476000000000000000e+03
1.497000000000000000e+03
1.456000000000000000e+03
1.478000000000000000e+03
1.400000000000000000e+03
1.449000000000000000e+03
1.446000000000000000e+03
1.464000000000000000e+03
1.359000000000000000e+03
1.430000000000000000e+03
1.489000000000000000e+03
1.371000000000000000e+03
1.390000000000000000e+03
1.455000000000000000e+03
1.347000000000000000e+03
1.437000000000000000e+03
1.305000000000000000e+03
1.334000000000000000e+03
1.392000000000000000e+03
1.351000000000000000e+03
1.302000000000000000e+03
1.326000000000000000e+03
1.200000000000000000e+03
1.274000000000000000e+03
1.304000000000000000e+03
1.227000000000000000e+03
1.154000000000000000e+03
1.289000000000000000e+03
1.281000000000000000e+03
1.334000000000000000e+03
1.249000000000000000e+03
1.239000000000000000e+03
1.209000000000000000e+03
1.251000000000000000e+03
1.185000000000000000e+03
1.222000000000000000e+03
1.218000000000000000e+03
1.141000000000000000e+03
1.198000000000000000e+03
1.184000000000000000e+03
1.132000000000000000e+03
1.171000000000000000e+03
1.145000000000000000e+03
1.176000000000000000e+03
1.030000000000000000e+03
9.760000000000000000e+02
9.850000000000000000e+02
9.870000000000000000e+02
9.630000000000000000e+02
9.540000000000000000e+02
9.310000000000000000e+02
8.650000000000000000e+02
8.960000000000000000e+02
8.790000000000000000e+02
8.000000000000000000e+02
8.220000000000000000e+02
8.170000000000000000e+02
8.240000000000000000e+02
7.930000000000000000e+02
7.780000000000000000e+02
7.830000000000000000e+02
7.780000000000000000e+02
7.490000000000000000e+02
7.320000000000000000e+02
7.540000000000000000e+02
7.390000000000000000e+02
7.150000000000000000e+02
7.550000000000000000e+02
7.020000000000000000e+02
6.810000000000000000e+02
6.990000000000000000e+02
6.650000000000000000e+02
6.110000000000000000e+02
6.460000000000000000e+02
6.650000000000000000e+02
6.430000000000000000e+02
6.540000000000000000e+02
6.390000000000000000e+02
6.300000000000000000e+02
6.810000000000000000e+02
6.400000000000000000e+02
6.650000000000000000e+02
6.240000000000000000e+02
6.480000000000000000e+02
6.720000000000000000e+02
7.050000000000000000e+02
6.860000000000000000e+02
6.990000000000000000e+02
7.330000000000000000e+02
7.380000000000000000e+02
7.360000000000000000e+02
7.000000000000000000e+02
7.490000000000000000e+02
7.640000000000000000e+02
7.570000000000000000e+02
8.540000000000000000e+02
7.510000000000000000e+02
8.000000000000000000e+02
7.280000000000000000e+02
7.340000000000000000e+02
7.250000000000000000e+02
7.220000000000000000e+02
7.250000000000000000e+02
7.660000000000000000e+02
7.590000000000000000e+02
6.880000000000000000e+02
6.810000000000000000e+02
7.830000000000000000e+02
7.620000000000000000e+02
7.140000000000000000e+02
7.300000000000000000e+02
7.340000000000000000e+02
7.340000000000000000e+02
7.520000000000000000e+02
7.830000000000000000e+02
7.380000000000000000e+02
7.310000000000000000e+02
7.490000000000000000e+02
7.750000000000000000e+02
7.740000000000000000e+02
8.150000000000000000e+02
7.150000000000000000e+02
7.200000000000000000e+02
7.220000000000000000e+02
7.560000000000000000e+02
7.610000000000000000e+02
7.230000000000000000e+02
7.480000000000000000e+02
7.500000000000000000e+02
8.260000000000000000e+02
7.230000000000000000e+02
7.180000000000000000e+02
7.790000000000000000e+02
7.570000000000000000e+02
7.330000000000000000e+02
7.820000000000000000e+02
7.950000000000000000e+02
7.590000000000000000e+02
7.020000000000000000e+02
6.990000000000000000e+02
6.550000000000000000e+02
7.570000000000000000e+02
7.440000000000000000e+02
7.050000000000000000e+02
6.240000000000000000e+02
7.090000000000000000e+02
6.820000000000000000e+02
7.010000000000000000e+02
7.590000000000000000e+02
7.200000000000000000e+02
7.060000000000000000e+02
7.020000000000000000e+02
8.040000000000000000e+02
7.050000000000000000e+02
7.200000000000000000e+02
7.040000000000000000e+02
7.570000000000000000e+02
7.590000000000000000e+02
7.170000000000000000e+02
7.860000000000000000e+02
7.150000000000000000e+02
7.720000000000000000e+02
7.580000000000000000e+02
7.530000000000000000e+02
7.350000000000000000e+02
7.510000000000000000e+02
7.640000000000000000e+02
7.360000000000000000e+02
6.910000000000000000e+02
7.490000000000000000e+02
7.510000000000000000e+02
7.480000000000000000e+02
7.410000000000000000e+02
7.100000000000000000e+02
7.220000000000000000e+02
7.060000000000000000e+02
6.770000000000000000e+02
6.930000000000000000e+02
6.370000000000000000e+02
7.040000000000000000e+02
7.120000000000000000e+02
6.990000000000000000e+02
6.500000000000000000e+02
5.930000000000000000e+02
5.940000000000000000e+02
6.360000000000000000e+02
6.040000000000000000e+02
6.180000000000000000e+02
5.920000000000000000e+02
5.800000000000000000e+02
5.620000000000000000e+02
5.570000000000000000e+02
4.960000000000000000e+02
4.840000000000000000e+02
4.480000000000000000e+02
4.550000000000000000e+02
4.290000000000000000e+02
4.210000000000000000e+02
3.820000000000000000e+02
3.690000000000000000e+02
4.020000000000000000e+02
3.870000000000000000e+02
3.480000000000000000e+02
3.660000000000000000e+02
3.580000000000000000e+02
3.110000000000000000e+02
3.420000000000000000e+02
2.940000000000000000e+02
2.920000000000000000e+02
3.080000000000000000e+02
2.400000000000000000e+02
2.370000000000000000e+02
2.440000000000000000e+02
2.150000000000000000e+02
1.880000000000000000e+02
1.900000000000000000e+02
1.820000000000000000e+02
1.820000000000000000e+02
5.030000000000000000e+02
