7.000000000000000000e+00
3.000000000000000000e+00
2.000000000000000000e+00
5.000000000000000000e+00
3.000000000000000000e+00
1.000000000000000000e+01
1.300000000000000000e+01
1.200000000000000000e+01
2.100000000000000000e+01
2.900000000000000000e+01
3.500000000000000000e+01
2.900000000000000000e+01
5.600000000000000000e+01
6.700000000000000000e+01
6.500000000000000000e+01
1.050000000000000000e+02
9.800000000000000000e+01
1.250000000000000000e+02
1.440000000000000000e+02
1.680000000000000000e+02
2.070000000000000000e+02
2.650000000000000000e+02
3.260000000000000000e+02
3.900000000000000000e+02
4.410000000000000000e+02
5.750000000000000000e+02
5.310000000000000000e+02
5.380000000000000000e+02
5.100000000000000000e+02
4.670000000000000000e+02
4.630000000000000000e+02
4.230000000000000000e+02
3.880000000000000000e+02
4.060000000000000000e+02
3.600000000000000000e+02
2.980000000000000000e+02
3.420000000000000000e+02
3.350000000000000000e+02
2.860000000000000000e+02
3.510000000000000000e+02
3.200000000000000000e+02
3.090000000000000000e+02
3.280000000000000000e+02
3.370000000000000000e+02
3.220000000000000000e+02
3.650000000000000000e+02
3.440000000000000000e+02
3.420000000000000000e+02
3.790000000000000000e+02
3.550000000000000000e+02
3.660000000000000000e+02
3.750000000000000000e+02
3.620000000000000000e+02
3.640000000000000000e+02
3.470000000000000000e+02
3.820000000000000000e+02
3.610000000000000000e+02
4.360000000000000000e+02
4.290000000000000000e+02
4.370000000000000000e+02
4.580000000000000000e+02
5.370000000000000000e+02
5.430000000000000000e+02
5.630000000000000000e+02
5.950000000000000000e+02
5.900000000000000000e+02
6.030000000000000000e+02
6.710000000000000000e+02
6.540000000000000000e+02
6.980000000000000000e+02
6.660000000000000000e+02
6.580000000000000000e+02
7.140000000000000000e+02
8.670000000000000000e+02
9.190000000000000000e+02
9.590000000000000000e+02
1.013000000000000000e+03
1.000000000000000000e+03
1.111000000000000000e+03
1.075000000000000000e+03
1.111000000000000000e+03
1.065000000000000000e+03
1.102000000000000000e+03
1.232000000000000000e+03
1.172000000000000000e+03
1.198000000000000000e+03
1.169000000000000000e+03
1.087000000000000000e+03
1.010000000000000000e+03
9.120000000000000000e+02
9.860000000000000000e+02
1.051000000000000000e+03
1.114000000000000000e+03
1.030000000000000000e+03
1.154000000000000000e+03
1.058000000000000000e+03
9.330000000000000000e+02
9.000000000000000000e+02
8.050000000000000000e+02
7.660000000000000000e+02
8.000000000000000000e+02
7.130000000000000000e+02
7.140000000000000000e+02
7.070000000000000000e+02
7.450000000000000000e+02
7.000000000000000000e+02
6.620000000000000000e+02
6.980000000000000000e+02
6.320000000000000000e+02
6.830000000000000000e+02
6.440000000000000000e+02
6.160000000000000000e+02
6.220000000000000000e+02
6.360000000000000000e+02
6.790000000000000000e+02
7.320000000000000000e+02
7.760000000000000000e+02
8.780000000000000000e+02
8.960000000000000000e+02
8.660000000000000000e+02
9.420000000000000000e+02
9.190000000000000000e+02
8.600000000000000000e+02
9.310000000000000000e+02
1.035000000000000000e+03
1.090000000000000000e+03
1.054000000000000000e+03
1.105000000000000000e+03
1.211000000000000000e+03
1.192000000000000000e+03
1.246000000000000000e+03
1.378000000000000000e+03
1.484000000000000000e+03
1.513000000000000000e+03
1.632000000000000000e+03
1.642000000000000000e+03
1.670000000000000000e+03
1.745000000000000000e+03
1.786000000000000000e+03
1.714000000000000000e+03
1.947000000000000000e+03
1.940000000000000000e+03
1.910000000000000000e+03
2.014000000000000000e+03
2.001000000000000000e+03
2.054000000000000000e+03
2.053000000000000000e+03
2.134000000000000000e+03
2.014000000000000000e+03
2.168000000000000000e+03
2.209000000000000000e+03
2.219000000000000000e+03
2.158000000000000000e+03
2.150000000000000000e+03
2.067000000000000000e+03
1.989000000000000000e+03
1.991000000000000000e+03
1.919000000000000000e+03
1.768000000000000000e+03
1.760000000000000000e+03
1.752000000000000000e+03
1.654000000000000000e+03
1.652000000000000000e+03
1.729000000000000000e+03
1.722000000000000000e+03
2.032000000000000000e+03
1.671000000000000000e+03
1.736000000000000000e+03
1.937000000000000000e+03
1.722000000000000000e+03
1.744000000000000000e+03
1.662000000000000000e+03
1.767000000000000000e+03
1.721000000000000000e+03
1.715000000000000000e+03
1.526000000000000000e+03
1.571000000000000000e+03
1.663000000000000000e+03
1.628000000000000000e+03
1.789000000000000000e+03
1.598000000000000000e+03
1.683000000000000000e+03
1.520000000000000000e+03
1.638000000000000000e+03
1.586000000000000000e+03
1.522000000000000000e+03
1.616000000000000000e+03
1.575000000000000000e+03
1.560000000000000000e+03
1.480000000000000000e+03
1.545000000000000000e+03
1.772000000000000000e+03
1.796000000000000000e+03
1.685000000000000000e+03
1.510000000000000000e+03
1.594000000000000000e+03
1.532000000000000000e+03
1.436000000000000000e+03
1.474000000000000000e+03
1.273000000000000000e+03
1.306000000000000000e+03
1.167000000000000000e+03
1.238000000000000000e+03
1.207000000000000000e+03
1.118000000000000000e+03
1.216000000000000000e+03
1.128000000000000000e+03
1.068000000000000000e+03
1.145000000000000000e+03
9.150000000000000000e+02
9.990000000000000000e+02
9.190000000000000000e+02
8.990000000000000000e+02
1.021000000000000000e+03
9.860000000000000000e+02
9.920000000000000000e+02
9.170000000000000000e+02
9.000000000000000000e+02
8.730000000000000000e+02
8.990000000000000000e+02
8.560000000000000000e+02
7.560000000000000000e+02
7.790000000000000000e+02
7.700000000000000000e+02
7.950000000000000000e+02
6.730000000000000000e+02
7.480000000000000000e+02
6.470000000000000000e+02
6.210000000000000000e+02
6.420000000000000000e+02
6.250000000000000000e+02
6.190000000000000000e+02
6.510000000000000000e+02
5.970000000000000000e+02
7.060000000000000000e+02
6.800000000000000000e+02
6.420000000000000000e+02
6.540000000000000000e+02
6.550000000000000000e+02
6.050000000000000000e+02
5.990000000000000000e+02
6.280000000000000000e+02
7.050000000000000000e+02
6.160000000000000000e+02
5.270000000000000000e+02
3.860000000000000000e+02
4.120000000000000000e+02
3.850000000000000000e+02
3.340000000000000000e+02
3.160000000000000000e+02
3.170000000000000000e+02
2.450000000000000000e+02
1.990000000000000000e+02
3.070000000000000000e+02
3.670000000000000000e+02
3.140000000000000000e+02
6.000000000000000000e+00
4.000000000000000000e+00
7.000000000000000000e+00
1.000000000000000000e+01
1.000000000000000000e+01
1.600000000000000000e+01
2.200000000000000000e+01
2.400000000000000000e+01
2.700000000000000000e+01
4.500000000000000000e+01
5.500000000000000000e+01
7.500000000000000000e+01
8.500000000000000000e+01
1.160000000000000000e+02
1.350000000000000000e+02
1.400000000000000000e+02
2.150000000000000000e+02
2.660000000000000000e+02
2.800000000000000000e+02
3.630000000000000000e+02
4.070000000000000000e+02
4.730000000000000000e+02
4.990000000000000000e+02
5.270000000000000000e+02
5.090000000000000000e+02
4.740000000000000000e+02
4.800000000000000000e+02
4.390000000000000000e+02
4.040000000000000000e+02
3.890000000000000000e+02
3.070000000000000000e+02
3.350000000000000000e+02
3.410000000000000000e+02
3.180000000000000000e+02
3.000000000000000000e+02
3.040000000000000000e+02
2.980000000000000000e+02
2.890000000000000000e+02
2.950000000000000000e+02
2.450000000000000000e+02
2.770000000000000000e+02
2.880000000000000000e+02
2.720000000000000000e+02
2.740000000000000000e+02
2.930000000000000000e+02
2.990000000000000000e+02
2.800000000000000000e+02
2.810000000000000000e+02
3.160000000000000000e+02
3.280000000000000000e+02
3.170000000000000000e+02
3.300000000000000000e+02
3.570000000000000000e+02
3.430000000000000000e+02
3.320000000000000000e+02
3.740000000000000000e+02
3.970000000000000000e+02
3.750000000000000000e+02
4.010000000000000000e+02
4.220000000000000000e+02
4.390000000000000000e+02
4.670000000000000000e+02
4.870000000000000000e+02
5.970000000000000000e+02
5.860000000000000000e+02
6.510000000000000000e+02
6.900000000000000000e+02
7.450000000000000000e+02
7.660000000000000000e+02
8.220000000000000000e+02
8.280000000000000000e+02
7.790000000000000000e+02
8.390000000000000000e+02
8.820000000000000000e+02
8.300000000000000000e+02
8.150000000000000000e+02
8.900000000000000000e+02
7.620000000000000000e+02
8.480000000000000000e+02
8.470000000000000000e+02
7.480000000000000000e+02
7.960000000000000000e+02
7.980000000000000000e+02
8.390000000000000000e+02
8.360000000000000000e+02
8.780000000000000000e+02
9.450000000000000000e+02
8.940000000000000000e+02
9.480000000000000000e+02
8.650000000000000000e+02
8.520000000000000000e+02
9.030000000000000000e+02
8.830000000000000000e+02
9.690000000000000000e+02
9.800000000000000000e+02
9.630000000000000000e+02
9.830000000000000000e+02
8.830000000000000000e+02
8.600000000000000000e+02
9.760000000000000000e+02
8.590000000000000000e+02
8.950000000000000000e+02
9.590000000000000000e+02
8.650000000000000000e+02
8.570000000000000000e+02
8.150000000000000000e+02
7.670000000000000000e+02
7.460000000000000000e+02
6.460000000000000000e+02
6.820000000000000000e+02
7.120000000000000000e+02
7.190000000000000000e+02
6.720000000000000000e+02
7.220000000000000000e+02
7.610000000000000000e+02
7.700000000000000000e+02
8.510000000000000000e+02
8.030000000000000000e+02
8.960000000000000000e+02
9.770000000000000000e+02
9.650000000000000000e+02
1.034000000000000000e+03
1.052000000000000000e+03
1.131000000000000000e+03
1.111000000000000000e+03
1.101000000000000000e+03
1.093000000000000000e+03
1.153000000000000000e+03
1.150000000000000000e+03
1.180000000000000000e+03
1.235000000000000000e+03
1.332000000000000000e+03
1.354000000000000000e+03
1.429000000000000000e+03
1.413000000000000000e+03
1.493000000000000000e+03
1.602000000000000000e+03
1.582000000000000000e+03
1.636000000000000000e+03
1.628000000000000000e+03
1.714000000000000000e+03
1.673000000000000000e+03
1.737000000000000000e+03
1.788000000000000000e+03
1.822000000000000000e+03
1.806000000000000000e+03
1.895000000000000000e+03
1.791000000000000000e+03
1.948000000000000000e+03
1.883000000000000000e+03
1.985000000000000000e+03
1.915000000000000000e+03
1.858000000000000000e+03
1.852000000000000000e+03
1.862000000000000000e+03
1.883000000000000000e+03
1.853000000000000000e+03
1.840000000000000000e+03
1.952000000000000000e+03
1.930000000000000000e+03
1.847000000000000000e+03
1.853000000000000000e+03
1.695000000000000000e+03
1.726000000000000000e+03
1.841000000000000000e+03
1.723000000000000000e+03
1.788000000000000000e+03
1.765000000000000000e+03
1.837000000000000000e+03
1.739000000000000000e+03
1.766000000000000000e+03
1.640000000000000000e+03
1.551000000000000000e+03
1.490000000000000000e+03
1.491000000000000000e+03
1.523000000000000000e+03
1.527000000000000000e+03
1.567000000000000000e+03
1.551000000000000000e+03
1.654000000000000000e+03
1.653000000000000000e+03
1.467000000000000000e+03
1.499000000000000000e+03
1.590000000000000000e+03
1.542000000000000000e+03
1.438000000000000000e+03
1.496000000000000000e+03
1.437000000000000000e+03
1.438000000000000000e+03
1.503000000000000000e+03
1.738000000000000000e+03
1.772000000000000000e+03
1.940000000000000000e+03
2.010000000000000000e+03
1.804000000000000000e+03
1.783000000000000000e+03
1.475000000000000000e+03
1.450000000000000000e+03
1.358000000000000000e+03
1.368000000000000000e+03
1.387000000000000000e+03
1.470000000000000000e+03
1.495000000000000000e+03
1.495000000000000000e+03
1.542000000000000000e+03
1.501000000000000000e+03
1.472000000000000000e+03
1.401000000000000000e+03
1.496000000000000000e+03
1.212000000000000000e+03
1.129000000000000000e+03
1.097000000000000000e+03
1.166000000000000000e+03
1.091000000000000000e+03
1.168000000000000000e+03
1.106000000000000000e+03
1.120000000000000000e+03
1.109000000000000000e+03
1.026000000000000000e+03
9.000000000000000000e+02
9.270000000000000000e+02
9.010000000000000000e+02
8.960000000000000000e+02
9.030000000000000000e+02
8.180000000000000000e+02
8.390000000000000000e+02
7.210000000000000000e+02
6.760000000000000000e+02
6.960000000000000000e+02
5.970000000000000000e+02
5.780000000000000000e+02
5.560000000000000000e+02
5.810000000000000000e+02
5.090000000000000000e+02
5.490000000000000000e+02
5.230000000000000000e+02
5.510000000000000000e+02
5.480000000000000000e+02
5.210000000000000000e+02
5.450000000000000000e+02
4.730000000000000000e+02
5.150000000000000000e+02
5.510000000000000000e+02
5.800000000000000000e+02
5.750000000000000000e+02
6.690000000000000000e+02
7.210000000000000000e+02
6.570000000000000000e+02
6.100000000000000000e+02
4.660000000000000000e+02
4.550000000000000000e+02
4.640000000000000000e+02
4.030000000000000000e+02
5.310000000000000000e+02
6.240000000000000000e+02
4.590000000000000000e+02
1.400000000000000000e+01
5.000000000000000000e+00
1.000000000000000000e+01
1.400000000000000000e+01
1.400000000000000000e+01
2.500000000000000000e+01
2.600000000000000000e+01
4.500000000000000000e+01
6.800000000000000000e+01
6.000000000000000000e+01
1.060000000000000000e+02
1.200000000000000000e+02
1.770000000000000000e+02
1.910000000000000000e+02
2.820000000000000000e+02
3.130000000000000000e+02
3.910000000000000000e+02
4.340000000000000000e+02
4.390000000000000000e+02
4.650000000000000000e+02
5.250000000000000000e+02
4.820000000000000000e+02
4.940000000000000000e+02
4.520000000000000000e+02
3.850000000000000000e+02
3.870000000000000000e+02
3.640000000000000000e+02
3.370000000000000000e+02
3.220000000000000000e+02
2.960000000000000000e+02
2.950000000000000000e+02
2.730000000000000000e+02
2.910000000000000000e+02
2.750000000000000000e+02
2.390000000000000000e+02
2.320000000000000000e+02
2.050000000000000000e+02
2.230000000000000000e+02
2.230000000000000000e+02
2.320000000000000000e+02
2.520000000000000000e+02
2.760000000000000000e+02
3.070000000000000000e+02
3.800000000000000000e+02
3.990000000000000000e+02
5.100000000000000000e+02
5.850000000000000000e+02
6.210000000000000000e+02
6.910000000000000000e+02
7.070000000000000000e+02
6.710000000000000000e+02
6.760000000000000000e+02
7.040000000000000000e+02
8.400000000000000000e+02
7.790000000000000000e+02
8.190000000000000000e+02
8.180000000000000000e+02
8.190000000000000000e+02
8.670000000000000000e+02
8.200000000000000000e+02
9.110000000000000000e+02
8.150000000000000000e+02
8.330000000000000000e+02
8.480000000000000000e+02
7.960000000000000000e+02
8.890000000000000000e+02
7.970000000000000000e+02
7.970000000000000000e+02
7.770000000000000000e+02
7.340000000000000000e+02
7.520000000000000000e+02
7.430000000000000000e+02
6.940000000000000000e+02
7.290000000000000000e+02
6.690000000000000000e+02
6.980000000000000000e+02
7.710000000000000000e+02
7.420000000000000000e+02
7.620000000000000000e+02
6.740000000000000000e+02
7.010000000000000000e+02
7.700000000000000000e+02
7.170000000000000000e+02
6.950000000000000000e+02
6.690000000000000000e+02
6.300000000000000000e+02
6.600000000000000000e+02
5.970000000000000000e+02
5.950000000000000000e+02
6.900000000000000000e+02
6.730000000000000000e+02
6.750000000000000000e+02
7.360000000000000000e+02
7.400000000000000000e+02
8.000000000000000000e+02
8.370000000000000000e+02
7.870000000000000000e+02
8.700000000000000000e+02
7.510000000000000000e+02
7.810000000000000000e+02
8.060000000000000000e+02
8.240000000000000000e+02
8.370000000000000000e+02
9.290000000000000000e+02
8.600000000000000000e+02
8.600000000000000000e+02
8.270000000000000000e+02
8.080000000000000000e+02
8.380000000000000000e+02
8.570000000000000000e+02
9.660000000000000000e+02
8.550000000000000000e+02
1.036000000000000000e+03
9.630000000000000000e+02
9.640000000000000000e+02
9.650000000000000000e+02
9.750000000000000000e+02
8.660000000000000000e+02
8.590000000000000000e+02
9.290000000000000000e+02
8.160000000000000000e+02
9.240000000000000000e+02
8.500000000000000000e+02
9.100000000000000000e+02
8.780000000000000000e+02
9.190000000000000000e+02
8.990000000000000000e+02
9.160000000000000000e+02
1.007000000000000000e+03
1.010000000000000000e+03
1.065000000000000000e+03
1.173000000000000000e+03
1.102000000000000000e+03
1.218000000000000000e+03
1.147000000000000000e+03
1.189000000000000000e+03
1.305000000000000000e+03
1.257000000000000000e+03
1.246000000000000000e+03
1.247000000000000000e+03
1.414000000000000000e+03
1.306000000000000000e+03
1.390000000000000000e+03
1.392000000000000000e+03
1.461000000000000000e+03
1.453000000000000000e+03
1.470000000000000000e+03
1.545000000000000000e+03
1.510000000000000000e+03
1.650000000000000000e+03
1.567000000000000000e+03
1.691000000000000000e+03
1.798000000000000000e+03
1.783000000000000000e+03
1.694000000000000000e+03
1.781000000000000000e+03
1.705000000000000000e+03
1.739000000000000000e+03
1.837000000000000000e+03
1.827000000000000000e+03
1.916000000000000000e+03
1.765000000000000000e+03
1.928000000000000000e+03
1.834000000000000000e+03
2.031000000000000000e+03
1.860000000000000000e+03
1.999000000000000000e+03
1.873000000000000000e+03
2.082000000000000000e+03
2.112000000000000000e+03
1.973000000000000000e+03
2.248000000000000000e+03
1.975000000000000000e+03
2.069000000000000000e+03
1.884000000000000000e+03
2.098000000000000000e+03
1.756000000000000000e+03
1.865000000000000000e+03
1.856000000000000000e+03
1.827000000000000000e+03
1.713000000000000000e+03
1.550000000000000000e+03
1.585000000000000000e+03
1.512000000000000000e+03
1.541000000000000000e+03
1.334000000000000000e+03
1.283000000000000000e+03
1.302000000000000000e+03
1.263000000000000000e+03
1.299000000000000000e+03
1.294000000000000000e+03
1.472000000000000000e+03
1.515000000000000000e+03
1.590000000000000000e+03
1.379000000000000000e+03
1.720000000000000000e+03
1.261000000000000000e+03
1.414000000000000000e+03
1.302000000000000000e+03
1.053000000000000000e+03
1.272000000000000000e+03
9.130000000000000000e+02
1.180000000000000000e+03
9.650000000000000000e+02
1.053000000000000000e+03
9.670000000000000000e+02
1.016000000000000000e+03
9.710000000000000000e+02
9.580000000000000000e+02
1.175000000000000000e+03
1.108000000000000000e+03
1.144000000000000000e+03
1.065000000000000000e+03
1.018000000000000000e+03
9.620000000000000000e+02
1.000000000000000000e+03
1.002000000000000000e+03
9.460000000000000000e+02
1.021000000000000000e+03
9.460000000000000000e+02
9.120000000000000000e+02
9.460000000000000000e+02
8.900000000000000000e+02
1.041000000000000000e+03
9.770000000000000000e+02
9.650000000000000000e+02
8.630000000000000000e+02
9.100000000000000000e+02
8.410000000000000000e+02
8.570000000000000000e+02
8.390000000000000000e+02
7.800000000000000000e+02
7.490000000000000000e+02
7.760000000000000000e+02
7.220000000000000000e+02
6.820000000000000000e+02
6.840000000000000000e+02
6.550000000000000000e+02
6.470000000000000000e+02
6.500000000000000000e+02
6.580000000000000000e+02
6.470000000000000000e+02
6.480000000000000000e+02
6.560000000000000000e+02
6.110000000000000000e+02
6.120000000000000000e+02
6.370000000000000000e+02
6.850000000000000000e+02
7.320000000000000000e+02
9.030000000000000000e+02
8.660000000000000000e+02
8.340000000000000000e+02
9.300000000000000000e+02
7.960000000000000000e+02
1.057000000000000000e+03
1.335000000000000000e+03
3.072000000000000000e+03
3.700000000000000000e+01
1.390000000000000000e+02
8.730000000000000000e+02
3.100000000000000000e+01
5.880000000000000000e+02
1.916000000000000000e+03
1.100000000000000000e+01
5.640000000000000000e+02
6.500000000000000000e+01
2.100000000000000000e+01
1.603000000000000000e+03
1.450000000000000000e+02
4.188000000000000000e+03
7.640000000000000000e+02
1.361000000000000000e+03
3.068000000000000000e+03
4.779000000000000000e+03
4.235000000000000000e+03
5.635000000000000000e+03
4.379000000000000000e+03
3.899000000000000000e+03
4.245000000000000000e+03
1.398000000000000000e+03
4.543000000000000000e+03
1.212000000000000000e+03
3.951000000000000000e+03
2.790000000000000000e+02
1.033000000000000000e+03
5.570000000000000000e+02
2.803000000000000000e+03
1.800000000000000000e+01
1.219000000000000000e+03
4.200000000000000000e+02
1.074000000000000000e+03
2.429000000000000000e+03
1.138000000000000000e+03
2.240000000000000000e+02
8.100000000000000000e+02
3.300000000000000000e+02
5.530000000000000000e+02
3.300000000000000000e+01
9.450000000000000000e+02
8.460000000000000000e+02
1.000000000000000000e+01
2.370000000000000000e+02
8.500000000000000000e+01
0.000000000000000000e+00
4.800000000000000000e+02
1.000000000000000000e+01
8.330000000000000000e+02
4.270000000000000000e+02
2.190000000000000000e+02
1.300000000000000000e+01
3.900000000000000000e+01
1.988000000000000000e+03
4.160000000000000000e+02
1.240000000000000000e+02
6.000000000000000000e+00
0.000000000000000000e+00
4.870000000000000000e+02
0.000000000000000000e+00
1.100000000000000000e+01
2.180000000000000000e+02
0.000000000000000000e+00
1.510000000000000000e+02
1.111000000000000000e+03
4.500000000000000000e+01
2.560000000000000000e+02
1.450000000000000000e+02
7.020000000000000000e+02
6.300000000000000000e+01
2.300000000000000000e+01
5.740000000000000000e+02
7.410000000000000000e+02
1.191000000000000000e+03
3.700000000000000000e+02
5.900000000000000000e+01
0.000000000000000000e+00
1.812000000000000000e+03
4.254000000000000000e+03
2.250000000000000000e+02
1.000000000000000000e+01
1.330000000000000000e+03
1.487000000000000000e+03
7.570000000000000000e+02
1.560000000000000000e+02
2.649000000000000000e+03
7.710000000000000000e+02
1.570000000000000000e+02
4.280000000000000000e+03
2.010000000000000000e+02
7.430000000000000000e+02
1.654000000000000000e+03
2.430000000000000000e+02
3.253000000000000000e+03
2.726000000000000000e+03
4.700000000000000000e+02
3.257000000000000000e+03
2.451000000000000000e+03
3.198000000000000000e+03
8.080000000000000000e+03
6.036000000000000000e+03
1.546300000000000000e+04
4.068000000000000000e+03
8.688000000000000000e+03
4.435000000000000000e+03
3.799000000000000000e+03
9.260000000000000000e+02
3.602000000000000000e+03
2.276000000000000000e+03
5.022000000000000000e+03
1.145000000000000000e+03
1.088400000000000000e+04
2.365000000000000000e+03
1.759000000000000000e+03
5.791000000000000000e+03
0.000000000000000000e+00
1.500000000000000000e+01
7.000000000000000000e+00
9.659000000000000000e+03
0.000000000000000000e+00
5.690000000000000000e+02
1.000000000000000000e+00
1.404000000000000000e+03
9.060000000000000000e+03
8.356000000000000000e+03
6.000000000000000000e+00
5.440000000000000000e+02
7.800000000000000000e+01
3.300000000000000000e+02
0.000000000000000000e+00
9.760000000000000000e+02
5.640000000000000000e+02
0.000000000000000000e+00
6.400000000000000000e+01
2.000000000000000000e+00
0.000000000000000000e+00
6.100000000000000000e+01
0.000000000000000000e+00
8.890000000000000000e+02
1.350000000000000000e+02
9.000000000000000000e+00
0.000000000000000000e+00
1.000000000000000000e+00
3.130000000000000000e+02
3.500000000000000000e+01
0.000000000000000000e+00
0.000000000000000000e+00
0.000000000000000000e+00
1.190000000000000000e+02
0.000000000000000000e+00
0.000000000000000000e+00
4.000000000000000000e+00
0.000000000000000000e+00
0.000000000000000000e+00
3.920000000000000000e+02
0.000000000000000000e+00
3.000000000000000000e+00
1.000000000000000000e+00
1.150000000000000000e+02
0.000000000000000000e+00
2.000000000000000000e+00
2.800000000000000000e+01
1.200000000000000000e+01
1.097000000000000000e+03
0.000000000000000000e+00
0.000000000000000000e+00
2.000000000000000000e+00
8.200000000000000000e+01
5.800000000000000000e+02
1.000000000000000000e+00
1.000000000000000000e+00
8.820000000000000000e+02
4.200000000000000000e+01
6.600000000000000000e+01
1.200000000000000000e+01
4.630000000000000000e+02
1.090000000000000000e+02
1.900000000000000000e+01
1.996000000000000000e+03
4.700000000000000000e+01
1.295000000000000000e+03
1.848000000000000000e+03
1.882000000000000000e+03
2.207000000000000000e+03
5.430000000000000000e+03
5.704000000000000000e+03
6.004000000000000000e+03
6.925000000000000000e+03
6.301000000000000000e+03
4.831000000000000000e+03
4.295000000000000000e+03
4.777000000000000000e+03
5.386000000000000000e+03
6.563000000000000000e+03
7.723000000000000000e+03
7.835000000000000000e+03
7.250000000000000000e+03
6.994000000000000000e+03
7.375000000000000000e+03
7.663000000000000000e+03
5.916000000000000000e+03
5.711000000000000000e+03
5.304000000000000000e+03
4.211000000000000000e+03
4.066000000000000000e+03
3.734000000000000000e+03
3.562000000000000000e+03
3.402000000000000000e+03
3.112000000000000000e+03
2.851000000000000000e+03
2.834000000000000000e+03
2.928000000000000000e+03
2.876000000000000000e+03
3.109000000000000000e+03
3.475000000000000000e+03
2.983000000000000000e+03
2.655000000000000000e+03
2.251000000000000000e+03
2.133000000000000000e+03
2.046000000000000000e+03
1.777000000000000000e+03
1.940000000000000000e+03
1.811000000000000000e+03
2.010000000000000000e+03
1.857000000000000000e+03
1.744000000000000000e+03
1.800000000000000000e+03
1.664000000000000000e+03
1.620000000000000000e+03
1.730000000000000000e+03
1.504000000000000000e+03
1.540000000000000000e+03
1.426000000000000000e+03
1.211000000000000000e+03
1.248000000000000000e+03
1.238000000000000000e+03
1.454000000000000000e+03
1.030000000000000000e+03
1.093000000000000000e+03
1.072000000000000000e+03
9.750000000000000000e+02
7.360000000000000000e+02
9.680000000000000000e+02
7.530000000000000000e+02
7.980000000000000000e+02
7.040000000000000000e+02
7.750000000000000000e+02
7.160000000000000000e+02
7.980000000000000000e+02
8.070000000000000000e+02
7.240000000000000000e+02
7.710000000000000000e+02
7.900000000000000000e+02
7.500000000000000000e+02
7.880000000000000000e+02
7.380000000000000000e+02
9.020000000000000000e+02
7.020000000000000000e+02
6.580000000000000000e+02
7.270000000000000000e+02
7.020000000000000000e+02
5.740000000000000000e+02
5.610000000000000000e+02
6.930000000000000000e+02
4.730000000000000000e+02
4.810000000000000000e+02
5.080000000000000000e+02
5.100000000000000000e+02
4.650000000000000000e+02
4.030000000000000000e+02
3.380000000000000000e+02
3.740000000000000000e+02
3.710000000000000000e+02
2.810000000000000000e+02
3.570000000000000000e+02
2.710000000000000000e+02
2.780000000000000000e+02
2.920000000000000000e+02
2.370000000000000000e+02
2.410000000000000000e+02
2.380000000000000000e+02
1.840000000000000000e+02
2.480000000000000000e+02
2.180000000000000000e+02
2.130000000000000000e+02
2.190000000000000000e+02
2.240000000000000000e+02
1.760000000000000000e+02
1.780000000000000000e+02
1.870000000000000000e+02
2.050000000000000000e+02
1.910000000000000000e+02
1.770000000000000000e+02
1.630000000000000000e+02
1.610000000000000000e+02
1.910000000000000000e+02
2.040000000000000000e+02
1.300000000000000000e+02
1.340000000000000000e+02
1.200000000000000000e+02
1.160000000000000000e+02
1.360000000000000000e+02
9.700000000000000000e+01
8.900000000000000000e+01
9.200000000000000000e+01
7.100000000000000000e+01
1.420000000000000000e+02
9.200000000000000000e+01
7.700000000000000000e+01
8.800000000000000000e+01
8.300000000000000000e+01
7.700000000000000000e+01
8.700000000000000000e+01
6.700000000000000000e+01
6.500000000000000000e+01
8.100000000000000000e+01
5.500000000000000000e+01
4.400000000000000000e+01
3.300000000000000000e+01
2.900000000000000000e+01
2.800000000000000000e+01
2.700000000000000000e+01
2.100000000000000000e+01
1.800000000000000000e+01
2.300000000000000000e+01
1.400000000000000000e+01
1.100000000000000000e+01
2.000000000000000000e+01
1.000000000000000000e+01
8.000000000000000000e+00
5.000000000000000000e+00
1.900000000000000000e+01
2.000000000000000000e+00
2.000000000000000000e+00
2.000000000000000000e+00
1.000000000000000000e+01
4.000000000000000000e+00
6.000000000000000000e+00
5.000000000000000000e+00
2.000000000000000000e+00
8.000000000000000000e+00
3.000000000000000000e+00
4.000000000000000000e+00
5.000000000000000000e+00
6.000000000000000000e+00
1.000000000000000000e+00
1.000000000000000000e+00
2.000000000000000000e+00
1.200000000000000000e+01
0.000000000000000000e+00
0.000000000000000000e+00
1.000000000000000000e+00
3.000000000000000000e+00
2.000000000000000000e+00
0.000000000000000000e+00
1.000000000000000000e+00
1.000000000000000000e+00
9.000000000000000000e+00
2.000000000000000000e+00
2.000000000000000000e+00
5.000000000000000000e+00
1.000000000000000000e+00
5.000000000000000000e+00
2.000000000000000000e+00
1.000000000000000000e+00
6.000000000000000000e+00
0.000000000000000000e+00
1.000000000000000000e+00
0.000000000000000000e+00
8.000000000000000000e+00
1.000000000000000000e+00
0.000000000000000000e+00
2.000000000000000000e+00
1.000000000000000000e+00
1.000000000000000000e+00
1.000000000000000000e+00
1.000000000000000000e+00
0.000000000000000000e+00
1.000000000000000000e+00
1.000000000000000000e+00
0.000000000000000000e+00
0.000000000000000000e+00
1.000000000000000000e+00
0.000000000000000000e+00
1.000000000000000000e+00
2.000000000000000000e+00
0.000000000000000000e+00
0.000000000000000000e+00
1.000000000000000000e+00
0.000000000000000000e+00
0.000000000000000000e+00
2.000000000000000000e+00
0.000000000000000000e+00
0.000000000000000000e+00
0.000000000000000000e+00
1.000000000000000000e+00
0.000000000000000000e+00
1.000000000000000000e+00
0.000000000000000000e+00
0.000000000000000000e+00
0.000000000000000000e+00
1.000000000000000000e+00
0.000000000000000000e+00
0.000000000000000000e+00
0.000000000000000000e+00
2.000000000000000000e+00
1.000000000000000000e+00
0.000000000000000000e+00
0.000000000000000000e+00
0.000000000000000000e+00
0.000000000000000000e+00
0.000000000000000000e+00
0.000000000000000000e+00
1.000000000000000000e+00
0.000000000000000000e+00
0.000000000000000000e+00
1.000000000000000000e+00
0.000000000000000000e+00
1.000000000000000000e+00
0.000000000000000000e+00
0.000000000000000000e+00
0.000000000000000000e+00
0.000000000000000000e+00
0.000000000000000000e+00
0.000000000000000000e+00
0.000000000000000000e+00
0.000000000000000000e+00
0.000000000000000000e+00
0.000000000000000000e+00
0.000000000000000000e+00
0.000000000000000000e+00
0.000000000000000000e+00
0.000000000000000000e+00
1.500000000000000000e+01
3.000000000000000000e+00
1.000000000000000000e+00
2.000000000000000000e+00
3.000000000000000000e+00
1.000000000000000000e+00
6.000000000000000000e+00
6.000000000000000000e+00
1.200000000000000000e+01
1.200000000000000000e+01
1.200000000000000000e+01
2.900000000000000000e+01
2.900000000000000000e+01
5.000000000000000000e+01
5.100000000000000000e+01
5.400000000000000000e+01
8.300000000000000000e+01
1.030000000000000000e+02
1.090000000000000000e+02
1.410000000000000000e+02
1.320000000000000000e+02
2.130000000000000000e+02
2.390000000000000000e+02
3.010000000000000000e+02
3.700000000000000000e+02
4.170000000000000000e+02
5.320000000000000000e+02
5.220000000000000000e+02
5.390000000000000000e+02
5.040000000000000000e+02
4.550000000000000000e+02
4.310000000000000000e+02
4.180000000000000000e+02
3.660000000000000000e+02
4.030000000000000000e+02
3.530000000000000000e+02
2.810000000000000000e+02
3.290000000000000000e+02
2.820000000000000000e+02
2.590000000000000000e+02
3.020000000000000000e+02
2.870000000000000000e+02
2.680000000000000000e+02
2.840000000000000000e+02
2.610000000000000000e+02
2.320000000000000000e+02
2.710000000000000000e+02
2.410000000000000000e+02
2.650000000000000000e+02
2.900000000000000000e+02
2.830000000000000000e+02
2.850000000000000000e+02
2.710000000000000000e+02
3.130000000000000000e+02
3.340000000000000000e+02
2.890000000000000000e+02
3.560000000000000000e+02
2.840000000000000000e+02
3.130000000000000000e+02
3.450000000000000000e+02
3.740000000000000000e+02
3.470000000000000000e+02
3.880000000000000000e+02
4.370000000000000000e+02
4.710000000000000000e+02
4.100000000000000000e+02
4.550000000000000000e+02
4.940000000000000000e+02
5.440000000000000000e+02
5.450000000000000000e+02
5.860000000000000000e+02
6.080000000000000000e+02
6.310000000000000000e+02
6.660000000000000000e+02
7.220000000000000000e+02
8.280000000000000000e+02
7.600000000000000000e+02
8.370000000000000000e+02
8.070000000000000000e+02
9.210000000000000000e+02
8.530000000000000000e+02
8.950000000000000000e+02
7.750000000000000000e+02
8.240000000000000000e+02
9.340000000000000000e+02
8.210000000000000000e+02
8.310000000000000000e+02
8.160000000000000000e+02
7.460000000000000000e+02
6.370000000000000000e+02
6.570000000000000000e+02
7.130000000000000000e+02
7.510000000000000000e+02
7.800000000000000000e+02
8.650000000000000000e+02
9.180000000000000000e+02
9.640000000000000000e+02
9.370000000000000000e+02
9.800000000000000000e+02
8.310000000000000000e+02
9.190000000000000000e+02
8.580000000000000000e+02
8.230000000000000000e+02
8.280000000000000000e+02
8.840000000000000000e+02
8.530000000000000000e+02
8.280000000000000000e+02
7.810000000000000000e+02
8.100000000000000000e+02
7.720000000000000000e+02
7.650000000000000000e+02
8.640000000000000000e+02
7.540000000000000000e+02
8.170000000000000000e+02
7.490000000000000000e+02
7.490000000000000000e+02
8.230000000000000000e+02
7.890000000000000000e+02
7.790000000000000000e+02
7.360000000000000000e+02
8.220000000000000000e+02
7.080000000000000000e+02
8.100000000000000000e+02
6.980000000000000000e+02
7.380000000000000000e+02
7.770000000000000000e+02
7.530000000000000000e+02
7.760000000000000000e+02
7.160000000000000000e+02
8.360000000000000000e+02
8.590000000000000000e+02
9.020000000000000000e+02
1.024000000000000000e+03
9.670000000000000000e+02
1.083000000000000000e+03
1.015000000000000000e+03
1.038000000000000000e+03
1.183000000000000000e+03
1.130000000000000000e+03
1.189000000000000000e+03
1.188000000000000000e+03
1.318000000000000000e+03
1.239000000000000000e+03
1.357000000000000000e+03
1.434000000000000000e+03
1.468000000000000000e+03
1.474000000000000000e+03
1.546000000000000000e+03
1.541000000000000000e+03
1.615000000000000000e+03
1.702000000000000000e+03
1.700000000000000000e+03
1.781000000000000000e+03
1.919000000000000000e+03
1.854000000000000000e+03
1.842000000000000000e+03
1.853000000000000000e+03
1.824000000000000000e+03
1.877000000000000000e+03
2.028000000000000000e+03
2.035000000000000000e+03
2.006000000000000000e+03
1.965000000000000000e+03
1.920000000000000000e+03
1.949000000000000000e+03
2.066000000000000000e+03
1.980000000000000000e+03
1.973000000000000000e+03
1.962000000000000000e+03
2.022000000000000000e+03
2.016000000000000000e+03
2.026000000000000000e+03
2.008000000000000000e+03
1.830000000000000000e+03
1.956000000000000000e+03
1.772000000000000000e+03
1.824000000000000000e+03
1.765000000000000000e+03
1.836000000000000000e+03
1.792000000000000000e+03
1.894000000000000000e+03
1.901000000000000000e+03
1.660000000000000000e+03
1.589000000000000000e+03
1.767000000000000000e+03
1.657000000000000000e+03
1.454000000000000000e+03
1.525000000000000000e+03
1.410000000000000000e+03
1.358000000000000000e+03
1.345000000000000000e+03
1.496000000000000000e+03
1.656000000000000000e+03
1.761000000000000000e+03
1.833000000000000000e+03
1.834000000000000000e+03
1.939000000000000000e+03
1.405000000000000000e+03
1.497000000000000000e+03
1.351000000000000000e+03
1.159000000000000000e+03
1.384000000000000000e+03
1.000000000000000000e+03
1.315000000000000000e+03
1.105000000000000000e+03
1.177000000000000000e+03
1.219000000000000000e+03
1.267000000000000000e+03
1.177000000000000000e+03
1.218000000000000000e+03
1.326000000000000000e+03
1.238000000000000000e+03
1.305000000000000000e+03
1.218000000000000000e+03
1.225000000000000000e+03
1.187000000000000000e+03
1.255000000000000000e+03
1.270000000000000000e+03
1.178000000000000000e+03
1.262000000000000000e+03
1.246000000000000000e+03
1.168000000000000000e+03
1.188000000000000000e+03
1.125000000000000000e+03
1.287000000000000000e+03
1.259000000000000000e+03
1.151000000000000000e+03
1.032000000000000000e+03
1.065000000000000000e+03
1.002000000000000000e+03
1.023000000000000000e+03
9.950000000000000000e+02
9.540000000000000000e+02
9.060000000000000000e+02
9.120000000000000000e+02
8.880000000000000000e+02
8.530000000000000000e+02
8.250000000000000000e+02
7.850000000000000000e+02
7.790000000000000000e+02
7.810000000000000000e+02
7.910000000000000000e+02
7.610000000000000000e+02
7.660000000000000000e+02
7.580000000000000000e+02
7.260000000000000000e+02
6.790000000000000000e+02
7.320000000000000000e+02
8.100000000000000000e+02
7.960000000000000000e+02
9.440000000000000000e+02
9.610000000000000000e+02
8.940000000000000000e+02
9.130000000000000000e+02
9.040000000000000000e+02
1.087000000000000000e+03
1.783000000000000000e+03
