5.165000000000000000e+03
2.976000000000000000e+03
2.864000000000000000e+03
2.345000000000000000e+03
2.186000000000000000e+03
1.796000000000000000e+03
1.460000000000000000e+03
1.399000000000000000e+03
1.297000000000000000e+03
1.150000000000000000e+03
1.071000000000000000e+03
9.830000000000000000e+02
9.900000000000000000e+02
8.540000000000000000e+02
8.160000000000000000e+02
7.760000000000000000e+02
8.040000000000000000e+02
7.070000000000000000e+02
6.760000000000000000e+02
6.200000000000000000e+02
6.380000000000000000e+02
6.160000000000000000e+02
6.340000000000000000e+02
5.750000000000000000e+02
6.180000000000000000e+02
5.950000000000000000e+02
6.610000000000000000e+02
6.800000000000000000e+02
6.000000000000000000e+02
6.680000000000000000e+02
6.700000000000000000e+02
6.870000000000000000e+02
7.760000000000000000e+02
6.900000000000000000e+02
7.260000000000000000e+02
7.160000000000000000e+02
7.030000000000000000e+02
6.700000000000000000e+02
6.610000000000000000e+02
7.480000000000000000e+02
7.390000000000000000e+02
7.190000000000000000e+02
7.190000000000000000e+02
8.460000000000000000e+02
7.960000000000000000e+02
7.950000000000000000e+02
7.260000000000000000e+02
7.170000000000000000e+02
7.530000000000000000e+02
6.630000000000000000e+02
7.880000000000000000e+02
7.490000000000000000e+02
8.240000000000000000e+02
7.290000000000000000e+02
7.760000000000000000e+02
6.980000000000000000e+02
6.030000000000000000e+02
5.690000000000000000e+02
5.910000000000000000e+02
5.360000000000000000e+02
5.390000000000000000e+02
5.330000000000000000e+02
5.130000000000000000e+02
4.820000000000000000e+02
4.700000000000000000e+02
4.520000000000000000e+02
4.880000000000000000e+02
4.700000000000000000e+02
4.750000000000000000e+02
4.580000000000000000e+02
5.050000000000000000e+02
4.720000000000000000e+02
4.560000000000000000e+02
4.850000000000000000e+02
5.290000000000000000e+02
5.000000000000000000e+02
4.910000000000000000e+02
5.220000000000000000e+02
5.450000000000000000e+02
5.450000000000000000e+02
5.390000000000000000e+02
5.060000000000000000e+02
5.160000000000000000e+02
4.690000000000000000e+02
4.750000000000000000e+02
5.080000000000000000e+02
5.420000000000000000e+02
5.460000000000000000e+02
5.650000000000000000e+02
6.860000000000000000e+02
6.820000000000000000e+02
6.930000000000000000e+02
7.520000000000000000e+02
7.070000000000000000e+02
6.480000000000000000e+02
6.440000000000000000e+02
6.310000000000000000e+02
6.250000000000000000e+02
5.820000000000000000e+02
6.300000000000000000e+02
6.080000000000000000e+02
6.590000000000000000e+02
6.850000000000000000e+02
7.160000000000000000e+02
7.280000000000000000e+02
7.380000000000000000e+02
7.580000000000000000e+02
7.520000000000000000e+02
7.580000000000000000e+02
6.980000000000000000e+02
6.630000000000000000e+02
6.120000000000000000e+02
4.640000000000000000e+02
4.010000000000000000e+02
3.840000000000000000e+02
3.490000000000000000e+02
3.230000000000000000e+02
3.090000000000000000e+02
3.040000000000000000e+02
3.020000000000000000e+02
2.420000000000000000e+02
2.670000000000000000e+02
2.460000000000000000e+02
2.740000000000000000e+02
2.750000000000000000e+02
2.500000000000000000e+02
2.770000000000000000e+02
2.470000000000000000e+02
2.800000000000000000e+02
2.560000000000000000e+02
2.390000000000000000e+02
2.700000000000000000e+02
2.910000000000000000e+02
2.570000000000000000e+02
2.870000000000000000e+02
2.950000000000000000e+02
3.040000000000000000e+02
3.290000000000000000e+02
3.190000000000000000e+02
3.420000000000000000e+02
3.590000000000000000e+02
3.380000000000000000e+02
3.320000000000000000e+02
3.450000000000000000e+02
3.240000000000000000e+02
3.540000000000000000e+02
3.210000000000000000e+02
3.050000000000000000e+02
3.510000000000000000e+02
3.220000000000000000e+02
3.430000000000000000e+02
3.370000000000000000e+02
3.420000000000000000e+02
3.740000000000000000e+02
3.560000000000000000e+02
3.770000000000000000e+02
3.900000000000000000e+02
3.980000000000000000e+02
4.000000000000000000e+02
4.090000000000000000e+02
4.230000000000000000e+02
4.600000000000000000e+02
5.100000000000000000e+02
5.370000000000000000e+02
5.240000000000000000e+02
5.450000000000000000e+02
6.170000000000000000e+02
6.330000000000000000e+02
6.130000000000000000e+02
7.020000000000000000e+02
7.310000000000000000e+02
7.890000000000000000e+02
1.005000000000000000e+03
1.127000000000000000e+03
1.350000000000000000e+03
1.633000000000000000e+03
2.102000000000000000e+03
2.471000000000000000e+03
4.368000000000000000e+03
2.742000000000000000e+03
2.634000000000000000e+03
2.787000000000000000e+03
2.208000000000000000e+03
2.452000000000000000e+03
2.576000000000000000e+03
2.322000000000000000e+03
2.111000000000000000e+03
2.061000000000000000e+03
2.046000000000000000e+03
2.100000000000000000e+03
2.173000000000000000e+03
2.381000000000000000e+03
2.451000000000000000e+03
2.523000000000000000e+03
2.654000000000000000e+03
2.814000000000000000e+03
2.856000000000000000e+03
2.974000000000000000e+03
2.943000000000000000e+03
2.987000000000000000e+03
2.868000000000000000e+03
2.716000000000000000e+03
2.682000000000000000e+03
2.675000000000000000e+03
2.690000000000000000e+03
2.143000000000000000e+03
1.667000000000000000e+03
1.651000000000000000e+03
2.146000000000000000e+03
2.075000000000000000e+03
1.521000000000000000e+03
1.345000000000000000e+03
1.344000000000000000e+03
2.291000000000000000e+03
2.458000000000000000e+03
2.136000000000000000e+03
1.802000000000000000e+03
1.930000000000000000e+03
1.102000000000000000e+03
7.810000000000000000e+02
6.020000000000000000e+02
5.420000000000000000e+02
5.600000000000000000e+02
6.050000000000000000e+02
5.620000000000000000e+02
6.160000000000000000e+02
5.910000000000000000e+02
5.400000000000000000e+02
5.140000000000000000e+02
4.690000000000000000e+02
4.920000000000000000e+02
4.700000000000000000e+02
4.240000000000000000e+02
4.340000000000000000e+02
4.360000000000000000e+02
4.490000000000000000e+02
5.020000000000000000e+02
4.890000000000000000e+02
4.310000000000000000e+02
4.130000000000000000e+02
3.630000000000000000e+02
4.140000000000000000e+02
4.560000000000000000e+02
5.520000000000000000e+02
8.610000000000000000e+02
8.130000000000000000e+02
8.480000000000000000e+02
8.340000000000000000e+02
7.310000000000000000e+02
6.640000000000000000e+02
6.580000000000000000e+02
8.170000000000000000e+02
1.085000000000000000e+03
1.308000000000000000e+03
8.430000000000000000e+02
3.400000000000000000e+02
4.870000000000000000e+02
6.440000000000000000e+02
6.750000000000000000e+02
6.910000000000000000e+02
7.160000000000000000e+02
6.510000000000000000e+02
5.340000000000000000e+02
5.660000000000000000e+02
5.030000000000000000e+02
5.310000000000000000e+02
5.360000000000000000e+02
5.400000000000000000e+02
6.210000000000000000e+02
5.950000000000000000e+02
5.270000000000000000e+02
4.890000000000000000e+02
4.900000000000000000e+02
4.370000000000000000e+02
4.110000000000000000e+02
3.480000000000000000e+02
3.360000000000000000e+02
3.110000000000000000e+02
3.520000000000000000e+02
3.570000000000000000e+02
3.650000000000000000e+02
3.490000000000000000e+02
3.810000000000000000e+02
4.130000000000000000e+02
3.980000000000000000e+02
3.770000000000000000e+02
4.540000000000000000e+02
4.870000000000000000e+02
5.030000000000000000e+02
5.150000000000000000e+02
5.160000000000000000e+02
5.480000000000000000e+02
4.780000000000000000e+02
4.560000000000000000e+02
4.580000000000000000e+02
4.740000000000000000e+02
4.520000000000000000e+02
4.630000000000000000e+02
4.910000000000000000e+02
4.920000000000000000e+02
4.990000000000000000e+02
4.820000000000000000e+02
5.070000000000000000e+02
5.080000000000000000e+02
5.130000000000000000e+02
4.940000000000000000e+02
5.250000000000000000e+02
4.900000000000000000e+02
5.610000000000000000e+02
6.170000000000000000e+02
5.840000000000000000e+02
5.630000000000000000e+02
5.580000000000000000e+02
6.080000000000000000e+02
5.360000000000000000e+02
6.160000000000000000e+02
6.290000000000000000e+02
6.310000000000000000e+02
6.640000000000000000e+02
6.150000000000000000e+02
6.210000000000000000e+02
6.180000000000000000e+02
6.300000000000000000e+02
6.510000000000000000e+02
7.280000000000000000e+02
6.830000000000000000e+02
7.570000000000000000e+02
7.060000000000000000e+02
6.530000000000000000e+02
6.120000000000000000e+02
6.530000000000000000e+02
6.350000000000000000e+02
6.590000000000000000e+02
6.640000000000000000e+02
6.050000000000000000e+02
6.020000000000000000e+02
6.640000000000000000e+02
7.220000000000000000e+02
7.540000000000000000e+02
7.860000000000000000e+02
8.590000000000000000e+02
9.230000000000000000e+02
9.920000000000000000e+02
1.124000000000000000e+03
1.153000000000000000e+03
1.142000000000000000e+03
1.193000000000000000e+03
1.183000000000000000e+03
1.216000000000000000e+03
1.173000000000000000e+03
1.237000000000000000e+03
1.355000000000000000e+03
1.384000000000000000e+03
1.643000000000000000e+03
1.858000000000000000e+03
1.636000000000000000e+03
1.462000000000000000e+03
1.373000000000000000e+03
1.228000000000000000e+03
1.212000000000000000e+03
1.148000000000000000e+03
1.128000000000000000e+03
9.720000000000000000e+02
8.240000000000000000e+02
7.150000000000000000e+02
6.490000000000000000e+02
5.870000000000000000e+02
6.110000000000000000e+02
5.770000000000000000e+02
5.480000000000000000e+02
6.300000000000000000e+02
5.810000000000000000e+02
5.810000000000000000e+02
5.250000000000000000e+02
5.550000000000000000e+02
5.150000000000000000e+02
5.720000000000000000e+02
5.500000000000000000e+02
5.380000000000000000e+02
5.630000000000000000e+02
5.480000000000000000e+02
5.830000000000000000e+02
5.230000000000000000e+02
5.450000000000000000e+02
5.690000000000000000e+02
5.080000000000000000e+02
4.950000000000000000e+02
5.240000000000000000e+02
5.340000000000000000e+02
5.430000000000000000e+02
5.040000000000000000e+02
4.650000000000000000e+02
4.880000000000000000e+02
4.540000000000000000e+02
4.860000000000000000e+02
5.080000000000000000e+02
4.690000000000000000e+02
4.890000000000000000e+02
4.870000000000000000e+02
4.430000000000000000e+02
4.700000000000000000e+02
4.820000000000000000e+02
4.870000000000000000e+02
5.180000000000000000e+02
5.160000000000000000e+02
5.210000000000000000e+02
5.390000000000000000e+02
5.920000000000000000e+02
5.530000000000000000e+02
6.030000000000000000e+02
6.580000000000000000e+02
6.420000000000000000e+02
6.090000000000000000e+02
5.720000000000000000e+02
6.240000000000000000e+02
5.960000000000000000e+02
5.670000000000000000e+02
6.400000000000000000e+02
6.690000000000000000e+02
7.010000000000000000e+02
7.270000000000000000e+02
7.950000000000000000e+02
8.820000000000000000e+02
9.430000000000000000e+02
1.058000000000000000e+03
1.129000000000000000e+03
1.338000000000000000e+03
1.478000000000000000e+03
1.591000000000000000e+03
1.766000000000000000e+03
1.856000000000000000e+03
2.208000000000000000e+03
2.935000000000000000e+03
3.071000000000000000e+03
4.937000000000000000e+03
3.186000000000000000e+03
3.092000000000000000e+03
3.164000000000000000e+03
2.656000000000000000e+03
2.917000000000000000e+03
3.096000000000000000e+03
2.863000000000000000e+03
2.806000000000000000e+03
2.840000000000000000e+03
2.898000000000000000e+03
3.089000000000000000e+03
3.205000000000000000e+03
3.318000000000000000e+03
3.333000000000000000e+03
3.024000000000000000e+03
2.679000000000000000e+03
2.290000000000000000e+03
1.970000000000000000e+03
1.459000000000000000e+03
1.135000000000000000e+03
7.830000000000000000e+02
6.330000000000000000e+02
5.070000000000000000e+02
5.220000000000000000e+02
7.560000000000000000e+02
7.600000000000000000e+02
7.620000000000000000e+02
8.600000000000000000e+02
1.125000000000000000e+03
2.250000000000000000e+03
2.321000000000000000e+03
1.565000000000000000e+03
1.313000000000000000e+03
1.199000000000000000e+03
2.061000000000000000e+03
2.214000000000000000e+03
1.816000000000000000e+03
1.512000000000000000e+03
1.637000000000000000e+03
6.870000000000000000e+02
4.620000000000000000e+02
3.060000000000000000e+02
3.700000000000000000e+02
4.560000000000000000e+02
5.150000000000000000e+02
5.930000000000000000e+02
7.580000000000000000e+02
9.280000000000000000e+02
9.290000000000000000e+02
8.560000000000000000e+02
9.200000000000000000e+02
8.060000000000000000e+02
8.180000000000000000e+02
7.220000000000000000e+02
6.710000000000000000e+02
6.240000000000000000e+02
6.070000000000000000e+02
6.350000000000000000e+02
5.790000000000000000e+02
5.250000000000000000e+02
5.400000000000000000e+02
5.580000000000000000e+02
6.140000000000000000e+02
6.030000000000000000e+02
6.570000000000000000e+02
8.570000000000000000e+02
9.770000000000000000e+02
1.052000000000000000e+03
9.430000000000000000e+02
8.570000000000000000e+02
6.830000000000000000e+02
6.830000000000000000e+02
8.350000000000000000e+02
1.102000000000000000e+03
1.322000000000000000e+03
8.420000000000000000e+02
3.180000000000000000e+02
5.990000000000000000e+02
5.480000000000000000e+02
6.390000000000000000e+02
6.950000000000000000e+02
6.590000000000000000e+02
5.840000000000000000e+02
5.320000000000000000e+02
5.990000000000000000e+02
5.910000000000000000e+02
5.250000000000000000e+02
5.190000000000000000e+02
5.130000000000000000e+02
4.850000000000000000e+02
4.930000000000000000e+02
4.570000000000000000e+02
4.330000000000000000e+02
4.360000000000000000e+02
4.290000000000000000e+02
4.580000000000000000e+02
3.520000000000000000e+02
3.290000000000000000e+02
3.250000000000000000e+02
3.620000000000000000e+02
3.560000000000000000e+02
3.440000000000000000e+02
3.640000000000000000e+02
3.330000000000000000e+02
3.580000000000000000e+02
3.810000000000000000e+02
4.040000000000000000e+02
4.200000000000000000e+02
4.740000000000000000e+02
4.950000000000000000e+02
5.160000000000000000e+02
5.440000000000000000e+02
5.340000000000000000e+02
4.930000000000000000e+02
5.270000000000000000e+02
5.080000000000000000e+02
5.080000000000000000e+02
4.770000000000000000e+02
4.700000000000000000e+02
4.940000000000000000e+02
5.240000000000000000e+02
5.640000000000000000e+02
5.880000000000000000e+02
5.670000000000000000e+02
5.570000000000000000e+02
5.370000000000000000e+02
5.530000000000000000e+02
5.500000000000000000e+02
5.720000000000000000e+02
6.740000000000000000e+02
5.740000000000000000e+02
6.570000000000000000e+02
7.290000000000000000e+02
6.950000000000000000e+02
6.670000000000000000e+02
5.970000000000000000e+02
6.210000000000000000e+02
6.330000000000000000e+02
5.980000000000000000e+02
6.240000000000000000e+02
5.900000000000000000e+02
6.500000000000000000e+02
6.220000000000000000e+02
7.290000000000000000e+02
8.000000000000000000e+02
6.880000000000000000e+02
6.830000000000000000e+02
6.810000000000000000e+02
6.950000000000000000e+02
7.540000000000000000e+02
7.000000000000000000e+02
6.980000000000000000e+02
7.270000000000000000e+02
7.680000000000000000e+02
8.690000000000000000e+02
8.850000000000000000e+02
8.950000000000000000e+02
1.005000000000000000e+03
9.510000000000000000e+02
8.720000000000000000e+02
9.060000000000000000e+02
8.940000000000000000e+02
8.310000000000000000e+02
8.280000000000000000e+02
7.810000000000000000e+02
8.140000000000000000e+02
8.130000000000000000e+02
7.910000000000000000e+02
7.180000000000000000e+02
7.890000000000000000e+02
7.680000000000000000e+02
7.990000000000000000e+02
7.450000000000000000e+02
7.220000000000000000e+02
6.620000000000000000e+02
6.640000000000000000e+02
5.880000000000000000e+02
5.400000000000000000e+02
5.150000000000000000e+02
4.620000000000000000e+02
4.320000000000000000e+02
3.820000000000000000e+02
3.880000000000000000e+02
3.110000000000000000e+02
3.440000000000000000e+02
3.660000000000000000e+02
4.100000000000000000e+02
4.550000000000000000e+02
4.930000000000000000e+02
4.740000000000000000e+02
4.810000000000000000e+02
4.910000000000000000e+02
5.200000000000000000e+02
4.790000000000000000e+02
4.990000000000000000e+02
4.680000000000000000e+02
4.690000000000000000e+02
4.990000000000000000e+02
5.220000000000000000e+02
5.250000000000000000e+02
5.080000000000000000e+02
5.180000000000000000e+02
5.210000000000000000e+02
5.390000000000000000e+02
6.450000000000000000e+02
6.460000000000000000e+02
7.090000000000000000e+02
7.950000000000000000e+02
9.920000000000000000e+02
1.143000000000000000e+03
8.340000000000000000e+02
7.910000000000000000e+02
7.630000000000000000e+02
7.080000000000000000e+02
7.690000000000000000e+02
7.230000000000000000e+02
7.140000000000000000e+02
7.770000000000000000e+02
7.170000000000000000e+02
7.290000000000000000e+02
6.880000000000000000e+02
6.850000000000000000e+02
6.120000000000000000e+02
5.890000000000000000e+02
6.070000000000000000e+02
5.760000000000000000e+02
6.320000000000000000e+02
6.140000000000000000e+02
6.560000000000000000e+02
7.040000000000000000e+02
6.520000000000000000e+02
6.670000000000000000e+02
7.270000000000000000e+02
7.070000000000000000e+02
6.600000000000000000e+02
7.570000000000000000e+02
7.630000000000000000e+02
7.890000000000000000e+02
8.700000000000000000e+02
9.190000000000000000e+02
9.740000000000000000e+02
1.034000000000000000e+03
1.203000000000000000e+03
1.308000000000000000e+03
1.495000000000000000e+03
1.712000000000000000e+03
1.902000000000000000e+03
2.074000000000000000e+03
2.184000000000000000e+03
2.076000000000000000e+03
2.380000000000000000e+03
2.963000000000000000e+03
3.256000000000000000e+03
4.996000000000000000e+03
3.171000000000000000e+03
3.239000000000000000e+03
3.142000000000000000e+03
2.917000000000000000e+03
3.515000000000000000e+03
3.229000000000000000e+03
3.509000000000000000e+03
3.684000000000000000e+03
3.445000000000000000e+03
3.603000000000000000e+03
3.441000000000000000e+03
3.311000000000000000e+03
3.190000000000000000e+03
2.899000000000000000e+03
2.560000000000000000e+03
2.142000000000000000e+03
1.798000000000000000e+03
1.389000000000000000e+03
1.097000000000000000e+03
8.520000000000000000e+02
6.870000000000000000e+02
6.040000000000000000e+02
5.500000000000000000e+02
5.150000000000000000e+02
4.830000000000000000e+02
5.720000000000000000e+02
8.940000000000000000e+02
8.170000000000000000e+02
8.690000000000000000e+02
6.620000000000000000e+02
9.790000000000000000e+02
1.555000000000000000e+03
1.568000000000000000e+03
1.926000000000000000e+03
2.383000000000000000e+03
1.955000000000000000e+03
2.593000000000000000e+03
2.585000000000000000e+03
2.107000000000000000e+03
1.635000000000000000e+03
1.725000000000000000e+03
7.530000000000000000e+02
4.510000000000000000e+02
2.800000000000000000e+02
2.640000000000000000e+02
2.550000000000000000e+02
2.740000000000000000e+02
2.750000000000000000e+02
2.500000000000000000e+02
2.600000000000000000e+02
2.580000000000000000e+02
3.050000000000000000e+02
2.830000000000000000e+02
3.760000000000000000e+02
4.230000000000000000e+02
5.180000000000000000e+02
5.780000000000000000e+02
7.190000000000000000e+02
9.410000000000000000e+02
1.054000000000000000e+03
1.082000000000000000e+03
1.057000000000000000e+03
1.054000000000000000e+03
9.510000000000000000e+02
1.008000000000000000e+03
1.132000000000000000e+03
1.129000000000000000e+03
1.261000000000000000e+03
1.236000000000000000e+03
1.146000000000000000e+03
1.042000000000000000e+03
8.800000000000000000e+02
8.070000000000000000e+02
6.870000000000000000e+02
7.860000000000000000e+02
8.190000000000000000e+02
1.033000000000000000e+03
6.990000000000000000e+02
3.620000000000000000e+02
2.725900000000000000e+04
1.010000000000000000e+02
1.150000000000000000e+02
1.860000000000000000e+02
6.500000000000000000e+01
1.077000000000000000e+03
3.709000000000000000e+03
1.400000000000000000e+01
3.085800000000000000e+04
4.800000000000000000e+01
4.700000000000000000e+01
4.162000000000000000e+03
4.010000000000000000e+02
2.055800000000000000e+04
8.384000000000000000e+03
2.076000000000000000e+03
6.689000000000000000e+03
1.719000000000000000e+03
5.700000000000000000e+02
4.181000000000000000e+03
2.730000000000000000e+03
3.318000000000000000e+03
5.340000000000000000e+02
6.010000000000000000e+02
2.060000000000000000e+03
1.758000000000000000e+03
3.010000000000000000e+02
3.000000000000000000e+00
2.500000000000000000e+01
4.000000000000000000e+00
1.327600000000000000e+04
0.000000000000000000e+00
1.310000000000000000e+02
4.000000000000000000e+00
4.370000000000000000e+02
1.944000000000000000e+03
3.734000000000000000e+03
8.000000000000000000e+00
2.230000000000000000e+02
1.090000000000000000e+02
3.240000000000000000e+02
2.000000000000000000e+00
2.046000000000000000e+03
1.217000000000000000e+03
5.000000000000000000e+00
1.540000000000000000e+02
4.500000000000000000e+01
1.200000000000000000e+01
3.490000000000000000e+02
1.700000000000000000e+01
1.694000000000000000e+03
7.500000000000000000e+02
2.540000000000000000e+02
2.900000000000000000e+01
1.030000000000000000e+02
1.082000000000000000e+03
5.680000000000000000e+02
1.980000000000000000e+02
6.100000000000000000e+01
1.600000000000000000e+01
8.580000000000000000e+02
4.000000000000000000e+00
1.710000000000000000e+02
3.630000000000000000e+02
4.000000000000000000e+00
2.640000000000000000e+02
1.194000000000000000e+03
2.860000000000000000e+02
3.720000000000000000e+02
4.620000000000000000e+02
5.100000000000000000e+02
1.920000000000000000e+02
1.810000000000000000e+02
4.270000000000000000e+02
7.100000000000000000e+02
3.481000000000000000e+03
4.310000000000000000e+02
1.470000000000000000e+02
6.000000000000000000e+00
5.200000000000000000e+02
1.334000000000000000e+03
1.310000000000000000e+02
3.900000000000000000e+01
9.690000000000000000e+02
7.290000000000000000e+02
2.550000000000000000e+02
7.500000000000000000e+01
6.890000000000000000e+02
1.420000000000000000e+02
6.900000000000000000e+01
9.800000000000000000e+02
6.400000000000000000e+01
1.600000000000000000e+02
2.830000000000000000e+02
1.120000000000000000e+02
9.450000000000000000e+02
2.771000000000000000e+03
4.191000000000000000e+03
1.208500000000000000e+04
8.323000000000000000e+03
4.027000000000000000e+03
4.757000000000000000e+03
1.359000000000000000e+03
4.276000000000000000e+03
1.636000000000000000e+03
1.022000000000000000e+03
1.674000000000000000e+03
3.050000000000000000e+02
6.320000000000000000e+02
1.181000000000000000e+03
2.882000000000000000e+03
1.454000000000000000e+03
4.270000000000000000e+02
5.430000000000000000e+02
1.395000000000000000e+03
8.830000000000000000e+02
3.010000000000000000e+02
2.300000000000000000e+01
2.500000000000000000e+01
2.200000000000000000e+01
5.409000000000000000e+03
0.000000000000000000e+00
3.800000000000000000e+01
5.000000000000000000e+00
9.900000000000000000e+01
6.490000000000000000e+02
1.841000000000000000e+03
4.000000000000000000e+00
2.100000000000000000e+01
3.000000000000000000e+00
4.500000000000000000e+01
0.000000000000000000e+00
3.570000000000000000e+02
9.000000000000000000e+01
0.000000000000000000e+00
1.600000000000000000e+01
1.000000000000000000e+00
0.000000000000000000e+00
2.900000000000000000e+01
1.000000000000000000e+00
1.066000000000000000e+03
3.500000000000000000e+01
7.000000000000000000e+00
0.000000000000000000e+00
5.000000000000000000e+00
5.500000000000000000e+01
2.200000000000000000e+01
4.000000000000000000e+00
3.000000000000000000e+00
0.000000000000000000e+00
2.400000000000000000e+01
0.000000000000000000e+00
4.000000000000000000e+00
5.000000000000000000e+00
0.000000000000000000e+00
6.000000000000000000e+00
1.620000000000000000e+02
5.000000000000000000e+00
1.200000000000000000e+01
9.000000000000000000e+00
3.600000000000000000e+01
7.000000000000000000e+00
4.000000000000000000e+00
2.000000000000000000e+01
2.500000000000000000e+01
2.428000000000000000e+03
5.000000000000000000e+00
8.000000000000000000e+00
4.000000000000000000e+00
8.000000000000000000e+00
1.620000000000000000e+02
1.500000000000000000e+01
2.800000000000000000e+01
4.730000000000000000e+02
7.300000000000000000e+01
8.600000000000000000e+01
5.100000000000000000e+01
2.530000000000000000e+02
8.100000000000000000e+01
1.030000000000000000e+02
2.678200000000000000e+04
2.700000000000000000e+01
7.391000000000000000e+03
1.085300000000000000e+04
3.042000000000000000e+03
2.873000000000000000e+03
3.528000000000000000e+03
5.145000000000000000e+03
3.794000000000000000e+03
3.289000000000000000e+03
3.251000000000000000e+03
6.673000000000000000e+03
1.245300000000000000e+04
4.902000000000000000e+03
2.007200000000000000e+04
1.245200000000000000e+04
7.668000000000000000e+03
5.675000000000000000e+03
3.274000000000000000e+03
2.386000000000000000e+03
2.228000000000000000e+03
2.206000000000000000e+03
1.939000000000000000e+03
2.210000000000000000e+03
2.144000000000000000e+03
2.451000000000000000e+03
2.580000000000000000e+03
2.105000000000000000e+03
2.160000000000000000e+03
2.087000000000000000e+03
2.556000000000000000e+03
2.090000000000000000e+03
1.874000000000000000e+03
1.715000000000000000e+03
1.586000000000000000e+03
1.407000000000000000e+03
1.612000000000000000e+03
8.890000000000000000e+02
9.780000000000000000e+02
9.440000000000000000e+02
7.680000000000000000e+02
6.690000000000000000e+02
6.870000000000000000e+02
7.770000000000000000e+02
5.700000000000000000e+02
5.080000000000000000e+02
6.400000000000000000e+02
4.310000000000000000e+02
5.030000000000000000e+02
4.460000000000000000e+02
4.190000000000000000e+02
6.410000000000000000e+02
3.860000000000000000e+02
5.350000000000000000e+02
4.190000000000000000e+02
5.790000000000000000e+02
4.730000000000000000e+02
6.250000000000000000e+02
6.060000000000000000e+02
5.670000000000000000e+02
5.670000000000000000e+02
4.720000000000000000e+02
4.050000000000000000e+02
3.820000000000000000e+02
7.550000000000000000e+02
3.970000000000000000e+02
4.550000000000000000e+02
4.070000000000000000e+02
5.020000000000000000e+02
3.250000000000000000e+02
4.620000000000000000e+02
2.750000000000000000e+02
2.860000000000000000e+02
3.820000000000000000e+02
2.170000000000000000e+02
2.210000000000000000e+02
1.700000000000000000e+02
2.410000000000000000e+02
2.340000000000000000e+02
1.280000000000000000e+02
1.700000000000000000e+02
1.720000000000000000e+02
1.220000000000000000e+02
9.400000000000000000e+01
5.100000000000000000e+01
5.510000000000000000e+02
6.400000000000000000e+01
1.000000000000000000e+02
1.140000000000000000e+02
1.460000000000000000e+02
1.540000000000000000e+02
1.470000000000000000e+02
1.060000000000000000e+02
1.170000000000000000e+02
9.200000000000000000e+01
6.900000000000000000e+01
2.390000000000000000e+02
9.500000000000000000e+01
1.500000000000000000e+02
7.100000000000000000e+01
8.400000000000000000e+01
5.800000000000000000e+01
3.400000000000000000e+02
5.500000000000000000e+01
7.600000000000000000e+01
7.100000000000000000e+01
1.510000000000000000e+02
1.010000000000000000e+02
6.400000000000000000e+01
2.360000000000000000e+02
4.000000000000000000e+01
5.100000000000000000e+01
7.800000000000000000e+01
1.050000000000000000e+02
6.100000000000000000e+01
7.200000000000000000e+01
1.480000000000000000e+02
5.600000000000000000e+01
1.260000000000000000e+02
7.300000000000000000e+01
7.700000000000000000e+01
6.800000000000000000e+01
5.900000000000000000e+01
6.000000000000000000e+01
5.400000000000000000e+01
4.600000000000000000e+01
5.100000000000000000e+01
6.400000000000000000e+01
5.780000000000000000e+02
5.000000000000000000e+01
5.100000000000000000e+01
6.500000000000000000e+01
5.300000000000000000e+01
5.500000000000000000e+01
5.200000000000000000e+01
7.300000000000000000e+01
6.900000000000000000e+01
9.800000000000000000e+01
7.500000000000000000e+01
9.800000000000000000e+01
6.900000000000000000e+01
7.100000000000000000e+01
1.780000000000000000e+02
8.400000000000000000e+01
6.900000000000000000e+01
7.300000000000000000e+01
1.210000000000000000e+02
9.300000000000000000e+01
9.700000000000000000e+01
1.130000000000000000e+02
9.600000000000000000e+01
8.400000000000000000e+01
1.220000000000000000e+02
2.730000000000000000e+02
1.120000000000000000e+02
1.370000000000000000e+02
1.810000000000000000e+02
1.500000000000000000e+02
1.250000000000000000e+02
2.860000000000000000e+02
1.090000000000000000e+02
1.180000000000000000e+02
1.660000000000000000e+02
1.170000000000000000e+02
1.150000000000000000e+02
1.120000000000000000e+02
1.170000000000000000e+02
1.080000000000000000e+02
1.050000000000000000e+02
1.200000000000000000e+02
3.990000000000000000e+02
9.800000000000000000e+01
9.000000000000000000e+01
8.300000000000000000e+01
1.050000000000000000e+02
1.010000000000000000e+02
7.300000000000000000e+01
1.120000000000000000e+02
6.400000000000000000e+01
1.100000000000000000e+02
9.000000000000000000e+01
1.050000000000000000e+02
1.940000000000000000e+02
1.260000000000000000e+02
1.040000000000000000e+02
1.200000000000000000e+02
9.900000000000000000e+01
1.100000000000000000e+02
1.160000000000000000e+02
1.070000000000000000e+02
9.400000000000000000e+01
2.500000000000000000e+02
8.600000000000000000e+01
9.100000000000000000e+01
1.060000000000000000e+02
9.900000000000000000e+01
1.130000000000000000e+02
8.500000000000000000e+01
1.370000000000000000e+02
9.500000000000000000e+01
1.300000000000000000e+02
9.000000000000000000e+01
1.000000000000000000e+02
1.080000000000000000e+02
1.860000000000000000e+02
1.080000000000000000e+02
1.250000000000000000e+02
1.310000000000000000e+02
1.120000000000000000e+02
1.760000000000000000e+02
1.360000000000000000e+02
1.420000000000000000e+02
1.240000000000000000e+02
2.390000000000000000e+02
1.280000000000000000e+02
1.520000000000000000e+02
1.620000000000000000e+02
1.400000000000000000e+02
1.410000000000000000e+02
1.760000000000000000e+02
1.910000000000000000e+02
1.700000000000000000e+02
1.820000000000000000e+02
1.670000000000000000e+02
1.710000000000000000e+02
1.500000000000000000e+02
1.880000000000000000e+02
1.750000000000000000e+02
1.760000000000000000e+02
1.710000000000000000e+02
2.020000000000000000e+02
1.890000000000000000e+02
2.400000000000000000e+02
2.470000000000000000e+02
2.800000000000000000e+02
2.240000000000000000e+02
3.050000000000000000e+02
2.780000000000000000e+02
4.100000000000000000e+02
3.190000000000000000e+02
4.410000000000000000e+02
4.110000000000000000e+02
4.630000000000000000e+02
5.170000000000000000e+02
4.430000000000000000e+02
6.040000000000000000e+02
6.070000000000000000e+02
8.660000000000000000e+02
7.270000000000000000e+02
9.230000000000000000e+02
8.560000000000000000e+02
1.354000000000000000e+03
1.210000000000000000e+03
1.628000000000000000e+03
5.990000000000000000e+02
5.338000000000000000e+03
2.340000000000000000e+02
4.040000000000000000e+02
5.080000000000000000e+02
6.030000000000000000e+02
6.290000000000000000e+02
5.540000000000000000e+02
4.800000000000000000e+02
4.960000000000000000e+02
5.110000000000000000e+02
4.910000000000000000e+02
4.160000000000000000e+02
4.690000000000000000e+02
4.470000000000000000e+02
4.840000000000000000e+02
4.680000000000000000e+02
4.720000000000000000e+02
4.310000000000000000e+02
4.220000000000000000e+02
4.620000000000000000e+02
3.760000000000000000e+02
3.460000000000000000e+02
3.230000000000000000e+02
3.110000000000000000e+02
2.950000000000000000e+02
3.230000000000000000e+02
3.560000000000000000e+02
3.620000000000000000e+02
3.700000000000000000e+02
3.370000000000000000e+02
3.630000000000000000e+02
3.890000000000000000e+02
4.180000000000000000e+02
4.540000000000000000e+02
5.000000000000000000e+02
5.180000000000000000e+02
5.640000000000000000e+02
5.030000000000000000e+02
4.840000000000000000e+02
4.440000000000000000e+02
5.210000000000000000e+02
4.790000000000000000e+02
4.420000000000000000e+02
4.430000000000000000e+02
4.510000000000000000e+02
5.200000000000000000e+02
4.620000000000000000e+02
4.670000000000000000e+02
4.590000000000000000e+02
5.110000000000000000e+02
4.400000000000000000e+02
4.740000000000000000e+02
4.370000000000000000e+02
5.660000000000000000e+02
5.170000000000000000e+02
5.640000000000000000e+02
5.820000000000000000e+02
5.370000000000000000e+02
5.630000000000000000e+02
5.390000000000000000e+02
5.690000000000000000e+02
6.060000000000000000e+02
6.070000000000000000e+02
6.200000000000000000e+02
5.310000000000000000e+02
5.650000000000000000e+02
5.550000000000000000e+02
6.210000000000000000e+02
6.620000000000000000e+02
6.440000000000000000e+02
6.620000000000000000e+02
7.530000000000000000e+02
6.390000000000000000e+02
5.930000000000000000e+02
5.630000000000000000e+02
5.750000000000000000e+02
5.910000000000000000e+02
5.650000000000000000e+02
6.160000000000000000e+02
5.820000000000000000e+02
5.550000000000000000e+02
5.640000000000000000e+02
5.610000000000000000e+02
5.640000000000000000e+02
5.490000000000000000e+02
5.490000000000000000e+02
5.570000000000000000e+02
5.870000000000000000e+02
5.520000000000000000e+02
5.900000000000000000e+02
7.440000000000000000e+02
7.430000000000000000e+02
7.390000000000000000e+02
8.190000000000000000e+02
7.600000000000000000e+02
7.230000000000000000e+02
6.890000000000000000e+02
7.270000000000000000e+02
6.580000000000000000e+02
6.010000000000000000e+02
6.580000000000000000e+02
6.690000000000000000e+02
6.780000000000000000e+02
7.400000000000000000e+02
7.560000000000000000e+02
7.690000000000000000e+02
8.690000000000000000e+02
8.240000000000000000e+02
8.050000000000000000e+02
8.790000000000000000e+02
8.440000000000000000e+02
8.080000000000000000e+02
8.240000000000000000e+02
6.630000000000000000e+02
5.980000000000000000e+02
6.050000000000000000e+02
5.200000000000000000e+02
5.090000000000000000e+02
4.940000000000000000e+02
4.740000000000000000e+02
4.250000000000000000e+02
4.100000000000000000e+02
4.590000000000000000e+02
4.350000000000000000e+02
4.870000000000000000e+02
4.640000000000000000e+02
4.840000000000000000e+02
4.850000000000000000e+02
5.970000000000000000e+02
6.520000000000000000e+02
6.790000000000000000e+02
7.620000000000000000e+02
9.930000000000000000e+02
1.157000000000000000e+03
8.290000000000000000e+02
8.040000000000000000e+02
7.670000000000000000e+02
6.950000000000000000e+02
7.740000000000000000e+02
7.620000000000000000e+02
7.880000000000000000e+02
7.990000000000000000e+02
6.980000000000000000e+02
6.700000000000000000e+02
6.740000000000000000e+02
6.380000000000000000e+02
6.090000000000000000e+02
5.360000000000000000e+02
5.480000000000000000e+02
5.470000000000000000e+02
5.830000000000000000e+02
5.470000000000000000e+02
5.590000000000000000e+02
6.420000000000000000e+02
6.040000000000000000e+02
6.090000000000000000e+02
6.400000000000000000e+02
6.310000000000000000e+02
6.070000000000000000e+02
6.360000000000000000e+02
6.190000000000000000e+02
6.330000000000000000e+02
7.130000000000000000e+02
7.190000000000000000e+02
7.570000000000000000e+02
7.180000000000000000e+02
7.130000000000000000e+02
8.170000000000000000e+02
8.000000000000000000e+02
7.760000000000000000e+02
8.630000000000000000e+02
8.840000000000000000e+02
1.015000000000000000e+03
1.160000000000000000e+03
1.315000000000000000e+03
1.419000000000000000e+03
1.785000000000000000e+03
2.494000000000000000e+03
2.728000000000000000e+03
4.631000000000000000e+03
3.013000000000000000e+03
2.826000000000000000e+03
3.059000000000000000e+03
2.386000000000000000e+03
2.644000000000000000e+03
2.778000000000000000e+03
2.495000000000000000e+03
2.275000000000000000e+03
2.247000000000000000e+03
2.219000000000000000e+03
2.257000000000000000e+03
2.303000000000000000e+03
2.595000000000000000e+03
2.727000000000000000e+03
2.715000000000000000e+03
2.863000000000000000e+03
3.049000000000000000e+03
3.086000000000000000e+03
3.201000000000000000e+03
3.176000000000000000e+03
3.190000000000000000e+03
3.039000000000000000e+03
2.834000000000000000e+03
2.544000000000000000e+03
2.428000000000000000e+03
2.138000000000000000e+03
1.651000000000000000e+03
1.192000000000000000e+03
1.200000000000000000e+03
1.606000000000000000e+03
1.750000000000000000e+03
2.008000000000000000e+03
2.426000000000000000e+03
1.906000000000000000e+03
2.495000000000000000e+03
2.489000000000000000e+03
1.985000000000000000e+03
1.575000000000000000e+03
1.693000000000000000e+03
7.190000000000000000e+02
4.230000000000000000e+02
2.970000000000000000e+02
3.430000000000000000e+02
3.860000000000000000e+02
4.120000000000000000e+02
4.250000000000000000e+02
4.680000000000000000e+02
4.920000000000000000e+02
4.490000000000000000e+02
4.300000000000000000e+02
4.000000000000000000e+02
4.280000000000000000e+02
4.680000000000000000e+02
5.870000000000000000e+02
6.340000000000000000e+02
7.440000000000000000e+02
9.070000000000000000e+02
1.052000000000000000e+03
1.068000000000000000e+03
1.034000000000000000e+03
1.005000000000000000e+03
8.450000000000000000e+02
8.300000000000000000e+02
8.800000000000000000e+02
9.070000000000000000e+02
1.059000000000000000e+03
1.172000000000000000e+03
1.231000000000000000e+03
1.191000000000000000e+03
1.061000000000000000e+03
8.160000000000000000e+02
7.620000000000000000e+02
8.540000000000000000e+02
1.077000000000000000e+03
1.331000000000000000e+03
9.800000000000000000e+02
5.990000000000000000e+02
