8.000000000000000000e+00
1.300000000000000000e+01
2.400000000000000000e+01
2.900000000000000000e+01
5.300000000000000000e+01
9.100000000000000000e+01
1.010000000000000000e+02
1.470000000000000000e+02
1.890000000000000000e+02
2.260000000000000000e+02
3.520000000000000000e+02
4.210000000000000000e+02
5.750000000000000000e+02
7.580000000000000000e+02
9.750000000000000000e+02
1.183000000000000000e+03
1.375000000000000000e+03
1.658000000000000000e+03
2.225000000000000000e+03
2.518000000000000000e+03
2.247000000000000000e+03
1.981000000000000000e+03
1.632000000000000000e+03
1.437000000000000000e+03
1.182000000000000000e+03
1.138000000000000000e+03
1.118000000000000000e+03
1.131000000000000000e+03
1.023000000000000000e+03
1.032000000000000000e+03
1.187000000000000000e+03
1.183000000000000000e+03
1.170000000000000000e+03
1.114000000000000000e+03
1.151000000000000000e+03
1.109000000000000000e+03
9.630000000000000000e+02
8.260000000000000000e+02
7.390000000000000000e+02
6.340000000000000000e+02
5.890000000000000000e+02
5.880000000000000000e+02
5.450000000000000000e+02
5.820000000000000000e+02
5.290000000000000000e+02
4.960000000000000000e+02
4.570000000000000000e+02
4.590000000000000000e+02
4.820000000000000000e+02
4.860000000000000000e+02
4.690000000000000000e+02
4.850000000000000000e+02
4.310000000000000000e+02
4.460000000000000000e+02
4.200000000000000000e+02
4.940000000000000000e+02
4.960000000000000000e+02
4.760000000000000000e+02
5.220000000000000000e+02
4.890000000000000000e+02
4.490000000000000000e+02
4.330000000000000000e+02
4.790000000000000000e+02
4.630000000000000000e+02
4.990000000000000000e+02
5.230000000000000000e+02
4.460000000000000000e+02
4.340000000000000000e+02
4.730000000000000000e+02
4.960000000000000000e+02
5.030000000000000000e+02
4.860000000000000000e+02
4.720000000000000000e+02
4.830000000000000000e+02
4.920000000000000000e+02
4.760000000000000000e+02
4.260000000000000000e+02
4.920000000000000000e+02
5.020000000000000000e+02
5.430000000000000000e+02
5.520000000000000000e+02
5.720000000000000000e+02
6.040000000000000000e+02
5.680000000000000000e+02
5.810000000000000000e+02
5.770000000000000000e+02
5.880000000000000000e+02
5.630000000000000000e+02
6.700000000000000000e+02
6.220000000000000000e+02
6.440000000000000000e+02
6.370000000000000000e+02
6.730000000000000000e+02
6.480000000000000000e+02
7.340000000000000000e+02
7.180000000000000000e+02
7.760000000000000000e+02
8.050000000000000000e+02
8.820000000000000000e+02
8.570000000000000000e+02
8.680000000000000000e+02
8.010000000000000000e+02
8.690000000000000000e+02
8.800000000000000000e+02
9.060000000000000000e+02
8.810000000000000000e+02
9.640000000000000000e+02
9.340000000000000000e+02
9.840000000000000000e+02
9.850000000000000000e+02
9.910000000000000000e+02
1.028000000000000000e+03
1.070000000000000000e+03
1.031000000000000000e+03
1.176000000000000000e+03
1.241000000000000000e+03
1.324000000000000000e+03
1.385000000000000000e+03
1.272000000000000000e+03
1.204000000000000000e+03
1.268000000000000000e+03
1.267000000000000000e+03
1.206000000000000000e+03
1.278000000000000000e+03
1.120000000000000000e+03
1.068000000000000000e+03
1.089000000000000000e+03
1.173000000000000000e+03
1.183000000000000000e+03
1.197000000000000000e+03
1.180000000000000000e+03
1.185000000000000000e+03
1.450000000000000000e+03
1.472000000000000000e+03
1.572000000000000000e+03
1.340000000000000000e+03
1.396000000000000000e+03
1.396000000000000000e+03
1.484000000000000000e+03
1.518000000000000000e+03
1.544000000000000000e+03
1.533000000000000000e+03
1.416000000000000000e+03
1.505000000000000000e+03
1.477000000000000000e+03
1.474000000000000000e+03
1.458000000000000000e+03
1.439000000000000000e+03
1.442000000000000000e+03
1.422000000000000000e+03
1.369000000000000000e+03
1.459000000000000000e+03
1.508000000000000000e+03
1.494000000000000000e+03
1.401000000000000000e+03
1.403000000000000000e+03
1.278000000000000000e+03
1.288000000000000000e+03
1.177000000000000000e+03
1.149000000000000000e+03
1.224000000000000000e+03
1.182000000000000000e+03
1.191000000000000000e+03
1.101000000000000000e+03
1.037000000000000000e+03
9.900000000000000000e+02
8.560000000000000000e+02
8.640000000000000000e+02
8.700000000000000000e+02
7.900000000000000000e+02
7.720000000000000000e+02
8.150000000000000000e+02
7.570000000000000000e+02
7.540000000000000000e+02
7.350000000000000000e+02
6.860000000000000000e+02
6.780000000000000000e+02
7.330000000000000000e+02
6.860000000000000000e+02
6.940000000000000000e+02
6.840000000000000000e+02
6.810000000000000000e+02
6.910000000000000000e+02
6.300000000000000000e+02
6.230000000000000000e+02
5.920000000000000000e+02
5.870000000000000000e+02
5.920000000000000000e+02
5.850000000000000000e+02
5.180000000000000000e+02
5.990000000000000000e+02
6.580000000000000000e+02
7.760000000000000000e+02
9.490000000000000000e+02
8.200000000000000000e+02
9.180000000000000000e+02
8.970000000000000000e+02
7.820000000000000000e+02
1.004000000000000000e+03
9.840000000000000000e+02
9.420000000000000000e+02
9.300000000000000000e+02
9.000000000000000000e+02
9.240000000000000000e+02
9.270000000000000000e+02
8.820000000000000000e+02
9.340000000000000000e+02
9.040000000000000000e+02
9.570000000000000000e+02
9.590000000000000000e+02
1.014000000000000000e+03
8.270000000000000000e+02
9.350000000000000000e+02
1.039000000000000000e+03
1.246000000000000000e+03
1.202000000000000000e+03
1.184000000000000000e+03
1.299000000000000000e+03
1.394000000000000000e+03
1.422000000000000000e+03
1.517000000000000000e+03
1.711000000000000000e+03
1.827000000000000000e+03
2.035000000000000000e+03
2.024000000000000000e+03
1.794000000000000000e+03
1.657000000000000000e+03
1.898000000000000000e+03
2.235000000000000000e+03
1.814000000000000000e+03
1.838000000000000000e+03
2.176000000000000000e+03
1.908000000000000000e+03
1.768000000000000000e+03
2.023000000000000000e+03
2.525000000000000000e+03
2.295000000000000000e+03
2.104000000000000000e+03
2.092000000000000000e+03
2.130000000000000000e+03
1.445000000000000000e+03
8.860000000000000000e+02
3.090000000000000000e+02
7.800000000000000000e+01
3.100000000000000000e+01
3.200000000000000000e+01
4.000000000000000000e+01
2.700000000000000000e+01
2.700000000000000000e+01
2.800000000000000000e+01
3.200000000000000000e+01
3.300000000000000000e+01
5.800000000000000000e+01
4.600000000000000000e+01
7.100000000000000000e+01
1.080000000000000000e+02
1.100000000000000000e+01
2.400000000000000000e+01
2.900000000000000000e+01
6.100000000000000000e+01
9.200000000000000000e+01
1.130000000000000000e+02
1.530000000000000000e+02
2.040000000000000000e+02
2.480000000000000000e+02
3.740000000000000000e+02
4.820000000000000000e+02
6.720000000000000000e+02
8.900000000000000000e+02
1.319000000000000000e+03
1.488000000000000000e+03
1.661000000000000000e+03
2.143000000000000000e+03
2.554000000000000000e+03
2.341000000000000000e+03
2.051000000000000000e+03
1.678000000000000000e+03
1.354000000000000000e+03
1.315000000000000000e+03
1.187000000000000000e+03
1.136000000000000000e+03
1.172000000000000000e+03
1.239000000000000000e+03
1.251000000000000000e+03
1.424000000000000000e+03
1.424000000000000000e+03
1.460000000000000000e+03
1.242000000000000000e+03
1.100000000000000000e+03
1.021000000000000000e+03
8.730000000000000000e+02
7.060000000000000000e+02
5.950000000000000000e+02
6.420000000000000000e+02
5.880000000000000000e+02
5.620000000000000000e+02
5.420000000000000000e+02
5.350000000000000000e+02
5.390000000000000000e+02
4.560000000000000000e+02
4.960000000000000000e+02
4.460000000000000000e+02
5.110000000000000000e+02
5.000000000000000000e+02
4.630000000000000000e+02
4.710000000000000000e+02
4.940000000000000000e+02
4.840000000000000000e+02
4.480000000000000000e+02
5.010000000000000000e+02
5.020000000000000000e+02
4.550000000000000000e+02
5.060000000000000000e+02
5.290000000000000000e+02
4.960000000000000000e+02
4.320000000000000000e+02
4.640000000000000000e+02
4.420000000000000000e+02
4.910000000000000000e+02
4.650000000000000000e+02
4.710000000000000000e+02
4.300000000000000000e+02
4.510000000000000000e+02
3.790000000000000000e+02
5.120000000000000000e+02
5.080000000000000000e+02
4.450000000000000000e+02
4.730000000000000000e+02
4.840000000000000000e+02
4.830000000000000000e+02
5.220000000000000000e+02
4.860000000000000000e+02
5.210000000000000000e+02
5.020000000000000000e+02
5.800000000000000000e+02
5.800000000000000000e+02
6.430000000000000000e+02
6.410000000000000000e+02
6.830000000000000000e+02
7.070000000000000000e+02
7.070000000000000000e+02
7.420000000000000000e+02
7.150000000000000000e+02
7.590000000000000000e+02
8.060000000000000000e+02
7.930000000000000000e+02
7.490000000000000000e+02
7.130000000000000000e+02
7.730000000000000000e+02
8.420000000000000000e+02
8.630000000000000000e+02
9.120000000000000000e+02
9.120000000000000000e+02
9.950000000000000000e+02
9.870000000000000000e+02
1.026000000000000000e+03
1.030000000000000000e+03
1.018000000000000000e+03
1.082000000000000000e+03
1.157000000000000000e+03
1.117000000000000000e+03
1.130000000000000000e+03
1.089000000000000000e+03
1.097000000000000000e+03
1.079000000000000000e+03
1.076000000000000000e+03
1.121000000000000000e+03
1.156000000000000000e+03
1.081000000000000000e+03
1.142000000000000000e+03
1.170000000000000000e+03
1.125000000000000000e+03
1.034000000000000000e+03
1.095000000000000000e+03
1.211000000000000000e+03
1.320000000000000000e+03
1.590000000000000000e+03
1.596000000000000000e+03
1.533000000000000000e+03
1.211000000000000000e+03
1.191000000000000000e+03
1.122000000000000000e+03
1.137000000000000000e+03
9.020000000000000000e+02
8.990000000000000000e+02
8.810000000000000000e+02
8.580000000000000000e+02
9.270000000000000000e+02
9.220000000000000000e+02
9.130000000000000000e+02
9.850000000000000000e+02
9.770000000000000000e+02
1.067000000000000000e+03
1.054000000000000000e+03
1.078000000000000000e+03
1.141000000000000000e+03
1.119000000000000000e+03
1.203000000000000000e+03
1.175000000000000000e+03
1.198000000000000000e+03
1.195000000000000000e+03
1.126000000000000000e+03
1.160000000000000000e+03
1.122000000000000000e+03
1.135000000000000000e+03
1.257000000000000000e+03
1.346000000000000000e+03
1.342000000000000000e+03
1.392000000000000000e+03
1.376000000000000000e+03
1.234000000000000000e+03
1.253000000000000000e+03
1.218000000000000000e+03
1.180000000000000000e+03
1.127000000000000000e+03
9.960000000000000000e+02
1.074000000000000000e+03
1.098000000000000000e+03
1.079000000000000000e+03
1.052000000000000000e+03
9.850000000000000000e+02
9.310000000000000000e+02
8.610000000000000000e+02
8.380000000000000000e+02
8.400000000000000000e+02
8.320000000000000000e+02
8.030000000000000000e+02
7.170000000000000000e+02
6.540000000000000000e+02
6.750000000000000000e+02
6.860000000000000000e+02
6.840000000000000000e+02
7.330000000000000000e+02
7.540000000000000000e+02
7.980000000000000000e+02
7.380000000000000000e+02
8.170000000000000000e+02
7.740000000000000000e+02
7.790000000000000000e+02
7.550000000000000000e+02
7.750000000000000000e+02
7.110000000000000000e+02
6.410000000000000000e+02
5.990000000000000000e+02
5.810000000000000000e+02
6.090000000000000000e+02
5.800000000000000000e+02
6.370000000000000000e+02
6.120000000000000000e+02
6.180000000000000000e+02
7.280000000000000000e+02
6.670000000000000000e+02
6.710000000000000000e+02
6.280000000000000000e+02
7.020000000000000000e+02
7.530000000000000000e+02
8.400000000000000000e+02
7.860000000000000000e+02
6.880000000000000000e+02
5.870000000000000000e+02
6.060000000000000000e+02
6.980000000000000000e+02
8.890000000000000000e+02
1.059000000000000000e+03
1.445000000000000000e+03
1.377000000000000000e+03
1.404000000000000000e+03
1.234000000000000000e+03
1.271000000000000000e+03
1.199000000000000000e+03
1.392000000000000000e+03
1.347000000000000000e+03
1.306000000000000000e+03
1.455000000000000000e+03
1.531000000000000000e+03
1.489000000000000000e+03
1.657000000000000000e+03
1.937000000000000000e+03
2.076000000000000000e+03
2.367000000000000000e+03
2.539000000000000000e+03
2.390000000000000000e+03
2.124000000000000000e+03
2.263000000000000000e+03
3.028000000000000000e+03
2.728000000000000000e+03
1.948000000000000000e+03
1.940000000000000000e+03
2.246000000000000000e+03
2.658000000000000000e+03
2.394000000000000000e+03
2.165000000000000000e+03
2.128000000000000000e+03
2.155000000000000000e+03
1.472000000000000000e+03
9.020000000000000000e+02
3.290000000000000000e+02
8.300000000000000000e+01
3.800000000000000000e+01
3.500000000000000000e+01
3.100000000000000000e+01
3.800000000000000000e+01
3.800000000000000000e+01
1.900000000000000000e+01
2.500000000000000000e+01
2.900000000000000000e+01
3.900000000000000000e+01
3.700000000000000000e+01
4.600000000000000000e+01
5.000000000000000000e+01
6.200000000000000000e+01
1.020000000000000000e+02
3.000000000000000000e+00
4.000000000000000000e+00
4.000000000000000000e+00
8.000000000000000000e+00
1.500000000000000000e+01
2.100000000000000000e+01
4.000000000000000000e+01
5.000000000000000000e+01
7.900000000000000000e+01
1.380000000000000000e+02
1.690000000000000000e+02
2.270000000000000000e+02
2.810000000000000000e+02
3.760000000000000000e+02
5.530000000000000000e+02
8.050000000000000000e+02
1.202000000000000000e+03
1.533000000000000000e+03
1.731000000000000000e+03
1.969000000000000000e+03
2.297000000000000000e+03
2.456000000000000000e+03
2.416000000000000000e+03
2.069000000000000000e+03
1.916000000000000000e+03
1.713000000000000000e+03
1.530000000000000000e+03
1.487000000000000000e+03
1.501000000000000000e+03
1.491000000000000000e+03
1.456000000000000000e+03
1.352000000000000000e+03
1.323000000000000000e+03
1.283000000000000000e+03
1.261000000000000000e+03
1.121000000000000000e+03
1.006000000000000000e+03
8.030000000000000000e+02
6.980000000000000000e+02
6.540000000000000000e+02
6.450000000000000000e+02
6.110000000000000000e+02
5.760000000000000000e+02
6.280000000000000000e+02
5.610000000000000000e+02
5.460000000000000000e+02
5.540000000000000000e+02
5.330000000000000000e+02
5.100000000000000000e+02
5.440000000000000000e+02
5.650000000000000000e+02
4.790000000000000000e+02
5.210000000000000000e+02
4.990000000000000000e+02
5.100000000000000000e+02
4.970000000000000000e+02
5.080000000000000000e+02
5.140000000000000000e+02
5.380000000000000000e+02
5.440000000000000000e+02
5.280000000000000000e+02
5.570000000000000000e+02
5.610000000000000000e+02
5.810000000000000000e+02
6.190000000000000000e+02
5.510000000000000000e+02
6.020000000000000000e+02
5.640000000000000000e+02
6.080000000000000000e+02
6.370000000000000000e+02
6.380000000000000000e+02
6.770000000000000000e+02
7.220000000000000000e+02
7.390000000000000000e+02
7.430000000000000000e+02
7.590000000000000000e+02
7.270000000000000000e+02
7.340000000000000000e+02
8.060000000000000000e+02
8.320000000000000000e+02
8.430000000000000000e+02
8.810000000000000000e+02
9.000000000000000000e+02
9.010000000000000000e+02
9.470000000000000000e+02
8.910000000000000000e+02
9.470000000000000000e+02
9.240000000000000000e+02
9.350000000000000000e+02
9.420000000000000000e+02
9.090000000000000000e+02
9.760000000000000000e+02
9.870000000000000000e+02
9.720000000000000000e+02
9.180000000000000000e+02
9.070000000000000000e+02
1.000000000000000000e+03
9.840000000000000000e+02
9.240000000000000000e+02
9.040000000000000000e+02
9.540000000000000000e+02
1.000000000000000000e+03
1.044000000000000000e+03
1.109000000000000000e+03
1.410000000000000000e+03
1.353000000000000000e+03
1.439000000000000000e+03
1.234000000000000000e+03
1.162000000000000000e+03
1.126000000000000000e+03
1.086000000000000000e+03
9.720000000000000000e+02
9.340000000000000000e+02
8.040000000000000000e+02
8.220000000000000000e+02
7.900000000000000000e+02
8.390000000000000000e+02
8.770000000000000000e+02
8.000000000000000000e+02
8.250000000000000000e+02
8.140000000000000000e+02
8.650000000000000000e+02
9.010000000000000000e+02
8.390000000000000000e+02
7.800000000000000000e+02
8.700000000000000000e+02
8.550000000000000000e+02
9.090000000000000000e+02
9.000000000000000000e+02
9.110000000000000000e+02
1.005000000000000000e+03
9.380000000000000000e+02
8.690000000000000000e+02
9.020000000000000000e+02
9.230000000000000000e+02
8.600000000000000000e+02
9.610000000000000000e+02
9.590000000000000000e+02
9.450000000000000000e+02
8.990000000000000000e+02
9.460000000000000000e+02
8.510000000000000000e+02
9.020000000000000000e+02
8.650000000000000000e+02
7.770000000000000000e+02
8.920000000000000000e+02
8.400000000000000000e+02
9.730000000000000000e+02
1.001000000000000000e+03
1.159000000000000000e+03
1.201000000000000000e+03
1.254000000000000000e+03
1.255000000000000000e+03
1.306000000000000000e+03
1.207000000000000000e+03
1.199000000000000000e+03
1.061000000000000000e+03
1.019000000000000000e+03
1.057000000000000000e+03
1.012000000000000000e+03
1.018000000000000000e+03
1.020000000000000000e+03
1.102000000000000000e+03
1.067000000000000000e+03
1.075000000000000000e+03
1.109000000000000000e+03
1.082000000000000000e+03
9.640000000000000000e+02
9.880000000000000000e+02
9.240000000000000000e+02
9.780000000000000000e+02
7.820000000000000000e+02
8.060000000000000000e+02
8.110000000000000000e+02
8.100000000000000000e+02
7.830000000000000000e+02
7.430000000000000000e+02
7.040000000000000000e+02
6.690000000000000000e+02
7.010000000000000000e+02
7.480000000000000000e+02
8.290000000000000000e+02
8.320000000000000000e+02
7.970000000000000000e+02
8.040000000000000000e+02
7.400000000000000000e+02
6.660000000000000000e+02
6.200000000000000000e+02
6.470000000000000000e+02
7.300000000000000000e+02
7.500000000000000000e+02
6.270000000000000000e+02
7.220000000000000000e+02
6.220000000000000000e+02
6.510000000000000000e+02
7.490000000000000000e+02
7.010000000000000000e+02
7.110000000000000000e+02
7.420000000000000000e+02
8.230000000000000000e+02
8.730000000000000000e+02
1.005000000000000000e+03
1.063000000000000000e+03
1.138000000000000000e+03
1.214000000000000000e+03
1.249000000000000000e+03
1.153000000000000000e+03
1.079000000000000000e+03
1.013000000000000000e+03
1.086000000000000000e+03
1.129000000000000000e+03
9.160000000000000000e+02
9.930000000000000000e+02
1.042000000000000000e+03
1.214000000000000000e+03
1.182000000000000000e+03
1.296000000000000000e+03
1.344000000000000000e+03
1.594000000000000000e+03
1.551000000000000000e+03
1.505000000000000000e+03
1.832000000000000000e+03
2.074000000000000000e+03
2.238000000000000000e+03
2.250000000000000000e+03
2.267000000000000000e+03
1.895000000000000000e+03
1.974000000000000000e+03
2.275000000000000000e+03
2.292000000000000000e+03
2.141000000000000000e+03
1.900000000000000000e+03
1.896000000000000000e+03
2.101000000000000000e+03
2.559000000000000000e+03
2.339000000000000000e+03
1.962000000000000000e+03
1.455000000000000000e+03
1.197000000000000000e+03
1.026000000000000000e+03
1.161000000000000000e+03
1.154000000000000000e+03
8.500000000000000000e+02
2.770000000000000000e+02
7.100000000000000000e+01
3.600000000000000000e+01
3.100000000000000000e+01
3.500000000000000000e+01
3.700000000000000000e+01
3.300000000000000000e+01
4.000000000000000000e+01
3.300000000000000000e+01
3.200000000000000000e+01
5.700000000000000000e+01
6.000000000000000000e+01
1.710000000000000000e+02
3.151000000000000000e+04
0.000000000000000000e+00
1.000000000000000000e+00
3.500000000000000000e+01
0.000000000000000000e+00
1.400000000000000000e+02
4.310000000000000000e+03
2.000000000000000000e+00
7.200000000000000000e+02
2.600000000000000000e+01
3.000000000000000000e+00
1.973000000000000000e+03
9.900000000000000000e+01
4.565000000000000000e+03
1.927000000000000000e+03
6.036000000000000000e+03
8.806000000000000000e+03
1.079200000000000000e+04
3.420000000000000000e+03
8.340000000000000000e+03
5.820000000000000000e+03
1.280000000000000000e+03
1.200000000000000000e+02
3.200000000000000000e+01
2.030000000000000000e+02
7.200000000000000000e+01
1.200000000000000000e+01
5.000000000000000000e+00
1.300000000000000000e+01
1.800000000000000000e+01
1.374000000000000000e+03
4.000000000000000000e+00
5.000000000000000000e+00
6.000000000000000000e+00
8.000000000000000000e+00
1.300000000000000000e+01
2.300000000000000000e+01
0.000000000000000000e+00
1.200000000000000000e+01
5.000000000000000000e+00
2.000000000000000000e+00
0.000000000000000000e+00
1.500000000000000000e+01
1.300000000000000000e+01
0.000000000000000000e+00
4.000000000000000000e+00
0.000000000000000000e+00
0.000000000000000000e+00
8.000000000000000000e+00
0.000000000000000000e+00
3.800000000000000000e+01
1.100000000000000000e+01
1.000000000000000000e+01
0.000000000000000000e+00
0.000000000000000000e+00
1.500000000000000000e+01
2.100000000000000000e+01
1.000000000000000000e+01
0.000000000000000000e+00
0.000000000000000000e+00
5.400000000000000000e+01
0.000000000000000000e+00
0.000000000000000000e+00
6.900000000000000000e+01
0.000000000000000000e+00
5.300000000000000000e+01
3.950000000000000000e+02
1.700000000000000000e+01
4.040000000000000000e+02
1.050000000000000000e+02
1.540000000000000000e+02
2.260000000000000000e+02
8.000000000000000000e+00
4.390000000000000000e+02
2.627000000000000000e+03
6.600000000000000000e+02
1.701000000000000000e+03
0.000000000000000000e+00
0.000000000000000000e+00
1.879000000000000000e+03
3.389000000000000000e+03
0.000000000000000000e+00
0.000000000000000000e+00
4.830000000000000000e+02
1.410000000000000000e+02
1.152000000000000000e+03
0.000000000000000000e+00
3.959000000000000000e+03
0.000000000000000000e+00
0.000000000000000000e+00
2.411000000000000000e+03
0.000000000000000000e+00
3.700000000000000000e+01
7.840000000000000000e+02
0.000000000000000000e+00
1.840000000000000000e+02
1.242000000000000000e+03
0.000000000000000000e+00
2.070000000000000000e+02
0.000000000000000000e+00
0.000000000000000000e+00
5.910000000000000000e+02
0.000000000000000000e+00
3.678000000000000000e+03
8.000000000000000000e+00
1.000000000000000000e+00
1.470000000000000000e+02
0.000000000000000000e+00
0.000000000000000000e+00
9.121000000000000000e+03
3.347000000000000000e+03
2.400000000000000000e+03
6.000000000000000000e+00
4.100000000000000000e+02
9.002000000000000000e+03
6.686000000000000000e+03
8.000000000000000000e+00
0.000000000000000000e+00
0.000000000000000000e+00
0.000000000000000000e+00
1.166400000000000000e+04
0.000000000000000000e+00
0.000000000000000000e+00
0.000000000000000000e+00
5.130000000000000000e+02
4.007000000000000000e+03
9.838000000000000000e+03
0.000000000000000000e+00
6.000000000000000000e+00
0.000000000000000000e+00
5.100000000000000000e+01
0.000000000000000000e+00
6.220000000000000000e+03
6.500000000000000000e+02
0.000000000000000000e+00
6.000000000000000000e+00
0.000000000000000000e+00
0.000000000000000000e+00
7.000000000000000000e+00
0.000000000000000000e+00
1.882000000000000000e+04
4.000000000000000000e+01
0.000000000000000000e+00
0.000000000000000000e+00
0.000000000000000000e+00
3.400000000000000000e+02
0.000000000000000000e+00
0.000000000000000000e+00
0.000000000000000000e+00
0.000000000000000000e+00
1.300000000000000000e+01
0.000000000000000000e+00
0.000000000000000000e+00
0.000000000000000000e+00
0.000000000000000000e+00
0.000000000000000000e+00
1.921000000000000000e+03
0.000000000000000000e+00
0.000000000000000000e+00
0.000000000000000000e+00
1.270000000000000000e+02
0.000000000000000000e+00
0.000000000000000000e+00
5.000000000000000000e+00
0.000000000000000000e+00
3.353200000000000000e+04
0.000000000000000000e+00
0.000000000000000000e+00
0.000000000000000000e+00
1.900000000000000000e+01
1.850000000000000000e+02
0.000000000000000000e+00
0.000000000000000000e+00
1.907000000000000000e+03
2.900000000000000000e+01
5.000000000000000000e+00
0.000000000000000000e+00
3.300000000000000000e+01
0.000000000000000000e+00
0.000000000000000000e+00
3.087600000000000000e+04
3.500000000000000000e+01
2.525000000000000000e+04
1.260600000000000000e+04
4.520000000000000000e+03
3.747000000000000000e+03
2.757000000000000000e+03
6.182000000000000000e+03
5.756000000000000000e+03
4.815000000000000000e+03
3.927000000000000000e+03
4.455000000000000000e+03
4.955000000000000000e+03
6.930000000000000000e+03
6.132000000000000000e+03
6.417000000000000000e+03
6.109000000000000000e+03
4.541000000000000000e+03
5.361000000000000000e+03
3.033000000000000000e+03
3.568000000000000000e+03
2.418000000000000000e+03
2.193000000000000000e+03
2.319000000000000000e+03
1.965000000000000000e+03
1.929000000000000000e+03
2.549000000000000000e+03
2.049000000000000000e+03
1.945000000000000000e+03
1.393000000000000000e+03
1.897000000000000000e+03
2.213000000000000000e+03
1.889000000000000000e+03
1.733000000000000000e+03
1.501000000000000000e+03
2.101000000000000000e+03
2.431000000000000000e+03
5.040000000000000000e+02
2.264000000000000000e+03
1.111000000000000000e+03
1.769000000000000000e+03
9.720000000000000000e+02
5.640000000000000000e+02
1.809000000000000000e+03
8.580000000000000000e+02
1.215000000000000000e+03
1.022000000000000000e+03
1.490000000000000000e+03
1.813000000000000000e+03
1.762000000000000000e+03
1.078000000000000000e+03
2.150000000000000000e+03
1.110000000000000000e+03
2.363000000000000000e+03
1.735000000000000000e+03
2.171000000000000000e+03
1.194000000000000000e+03
1.305000000000000000e+03
2.118000000000000000e+03
1.010000000000000000e+03
1.005000000000000000e+03
1.810000000000000000e+03
1.155000000000000000e+03
9.380000000000000000e+02
1.797000000000000000e+03
6.280000000000000000e+02
6.210000000000000000e+02
1.154000000000000000e+03
8.560000000000000000e+02
5.410000000000000000e+02
1.042000000000000000e+03
9.280000000000000000e+02
4.290000000000000000e+02
5.090000000000000000e+02
4.640000000000000000e+02
5.970000000000000000e+02
3.160000000000000000e+02
6.130000000000000000e+02
4.200000000000000000e+02
3.250000000000000000e+02
5.240000000000000000e+02
6.770000000000000000e+02
3.220000000000000000e+02
3.320000000000000000e+02
2.680000000000000000e+02
7.010000000000000000e+02
1.660000000000000000e+02
2.440000000000000000e+02
2.240000000000000000e+02
1.630000000000000000e+02
2.920000000000000000e+02
2.640000000000000000e+02
1.090000000000000000e+02
1.110000000000000000e+02
9.300000000000000000e+01
9.400000000000000000e+01
1.930000000000000000e+02
5.700000000000000000e+01
1.340000000000000000e+02
5.300000000000000000e+01
3.200000000000000000e+01
2.500000000000000000e+01
1.470000000000000000e+02
1.700000000000000000e+01
9.000000000000000000e+00
2.200000000000000000e+01
1.030000000000000000e+02
1.700000000000000000e+01
7.000000000000000000e+00
5.100000000000000000e+01
6.000000000000000000e+00
1.000000000000000000e+00
8.000000000000000000e+00
1.300000000000000000e+01
0.000000000000000000e+00
2.000000000000000000e+00
7.800000000000000000e+01
2.000000000000000000e+00
4.000000000000000000e+01
1.000000000000000000e+01
7.000000000000000000e+00
0.000000000000000000e+00
0.000000000000000000e+00
0.000000000000000000e+00
0.000000000000000000e+00
0.000000000000000000e+00
0.000000000000000000e+00
1.000000000000000000e+00
1.220000000000000000e+02
0.000000000000000000e+00
0.000000000000000000e+00
1.000000000000000000e+00
0.000000000000000000e+00
0.000000000000000000e+00
0.000000000000000000e+00
1.000000000000000000e+00
4.000000000000000000e+00
4.000000000000000000e+00
0.000000000000000000e+00
1.900000000000000000e+01
0.000000000000000000e+00
0.000000000000000000e+00
6.000000000000000000e+01
0.000000000000000000e+00
0.000000000000000000e+00
0.000000000000000000e+00
3.000000000000000000e+00
0.000000000000000000e+00
0.000000000000000000e+00
1.000000000000000000e+00
0.000000000000000000e+00
0.000000000000000000e+00
0.000000000000000000e+00
2.000000000000000000e+01
0.000000000000000000e+00
0.000000000000000000e+00
1.000000000000000000e+00
4.000000000000000000e+00
0.000000000000000000e+00
2.600000000000000000e+01
0.000000000000000000e+00
0.000000000000000000e+00
3.000000000000000000e+00
0.000000000000000000e+00
0.000000000000000000e+00
1.000000000000000000e+00
0.000000000000000000e+00
0.000000000000000000e+00
0.000000000000000000e+00
0.000000000000000000e+00
1.800000000000000000e+01
0.000000000000000000e+00
0.000000000000000000e+00
0.000000000000000000e+00
0.000000000000000000e+00
0.000000000000000000e+00
0.000000000000000000e+00
0.000000000000000000e+00
0.000000000000000000e+00
0.000000000000000000e+00
0.000000000000000000e+00
0.000000000000000000e+00
1.400000000000000000e+01
0.000000000000000000e+00
0.000000000000000000e+00
1.000000000000000000e+00
0.000000000000000000e+00
0.000000000000000000e+00
0.000000000000000000e+00
0.000000000000000000e+00
0.000000000000000000e+00
1.200000000000000000e+01
0.000000000000000000e+00
0.000000000000000000e+00
0.000000000000000000e+00
0.000000000000000000e+00
0.000000000000000000e+00
0.000000000000000000e+00
2.000000000000000000e+00
0.000000000000000000e+00
0.000000000000000000e+00
0.000000000000000000e+00
0.000000000000000000e+00
0.000000000000000000e+00
2.000000000000000000e+00
0.000000000000000000e+00
0.000000000000000000e+00
0.000000000000000000e+00
0.000000000000000000e+00
0.000000000000000000e+00
0.000000000000000000e+00
0.000000000000000000e+00
0.000000000000000000e+00
1.200000000000000000e+01
0.000000000000000000e+00
0.000000000000000000e+00
0.000000000000000000e+00
0.000000000000000000e+00
0.000000000000000000e+00
2.000000000000000000e+00
0.000000000000000000e+00
0.000000000000000000e+00
0.000000000000000000e+00
1.000000000000000000e+00
0.000000000000000000e+00
0.000000000000000000e+00
0.000000000000000000e+00
1.000000000000000000e+00
0.000000000000000000e+00
0.000000000000000000e+00
0.000000000000000000e+00
0.000000000000000000e+00
0.000000000000000000e+00
0.000000000000000000e+00
0.000000000000000000e+00
0.000000000000000000e+00
0.000000000000000000e+00
0.000000000000000000e+00
0.000000000000000000e+00
0.000000000000000000e+00
0.000000000000000000e+00
0.000000000000000000e+00
0.000000000000000000e+00
0.000000000000000000e+00
0.000000000000000000e+00
0.000000000000000000e+00
0.000000000000000000e+00
0.000000000000000000e+00
0.000000000000000000e+00
0.000000000000000000e+00
0.000000000000000000e+00
0.000000000000000000e+00
0.000000000000000000e+00
0.000000000000000000e+00
0.000000000000000000e+00
1.400000000000000000e+01
2.000000000000000000e+00
2.000000000000000000e+00
3.000000000000000000e+00
7.000000000000000000e+00
7.000000000000000000e+00
1.500000000000000000e+01
3.700000000000000000e+01
4.100000000000000000e+01
6.400000000000000000e+01
1.270000000000000000e+02
1.550000000000000000e+02
2.050000000000000000e+02
2.580000000000000000e+02
3.680000000000000000e+02
4.910000000000000000e+02
7.260000000000000000e+02
1.108000000000000000e+03
1.404000000000000000e+03
1.663000000000000000e+03
1.870000000000000000e+03
2.212000000000000000e+03
2.433000000000000000e+03
2.349000000000000000e+03
1.955000000000000000e+03
1.637000000000000000e+03
1.350000000000000000e+03
1.179000000000000000e+03
1.152000000000000000e+03
1.154000000000000000e+03
1.127000000000000000e+03
1.306000000000000000e+03
1.304000000000000000e+03
1.292000000000000000e+03
1.318000000000000000e+03
1.335000000000000000e+03
1.210000000000000000e+03
1.059000000000000000e+03
9.210000000000000000e+02
7.710000000000000000e+02
6.690000000000000000e+02
6.310000000000000000e+02
5.950000000000000000e+02
5.280000000000000000e+02
5.690000000000000000e+02
5.410000000000000000e+02
4.960000000000000000e+02
4.870000000000000000e+02
4.810000000000000000e+02
4.680000000000000000e+02
5.080000000000000000e+02
4.870000000000000000e+02
4.900000000000000000e+02
4.470000000000000000e+02
4.530000000000000000e+02
4.360000000000000000e+02
4.840000000000000000e+02
4.530000000000000000e+02
4.650000000000000000e+02
4.980000000000000000e+02
4.880000000000000000e+02
4.490000000000000000e+02
4.360000000000000000e+02
4.580000000000000000e+02
4.370000000000000000e+02
4.840000000000000000e+02
4.160000000000000000e+02
4.180000000000000000e+02
3.580000000000000000e+02
4.320000000000000000e+02
4.380000000000000000e+02
4.330000000000000000e+02
4.560000000000000000e+02
4.610000000000000000e+02
4.560000000000000000e+02
4.400000000000000000e+02
4.470000000000000000e+02
3.910000000000000000e+02
4.260000000000000000e+02
4.360000000000000000e+02
4.850000000000000000e+02
4.440000000000000000e+02
4.560000000000000000e+02
4.800000000000000000e+02
5.060000000000000000e+02
5.750000000000000000e+02
5.210000000000000000e+02
5.740000000000000000e+02
5.810000000000000000e+02
5.660000000000000000e+02
5.640000000000000000e+02
5.710000000000000000e+02
6.190000000000000000e+02
6.230000000000000000e+02
6.200000000000000000e+02
6.700000000000000000e+02
6.360000000000000000e+02
7.170000000000000000e+02
7.380000000000000000e+02
8.170000000000000000e+02
7.900000000000000000e+02
8.010000000000000000e+02
7.440000000000000000e+02
7.930000000000000000e+02
7.630000000000000000e+02
8.560000000000000000e+02
8.360000000000000000e+02
9.190000000000000000e+02
8.880000000000000000e+02
9.470000000000000000e+02
9.950000000000000000e+02
1.031000000000000000e+03
1.081000000000000000e+03
1.138000000000000000e+03
1.055000000000000000e+03
1.167000000000000000e+03
1.217000000000000000e+03
1.364000000000000000e+03
1.405000000000000000e+03
1.330000000000000000e+03
1.230000000000000000e+03
1.287000000000000000e+03
1.241000000000000000e+03
1.277000000000000000e+03
1.295000000000000000e+03
1.153000000000000000e+03
1.128000000000000000e+03
1.135000000000000000e+03
1.194000000000000000e+03
1.263000000000000000e+03
1.213000000000000000e+03
1.245000000000000000e+03
1.135000000000000000e+03
1.300000000000000000e+03
1.371000000000000000e+03
1.410000000000000000e+03
1.128000000000000000e+03
1.167000000000000000e+03
1.157000000000000000e+03
1.174000000000000000e+03
1.160000000000000000e+03
1.116000000000000000e+03
1.136000000000000000e+03
1.177000000000000000e+03
1.188000000000000000e+03
1.191000000000000000e+03
1.256000000000000000e+03
1.212000000000000000e+03
1.354000000000000000e+03
1.428000000000000000e+03
1.517000000000000000e+03
1.533000000000000000e+03
1.547000000000000000e+03
1.533000000000000000e+03
1.561000000000000000e+03
1.548000000000000000e+03
1.636000000000000000e+03
1.447000000000000000e+03
1.385000000000000000e+03
1.390000000000000000e+03
1.297000000000000000e+03
1.208000000000000000e+03
1.135000000000000000e+03
1.221000000000000000e+03
1.135000000000000000e+03
1.129000000000000000e+03
1.128000000000000000e+03
1.042000000000000000e+03
9.560000000000000000e+02
9.660000000000000000e+02
8.600000000000000000e+02
9.100000000000000000e+02
7.600000000000000000e+02
7.260000000000000000e+02
7.960000000000000000e+02
7.640000000000000000e+02
7.180000000000000000e+02
7.480000000000000000e+02
7.020000000000000000e+02
7.420000000000000000e+02
7.850000000000000000e+02
7.970000000000000000e+02
8.370000000000000000e+02
8.230000000000000000e+02
8.140000000000000000e+02
7.950000000000000000e+02
7.480000000000000000e+02
7.240000000000000000e+02
6.780000000000000000e+02
6.540000000000000000e+02
6.830000000000000000e+02
7.090000000000000000e+02
6.380000000000000000e+02
5.910000000000000000e+02
6.180000000000000000e+02
5.930000000000000000e+02
7.000000000000000000e+02
7.660000000000000000e+02
7.360000000000000000e+02
7.920000000000000000e+02
7.500000000000000000e+02
7.450000000000000000e+02
6.620000000000000000e+02
6.120000000000000000e+02
6.800000000000000000e+02
7.520000000000000000e+02
8.270000000000000000e+02
9.450000000000000000e+02
1.091000000000000000e+03
1.505000000000000000e+03
1.432000000000000000e+03
1.473000000000000000e+03
1.262000000000000000e+03
1.296000000000000000e+03
1.224000000000000000e+03
1.421000000000000000e+03
1.336000000000000000e+03
1.346000000000000000e+03
1.432000000000000000e+03
1.521000000000000000e+03
1.527000000000000000e+03
1.657000000000000000e+03
1.850000000000000000e+03
1.930000000000000000e+03
2.192000000000000000e+03
2.169000000000000000e+03
1.992000000000000000e+03
1.891000000000000000e+03
2.045000000000000000e+03
2.363000000000000000e+03
1.925000000000000000e+03
1.907000000000000000e+03
2.212000000000000000e+03
1.950000000000000000e+03
1.799000000000000000e+03
2.057000000000000000e+03
2.545000000000000000e+03
2.290000000000000000e+03
1.984000000000000000e+03
1.587000000000000000e+03
1.711000000000000000e+03
1.440000000000000000e+03
1.142000000000000000e+03
8.870000000000000000e+02
3.010000000000000000e+02
7.000000000000000000e+01
3.700000000000000000e+01
3.100000000000000000e+01
3.700000000000000000e+01
3.800000000000000000e+01
3.300000000000000000e+01
3.800000000000000000e+01
3.200000000000000000e+01
3.600000000000000000e+01
5.500000000000000000e+01
6.100000000000000000e+01
1.790000000000000000e+02
