1.536000000000000000e+03
1.645000000000000000e+03
2.146000000000000000e+03
2.802000000000000000e+03
2.827000000000000000e+03
2.245000000000000000e+03
1.953000000000000000e+03
1.718000000000000000e+03
1.501000000000000000e+03
1.440000000000000000e+03
1.243000000000000000e+03
1.038000000000000000e+03
1.021000000000000000e+03
9.890000000000000000e+02
9.170000000000000000e+02
9.150000000000000000e+02
8.710000000000000000e+02
7.990000000000000000e+02
7.700000000000000000e+02
7.340000000000000000e+02
7.650000000000000000e+02
7.710000000000000000e+02
7.150000000000000000e+02
6.940000000000000000e+02
6.700000000000000000e+02
6.580000000000000000e+02
6.290000000000000000e+02
6.860000000000000000e+02
5.660000000000000000e+02
5.480000000000000000e+02
5.370000000000000000e+02
5.100000000000000000e+02
4.500000000000000000e+02
4.880000000000000000e+02
5.180000000000000000e+02
5.300000000000000000e+02
5.510000000000000000e+02
5.280000000000000000e+02
5.430000000000000000e+02
5.560000000000000000e+02
5.590000000000000000e+02
6.260000000000000000e+02
6.420000000000000000e+02
5.710000000000000000e+02
6.020000000000000000e+02
7.050000000000000000e+02
7.060000000000000000e+02
6.930000000000000000e+02
7.340000000000000000e+02
7.700000000000000000e+02
8.170000000000000000e+02
8.350000000000000000e+02
7.860000000000000000e+02
7.950000000000000000e+02
9.510000000000000000e+02
8.580000000000000000e+02
9.430000000000000000e+02
1.008000000000000000e+03
1.089000000000000000e+03
1.227000000000000000e+03
1.251000000000000000e+03
1.208000000000000000e+03
1.281000000000000000e+03
1.372000000000000000e+03
1.464000000000000000e+03
1.429000000000000000e+03
1.561000000000000000e+03
1.595000000000000000e+03
1.533000000000000000e+03
1.597000000000000000e+03
1.641000000000000000e+03
1.769000000000000000e+03
1.847000000000000000e+03
1.937000000000000000e+03
2.031000000000000000e+03
2.123000000000000000e+03
2.008000000000000000e+03
2.078000000000000000e+03
2.109000000000000000e+03
2.034000000000000000e+03
1.931000000000000000e+03
1.908000000000000000e+03
1.796000000000000000e+03
1.672000000000000000e+03
1.527000000000000000e+03
1.366000000000000000e+03
1.281000000000000000e+03
1.162000000000000000e+03
1.087000000000000000e+03
1.076000000000000000e+03
1.024000000000000000e+03
1.026000000000000000e+03
1.013000000000000000e+03
1.020000000000000000e+03
1.044000000000000000e+03
1.099000000000000000e+03
1.041000000000000000e+03
1.017000000000000000e+03
1.062000000000000000e+03
1.026000000000000000e+03
9.270000000000000000e+02
1.038000000000000000e+03
9.330000000000000000e+02
9.690000000000000000e+02
1.036000000000000000e+03
9.710000000000000000e+02
9.750000000000000000e+02
8.500000000000000000e+02
8.850000000000000000e+02
8.720000000000000000e+02
7.140000000000000000e+02
7.290000000000000000e+02
6.210000000000000000e+02
6.380000000000000000e+02
6.950000000000000000e+02
6.190000000000000000e+02
5.710000000000000000e+02
5.610000000000000000e+02
5.470000000000000000e+02
4.920000000000000000e+02
5.740000000000000000e+02
5.400000000000000000e+02
5.080000000000000000e+02
4.470000000000000000e+02
4.950000000000000000e+02
4.480000000000000000e+02
4.000000000000000000e+02
3.690000000000000000e+02
3.800000000000000000e+02
3.630000000000000000e+02
3.500000000000000000e+02
3.590000000000000000e+02
3.450000000000000000e+02
3.430000000000000000e+02
3.620000000000000000e+02
3.380000000000000000e+02
3.550000000000000000e+02
3.610000000000000000e+02
4.140000000000000000e+02
4.310000000000000000e+02
4.530000000000000000e+02
4.400000000000000000e+02
4.200000000000000000e+02
4.230000000000000000e+02
4.480000000000000000e+02
4.410000000000000000e+02
4.460000000000000000e+02
4.410000000000000000e+02
4.550000000000000000e+02
4.590000000000000000e+02
4.680000000000000000e+02
4.110000000000000000e+02
4.810000000000000000e+02
4.750000000000000000e+02
4.850000000000000000e+02
5.340000000000000000e+02
5.010000000000000000e+02
4.620000000000000000e+02
3.960000000000000000e+02
4.210000000000000000e+02
4.350000000000000000e+02
4.310000000000000000e+02
3.960000000000000000e+02
4.000000000000000000e+02
4.380000000000000000e+02
4.530000000000000000e+02
4.670000000000000000e+02
4.440000000000000000e+02
4.070000000000000000e+02
3.760000000000000000e+02
3.640000000000000000e+02
4.260000000000000000e+02
3.580000000000000000e+02
3.690000000000000000e+02
3.610000000000000000e+02
3.270000000000000000e+02
3.370000000000000000e+02
3.280000000000000000e+02
3.110000000000000000e+02
3.230000000000000000e+02
3.120000000000000000e+02
3.130000000000000000e+02
3.200000000000000000e+02
3.010000000000000000e+02
3.510000000000000000e+02
4.170000000000000000e+02
4.740000000000000000e+02
5.660000000000000000e+02
6.620000000000000000e+02
7.430000000000000000e+02
9.950000000000000000e+02
1.110000000000000000e+03
9.700000000000000000e+02
1.180000000000000000e+03
1.029000000000000000e+03
1.457000000000000000e+03
2.095000000000000000e+03
1.912000000000000000e+03
2.083000000000000000e+03
1.786000000000000000e+03
1.848000000000000000e+03
2.061000000000000000e+03
2.337000000000000000e+03
2.212000000000000000e+03
2.386000000000000000e+03
2.163000000000000000e+03
2.371000000000000000e+03
2.047000000000000000e+03
2.114000000000000000e+03
2.603000000000000000e+03
2.737000000000000000e+03
2.445000000000000000e+03
3.309000000000000000e+03
2.837000000000000000e+03
2.782000000000000000e+03
3.135000000000000000e+03
2.812000000000000000e+03
3.390000000000000000e+03
3.531000000000000000e+03
2.799000000000000000e+03
3.560000000000000000e+03
3.072000000000000000e+03
2.852000000000000000e+03
4.550000000000000000e+02
1.800000000000000000e+02
1.290000000000000000e+02
9.800000000000000000e+01
1.000000000000000000e+02
9.600000000000000000e+01
1.050000000000000000e+02
9.200000000000000000e+01
7.000000000000000000e+01
8.600000000000000000e+01
7.400000000000000000e+01
7.400000000000000000e+01
1.000000000000000000e+02
8.000000000000000000e+01
7.600000000000000000e+01
7.900000000000000000e+01
8.000000000000000000e+01
7.100000000000000000e+01
9.600000000000000000e+01
7.200000000000000000e+01
7.500000000000000000e+01
8.200000000000000000e+01
7.100000000000000000e+01
6.100000000000000000e+01
5.700000000000000000e+01
5.900000000000000000e+01
5.200000000000000000e+01
4.400000000000000000e+01
4.700000000000000000e+01
5.100000000000000000e+01
2.600000000000000000e+01
3.000000000000000000e+01
3.100000000000000000e+01
1.296000000000000000e+03
1.553000000000000000e+03
1.973000000000000000e+03
2.516000000000000000e+03
2.419000000000000000e+03
1.602000000000000000e+03
1.218000000000000000e+03
9.330000000000000000e+02
8.710000000000000000e+02
8.550000000000000000e+02
7.490000000000000000e+02
6.800000000000000000e+02
7.130000000000000000e+02
6.180000000000000000e+02
5.990000000000000000e+02
5.340000000000000000e+02
5.180000000000000000e+02
5.400000000000000000e+02
5.400000000000000000e+02
4.900000000000000000e+02
5.310000000000000000e+02
4.770000000000000000e+02
4.610000000000000000e+02
4.730000000000000000e+02
4.360000000000000000e+02
4.970000000000000000e+02
4.890000000000000000e+02
4.610000000000000000e+02
4.930000000000000000e+02
4.910000000000000000e+02
5.050000000000000000e+02
5.190000000000000000e+02
4.540000000000000000e+02
5.030000000000000000e+02
5.020000000000000000e+02
4.810000000000000000e+02
4.970000000000000000e+02
5.010000000000000000e+02
5.370000000000000000e+02
5.230000000000000000e+02
5.550000000000000000e+02
5.120000000000000000e+02
4.980000000000000000e+02
5.230000000000000000e+02
5.390000000000000000e+02
5.970000000000000000e+02
6.400000000000000000e+02
6.730000000000000000e+02
7.020000000000000000e+02
7.710000000000000000e+02
8.960000000000000000e+02
1.048000000000000000e+03
1.217000000000000000e+03
1.408000000000000000e+03
1.503000000000000000e+03
1.498000000000000000e+03
1.447000000000000000e+03
1.495000000000000000e+03
1.469000000000000000e+03
1.593000000000000000e+03
1.448000000000000000e+03
1.496000000000000000e+03
1.541000000000000000e+03
1.538000000000000000e+03
1.532000000000000000e+03
1.638000000000000000e+03
1.699000000000000000e+03
1.631000000000000000e+03
1.647000000000000000e+03
1.693000000000000000e+03
1.787000000000000000e+03
1.896000000000000000e+03
1.970000000000000000e+03
2.037000000000000000e+03
2.139000000000000000e+03
2.034000000000000000e+03
2.134000000000000000e+03
2.167000000000000000e+03
2.133000000000000000e+03
2.006000000000000000e+03
1.993000000000000000e+03
1.932000000000000000e+03
1.727000000000000000e+03
1.551000000000000000e+03
1.380000000000000000e+03
1.310000000000000000e+03
1.270000000000000000e+03
1.149000000000000000e+03
1.105000000000000000e+03
1.034000000000000000e+03
1.057000000000000000e+03
1.017000000000000000e+03
1.015000000000000000e+03
1.132000000000000000e+03
1.136000000000000000e+03
1.110000000000000000e+03
1.056000000000000000e+03
1.112000000000000000e+03
1.078000000000000000e+03
9.200000000000000000e+02
9.680000000000000000e+02
8.930000000000000000e+02
9.010000000000000000e+02
9.480000000000000000e+02
9.530000000000000000e+02
8.580000000000000000e+02
8.130000000000000000e+02
7.180000000000000000e+02
7.130000000000000000e+02
6.380000000000000000e+02
6.130000000000000000e+02
5.680000000000000000e+02
5.460000000000000000e+02
5.680000000000000000e+02
6.200000000000000000e+02
5.870000000000000000e+02
5.380000000000000000e+02
5.300000000000000000e+02
5.970000000000000000e+02
5.910000000000000000e+02
5.640000000000000000e+02
6.550000000000000000e+02
6.820000000000000000e+02
6.270000000000000000e+02
6.280000000000000000e+02
5.510000000000000000e+02
5.940000000000000000e+02
5.420000000000000000e+02
4.930000000000000000e+02
4.920000000000000000e+02
4.620000000000000000e+02
4.790000000000000000e+02
4.050000000000000000e+02
3.880000000000000000e+02
3.790000000000000000e+02
3.300000000000000000e+02
3.780000000000000000e+02
3.610000000000000000e+02
3.330000000000000000e+02
3.670000000000000000e+02
3.720000000000000000e+02
3.900000000000000000e+02
3.670000000000000000e+02
3.370000000000000000e+02
3.610000000000000000e+02
3.130000000000000000e+02
3.350000000000000000e+02
3.350000000000000000e+02
3.160000000000000000e+02
3.230000000000000000e+02
3.430000000000000000e+02
3.810000000000000000e+02
3.870000000000000000e+02
3.980000000000000000e+02
4.170000000000000000e+02
4.730000000000000000e+02
4.930000000000000000e+02
5.500000000000000000e+02
5.560000000000000000e+02
5.360000000000000000e+02
4.880000000000000000e+02
4.600000000000000000e+02
5.390000000000000000e+02
5.840000000000000000e+02
6.240000000000000000e+02
6.020000000000000000e+02
5.600000000000000000e+02
5.620000000000000000e+02
5.870000000000000000e+02
5.500000000000000000e+02
4.470000000000000000e+02
5.090000000000000000e+02
4.940000000000000000e+02
4.230000000000000000e+02
4.600000000000000000e+02
4.330000000000000000e+02
4.240000000000000000e+02
3.650000000000000000e+02
3.380000000000000000e+02
3.740000000000000000e+02
3.460000000000000000e+02
3.740000000000000000e+02
3.780000000000000000e+02
3.670000000000000000e+02
3.240000000000000000e+02
3.440000000000000000e+02
3.610000000000000000e+02
3.760000000000000000e+02
4.570000000000000000e+02
4.320000000000000000e+02
5.710000000000000000e+02
6.230000000000000000e+02
8.420000000000000000e+02
9.000000000000000000e+02
9.820000000000000000e+02
1.098000000000000000e+03
1.208000000000000000e+03
1.222000000000000000e+03
1.332000000000000000e+03
1.488000000000000000e+03
1.895000000000000000e+03
2.580000000000000000e+03
2.380000000000000000e+03
2.708000000000000000e+03
2.523000000000000000e+03
2.244000000000000000e+03
2.684000000000000000e+03
2.324000000000000000e+03
2.353000000000000000e+03
2.724000000000000000e+03
2.440000000000000000e+03
2.579000000000000000e+03
2.771000000000000000e+03
2.749000000000000000e+03
3.635000000000000000e+03
2.738000000000000000e+03
2.674000000000000000e+03
2.559000000000000000e+03
3.076000000000000000e+03
3.671000000000000000e+03
3.371000000000000000e+03
2.925000000000000000e+03
2.186000000000000000e+03
2.919000000000000000e+03
2.784000000000000000e+03
1.788000000000000000e+03
4.130000000000000000e+02
1.820000000000000000e+02
1.560000000000000000e+02
1.400000000000000000e+02
1.280000000000000000e+02
1.140000000000000000e+02
1.050000000000000000e+02
8.800000000000000000e+01
1.010000000000000000e+02
1.130000000000000000e+02
8.400000000000000000e+01
8.900000000000000000e+01
1.210000000000000000e+02
1.170000000000000000e+02
7.800000000000000000e+01
9.700000000000000000e+01
8.000000000000000000e+01
7.400000000000000000e+01
8.000000000000000000e+01
8.100000000000000000e+01
7.100000000000000000e+01
8.100000000000000000e+01
6.900000000000000000e+01
7.600000000000000000e+01
6.700000000000000000e+01
7.000000000000000000e+01
6.500000000000000000e+01
7.000000000000000000e+01
6.400000000000000000e+01
6.200000000000000000e+01
9.040000000000000000e+02
9.600000000000000000e+02
1.505000000000000000e+03
2.108000000000000000e+03
2.151000000000000000e+03
1.427000000000000000e+03
1.153000000000000000e+03
9.110000000000000000e+02
8.010000000000000000e+02
7.170000000000000000e+02
6.040000000000000000e+02
5.470000000000000000e+02
5.380000000000000000e+02
4.770000000000000000e+02
4.770000000000000000e+02
5.060000000000000000e+02
5.440000000000000000e+02
4.950000000000000000e+02
5.070000000000000000e+02
5.190000000000000000e+02
4.900000000000000000e+02
4.720000000000000000e+02
4.760000000000000000e+02
4.720000000000000000e+02
4.420000000000000000e+02
4.900000000000000000e+02
4.510000000000000000e+02
4.300000000000000000e+02
4.810000000000000000e+02
4.300000000000000000e+02
4.440000000000000000e+02
4.190000000000000000e+02
4.200000000000000000e+02
4.000000000000000000e+02
3.530000000000000000e+02
3.880000000000000000e+02
4.440000000000000000e+02
3.540000000000000000e+02
4.270000000000000000e+02
4.050000000000000000e+02
3.530000000000000000e+02
4.330000000000000000e+02
4.310000000000000000e+02
3.360000000000000000e+02
3.960000000000000000e+02
3.970000000000000000e+02
4.110000000000000000e+02
3.900000000000000000e+02
4.040000000000000000e+02
4.320000000000000000e+02
4.230000000000000000e+02
4.390000000000000000e+02
4.280000000000000000e+02
4.550000000000000000e+02
4.300000000000000000e+02
5.730000000000000000e+02
6.150000000000000000e+02
6.510000000000000000e+02
6.820000000000000000e+02
7.150000000000000000e+02
7.770000000000000000e+02
9.620000000000000000e+02
1.018000000000000000e+03
1.127000000000000000e+03
1.194000000000000000e+03
1.172000000000000000e+03
1.332000000000000000e+03
1.464000000000000000e+03
1.487000000000000000e+03
1.416000000000000000e+03
1.516000000000000000e+03
1.540000000000000000e+03
1.562000000000000000e+03
1.590000000000000000e+03
1.674000000000000000e+03
1.693000000000000000e+03
1.797000000000000000e+03
1.935000000000000000e+03
1.987000000000000000e+03
2.102000000000000000e+03
1.939000000000000000e+03
2.045000000000000000e+03
2.090000000000000000e+03
2.009000000000000000e+03
1.921000000000000000e+03
1.903000000000000000e+03
1.777000000000000000e+03
1.730000000000000000e+03
1.513000000000000000e+03
1.396000000000000000e+03
1.286000000000000000e+03
1.179000000000000000e+03
1.096000000000000000e+03
1.038000000000000000e+03
9.550000000000000000e+02
9.730000000000000000e+02
1.016000000000000000e+03
1.039000000000000000e+03
1.065000000000000000e+03
1.083000000000000000e+03
1.136000000000000000e+03
1.102000000000000000e+03
1.245000000000000000e+03
1.199000000000000000e+03
1.360000000000000000e+03
1.364000000000000000e+03
1.341000000000000000e+03
1.247000000000000000e+03
1.190000000000000000e+03
1.106000000000000000e+03
1.034000000000000000e+03
9.590000000000000000e+02
9.170000000000000000e+02
8.590000000000000000e+02
8.950000000000000000e+02
8.370000000000000000e+02
7.870000000000000000e+02
7.710000000000000000e+02
6.810000000000000000e+02
6.090000000000000000e+02
5.250000000000000000e+02
4.540000000000000000e+02
4.460000000000000000e+02
4.960000000000000000e+02
4.940000000000000000e+02
5.310000000000000000e+02
5.300000000000000000e+02
5.360000000000000000e+02
4.900000000000000000e+02
5.070000000000000000e+02
4.640000000000000000e+02
4.950000000000000000e+02
4.850000000000000000e+02
5.490000000000000000e+02
5.390000000000000000e+02
4.790000000000000000e+02
5.030000000000000000e+02
5.160000000000000000e+02
4.930000000000000000e+02
4.940000000000000000e+02
4.620000000000000000e+02
4.460000000000000000e+02
4.420000000000000000e+02
4.140000000000000000e+02
4.430000000000000000e+02
4.180000000000000000e+02
4.550000000000000000e+02
3.810000000000000000e+02
3.720000000000000000e+02
4.170000000000000000e+02
4.530000000000000000e+02
4.870000000000000000e+02
5.150000000000000000e+02
4.750000000000000000e+02
5.080000000000000000e+02
4.920000000000000000e+02
5.350000000000000000e+02
5.120000000000000000e+02
4.660000000000000000e+02
4.770000000000000000e+02
4.360000000000000000e+02
4.580000000000000000e+02
4.010000000000000000e+02
4.230000000000000000e+02
3.740000000000000000e+02
3.940000000000000000e+02
4.010000000000000000e+02
3.340000000000000000e+02
3.520000000000000000e+02
3.500000000000000000e+02
3.600000000000000000e+02
3.580000000000000000e+02
3.800000000000000000e+02
4.290000000000000000e+02
4.290000000000000000e+02
4.280000000000000000e+02
5.190000000000000000e+02
4.890000000000000000e+02
5.120000000000000000e+02
5.410000000000000000e+02
5.160000000000000000e+02
4.880000000000000000e+02
4.710000000000000000e+02
4.710000000000000000e+02
4.500000000000000000e+02
4.580000000000000000e+02
4.330000000000000000e+02
4.750000000000000000e+02
5.280000000000000000e+02
5.450000000000000000e+02
5.360000000000000000e+02
4.820000000000000000e+02
4.550000000000000000e+02
4.890000000000000000e+02
4.830000000000000000e+02
4.560000000000000000e+02
5.170000000000000000e+02
5.650000000000000000e+02
5.520000000000000000e+02
5.690000000000000000e+02
5.640000000000000000e+02
6.450000000000000000e+02
5.100000000000000000e+02
6.690000000000000000e+02
7.240000000000000000e+02
8.950000000000000000e+02
8.990000000000000000e+02
1.078000000000000000e+03
1.257000000000000000e+03
1.397000000000000000e+03
1.690000000000000000e+03
1.801000000000000000e+03
1.994000000000000000e+03
1.885000000000000000e+03
2.071000000000000000e+03
1.989000000000000000e+03
2.490000000000000000e+03
2.106000000000000000e+03
2.161000000000000000e+03
2.503000000000000000e+03
2.901000000000000000e+03
3.402000000000000000e+03
3.401000000000000000e+03
2.920000000000000000e+03
3.252000000000000000e+03
3.369000000000000000e+03
3.907000000000000000e+03
3.155000000000000000e+03
3.826000000000000000e+03
3.471000000000000000e+03
3.354000000000000000e+03
3.441000000000000000e+03
4.584000000000000000e+03
3.289000000000000000e+03
2.592000000000000000e+03
1.588000000000000000e+03
1.674000000000000000e+03
5.310000000000000000e+02
2.850000000000000000e+02
2.590000000000000000e+02
2.490000000000000000e+02
2.210000000000000000e+02
1.970000000000000000e+02
1.740000000000000000e+02
2.060000000000000000e+02
1.890000000000000000e+02
1.570000000000000000e+02
1.610000000000000000e+02
1.620000000000000000e+02
1.560000000000000000e+02
1.180000000000000000e+02
1.240000000000000000e+02
1.200000000000000000e+02
1.410000000000000000e+02
1.030000000000000000e+02
5.200000000000000000e+02
1.294000000000000000e+04
0.000000000000000000e+00
0.000000000000000000e+00
9.000000000000000000e+00
0.000000000000000000e+00
6.000000000000000000e+00
2.360000000000000000e+02
0.000000000000000000e+00
2.000000000000000000e+00
0.000000000000000000e+00
0.000000000000000000e+00
7.400000000000000000e+01
0.000000000000000000e+00
1.080000000000000000e+02
0.000000000000000000e+00
2.900000000000000000e+01
0.000000000000000000e+00
0.000000000000000000e+00
0.000000000000000000e+00
1.600000000000000000e+01
3.660000000000000000e+02
1.000000000000000000e+00
0.000000000000000000e+00
0.000000000000000000e+00
7.700000000000000000e+01
2.200000000000000000e+01
0.000000000000000000e+00
0.000000000000000000e+00
0.000000000000000000e+00
0.000000000000000000e+00
9.770000000000000000e+02
0.000000000000000000e+00
0.000000000000000000e+00
0.000000000000000000e+00
2.000000000000000000e+00
1.900000000000000000e+01
8.500000000000000000e+01
0.000000000000000000e+00
3.000000000000000000e+00
0.000000000000000000e+00
4.000000000000000000e+00
0.000000000000000000e+00
6.800000000000000000e+01
9.000000000000000000e+00
0.000000000000000000e+00
4.000000000000000000e+00
0.000000000000000000e+00
0.000000000000000000e+00
0.000000000000000000e+00
0.000000000000000000e+00
1.060000000000000000e+02
6.000000000000000000e+00
0.000000000000000000e+00
0.000000000000000000e+00
0.000000000000000000e+00
1.000000000000000000e+01
1.000000000000000000e+00
0.000000000000000000e+00
0.000000000000000000e+00
0.000000000000000000e+00
3.800000000000000000e+01
0.000000000000000000e+00
0.000000000000000000e+00
0.000000000000000000e+00
0.000000000000000000e+00
0.000000000000000000e+00
2.700000000000000000e+01
0.000000000000000000e+00
0.000000000000000000e+00
0.000000000000000000e+00
4.000000000000000000e+00
0.000000000000000000e+00
0.000000000000000000e+00
0.000000000000000000e+00
0.000000000000000000e+00
2.710000000000000000e+02
0.000000000000000000e+00
0.000000000000000000e+00
0.000000000000000000e+00
0.000000000000000000e+00
1.200000000000000000e+01
0.000000000000000000e+00
0.000000000000000000e+00
8.700000000000000000e+01
0.000000000000000000e+00
0.000000000000000000e+00
0.000000000000000000e+00
5.000000000000000000e+00
0.000000000000000000e+00
0.000000000000000000e+00
7.900000000000000000e+01
0.000000000000000000e+00
2.000000000000000000e+00
1.100000000000000000e+01
6.000000000000000000e+00
2.700000000000000000e+01
1.940000000000000000e+02
7.000000000000000000e+00
9.400000000000000000e+01
4.800000000000000000e+01
5.700000000000000000e+01
2.960000000000000000e+02
2.120000000000000000e+02
9.240000000000000000e+02
1.558000000000000000e+03
4.638000000000000000e+03
6.881000000000000000e+03
6.426000000000000000e+03
7.160000000000000000e+03
8.291000000000000000e+03
6.794000000000000000e+03
7.113000000000000000e+03
7.512000000000000000e+03
1.337000000000000000e+04
8.462000000000000000e+03
4.617000000000000000e+03
2.812000000000000000e+04
1.685000000000000000e+03
2.261000000000000000e+03
1.164000000000000000e+03
4.155400000000000000e+04
4.000000000000000000e+00
2.132000000000000000e+03
4.200000000000000000e+01
1.670000000000000000e+03
6.589000000000000000e+03
4.896400000000000000e+04
1.100000000000000000e+01
9.100000000000000000e+01
9.000000000000000000e+00
2.210000000000000000e+02
2.000000000000000000e+00
7.980000000000000000e+02
6.000000000000000000e+02
6.000000000000000000e+00
2.500000000000000000e+01
1.000000000000000000e+00
0.000000000000000000e+00
4.200000000000000000e+01
2.000000000000000000e+00
9.360000000000000000e+02
1.040000000000000000e+02
6.000000000000000000e+00
4.000000000000000000e+00
2.000000000000000000e+00
1.240000000000000000e+02
2.000000000000000000e+01
2.000000000000000000e+00
3.000000000000000000e+00
1.000000000000000000e+00
3.800000000000000000e+01
0.000000000000000000e+00
6.000000000000000000e+00
8.000000000000000000e+00
0.000000000000000000e+00
1.000000000000000000e+00
1.790000000000000000e+02
1.000000000000000000e+00
2.000000000000000000e+00
2.000000000000000000e+00
3.600000000000000000e+01
0.000000000000000000e+00
0.000000000000000000e+00
3.000000000000000000e+00
6.000000000000000000e+00
1.571000000000000000e+03
1.000000000000000000e+00
0.000000000000000000e+00
0.000000000000000000e+00
4.000000000000000000e+00
1.450000000000000000e+02
0.000000000000000000e+00
0.000000000000000000e+00
3.720000000000000000e+02
3.000000000000000000e+00
3.000000000000000000e+00
0.000000000000000000e+00
2.100000000000000000e+01
0.000000000000000000e+00
0.000000000000000000e+00
1.281900000000000000e+04
3.300000000000000000e+01
8.860000000000000000e+02
1.562000000000000000e+03
1.332000000000000000e+03
2.074000000000000000e+03
1.595000000000000000e+03
1.745000000000000000e+03
1.376000000000000000e+03
1.416000000000000000e+03
1.407000000000000000e+03
1.113900000000000000e+04
1.627900000000000000e+04
1.306400000000000000e+04
9.160000000000000000e+03
1.598600000000000000e+04
1.699200000000000000e+04
1.179500000000000000e+04
1.070800000000000000e+04
4.686000000000000000e+03
5.363000000000000000e+03
2.770000000000000000e+03
2.565000000000000000e+03
3.934000000000000000e+03
2.112000000000000000e+03
1.974000000000000000e+03
2.208000000000000000e+03
2.201000000000000000e+03
2.757000000000000000e+03
2.670000000000000000e+03
1.796000000000000000e+03
1.029000000000000000e+03
1.232000000000000000e+03
1.224000000000000000e+03
1.148000000000000000e+03
8.860000000000000000e+02
9.910000000000000000e+02
5.420000000000000000e+02
7.760000000000000000e+02
9.680000000000000000e+02
7.240000000000000000e+02
7.520000000000000000e+02
6.460000000000000000e+02
9.670000000000000000e+02
7.780000000000000000e+02
6.740000000000000000e+02
1.046000000000000000e+03
6.290000000000000000e+02
6.180000000000000000e+02
8.410000000000000000e+02
6.320000000000000000e+02
9.390000000000000000e+02
6.090000000000000000e+02
7.720000000000000000e+02
6.620000000000000000e+02
8.370000000000000000e+02
5.640000000000000000e+02
8.900000000000000000e+02
6.220000000000000000e+02
6.540000000000000000e+02
5.880000000000000000e+02
7.160000000000000000e+02
6.600000000000000000e+02
6.750000000000000000e+02
1.140000000000000000e+03
7.820000000000000000e+02
7.520000000000000000e+02
7.650000000000000000e+02
5.870000000000000000e+02
5.950000000000000000e+02
6.140000000000000000e+02
6.670000000000000000e+02
6.080000000000000000e+02
9.450000000000000000e+02
5.700000000000000000e+02
6.760000000000000000e+02
5.620000000000000000e+02
6.270000000000000000e+02
5.730000000000000000e+02
4.890000000000000000e+02
5.330000000000000000e+02
5.120000000000000000e+02
4.380000000000000000e+02
3.860000000000000000e+02
3.100000000000000000e+02
1.009000000000000000e+03
2.800000000000000000e+02
3.270000000000000000e+02
3.100000000000000000e+02
3.260000000000000000e+02
3.110000000000000000e+02
3.860000000000000000e+02
2.590000000000000000e+02
3.020000000000000000e+02
3.150000000000000000e+02
2.300000000000000000e+02
3.610000000000000000e+02
2.380000000000000000e+02
3.310000000000000000e+02
2.280000000000000000e+02
2.530000000000000000e+02
2.320000000000000000e+02
7.690000000000000000e+02
2.230000000000000000e+02
2.090000000000000000e+02
2.380000000000000000e+02
3.140000000000000000e+02
2.120000000000000000e+02
2.160000000000000000e+02
2.970000000000000000e+02
2.380000000000000000e+02
1.940000000000000000e+02
2.030000000000000000e+02
2.070000000000000000e+02
2.230000000000000000e+02
2.090000000000000000e+02
3.280000000000000000e+02
1.820000000000000000e+02
2.380000000000000000e+02
2.070000000000000000e+02
1.710000000000000000e+02
1.790000000000000000e+02
1.840000000000000000e+02
1.360000000000000000e+02
1.940000000000000000e+02
1.390000000000000000e+02
1.130000000000000000e+02
1.630000000000000000e+02
8.610000000000000000e+02
1.290000000000000000e+02
1.460000000000000000e+02
1.560000000000000000e+02
1.300000000000000000e+02
1.520000000000000000e+02
1.490000000000000000e+02
1.500000000000000000e+02
1.450000000000000000e+02
1.450000000000000000e+02
1.430000000000000000e+02
1.520000000000000000e+02
1.250000000000000000e+02
1.190000000000000000e+02
2.480000000000000000e+02
1.700000000000000000e+02
1.320000000000000000e+02
1.460000000000000000e+02
1.500000000000000000e+02
1.690000000000000000e+02
1.370000000000000000e+02
1.280000000000000000e+02
1.300000000000000000e+02
1.360000000000000000e+02
1.240000000000000000e+02
2.340000000000000000e+02
1.110000000000000000e+02
1.330000000000000000e+02
1.760000000000000000e+02
1.410000000000000000e+02
1.540000000000000000e+02
2.910000000000000000e+02
1.360000000000000000e+02
1.570000000000000000e+02
1.910000000000000000e+02
1.180000000000000000e+02
1.670000000000000000e+02
1.500000000000000000e+02
1.620000000000000000e+02
1.820000000000000000e+02
1.230000000000000000e+02
1.360000000000000000e+02
5.940000000000000000e+02
1.620000000000000000e+02
1.250000000000000000e+02
1.830000000000000000e+02
1.500000000000000000e+02
1.280000000000000000e+02
1.520000000000000000e+02
1.470000000000000000e+02
9.400000000000000000e+01
1.410000000000000000e+02
1.100000000000000000e+02
9.900000000000000000e+01
2.600000000000000000e+02
7.800000000000000000e+01
7.500000000000000000e+01
1.440000000000000000e+02
1.320000000000000000e+02
1.050000000000000000e+02
8.700000000000000000e+01
9.400000000000000000e+01
7.600000000000000000e+01
2.030000000000000000e+02
7.300000000000000000e+01
7.500000000000000000e+01
1.440000000000000000e+02
1.210000000000000000e+02
1.520000000000000000e+02
1.580000000000000000e+02
1.760000000000000000e+02
1.180000000000000000e+02
1.710000000000000000e+02
1.410000000000000000e+02
1.920000000000000000e+02
1.310000000000000000e+02
2.130000000000000000e+02
1.040000000000000000e+02
1.480000000000000000e+02
1.350000000000000000e+02
1.560000000000000000e+02
1.660000000000000000e+02
1.700000000000000000e+02
2.620000000000000000e+02
1.100000000000000000e+02
3.710000000000000000e+02
1.510000000000000000e+02
1.820000000000000000e+02
1.520000000000000000e+02
1.870000000000000000e+02
1.670000000000000000e+02
1.860000000000000000e+02
2.480000000000000000e+02
1.960000000000000000e+02
1.920000000000000000e+02
1.700000000000000000e+02
1.810000000000000000e+02
1.540000000000000000e+02
1.620000000000000000e+02
1.620000000000000000e+02
1.510000000000000000e+02
1.980000000000000000e+02
1.660000000000000000e+02
2.290000000000000000e+02
2.740000000000000000e+02
1.650000000000000000e+02
3.120000000000000000e+02
1.480000000000000000e+02
3.890000000000000000e+02
9.000000000000000000e+01
5.500000000000000000e+02
1.390000000000000000e+02
5.150000000000000000e+02
1.450000000000000000e+02
1.830000000000000000e+02
4.460000000000000000e+02
3.600000000000000000e+01
2.170000000000000000e+02
5.600000000000000000e+01
5.100000000000000000e+01
9.700000000000000000e+01
1.100000000000000000e+01
5.300000000000000000e+01
2.000000000000000000e+00
2.100000000000000000e+01
4.000000000000000000e+00
0.000000000000000000e+00
1.392000000000000000e+03
6.100000000000000000e+02
9.230000000000000000e+02
1.518000000000000000e+03
2.087000000000000000e+03
2.214000000000000000e+03
1.474000000000000000e+03
1.175000000000000000e+03
9.100000000000000000e+02
8.220000000000000000e+02
7.520000000000000000e+02
6.260000000000000000e+02
5.750000000000000000e+02
5.510000000000000000e+02
4.760000000000000000e+02
4.880000000000000000e+02
5.130000000000000000e+02
5.440000000000000000e+02
4.900000000000000000e+02
5.150000000000000000e+02
5.230000000000000000e+02
4.940000000000000000e+02
4.710000000000000000e+02
4.760000000000000000e+02
4.680000000000000000e+02
4.430000000000000000e+02
4.890000000000000000e+02
4.540000000000000000e+02
4.360000000000000000e+02
4.810000000000000000e+02
4.320000000000000000e+02
4.440000000000000000e+02
4.270000000000000000e+02
4.080000000000000000e+02
4.130000000000000000e+02
3.460000000000000000e+02
3.830000000000000000e+02
4.430000000000000000e+02
3.580000000000000000e+02
4.280000000000000000e+02
3.970000000000000000e+02
3.570000000000000000e+02
4.320000000000000000e+02
4.420000000000000000e+02
3.390000000000000000e+02
3.980000000000000000e+02
3.970000000000000000e+02
4.000000000000000000e+02
3.940000000000000000e+02
4.030000000000000000e+02
4.300000000000000000e+02
4.190000000000000000e+02
4.440000000000000000e+02
4.220000000000000000e+02
4.580000000000000000e+02
4.330000000000000000e+02
5.600000000000000000e+02
6.010000000000000000e+02
6.440000000000000000e+02
6.780000000000000000e+02
7.170000000000000000e+02
7.800000000000000000e+02
9.600000000000000000e+02
1.021000000000000000e+03
1.113000000000000000e+03
1.208000000000000000e+03
1.178000000000000000e+03
1.323000000000000000e+03
1.468000000000000000e+03
1.491000000000000000e+03
1.412000000000000000e+03
1.517000000000000000e+03
1.532000000000000000e+03
1.555000000000000000e+03
1.612000000000000000e+03
1.660000000000000000e+03
1.715000000000000000e+03
1.809000000000000000e+03
1.922000000000000000e+03
1.979000000000000000e+03
2.098000000000000000e+03
1.953000000000000000e+03
2.051000000000000000e+03
2.087000000000000000e+03
2.019000000000000000e+03
1.914000000000000000e+03
1.910000000000000000e+03
1.770000000000000000e+03
1.729000000000000000e+03
1.514000000000000000e+03
1.401000000000000000e+03
1.281000000000000000e+03
1.192000000000000000e+03
1.094000000000000000e+03
1.043000000000000000e+03
9.460000000000000000e+02
9.720000000000000000e+02
1.013000000000000000e+03
1.034000000000000000e+03
1.048000000000000000e+03
1.104000000000000000e+03
1.134000000000000000e+03
1.107000000000000000e+03
1.248000000000000000e+03
1.198000000000000000e+03
1.353000000000000000e+03
1.362000000000000000e+03
1.344000000000000000e+03
1.247000000000000000e+03
1.196000000000000000e+03
1.109000000000000000e+03
1.032000000000000000e+03
9.680000000000000000e+02
9.100000000000000000e+02
8.490000000000000000e+02
9.010000000000000000e+02
8.330000000000000000e+02
7.870000000000000000e+02
7.780000000000000000e+02
6.870000000000000000e+02
6.070000000000000000e+02
5.260000000000000000e+02
4.550000000000000000e+02
4.410000000000000000e+02
5.020000000000000000e+02
5.010000000000000000e+02
5.360000000000000000e+02
5.290000000000000000e+02
5.270000000000000000e+02
4.990000000000000000e+02
5.050000000000000000e+02
4.620000000000000000e+02
4.860000000000000000e+02
4.860000000000000000e+02
5.580000000000000000e+02
5.320000000000000000e+02
4.840000000000000000e+02
5.000000000000000000e+02
5.190000000000000000e+02
4.950000000000000000e+02
4.990000000000000000e+02
4.520000000000000000e+02
4.480000000000000000e+02
4.480000000000000000e+02
4.170000000000000000e+02
4.490000000000000000e+02
4.220000000000000000e+02
4.490000000000000000e+02
3.790000000000000000e+02
3.740000000000000000e+02
4.240000000000000000e+02
4.530000000000000000e+02
4.820000000000000000e+02
5.180000000000000000e+02
4.790000000000000000e+02
5.070000000000000000e+02
4.910000000000000000e+02
5.340000000000000000e+02
5.090000000000000000e+02
4.690000000000000000e+02
4.780000000000000000e+02
4.360000000000000000e+02
4.560000000000000000e+02
4.010000000000000000e+02
4.220000000000000000e+02
3.740000000000000000e+02
3.920000000000000000e+02
3.990000000000000000e+02
3.350000000000000000e+02
3.590000000000000000e+02
3.480000000000000000e+02
3.610000000000000000e+02
3.550000000000000000e+02
3.810000000000000000e+02
4.260000000000000000e+02
4.350000000000000000e+02
4.250000000000000000e+02
5.200000000000000000e+02
4.890000000000000000e+02
5.090000000000000000e+02
5.390000000000000000e+02
5.100000000000000000e+02
4.900000000000000000e+02
4.650000000000000000e+02
4.780000000000000000e+02
4.500000000000000000e+02
4.550000000000000000e+02
4.380000000000000000e+02
4.730000000000000000e+02
5.310000000000000000e+02
5.430000000000000000e+02
5.320000000000000000e+02
4.840000000000000000e+02
4.530000000000000000e+02
4.890000000000000000e+02
4.860000000000000000e+02
4.540000000000000000e+02
5.120000000000000000e+02
5.570000000000000000e+02
5.560000000000000000e+02
5.680000000000000000e+02
5.660000000000000000e+02
6.410000000000000000e+02
5.190000000000000000e+02
6.680000000000000000e+02
7.220000000000000000e+02
9.000000000000000000e+02
9.010000000000000000e+02
1.084000000000000000e+03
1.264000000000000000e+03
1.398000000000000000e+03
1.691000000000000000e+03
1.802000000000000000e+03
1.991000000000000000e+03
1.880000000000000000e+03
2.071000000000000000e+03
1.985000000000000000e+03
2.491000000000000000e+03
2.110000000000000000e+03
2.163000000000000000e+03
2.505000000000000000e+03
2.902000000000000000e+03
3.400000000000000000e+03
3.401000000000000000e+03
2.922000000000000000e+03
3.243000000000000000e+03
3.374000000000000000e+03
3.904000000000000000e+03
3.156000000000000000e+03
3.831000000000000000e+03
3.473000000000000000e+03
3.349000000000000000e+03
3.438000000000000000e+03
4.582000000000000000e+03
3.288000000000000000e+03
2.597000000000000000e+03
1.588000000000000000e+03
1.676000000000000000e+03
5.300000000000000000e+02
2.880000000000000000e+02
2.560000000000000000e+02
2.510000000000000000e+02
2.260000000000000000e+02
1.920000000000000000e+02
1.780000000000000000e+02
2.070000000000000000e+02
1.920000000000000000e+02
1.560000000000000000e+02
1.550000000000000000e+02
1.670000000000000000e+02
1.530000000000000000e+02
1.220000000000000000e+02
1.220000000000000000e+02
1.150000000000000000e+02
1.400000000000000000e+02
1.100000000000000000e+02
5.310000000000000000e+02
