2.000000000000000000e+00
5.000000000000000000e+00
7.000000000000000000e+00
2.400000000000000000e+01
5.900000000000000000e+01
1.090000000000000000e+02
1.990000000000000000e+02
3.560000000000000000e+02
5.270000000000000000e+02
7.930000000000000000e+02
8.050000000000000000e+02
6.980000000000000000e+02
7.800000000000000000e+02
8.640000000000000000e+02
1.102000000000000000e+03
1.218000000000000000e+03
1.471000000000000000e+03
1.489000000000000000e+03
1.448000000000000000e+03
1.241000000000000000e+03
1.098000000000000000e+03
8.990000000000000000e+02
8.320000000000000000e+02
7.570000000000000000e+02
6.960000000000000000e+02
6.120000000000000000e+02
5.660000000000000000e+02
5.140000000000000000e+02
5.210000000000000000e+02
4.700000000000000000e+02
5.100000000000000000e+02
5.060000000000000000e+02
5.130000000000000000e+02
4.370000000000000000e+02
3.710000000000000000e+02
3.570000000000000000e+02
3.330000000000000000e+02
3.700000000000000000e+02
4.100000000000000000e+02
3.910000000000000000e+02
3.720000000000000000e+02
3.800000000000000000e+02
3.460000000000000000e+02
3.340000000000000000e+02
3.400000000000000000e+02
3.960000000000000000e+02
4.690000000000000000e+02
5.100000000000000000e+02
4.820000000000000000e+02
4.990000000000000000e+02
4.580000000000000000e+02
5.040000000000000000e+02
4.740000000000000000e+02
4.640000000000000000e+02
4.140000000000000000e+02
4.560000000000000000e+02
4.440000000000000000e+02
4.360000000000000000e+02
4.090000000000000000e+02
3.590000000000000000e+02
3.820000000000000000e+02
3.650000000000000000e+02
4.090000000000000000e+02
4.000000000000000000e+02
3.370000000000000000e+02
3.400000000000000000e+02
3.600000000000000000e+02
3.570000000000000000e+02
3.700000000000000000e+02
3.660000000000000000e+02
3.680000000000000000e+02
3.220000000000000000e+02
3.750000000000000000e+02
4.100000000000000000e+02
3.780000000000000000e+02
3.740000000000000000e+02
3.760000000000000000e+02
3.670000000000000000e+02
3.520000000000000000e+02
3.640000000000000000e+02
3.960000000000000000e+02
3.470000000000000000e+02
4.100000000000000000e+02
3.750000000000000000e+02
3.810000000000000000e+02
3.880000000000000000e+02
4.400000000000000000e+02
4.060000000000000000e+02
4.250000000000000000e+02
4.410000000000000000e+02
4.420000000000000000e+02
4.420000000000000000e+02
4.460000000000000000e+02
4.350000000000000000e+02
4.880000000000000000e+02
4.480000000000000000e+02
4.800000000000000000e+02
5.090000000000000000e+02
4.730000000000000000e+02
4.880000000000000000e+02
5.030000000000000000e+02
5.250000000000000000e+02
5.530000000000000000e+02
5.840000000000000000e+02
5.860000000000000000e+02
6.370000000000000000e+02
6.770000000000000000e+02
6.920000000000000000e+02
6.880000000000000000e+02
7.140000000000000000e+02
6.900000000000000000e+02
6.720000000000000000e+02
7.900000000000000000e+02
9.050000000000000000e+02
9.410000000000000000e+02
9.810000000000000000e+02
9.830000000000000000e+02
9.660000000000000000e+02
1.136000000000000000e+03
1.311000000000000000e+03
1.206000000000000000e+03
1.340000000000000000e+03
1.282000000000000000e+03
1.180000000000000000e+03
1.105000000000000000e+03
1.064000000000000000e+03
9.610000000000000000e+02
8.480000000000000000e+02
1.005000000000000000e+03
9.870000000000000000e+02
9.360000000000000000e+02
9.630000000000000000e+02
1.062000000000000000e+03
1.203000000000000000e+03
1.644000000000000000e+03
1.736000000000000000e+03
2.113000000000000000e+03
2.689000000000000000e+03
2.914000000000000000e+03
2.909000000000000000e+03
2.396000000000000000e+03
1.743000000000000000e+03
1.599000000000000000e+03
1.612000000000000000e+03
1.940000000000000000e+03
2.107000000000000000e+03
2.086000000000000000e+03
1.769000000000000000e+03
1.402000000000000000e+03
8.780000000000000000e+02
8.900000000000000000e+02
8.180000000000000000e+02
7.050000000000000000e+02
8.110000000000000000e+02
9.990000000000000000e+02
9.650000000000000000e+02
8.980000000000000000e+02
8.860000000000000000e+02
8.500000000000000000e+02
8.900000000000000000e+02
8.740000000000000000e+02
8.570000000000000000e+02
9.010000000000000000e+02
9.520000000000000000e+02
9.330000000000000000e+02
9.410000000000000000e+02
1.004000000000000000e+03
9.580000000000000000e+02
9.110000000000000000e+02
9.320000000000000000e+02
1.146000000000000000e+03
1.268000000000000000e+03
1.455000000000000000e+03
1.719000000000000000e+03
1.757000000000000000e+03
1.588000000000000000e+03
1.587000000000000000e+03
1.355000000000000000e+03
1.326000000000000000e+03
1.338000000000000000e+03
1.352000000000000000e+03
1.206000000000000000e+03
1.283000000000000000e+03
1.320000000000000000e+03
1.219000000000000000e+03
1.216000000000000000e+03
1.192000000000000000e+03
1.320000000000000000e+03
1.305000000000000000e+03
1.189000000000000000e+03
1.252000000000000000e+03
1.297000000000000000e+03
1.171000000000000000e+03
1.163000000000000000e+03
1.184000000000000000e+03
1.191000000000000000e+03
1.296000000000000000e+03
1.293000000000000000e+03
1.443000000000000000e+03
2.233000000000000000e+03
2.623000000000000000e+03
2.941000000000000000e+03
3.051000000000000000e+03
2.453000000000000000e+03
2.748000000000000000e+03
2.634000000000000000e+03
2.899000000000000000e+03
3.616000000000000000e+03
4.202000000000000000e+03
3.223000000000000000e+03
3.435000000000000000e+03
3.186000000000000000e+03
3.480000000000000000e+03
4.082000000000000000e+03
3.724000000000000000e+03
2.793000000000000000e+03
2.423000000000000000e+03
2.667000000000000000e+03
2.205000000000000000e+03
2.169000000000000000e+03
1.378000000000000000e+03
1.265000000000000000e+03
1.526000000000000000e+03
7.710000000000000000e+02
1.740000000000000000e+02
7.900000000000000000e+01
6.900000000000000000e+01
7.700000000000000000e+01
8.900000000000000000e+01
8.900000000000000000e+01
8.900000000000000000e+01
9.700000000000000000e+01
6.300000000000000000e+01
7.100000000000000000e+01
4.800000000000000000e+01
6.800000000000000000e+01
6.000000000000000000e+01
7.000000000000000000e+01
6.300000000000000000e+01
6.500000000000000000e+01
8.800000000000000000e+01
6.000000000000000000e+01
9.100000000000000000e+01
7.800000000000000000e+01
7.200000000000000000e+01
8.100000000000000000e+01
6.900000000000000000e+01
9.700000000000000000e+01
8.100000000000000000e+01
7.700000000000000000e+01
1.640000000000000000e+02
1.690000000000000000e+02
2.770000000000000000e+02
3.800000000000000000e+02
5.450000000000000000e+02
1.116000000000000000e+03
7.100000000000000000e+01
2.500000000000000000e+01
4.600000000000000000e+01
6.000000000000000000e+01
8.500000000000000000e+01
1.650000000000000000e+02
2.560000000000000000e+02
5.110000000000000000e+02
8.010000000000000000e+02
9.180000000000000000e+02
9.400000000000000000e+02
8.630000000000000000e+02
9.820000000000000000e+02
1.108000000000000000e+03
1.183000000000000000e+03
1.307000000000000000e+03
1.707000000000000000e+03
1.499000000000000000e+03
1.369000000000000000e+03
1.086000000000000000e+03
9.290000000000000000e+02
8.750000000000000000e+02
7.150000000000000000e+02
7.340000000000000000e+02
6.720000000000000000e+02
5.780000000000000000e+02
5.860000000000000000e+02
5.250000000000000000e+02
5.460000000000000000e+02
5.510000000000000000e+02
5.020000000000000000e+02
4.680000000000000000e+02
4.880000000000000000e+02
4.380000000000000000e+02
3.630000000000000000e+02
3.630000000000000000e+02
3.640000000000000000e+02
3.780000000000000000e+02
4.130000000000000000e+02
3.840000000000000000e+02
3.800000000000000000e+02
3.740000000000000000e+02
3.460000000000000000e+02
3.440000000000000000e+02
3.270000000000000000e+02
3.670000000000000000e+02
3.510000000000000000e+02
3.680000000000000000e+02
3.750000000000000000e+02
4.470000000000000000e+02
4.790000000000000000e+02
5.200000000000000000e+02
5.360000000000000000e+02
5.270000000000000000e+02
4.940000000000000000e+02
5.010000000000000000e+02
4.850000000000000000e+02
4.630000000000000000e+02
4.300000000000000000e+02
4.120000000000000000e+02
3.750000000000000000e+02
3.580000000000000000e+02
3.610000000000000000e+02
3.770000000000000000e+02
3.810000000000000000e+02
3.490000000000000000e+02
3.550000000000000000e+02
3.480000000000000000e+02
3.250000000000000000e+02
3.450000000000000000e+02
3.060000000000000000e+02
3.380000000000000000e+02
3.790000000000000000e+02
4.020000000000000000e+02
4.160000000000000000e+02
4.160000000000000000e+02
5.120000000000000000e+02
4.850000000000000000e+02
4.900000000000000000e+02
4.740000000000000000e+02
4.840000000000000000e+02
4.810000000000000000e+02
4.720000000000000000e+02
4.600000000000000000e+02
4.640000000000000000e+02
4.610000000000000000e+02
4.870000000000000000e+02
5.050000000000000000e+02
5.170000000000000000e+02
5.110000000000000000e+02
5.480000000000000000e+02
4.850000000000000000e+02
5.710000000000000000e+02
6.640000000000000000e+02
6.900000000000000000e+02
6.350000000000000000e+02
6.390000000000000000e+02
7.030000000000000000e+02
7.120000000000000000e+02
7.020000000000000000e+02
7.350000000000000000e+02
7.750000000000000000e+02
8.510000000000000000e+02
8.110000000000000000e+02
8.610000000000000000e+02
8.900000000000000000e+02
9.640000000000000000e+02
1.041000000000000000e+03
1.131000000000000000e+03
1.221000000000000000e+03
1.157000000000000000e+03
1.056000000000000000e+03
9.620000000000000000e+02
1.134000000000000000e+03
1.116000000000000000e+03
1.254000000000000000e+03
1.310000000000000000e+03
1.079000000000000000e+03
1.035000000000000000e+03
9.530000000000000000e+02
8.270000000000000000e+02
7.460000000000000000e+02
6.850000000000000000e+02
8.090000000000000000e+02
1.055000000000000000e+03
1.398000000000000000e+03
1.605000000000000000e+03
1.664000000000000000e+03
2.023000000000000000e+03
1.909000000000000000e+03
1.804000000000000000e+03
1.859000000000000000e+03
1.753000000000000000e+03
1.688000000000000000e+03
1.691000000000000000e+03
1.400000000000000000e+03
1.080000000000000000e+03
1.353000000000000000e+03
2.056000000000000000e+03
2.559000000000000000e+03
2.439000000000000000e+03
2.011000000000000000e+03
1.449000000000000000e+03
1.145000000000000000e+03
9.570000000000000000e+02
1.078000000000000000e+03
9.710000000000000000e+02
8.490000000000000000e+02
7.410000000000000000e+02
7.330000000000000000e+02
7.360000000000000000e+02
8.000000000000000000e+02
8.590000000000000000e+02
8.770000000000000000e+02
7.620000000000000000e+02
8.260000000000000000e+02
7.320000000000000000e+02
8.230000000000000000e+02
7.960000000000000000e+02
7.940000000000000000e+02
8.160000000000000000e+02
8.180000000000000000e+02
9.760000000000000000e+02
1.145000000000000000e+03
1.206000000000000000e+03
1.223000000000000000e+03
1.018000000000000000e+03
9.190000000000000000e+02
8.690000000000000000e+02
7.720000000000000000e+02
8.180000000000000000e+02
7.620000000000000000e+02
9.310000000000000000e+02
1.010000000000000000e+03
1.428000000000000000e+03
1.351000000000000000e+03
1.147000000000000000e+03
1.169000000000000000e+03
1.163000000000000000e+03
1.058000000000000000e+03
1.260000000000000000e+03
1.320000000000000000e+03
1.082000000000000000e+03
1.203000000000000000e+03
1.018000000000000000e+03
1.006000000000000000e+03
1.363000000000000000e+03
1.438000000000000000e+03
1.511000000000000000e+03
1.559000000000000000e+03
1.237000000000000000e+03
1.104000000000000000e+03
1.200000000000000000e+03
1.382000000000000000e+03
1.322000000000000000e+03
1.464000000000000000e+03
1.294000000000000000e+03
1.289000000000000000e+03
2.169000000000000000e+03
2.471000000000000000e+03
3.147000000000000000e+03
3.258000000000000000e+03
2.097000000000000000e+03
2.091000000000000000e+03
1.967000000000000000e+03
2.436000000000000000e+03
2.546000000000000000e+03
3.705000000000000000e+03
3.175000000000000000e+03
3.363000000000000000e+03
3.130000000000000000e+03
3.443000000000000000e+03
2.870000000000000000e+03
3.905000000000000000e+03
3.555000000000000000e+03
2.622000000000000000e+03
2.214000000000000000e+03
2.069000000000000000e+03
1.910000000000000000e+03
2.249000000000000000e+03
2.356000000000000000e+03
1.232000000000000000e+03
1.250000000000000000e+03
1.833000000000000000e+03
8.980000000000000000e+02
2.340000000000000000e+02
1.210000000000000000e+02
1.020000000000000000e+02
6.000000000000000000e+01
7.400000000000000000e+01
8.800000000000000000e+01
8.100000000000000000e+01
6.700000000000000000e+01
6.900000000000000000e+01
7.100000000000000000e+01
7.700000000000000000e+01
7.800000000000000000e+01
5.900000000000000000e+01
7.100000000000000000e+01
8.000000000000000000e+01
8.200000000000000000e+01
7.800000000000000000e+01
7.300000000000000000e+01
9.200000000000000000e+01
7.300000000000000000e+01
5.700000000000000000e+01
9.100000000000000000e+01
7.800000000000000000e+01
9.600000000000000000e+01
1.050000000000000000e+02
1.220000000000000000e+02
1.340000000000000000e+02
1.610000000000000000e+02
3.360000000000000000e+02
4.500000000000000000e+02
9.870000000000000000e+02
3.300000000000000000e+01
3.000000000000000000e+01
5.700000000000000000e+01
9.500000000000000000e+01
1.280000000000000000e+02
2.310000000000000000e+02
3.530000000000000000e+02
5.210000000000000000e+02
8.780000000000000000e+02
1.154000000000000000e+03
1.067000000000000000e+03
1.204000000000000000e+03
1.438000000000000000e+03
1.392000000000000000e+03
1.460000000000000000e+03
1.394000000000000000e+03
1.516000000000000000e+03
1.394000000000000000e+03
1.126000000000000000e+03
1.011000000000000000e+03
8.590000000000000000e+02
7.960000000000000000e+02
6.880000000000000000e+02
6.460000000000000000e+02
6.060000000000000000e+02
5.500000000000000000e+02
4.790000000000000000e+02
4.380000000000000000e+02
4.820000000000000000e+02
4.280000000000000000e+02
4.510000000000000000e+02
4.480000000000000000e+02
4.160000000000000000e+02
4.090000000000000000e+02
3.890000000000000000e+02
3.600000000000000000e+02
3.300000000000000000e+02
3.570000000000000000e+02
3.400000000000000000e+02
3.500000000000000000e+02
3.840000000000000000e+02
3.630000000000000000e+02
3.600000000000000000e+02
3.620000000000000000e+02
3.380000000000000000e+02
3.600000000000000000e+02
3.810000000000000000e+02
3.960000000000000000e+02
3.640000000000000000e+02
3.570000000000000000e+02
4.540000000000000000e+02
4.800000000000000000e+02
4.940000000000000000e+02
5.080000000000000000e+02
5.060000000000000000e+02
5.240000000000000000e+02
5.180000000000000000e+02
5.130000000000000000e+02
4.810000000000000000e+02
4.960000000000000000e+02
5.410000000000000000e+02
4.890000000000000000e+02
5.140000000000000000e+02
4.210000000000000000e+02
4.530000000000000000e+02
4.600000000000000000e+02
4.630000000000000000e+02
4.820000000000000000e+02
5.180000000000000000e+02
4.550000000000000000e+02
4.280000000000000000e+02
4.460000000000000000e+02
4.280000000000000000e+02
4.800000000000000000e+02
5.250000000000000000e+02
5.150000000000000000e+02
5.350000000000000000e+02
5.480000000000000000e+02
6.120000000000000000e+02
6.050000000000000000e+02
5.360000000000000000e+02
6.320000000000000000e+02
6.930000000000000000e+02
6.680000000000000000e+02
7.080000000000000000e+02
7.100000000000000000e+02
6.760000000000000000e+02
7.390000000000000000e+02
7.960000000000000000e+02
7.680000000000000000e+02
9.120000000000000000e+02
9.230000000000000000e+02
1.012000000000000000e+03
1.170000000000000000e+03
1.098000000000000000e+03
1.015000000000000000e+03
9.810000000000000000e+02
9.060000000000000000e+02
9.320000000000000000e+02
8.100000000000000000e+02
7.990000000000000000e+02
8.500000000000000000e+02
8.500000000000000000e+02
9.210000000000000000e+02
9.540000000000000000e+02
7.850000000000000000e+02
8.720000000000000000e+02
8.470000000000000000e+02
9.260000000000000000e+02
9.130000000000000000e+02
8.500000000000000000e+02
8.530000000000000000e+02
8.330000000000000000e+02
1.003000000000000000e+03
1.137000000000000000e+03
1.418000000000000000e+03
1.424000000000000000e+03
1.428000000000000000e+03
1.644000000000000000e+03
1.696000000000000000e+03
1.525000000000000000e+03
1.067000000000000000e+03
9.330000000000000000e+02
8.220000000000000000e+02
6.400000000000000000e+02
8.560000000000000000e+02
9.980000000000000000e+02
1.081000000000000000e+03
1.174000000000000000e+03
1.295000000000000000e+03
1.442000000000000000e+03
1.305000000000000000e+03
1.310000000000000000e+03
1.750000000000000000e+03
2.029000000000000000e+03
2.640000000000000000e+03
2.887000000000000000e+03
2.224000000000000000e+03
1.410000000000000000e+03
1.128000000000000000e+03
1.030000000000000000e+03
1.046000000000000000e+03
1.035000000000000000e+03
9.440000000000000000e+02
8.990000000000000000e+02
8.920000000000000000e+02
8.530000000000000000e+02
7.300000000000000000e+02
7.040000000000000000e+02
7.860000000000000000e+02
7.340000000000000000e+02
7.390000000000000000e+02
8.720000000000000000e+02
1.016000000000000000e+03
1.097000000000000000e+03
1.042000000000000000e+03
8.540000000000000000e+02
7.250000000000000000e+02
8.080000000000000000e+02
7.040000000000000000e+02
6.090000000000000000e+02
6.150000000000000000e+02
5.940000000000000000e+02
6.450000000000000000e+02
5.650000000000000000e+02
4.710000000000000000e+02
4.980000000000000000e+02
5.840000000000000000e+02
5.640000000000000000e+02
5.840000000000000000e+02
5.810000000000000000e+02
5.310000000000000000e+02
5.660000000000000000e+02
6.630000000000000000e+02
8.460000000000000000e+02
1.176000000000000000e+03
9.430000000000000000e+02
1.013000000000000000e+03
1.154000000000000000e+03
1.134000000000000000e+03
1.106000000000000000e+03
1.194000000000000000e+03
1.188000000000000000e+03
1.158000000000000000e+03
1.160000000000000000e+03
1.104000000000000000e+03
1.042000000000000000e+03
1.348000000000000000e+03
1.105000000000000000e+03
1.123000000000000000e+03
1.407000000000000000e+03
1.146000000000000000e+03
1.160000000000000000e+03
1.234000000000000000e+03
1.255000000000000000e+03
1.232000000000000000e+03
1.259000000000000000e+03
1.047000000000000000e+03
1.042000000000000000e+03
1.255000000000000000e+03
1.480000000000000000e+03
1.895000000000000000e+03
1.999000000000000000e+03
1.879000000000000000e+03
1.547000000000000000e+03
1.863000000000000000e+03
2.168000000000000000e+03
2.831000000000000000e+03
2.530000000000000000e+03
2.349000000000000000e+03
2.189000000000000000e+03
2.200000000000000000e+03
3.012000000000000000e+03
3.646000000000000000e+03
3.129000000000000000e+03
2.837000000000000000e+03
3.024000000000000000e+03
2.759000000000000000e+03
3.443000000000000000e+03
3.504000000000000000e+03
2.424000000000000000e+03
1.866000000000000000e+03
2.069000000000000000e+03
2.089000000000000000e+03
2.581000000000000000e+03
2.620000000000000000e+03
1.467000000000000000e+03
1.337000000000000000e+03
1.801000000000000000e+03
9.320000000000000000e+02
2.540000000000000000e+02
1.460000000000000000e+02
1.230000000000000000e+02
1.100000000000000000e+02
9.700000000000000000e+01
1.010000000000000000e+02
9.100000000000000000e+01
9.500000000000000000e+01
9.100000000000000000e+01
8.800000000000000000e+01
9.500000000000000000e+01
9.300000000000000000e+01
1.040000000000000000e+02
9.500000000000000000e+01
7.200000000000000000e+01
1.270000000000000000e+02
1.060000000000000000e+02
1.170000000000000000e+02
1.380000000000000000e+02
1.710000000000000000e+02
1.160000000000000000e+02
1.340000000000000000e+02
2.470000000000000000e+02
3.530000000000000000e+02
2.470000000000000000e+02
6.430000000000000000e+02
1.422600000000000000e+04
1.200000000000000000e+02
1.110000000000000000e+02
1.690000000000000000e+02
9.100000000000000000e+01
1.160000000000000000e+03
2.707000000000000000e+03
2.700000000000000000e+01
3.509000000000000000e+03
4.100000000000000000e+01
2.700000000000000000e+01
3.430000000000000000e+03
1.169000000000000000e+03
1.822100000000000000e+04
4.483000000000000000e+03
1.893500000000000000e+04
1.135200000000000000e+04
6.698000000000000000e+03
1.940000000000000000e+03
5.414000000000000000e+03
9.420000000000000000e+03
3.016000000000000000e+03
1.474000000000000000e+03
6.550000000000000000e+02
4.141000000000000000e+03
1.177000000000000000e+03
3.070000000000000000e+02
0.000000000000000000e+00
0.000000000000000000e+00
0.000000000000000000e+00
5.171000000000000000e+03
0.000000000000000000e+00
0.000000000000000000e+00
0.000000000000000000e+00
5.000000000000000000e+00
1.330000000000000000e+02
1.057000000000000000e+03
0.000000000000000000e+00
0.000000000000000000e+00
0.000000000000000000e+00
0.000000000000000000e+00
0.000000000000000000e+00
4.400000000000000000e+01
0.000000000000000000e+00
0.000000000000000000e+00
2.000000000000000000e+00
0.000000000000000000e+00
0.000000000000000000e+00
0.000000000000000000e+00
0.000000000000000000e+00
2.510000000000000000e+02
0.000000000000000000e+00
0.000000000000000000e+00
0.000000000000000000e+00
0.000000000000000000e+00
5.000000000000000000e+00
0.000000000000000000e+00
0.000000000000000000e+00
0.000000000000000000e+00
0.000000000000000000e+00
2.000000000000000000e+00
0.000000000000000000e+00
0.000000000000000000e+00
0.000000000000000000e+00
0.000000000000000000e+00
0.000000000000000000e+00
1.800000000000000000e+01
0.000000000000000000e+00
0.000000000000000000e+00
0.000000000000000000e+00
1.600000000000000000e+01
0.000000000000000000e+00
0.000000000000000000e+00
6.000000000000000000e+00
9.000000000000000000e+00
2.024000000000000000e+03
3.000000000000000000e+00
0.000000000000000000e+00
0.000000000000000000e+00
6.500000000000000000e+01
1.280000000000000000e+02
3.000000000000000000e+00
5.200000000000000000e+01
2.320000000000000000e+02
5.460000000000000000e+02
3.900000000000000000e+02
2.110000000000000000e+02
8.220000000000000000e+02
2.180000000000000000e+02
5.500000000000000000e+01
1.014000000000000000e+03
0.000000000000000000e+00
5.900000000000000000e+01
2.530000000000000000e+02
0.000000000000000000e+00
1.550000000000000000e+02
2.530000000000000000e+03
0.000000000000000000e+00
1.290000000000000000e+02
0.000000000000000000e+00
1.000000000000000000e+00
8.520000000000000000e+02
1.000000000000000000e+00
3.713000000000000000e+03
6.500000000000000000e+01
9.000000000000000000e+00
2.180000000000000000e+02
6.200000000000000000e+01
1.200000000000000000e+02
5.373000000000000000e+03
4.854000000000000000e+03
1.490000000000000000e+03
1.020000000000000000e+02
2.100000000000000000e+02
1.034900000000000000e+04
2.821100000000000000e+04
4.600000000000000000e+01
1.200000000000000000e+01
8.000000000000000000e+00
7.000000000000000000e+00
1.075500000000000000e+04
3.000000000000000000e+00
8.000000000000000000e+00
2.000000000000000000e+00
1.210000000000000000e+03
8.152000000000000000e+03
8.595000000000000000e+03
0.000000000000000000e+00
4.000000000000000000e+00
1.000000000000000000e+00
3.500000000000000000e+01
0.000000000000000000e+00
8.610000000000000000e+02
1.845000000000000000e+03
0.000000000000000000e+00
2.000000000000000000e+00
0.000000000000000000e+00
0.000000000000000000e+00
4.000000000000000000e+00
0.000000000000000000e+00
4.006000000000000000e+03
1.110000000000000000e+02
1.000000000000000000e+00
0.000000000000000000e+00
0.000000000000000000e+00
1.850000000000000000e+02
1.300000000000000000e+01
0.000000000000000000e+00
0.000000000000000000e+00
0.000000000000000000e+00
4.200000000000000000e+01
0.000000000000000000e+00
0.000000000000000000e+00
2.000000000000000000e+00
0.000000000000000000e+00
0.000000000000000000e+00
3.910000000000000000e+02
2.000000000000000000e+00
3.000000000000000000e+00
5.000000000000000000e+00
9.000000000000000000e+01
6.000000000000000000e+00
3.000000000000000000e+00
2.500000000000000000e+01
3.600000000000000000e+01
1.378300000000000000e+04
1.500000000000000000e+01
1.200000000000000000e+01
6.000000000000000000e+00
5.800000000000000000e+01
4.650000000000000000e+02
1.700000000000000000e+01
4.200000000000000000e+01
1.912000000000000000e+03
1.970000000000000000e+02
3.520000000000000000e+02
3.870000000000000000e+02
6.080000000000000000e+02
2.550000000000000000e+02
1.620000000000000000e+02
1.340900000000000000e+04
2.700000000000000000e+01
5.509000000000000000e+03
1.574700000000000000e+04
7.690000000000000000e+03
3.203000000000000000e+03
1.551500000000000000e+04
4.207700000000000000e+04
5.037000000000000000e+03
8.871000000000000000e+03
5.280000000000000000e+03
2.902000000000000000e+03
3.310000000000000000e+03
2.587000000000000000e+03
2.626000000000000000e+03
3.106000000000000000e+03
8.336000000000000000e+03
4.287000000000000000e+03
2.071000000000000000e+03
3.925000000000000000e+03
2.880000000000000000e+03
1.864000000000000000e+03
1.621000000000000000e+03
2.391000000000000000e+03
2.710000000000000000e+03
1.831000000000000000e+03
1.651000000000000000e+03
1.388000000000000000e+03
1.780000000000000000e+03
2.794000000000000000e+03
2.702000000000000000e+03
2.665000000000000000e+03
2.206000000000000000e+03
1.822000000000000000e+03
2.909000000000000000e+03
2.169000000000000000e+03
3.849000000000000000e+03
2.387000000000000000e+03
2.539000000000000000e+03
1.741000000000000000e+03
2.267000000000000000e+03
1.613000000000000000e+03
1.101000000000000000e+03
1.902000000000000000e+03
1.340000000000000000e+03
1.942000000000000000e+03
1.168000000000000000e+03
8.190000000000000000e+02
1.401000000000000000e+03
8.370000000000000000e+02
7.680000000000000000e+02
1.562000000000000000e+03
6.270000000000000000e+02
7.840000000000000000e+02
7.540000000000000000e+02
1.226000000000000000e+03
7.820000000000000000e+02
9.140000000000000000e+02
7.290000000000000000e+02
8.700000000000000000e+02
4.580000000000000000e+02
5.990000000000000000e+02
4.870000000000000000e+02
4.710000000000000000e+02
1.197000000000000000e+03
5.130000000000000000e+02
5.430000000000000000e+02
8.210000000000000000e+02
4.790000000000000000e+02
3.020000000000000000e+02
6.210000000000000000e+02
5.070000000000000000e+02
2.170000000000000000e+02
4.260000000000000000e+02
1.930000000000000000e+02
4.560000000000000000e+02
1.510000000000000000e+02
3.020000000000000000e+02
1.750000000000000000e+02
1.010000000000000000e+02
2.960000000000000000e+02
1.850000000000000000e+02
1.270000000000000000e+02
1.230000000000000000e+02
7.900000000000000000e+01
4.590000000000000000e+02
5.500000000000000000e+01
1.010000000000000000e+02
1.150000000000000000e+02
1.120000000000000000e+02
1.150000000000000000e+02
1.280000000000000000e+02
6.100000000000000000e+01
8.200000000000000000e+01
1.090000000000000000e+02
4.300000000000000000e+01
1.470000000000000000e+02
5.800000000000000000e+01
1.160000000000000000e+02
6.900000000000000000e+01
4.500000000000000000e+01
3.800000000000000000e+01
9.700000000000000000e+01
2.000000000000000000e+01
4.000000000000000000e+01
5.400000000000000000e+01
8.000000000000000000e+01
3.800000000000000000e+01
2.400000000000000000e+01
6.300000000000000000e+01
1.500000000000000000e+01
1.400000000000000000e+01
4.900000000000000000e+01
3.900000000000000000e+01
1.800000000000000000e+01
2.400000000000000000e+01
5.700000000000000000e+01
2.200000000000000000e+01
2.400000000000000000e+01
4.700000000000000000e+01
2.900000000000000000e+01
2.400000000000000000e+01
2.600000000000000000e+01
2.300000000000000000e+01
2.200000000000000000e+01
2.100000000000000000e+01
1.700000000000000000e+01
4.100000000000000000e+01
1.350000000000000000e+02
3.000000000000000000e+01
1.900000000000000000e+01
2.300000000000000000e+01
2.500000000000000000e+01
2.200000000000000000e+01
1.900000000000000000e+01
2.100000000000000000e+01
2.200000000000000000e+01
3.200000000000000000e+01
2.400000000000000000e+01
2.300000000000000000e+01
3.000000000000000000e+01
2.700000000000000000e+01
5.100000000000000000e+01
3.500000000000000000e+01
2.300000000000000000e+01
2.700000000000000000e+01
2.700000000000000000e+01
3.300000000000000000e+01
2.600000000000000000e+01
3.000000000000000000e+01
2.500000000000000000e+01
3.000000000000000000e+01
2.600000000000000000e+01
4.500000000000000000e+01
2.400000000000000000e+01
2.600000000000000000e+01
2.500000000000000000e+01
3.100000000000000000e+01
2.700000000000000000e+01
5.100000000000000000e+01
2.900000000000000000e+01
3.100000000000000000e+01
2.200000000000000000e+01
2.700000000000000000e+01
1.600000000000000000e+01
2.300000000000000000e+01
1.900000000000000000e+01
2.200000000000000000e+01
1.500000000000000000e+01
1.600000000000000000e+01
2.800000000000000000e+01
1.400000000000000000e+01
9.000000000000000000e+00
8.000000000000000000e+00
1.200000000000000000e+01
1.500000000000000000e+01
7.000000000000000000e+00
1.500000000000000000e+01
9.000000000000000000e+00
1.700000000000000000e+01
1.500000000000000000e+01
1.700000000000000000e+01
2.700000000000000000e+01
1.000000000000000000e+01
1.600000000000000000e+01
1.600000000000000000e+01
1.600000000000000000e+01
1.700000000000000000e+01
1.400000000000000000e+01
1.500000000000000000e+01
1.600000000000000000e+01
2.700000000000000000e+01
1.100000000000000000e+01
1.400000000000000000e+01
1.600000000000000000e+01
1.800000000000000000e+01
2.100000000000000000e+01
1.900000000000000000e+01
2.000000000000000000e+01
2.300000000000000000e+01
2.100000000000000000e+01
1.400000000000000000e+01
1.700000000000000000e+01
2.700000000000000000e+01
2.200000000000000000e+01
1.900000000000000000e+01
1.200000000000000000e+01
1.100000000000000000e+01
1.400000000000000000e+01
2.600000000000000000e+01
1.400000000000000000e+01
1.500000000000000000e+01
2.000000000000000000e+01
2.700000000000000000e+01
1.800000000000000000e+01
2.700000000000000000e+01
2.000000000000000000e+01
2.100000000000000000e+01
1.900000000000000000e+01
2.600000000000000000e+01
2.100000000000000000e+01
2.100000000000000000e+01
1.600000000000000000e+01
2.200000000000000000e+01
1.900000000000000000e+01
6.000000000000000000e+00
1.400000000000000000e+01
1.800000000000000000e+01
1.500000000000000000e+01
1.000000000000000000e+01
1.600000000000000000e+01
1.000000000000000000e+01
1.200000000000000000e+01
1.500000000000000000e+01
1.200000000000000000e+01
1.200000000000000000e+01
4.000000000000000000e+00
7.000000000000000000e+00
6.000000000000000000e+00
7.000000000000000000e+00
6.000000000000000000e+00
8.000000000000000000e+00
9.000000000000000000e+00
9.000000000000000000e+00
4.000000000000000000e+00
5.000000000000000000e+00
1.200000000000000000e+01
8.000000000000000000e+00
1.100000000000000000e+01
1.100000000000000000e+01
8.000000000000000000e+00
7.000000000000000000e+00
6.000000000000000000e+00
5.000000000000000000e+00
1.000000000000000000e+00
9.100000000000000000e+01
1.000000000000000000e+00
4.000000000000000000e+00
5.000000000000000000e+00
2.000000000000000000e+01
4.900000000000000000e+01
8.600000000000000000e+01
1.660000000000000000e+02
3.130000000000000000e+02
4.910000000000000000e+02
7.820000000000000000e+02
8.180000000000000000e+02
7.130000000000000000e+02
7.980000000000000000e+02
8.640000000000000000e+02
1.114000000000000000e+03
1.209000000000000000e+03
1.408000000000000000e+03
1.516000000000000000e+03
1.470000000000000000e+03
1.255000000000000000e+03
1.089000000000000000e+03
8.970000000000000000e+02
8.280000000000000000e+02
7.350000000000000000e+02
7.010000000000000000e+02
6.050000000000000000e+02
5.490000000000000000e+02
4.840000000000000000e+02
5.220000000000000000e+02
4.670000000000000000e+02
4.750000000000000000e+02
4.740000000000000000e+02
4.790000000000000000e+02
4.420000000000000000e+02
4.150000000000000000e+02
3.810000000000000000e+02
3.250000000000000000e+02
3.480000000000000000e+02
3.330000000000000000e+02
3.520000000000000000e+02
3.740000000000000000e+02
3.450000000000000000e+02
3.200000000000000000e+02
3.270000000000000000e+02
3.070000000000000000e+02
3.110000000000000000e+02
3.340000000000000000e+02
3.380000000000000000e+02
3.190000000000000000e+02
3.340000000000000000e+02
3.540000000000000000e+02
4.370000000000000000e+02
4.520000000000000000e+02
4.690000000000000000e+02
4.150000000000000000e+02
4.960000000000000000e+02
4.680000000000000000e+02
4.680000000000000000e+02
4.420000000000000000e+02
4.510000000000000000e+02
4.770000000000000000e+02
4.080000000000000000e+02
4.130000000000000000e+02
3.710000000000000000e+02
3.450000000000000000e+02
3.440000000000000000e+02
3.570000000000000000e+02
3.220000000000000000e+02
3.410000000000000000e+02
3.350000000000000000e+02
3.060000000000000000e+02
2.910000000000000000e+02
3.180000000000000000e+02
3.600000000000000000e+02
3.590000000000000000e+02
3.460000000000000000e+02
3.320000000000000000e+02
3.410000000000000000e+02
3.290000000000000000e+02
3.570000000000000000e+02
3.670000000000000000e+02
3.580000000000000000e+02
3.940000000000000000e+02
3.740000000000000000e+02
3.720000000000000000e+02
3.680000000000000000e+02
4.310000000000000000e+02
4.000000000000000000e+02
4.360000000000000000e+02
4.280000000000000000e+02
4.450000000000000000e+02
4.470000000000000000e+02
4.290000000000000000e+02
4.470000000000000000e+02
4.800000000000000000e+02
4.560000000000000000e+02
5.020000000000000000e+02
5.230000000000000000e+02
4.550000000000000000e+02
4.790000000000000000e+02
5.060000000000000000e+02
5.150000000000000000e+02
5.240000000000000000e+02
5.670000000000000000e+02
5.610000000000000000e+02
6.010000000000000000e+02
6.770000000000000000e+02
6.770000000000000000e+02
6.800000000000000000e+02
6.660000000000000000e+02
6.640000000000000000e+02
6.750000000000000000e+02
7.700000000000000000e+02
9.080000000000000000e+02
9.510000000000000000e+02
1.009000000000000000e+03
1.016000000000000000e+03
9.950000000000000000e+02
1.151000000000000000e+03
1.355000000000000000e+03
1.242000000000000000e+03
1.361000000000000000e+03
1.303000000000000000e+03
1.219000000000000000e+03
1.140000000000000000e+03
1.075000000000000000e+03
9.820000000000000000e+02
8.580000000000000000e+02
1.007000000000000000e+03
9.650000000000000000e+02
9.600000000000000000e+02
9.580000000000000000e+02
1.075000000000000000e+03
1.220000000000000000e+03
1.636000000000000000e+03
1.731000000000000000e+03
2.121000000000000000e+03
2.674000000000000000e+03
2.909000000000000000e+03
2.846000000000000000e+03
2.323000000000000000e+03
1.651000000000000000e+03
1.550000000000000000e+03
1.598000000000000000e+03
1.926000000000000000e+03
2.126000000000000000e+03
2.107000000000000000e+03
1.795000000000000000e+03
1.443000000000000000e+03
9.170000000000000000e+02
9.180000000000000000e+02
8.650000000000000000e+02
7.580000000000000000e+02
8.650000000000000000e+02
1.055000000000000000e+03
1.003000000000000000e+03
9.580000000000000000e+02
9.290000000000000000e+02
8.900000000000000000e+02
9.310000000000000000e+02
9.170000000000000000e+02
8.810000000000000000e+02
8.920000000000000000e+02
8.940000000000000000e+02
8.280000000000000000e+02
8.950000000000000000e+02
1.030000000000000000e+03
1.032000000000000000e+03
9.520000000000000000e+02
9.400000000000000000e+02
9.620000000000000000e+02
9.350000000000000000e+02
1.050000000000000000e+03
1.206000000000000000e+03
1.352000000000000000e+03
1.549000000000000000e+03
1.421000000000000000e+03
1.272000000000000000e+03
1.411000000000000000e+03
1.472000000000000000e+03
1.378000000000000000e+03
1.287000000000000000e+03
1.344000000000000000e+03
1.367000000000000000e+03
1.179000000000000000e+03
1.158000000000000000e+03
1.035000000000000000e+03
1.171000000000000000e+03
1.304000000000000000e+03
1.116000000000000000e+03
1.254000000000000000e+03
1.359000000000000000e+03
1.171000000000000000e+03
1.211000000000000000e+03
1.265000000000000000e+03
1.391000000000000000e+03
1.222000000000000000e+03
1.184000000000000000e+03
1.142000000000000000e+03
1.073000000000000000e+03
1.699000000000000000e+03
1.755000000000000000e+03
1.970000000000000000e+03
2.176000000000000000e+03
1.586000000000000000e+03
1.819000000000000000e+03
2.208000000000000000e+03
2.792000000000000000e+03
2.508000000000000000e+03
2.530000000000000000e+03
2.221000000000000000e+03
2.239000000000000000e+03
3.090000000000000000e+03
3.610000000000000000e+03
3.044000000000000000e+03
3.015000000000000000e+03
3.035000000000000000e+03
2.780000000000000000e+03
3.440000000000000000e+03
3.493000000000000000e+03
2.428000000000000000e+03
1.877000000000000000e+03
2.066000000000000000e+03
2.097000000000000000e+03
2.573000000000000000e+03
2.627000000000000000e+03
1.465000000000000000e+03
1.338000000000000000e+03
1.817000000000000000e+03
9.380000000000000000e+02
2.550000000000000000e+02
1.550000000000000000e+02
9.800000000000000000e+01
8.400000000000000000e+01
6.800000000000000000e+01
8.500000000000000000e+01
6.300000000000000000e+01
7.000000000000000000e+01
7.800000000000000000e+01
6.300000000000000000e+01
8.600000000000000000e+01
7.000000000000000000e+01
8.800000000000000000e+01
9.200000000000000000e+01
8.200000000000000000e+01
8.900000000000000000e+01
6.800000000000000000e+01
9.900000000000000000e+01
8.400000000000000000e+01
7.800000000000000000e+01
1.620000000000000000e+02
1.530000000000000000e+02
2.200000000000000000e+02
3.200000000000000000e+02
5.650000000000000000e+02
1.242000000000000000e+03
