1.950000000000000000e+02
2.450000000000000000e+02
2.340000000000000000e+02
2.870000000000000000e+02
1.900000000000000000e+02
2.160000000000000000e+02
1.880000000000000000e+02
1.940000000000000000e+02
1.990000000000000000e+02
2.300000000000000000e+02
2.450000000000000000e+02
2.590000000000000000e+02
2.450000000000000000e+02
2.450000000000000000e+02
2.850000000000000000e+02
3.000000000000000000e+02
3.340000000000000000e+02
3.220000000000000000e+02
3.480000000000000000e+02
3.530000000000000000e+02
3.720000000000000000e+02
4.080000000000000000e+02
4.060000000000000000e+02
4.470000000000000000e+02
4.910000000000000000e+02
4.940000000000000000e+02
5.340000000000000000e+02
4.900000000000000000e+02
5.510000000000000000e+02
6.070000000000000000e+02
5.470000000000000000e+02
6.130000000000000000e+02
6.540000000000000000e+02
6.510000000000000000e+02
7.060000000000000000e+02
6.840000000000000000e+02
6.550000000000000000e+02
7.020000000000000000e+02
7.520000000000000000e+02
7.460000000000000000e+02
6.900000000000000000e+02
6.870000000000000000e+02
6.930000000000000000e+02
7.550000000000000000e+02
7.320000000000000000e+02
7.520000000000000000e+02
7.500000000000000000e+02
7.510000000000000000e+02
7.750000000000000000e+02
7.650000000000000000e+02
7.570000000000000000e+02
8.190000000000000000e+02
9.230000000000000000e+02
8.150000000000000000e+02
8.230000000000000000e+02
8.110000000000000000e+02
8.000000000000000000e+02
8.720000000000000000e+02
8.000000000000000000e+02
8.600000000000000000e+02
8.460000000000000000e+02
8.730000000000000000e+02
9.050000000000000000e+02
8.610000000000000000e+02
8.450000000000000000e+02
8.260000000000000000e+02
8.490000000000000000e+02
8.130000000000000000e+02
8.030000000000000000e+02
7.490000000000000000e+02
7.810000000000000000e+02
7.920000000000000000e+02
7.630000000000000000e+02
7.880000000000000000e+02
7.470000000000000000e+02
7.900000000000000000e+02
7.970000000000000000e+02
7.860000000000000000e+02
8.240000000000000000e+02
7.710000000000000000e+02
8.170000000000000000e+02
7.840000000000000000e+02
8.320000000000000000e+02
8.080000000000000000e+02
7.930000000000000000e+02
8.420000000000000000e+02
8.420000000000000000e+02
8.040000000000000000e+02
8.190000000000000000e+02
8.750000000000000000e+02
8.660000000000000000e+02
8.170000000000000000e+02
8.520000000000000000e+02
8.320000000000000000e+02
8.560000000000000000e+02
8.770000000000000000e+02
8.480000000000000000e+02
8.920000000000000000e+02
8.790000000000000000e+02
8.640000000000000000e+02
8.440000000000000000e+02
8.560000000000000000e+02
8.830000000000000000e+02
8.840000000000000000e+02
8.460000000000000000e+02
9.110000000000000000e+02
8.410000000000000000e+02
9.010000000000000000e+02
9.260000000000000000e+02
8.640000000000000000e+02
8.840000000000000000e+02
9.110000000000000000e+02
8.740000000000000000e+02
9.220000000000000000e+02
8.940000000000000000e+02
8.710000000000000000e+02
8.550000000000000000e+02
8.980000000000000000e+02
8.940000000000000000e+02
8.550000000000000000e+02
8.660000000000000000e+02
8.430000000000000000e+02
8.380000000000000000e+02
8.500000000000000000e+02
8.560000000000000000e+02
8.560000000000000000e+02
8.650000000000000000e+02
9.980000000000000000e+02
8.840000000000000000e+02
9.260000000000000000e+02
9.860000000000000000e+02
9.240000000000000000e+02
9.870000000000000000e+02
9.690000000000000000e+02
9.700000000000000000e+02
9.650000000000000000e+02
1.007000000000000000e+03
9.790000000000000000e+02
1.020000000000000000e+03
1.038000000000000000e+03
9.880000000000000000e+02
1.036000000000000000e+03
1.010000000000000000e+03
1.012000000000000000e+03
1.051000000000000000e+03
1.115000000000000000e+03
1.102000000000000000e+03
1.116000000000000000e+03
1.092000000000000000e+03
1.133000000000000000e+03
1.163000000000000000e+03
1.136000000000000000e+03
1.116000000000000000e+03
1.189000000000000000e+03
1.207000000000000000e+03
1.209000000000000000e+03
1.279000000000000000e+03
1.331000000000000000e+03
1.316000000000000000e+03
1.261000000000000000e+03
1.340000000000000000e+03
1.429000000000000000e+03
1.371000000000000000e+03
1.362000000000000000e+03
1.425000000000000000e+03
1.359000000000000000e+03
1.397000000000000000e+03
1.384000000000000000e+03
1.354000000000000000e+03
1.347000000000000000e+03
1.286000000000000000e+03
1.235000000000000000e+03
1.166000000000000000e+03
1.270000000000000000e+03
1.270000000000000000e+03
1.315000000000000000e+03
1.378000000000000000e+03
1.298000000000000000e+03
1.291000000000000000e+03
1.290000000000000000e+03
1.309000000000000000e+03
1.354000000000000000e+03
1.291000000000000000e+03
1.412000000000000000e+03
1.371000000000000000e+03
1.388000000000000000e+03
1.324000000000000000e+03
1.306000000000000000e+03
1.376000000000000000e+03
1.348000000000000000e+03
1.314000000000000000e+03
1.202000000000000000e+03
1.130000000000000000e+03
1.190000000000000000e+03
1.153000000000000000e+03
1.077000000000000000e+03
1.071000000000000000e+03
1.133000000000000000e+03
1.109000000000000000e+03
1.074000000000000000e+03
1.133000000000000000e+03
1.050000000000000000e+03
1.097000000000000000e+03
1.093000000000000000e+03
1.072000000000000000e+03
1.138000000000000000e+03
1.049000000000000000e+03
1.050000000000000000e+03
1.018000000000000000e+03
9.380000000000000000e+02
9.730000000000000000e+02
9.450000000000000000e+02
9.250000000000000000e+02
8.970000000000000000e+02
8.930000000000000000e+02
8.830000000000000000e+02
8.470000000000000000e+02
7.950000000000000000e+02
8.000000000000000000e+02
7.700000000000000000e+02
7.670000000000000000e+02
7.560000000000000000e+02
7.460000000000000000e+02
7.360000000000000000e+02
7.350000000000000000e+02
6.770000000000000000e+02
6.790000000000000000e+02
6.450000000000000000e+02
6.870000000000000000e+02
6.340000000000000000e+02
6.640000000000000000e+02
6.150000000000000000e+02
5.830000000000000000e+02
6.160000000000000000e+02
5.660000000000000000e+02
5.510000000000000000e+02
5.540000000000000000e+02
6.040000000000000000e+02
6.120000000000000000e+02
7.400000000000000000e+02
8.590000000000000000e+02
9.640000000000000000e+02
1.313000000000000000e+03
1.661000000000000000e+03
1.931000000000000000e+03
1.998000000000000000e+03
2.135000000000000000e+03
2.139000000000000000e+03
2.304000000000000000e+03
3.574000000000000000e+03
2.322000000000000000e+03
1.899000000000000000e+03
1.431000000000000000e+03
1.575000000000000000e+03
3.832000000000000000e+03
1.666000000000000000e+03
4.840000000000000000e+02
3.320000000000000000e+02
3.610000000000000000e+02
3.390000000000000000e+02
3.440000000000000000e+02
3.140000000000000000e+02
3.380000000000000000e+02
3.200000000000000000e+02
3.700000000000000000e+02
3.720000000000000000e+02
3.840000000000000000e+02
4.090000000000000000e+02
4.190000000000000000e+02
4.660000000000000000e+02
4.620000000000000000e+02
5.190000000000000000e+02
5.020000000000000000e+02
5.080000000000000000e+02
5.530000000000000000e+02
5.590000000000000000e+02
5.790000000000000000e+02
6.150000000000000000e+02
6.160000000000000000e+02
6.360000000000000000e+02
6.860000000000000000e+02
6.680000000000000000e+02
7.300000000000000000e+02
6.480000000000000000e+02
7.120000000000000000e+02
6.780000000000000000e+02
6.540000000000000000e+02
7.020000000000000000e+02
6.860000000000000000e+02
7.650000000000000000e+02
7.410000000000000000e+02
7.530000000000000000e+02
7.220000000000000000e+02
7.370000000000000000e+02
7.140000000000000000e+02
7.800000000000000000e+02
7.330000000000000000e+02
7.730000000000000000e+02
7.530000000000000000e+02
7.630000000000000000e+02
8.300000000000000000e+02
7.870000000000000000e+02
7.470000000000000000e+02
8.380000000000000000e+02
7.630000000000000000e+02
8.180000000000000000e+02
8.470000000000000000e+02
8.200000000000000000e+02
8.560000000000000000e+02
8.370000000000000000e+02
8.330000000000000000e+02
8.500000000000000000e+02
9.180000000000000000e+02
8.790000000000000000e+02
8.660000000000000000e+02
9.110000000000000000e+02
7.960000000000000000e+02
9.210000000000000000e+02
8.630000000000000000e+02
8.830000000000000000e+02
9.030000000000000000e+02
8.380000000000000000e+02
8.770000000000000000e+02
8.650000000000000000e+02
9.180000000000000000e+02
8.580000000000000000e+02
9.160000000000000000e+02
8.110000000000000000e+02
8.870000000000000000e+02
9.390000000000000000e+02
8.670000000000000000e+02
9.130000000000000000e+02
8.730000000000000000e+02
8.810000000000000000e+02
9.130000000000000000e+02
9.040000000000000000e+02
8.430000000000000000e+02
9.060000000000000000e+02
8.310000000000000000e+02
9.090000000000000000e+02
8.940000000000000000e+02
9.200000000000000000e+02
9.220000000000000000e+02
9.430000000000000000e+02
9.110000000000000000e+02
9.600000000000000000e+02
8.920000000000000000e+02
9.420000000000000000e+02
9.420000000000000000e+02
9.280000000000000000e+02
9.200000000000000000e+02
9.360000000000000000e+02
9.500000000000000000e+02
9.100000000000000000e+02
9.870000000000000000e+02
9.520000000000000000e+02
9.980000000000000000e+02
9.660000000000000000e+02
9.420000000000000000e+02
9.530000000000000000e+02
9.690000000000000000e+02
9.400000000000000000e+02
9.590000000000000000e+02
9.550000000000000000e+02
9.420000000000000000e+02
9.180000000000000000e+02
9.660000000000000000e+02
8.830000000000000000e+02
9.120000000000000000e+02
9.080000000000000000e+02
9.680000000000000000e+02
9.600000000000000000e+02
9.090000000000000000e+02
9.640000000000000000e+02
9.150000000000000000e+02
9.250000000000000000e+02
9.060000000000000000e+02
9.850000000000000000e+02
9.900000000000000000e+02
9.800000000000000000e+02
9.680000000000000000e+02
1.000000000000000000e+03
9.810000000000000000e+02
9.800000000000000000e+02
9.550000000000000000e+02
9.980000000000000000e+02
9.390000000000000000e+02
9.520000000000000000e+02
9.780000000000000000e+02
1.030000000000000000e+03
9.770000000000000000e+02
1.005000000000000000e+03
1.025000000000000000e+03
1.005000000000000000e+03
1.079000000000000000e+03
1.075000000000000000e+03
1.137000000000000000e+03
1.110000000000000000e+03
1.177000000000000000e+03
1.174000000000000000e+03
1.220000000000000000e+03
1.207000000000000000e+03
1.241000000000000000e+03
1.255000000000000000e+03
1.296000000000000000e+03
1.263000000000000000e+03
1.280000000000000000e+03
1.333000000000000000e+03
1.321000000000000000e+03
1.370000000000000000e+03
1.430000000000000000e+03
1.383000000000000000e+03
1.430000000000000000e+03
1.372000000000000000e+03
1.339000000000000000e+03
1.425000000000000000e+03
1.334000000000000000e+03
1.295000000000000000e+03
1.317000000000000000e+03
1.370000000000000000e+03
1.376000000000000000e+03
1.308000000000000000e+03
1.246000000000000000e+03
1.311000000000000000e+03
1.336000000000000000e+03
1.329000000000000000e+03
1.289000000000000000e+03
1.341000000000000000e+03
1.247000000000000000e+03
1.297000000000000000e+03
1.289000000000000000e+03
1.315000000000000000e+03
1.357000000000000000e+03
1.342000000000000000e+03
1.223000000000000000e+03
1.259000000000000000e+03
1.321000000000000000e+03
1.226000000000000000e+03
1.167000000000000000e+03
1.061000000000000000e+03
1.058000000000000000e+03
1.007000000000000000e+03
1.040000000000000000e+03
1.100000000000000000e+03
1.061000000000000000e+03
1.021000000000000000e+03
1.027000000000000000e+03
1.060000000000000000e+03
1.029000000000000000e+03
1.020000000000000000e+03
9.970000000000000000e+02
1.065000000000000000e+03
1.032000000000000000e+03
9.600000000000000000e+02
9.860000000000000000e+02
9.190000000000000000e+02
8.970000000000000000e+02
8.790000000000000000e+02
8.960000000000000000e+02
8.980000000000000000e+02
8.990000000000000000e+02
8.970000000000000000e+02
8.800000000000000000e+02
7.870000000000000000e+02
7.720000000000000000e+02
8.030000000000000000e+02
7.910000000000000000e+02
7.780000000000000000e+02
7.480000000000000000e+02
7.480000000000000000e+02
7.060000000000000000e+02
7.410000000000000000e+02
7.510000000000000000e+02
6.900000000000000000e+02
7.100000000000000000e+02
6.880000000000000000e+02
6.770000000000000000e+02
6.550000000000000000e+02
6.970000000000000000e+02
6.860000000000000000e+02
7.260000000000000000e+02
7.860000000000000000e+02
8.180000000000000000e+02
9.100000000000000000e+02
1.016000000000000000e+03
1.226000000000000000e+03
1.278000000000000000e+03
1.267000000000000000e+03
1.175000000000000000e+03
1.146000000000000000e+03
9.950000000000000000e+02
9.520000000000000000e+02
9.140000000000000000e+02
9.620000000000000000e+02
9.770000000000000000e+02
9.840000000000000000e+02
1.021000000000000000e+03
1.121000000000000000e+03
1.284000000000000000e+03
1.266000000000000000e+03
1.205000000000000000e+03
9.790000000000000000e+02
8.640000000000000000e+02
6.810000000000000000e+02
6.540000000000000000e+02
1.589000000000000000e+03
1.328000000000000000e+03
9.750000000000000000e+02
8.580000000000000000e+02
1.021000000000000000e+03
3.371000000000000000e+03
5.930000000000000000e+02
1.328000000000000000e+03
4.120000000000000000e+02
4.780000000000000000e+02
4.450000000000000000e+02
4.380000000000000000e+02
4.530000000000000000e+02
4.150000000000000000e+02
4.570000000000000000e+02
4.890000000000000000e+02
4.980000000000000000e+02
5.430000000000000000e+02
5.650000000000000000e+02
5.620000000000000000e+02
5.560000000000000000e+02
5.780000000000000000e+02
6.010000000000000000e+02
6.990000000000000000e+02
6.630000000000000000e+02
7.040000000000000000e+02
6.940000000000000000e+02
7.380000000000000000e+02
7.150000000000000000e+02
7.480000000000000000e+02
8.660000000000000000e+02
7.640000000000000000e+02
8.410000000000000000e+02
8.070000000000000000e+02
8.160000000000000000e+02
8.540000000000000000e+02
8.740000000000000000e+02
8.160000000000000000e+02
8.540000000000000000e+02
7.630000000000000000e+02
8.630000000000000000e+02
8.320000000000000000e+02
8.540000000000000000e+02
8.290000000000000000e+02
9.050000000000000000e+02
8.200000000000000000e+02
8.440000000000000000e+02
9.090000000000000000e+02
8.760000000000000000e+02
8.740000000000000000e+02
9.260000000000000000e+02
9.370000000000000000e+02
9.140000000000000000e+02
9.120000000000000000e+02
8.980000000000000000e+02
8.860000000000000000e+02
9.240000000000000000e+02
9.450000000000000000e+02
9.860000000000000000e+02
9.790000000000000000e+02
9.260000000000000000e+02
9.500000000000000000e+02
9.320000000000000000e+02
9.600000000000000000e+02
9.400000000000000000e+02
9.270000000000000000e+02
9.100000000000000000e+02
9.360000000000000000e+02
8.840000000000000000e+02
8.720000000000000000e+02
9.150000000000000000e+02
9.000000000000000000e+02
9.230000000000000000e+02
8.610000000000000000e+02
9.140000000000000000e+02
8.820000000000000000e+02
8.740000000000000000e+02
9.720000000000000000e+02
9.030000000000000000e+02
9.160000000000000000e+02
9.480000000000000000e+02
8.680000000000000000e+02
9.340000000000000000e+02
9.630000000000000000e+02
9.500000000000000000e+02
9.480000000000000000e+02
9.630000000000000000e+02
1.010000000000000000e+03
1.036000000000000000e+03
9.280000000000000000e+02
9.960000000000000000e+02
1.023000000000000000e+03
9.900000000000000000e+02
9.470000000000000000e+02
1.023000000000000000e+03
9.820000000000000000e+02
1.045000000000000000e+03
1.028000000000000000e+03
1.082000000000000000e+03
1.030000000000000000e+03
1.040000000000000000e+03
1.032000000000000000e+03
1.069000000000000000e+03
1.038000000000000000e+03
9.940000000000000000e+02
1.002000000000000000e+03
1.021000000000000000e+03
1.063000000000000000e+03
1.056000000000000000e+03
1.006000000000000000e+03
1.099000000000000000e+03
1.036000000000000000e+03
1.041000000000000000e+03
1.021000000000000000e+03
1.009000000000000000e+03
1.017000000000000000e+03
1.034000000000000000e+03
1.060000000000000000e+03
1.028000000000000000e+03
9.680000000000000000e+02
9.950000000000000000e+02
1.006000000000000000e+03
9.920000000000000000e+02
1.064000000000000000e+03
1.027000000000000000e+03
1.037000000000000000e+03
1.097000000000000000e+03
9.880000000000000000e+02
1.127000000000000000e+03
1.057000000000000000e+03
1.159000000000000000e+03
1.129000000000000000e+03
1.099000000000000000e+03
1.075000000000000000e+03
1.143000000000000000e+03
1.105000000000000000e+03
1.111000000000000000e+03
1.147000000000000000e+03
1.200000000000000000e+03
1.109000000000000000e+03
1.131000000000000000e+03
1.147000000000000000e+03
1.206000000000000000e+03
1.158000000000000000e+03
1.231000000000000000e+03
1.239000000000000000e+03
1.282000000000000000e+03
1.285000000000000000e+03
1.241000000000000000e+03
1.319000000000000000e+03
1.350000000000000000e+03
1.270000000000000000e+03
1.288000000000000000e+03
1.358000000000000000e+03
1.310000000000000000e+03
1.346000000000000000e+03
1.436000000000000000e+03
1.461000000000000000e+03
1.431000000000000000e+03
1.479000000000000000e+03
1.375000000000000000e+03
1.460000000000000000e+03
1.503000000000000000e+03
1.402000000000000000e+03
1.408000000000000000e+03
1.344000000000000000e+03
1.368000000000000000e+03
1.309000000000000000e+03
1.289000000000000000e+03
1.240000000000000000e+03
1.249000000000000000e+03
1.234000000000000000e+03
1.166000000000000000e+03
1.292000000000000000e+03
1.200000000000000000e+03
1.171000000000000000e+03
1.179000000000000000e+03
1.153000000000000000e+03
1.143000000000000000e+03
1.172000000000000000e+03
1.104000000000000000e+03
1.214000000000000000e+03
1.186000000000000000e+03
1.218000000000000000e+03
1.156000000000000000e+03
1.190000000000000000e+03
1.167000000000000000e+03
1.166000000000000000e+03
1.023000000000000000e+03
9.740000000000000000e+02
1.019000000000000000e+03
9.800000000000000000e+02
9.240000000000000000e+02
9.490000000000000000e+02
9.840000000000000000e+02
9.220000000000000000e+02
8.770000000000000000e+02
8.310000000000000000e+02
8.090000000000000000e+02
8.760000000000000000e+02
8.920000000000000000e+02
9.270000000000000000e+02
8.900000000000000000e+02
8.880000000000000000e+02
9.150000000000000000e+02
9.000000000000000000e+02
9.240000000000000000e+02
9.650000000000000000e+02
9.630000000000000000e+02
1.005000000000000000e+03
1.078000000000000000e+03
9.980000000000000000e+02
8.930000000000000000e+02
9.940000000000000000e+02
9.890000000000000000e+02
9.820000000000000000e+02
1.010000000000000000e+03
9.650000000000000000e+02
9.350000000000000000e+02
9.070000000000000000e+02
8.740000000000000000e+02
7.640000000000000000e+02
7.380000000000000000e+02
7.660000000000000000e+02
8.180000000000000000e+02
7.620000000000000000e+02
7.890000000000000000e+02
8.200000000000000000e+02
7.590000000000000000e+02
7.300000000000000000e+02
6.840000000000000000e+02
6.680000000000000000e+02
6.830000000000000000e+02
7.380000000000000000e+02
6.810000000000000000e+02
7.010000000000000000e+02
6.950000000000000000e+02
6.520000000000000000e+02
6.720000000000000000e+02
6.480000000000000000e+02
6.250000000000000000e+02
6.500000000000000000e+02
5.630000000000000000e+02
5.220000000000000000e+02
4.830000000000000000e+02
3.980000000000000000e+02
3.490000000000000000e+02
3.040000000000000000e+02
2.670000000000000000e+02
2.380000000000000000e+02
2.120000000000000000e+02
2.210000000000000000e+02
6.460000000000000000e+02
4.810000000000000000e+02
7.210000000000000000e+02
6.260000000000000000e+02
1.259000000000000000e+03
4.990000000000000000e+02
4.570000000000000000e+02
4.830000000000000000e+02
6.190000000000000000e+02
3.015000000000000000e+03
2.670000000000000000e+02
8.009000000000000000e+03
1.640000000000000000e+02
1.860000000000000000e+02
5.340000000000000000e+02
3.400000000000000000e+02
2.767000000000000000e+03
5.128000000000000000e+03
4.100000000000000000e+02
4.815000000000000000e+03
1.289000000000000000e+03
1.412000000000000000e+03
9.083000000000000000e+03
3.558000000000000000e+03
2.113000000000000000e+04
1.081100000000000000e+04
1.671400000000000000e+04
2.220300000000000000e+04
2.151500000000000000e+04
1.474200000000000000e+04
2.275200000000000000e+04
1.456200000000000000e+04
1.293900000000000000e+04
5.947000000000000000e+03
2.632000000000000000e+03
4.274000000000000000e+03
2.721000000000000000e+03
1.650000000000000000e+03
1.060000000000000000e+02
1.340000000000000000e+02
1.010000000000000000e+02
4.724000000000000000e+03
1.700000000000000000e+01
1.840000000000000000e+02
3.500000000000000000e+01
2.970000000000000000e+02
9.330000000000000000e+02
2.303000000000000000e+03
1.000000000000000000e+01
8.400000000000000000e+01
2.400000000000000000e+01
7.200000000000000000e+01
2.000000000000000000e+00
3.970000000000000000e+02
2.640000000000000000e+02
2.000000000000000000e+00
5.700000000000000000e+01
3.000000000000000000e+00
0.000000000000000000e+00
4.000000000000000000e+01
1.000000000000000000e+00
6.290000000000000000e+02
5.600000000000000000e+01
8.000000000000000000e+00
4.000000000000000000e+00
8.000000000000000000e+00
8.700000000000000000e+01
1.500000000000000000e+01
5.000000000000000000e+00
0.000000000000000000e+00
0.000000000000000000e+00
3.200000000000000000e+01
0.000000000000000000e+00
1.000000000000000000e+00
3.000000000000000000e+00
0.000000000000000000e+00
0.000000000000000000e+00
9.100000000000000000e+01
0.000000000000000000e+00
7.000000000000000000e+00
3.000000000000000000e+00
2.400000000000000000e+01
0.000000000000000000e+00
1.000000000000000000e+00
7.000000000000000000e+00
1.000000000000000000e+01
6.880000000000000000e+02
0.000000000000000000e+00
0.000000000000000000e+00
0.000000000000000000e+00
9.000000000000000000e+00
4.700000000000000000e+01
0.000000000000000000e+00
0.000000000000000000e+00
1.680000000000000000e+02
0.000000000000000000e+00
1.000000000000000000e+00
0.000000000000000000e+00
9.000000000000000000e+00
0.000000000000000000e+00
0.000000000000000000e+00
1.190000000000000000e+02
0.000000000000000000e+00
0.000000000000000000e+00
2.000000000000000000e+00
0.000000000000000000e+00
3.000000000000000000e+00
2.160000000000000000e+02
0.000000000000000000e+00
3.800000000000000000e+01
0.000000000000000000e+00
2.000000000000000000e+00
1.280000000000000000e+02
1.000000000000000000e+00
4.370000000000000000e+02
5.800000000000000000e+01
4.900000000000000000e+01
2.100000000000000000e+02
6.700000000000000000e+01
7.600000000000000000e+01
4.350000000000000000e+02
8.970000000000000000e+02
4.190000000000000000e+02
2.350000000000000000e+02
1.620000000000000000e+02
6.700000000000000000e+02
4.340000000000000000e+02
1.370000000000000000e+02
4.000000000000000000e+00
1.100000000000000000e+01
4.000000000000000000e+00
1.794000000000000000e+03
0.000000000000000000e+00
1.700000000000000000e+01
2.000000000000000000e+00
5.900000000000000000e+01
3.700000000000000000e+02
1.003000000000000000e+03
2.000000000000000000e+00
9.000000000000000000e+00
3.000000000000000000e+00
1.400000000000000000e+01
0.000000000000000000e+00
4.550000000000000000e+02
5.800000000000000000e+01
0.000000000000000000e+00
7.000000000000000000e+00
4.000000000000000000e+00
0.000000000000000000e+00
8.000000000000000000e+00
0.000000000000000000e+00
1.371000000000000000e+03
7.000000000000000000e+00
1.000000000000000000e+00
2.000000000000000000e+00
5.000000000000000000e+00
5.100000000000000000e+01
4.000000000000000000e+00
1.000000000000000000e+00
1.000000000000000000e+00
4.000000000000000000e+00
3.900000000000000000e+01
0.000000000000000000e+00
0.000000000000000000e+00
2.000000000000000000e+00
2.000000000000000000e+00
2.000000000000000000e+00
3.140000000000000000e+02
2.000000000000000000e+00
7.000000000000000000e+00
4.000000000000000000e+00
8.000000000000000000e+01
3.000000000000000000e+00
3.000000000000000000e+00
1.300000000000000000e+01
1.100000000000000000e+01
2.889000000000000000e+03
1.600000000000000000e+01
2.800000000000000000e+01
1.800000000000000000e+01
4.100000000000000000e+01
3.040000000000000000e+02
2.700000000000000000e+01
4.300000000000000000e+01
1.162000000000000000e+03
5.400000000000000000e+01
9.600000000000000000e+01
9.400000000000000000e+01
4.990000000000000000e+02
9.700000000000000000e+01
9.400000000000000000e+01
6.585000000000000000e+03
8.900000000000000000e+01
2.384000000000000000e+03
1.584000000000000000e+03
1.840000000000000000e+03
3.019000000000000000e+03
2.295000000000000000e+03
2.177000000000000000e+03
2.970000000000000000e+03
3.187000000000000000e+03
3.516000000000000000e+03
3.527000000000000000e+03
3.524000000000000000e+03
3.843000000000000000e+03
3.727000000000000000e+03
4.145000000000000000e+03
3.930000000000000000e+03
3.859000000000000000e+03
4.457000000000000000e+03
4.004000000000000000e+03
3.678000000000000000e+03
3.730000000000000000e+03
3.378000000000000000e+03
3.650000000000000000e+03
3.525000000000000000e+03
3.101000000000000000e+03
3.594000000000000000e+03
3.824000000000000000e+03
3.391000000000000000e+03
3.139000000000000000e+03
3.538000000000000000e+03
3.080000000000000000e+03
3.478000000000000000e+03
3.649000000000000000e+03
3.147000000000000000e+03
3.568000000000000000e+03
4.101000000000000000e+03
2.928000000000000000e+03
3.687000000000000000e+03
3.153000000000000000e+03
3.450000000000000000e+03
2.961000000000000000e+03
3.057000000000000000e+03
3.209000000000000000e+03
2.971000000000000000e+03
2.632000000000000000e+03
2.500000000000000000e+03
2.362000000000000000e+03
2.375000000000000000e+03
2.319000000000000000e+03
2.175000000000000000e+03
2.225000000000000000e+03
1.978000000000000000e+03
2.041000000000000000e+03
1.957000000000000000e+03
1.954000000000000000e+03
1.846000000000000000e+03
1.843000000000000000e+03
1.769000000000000000e+03
1.660000000000000000e+03
1.744000000000000000e+03
1.663000000000000000e+03
1.605000000000000000e+03
1.403000000000000000e+03
1.718000000000000000e+03
1.404000000000000000e+03
1.311000000000000000e+03
1.271000000000000000e+03
1.356000000000000000e+03
1.161000000000000000e+03
1.367000000000000000e+03
1.120000000000000000e+03
1.073000000000000000e+03
1.077000000000000000e+03
9.660000000000000000e+02
1.012000000000000000e+03
9.220000000000000000e+02
1.048000000000000000e+03
9.740000000000000000e+02
7.990000000000000000e+02
8.980000000000000000e+02
8.570000000000000000e+02
8.370000000000000000e+02
9.680000000000000000e+02
7.280000000000000000e+02
1.031000000000000000e+03
6.650000000000000000e+02
7.430000000000000000e+02
7.820000000000000000e+02
7.530000000000000000e+02
8.250000000000000000e+02
6.880000000000000000e+02
6.890000000000000000e+02
6.390000000000000000e+02
6.440000000000000000e+02
5.740000000000000000e+02
6.400000000000000000e+02
5.500000000000000000e+02
5.370000000000000000e+02
4.850000000000000000e+02
5.440000000000000000e+02
4.140000000000000000e+02
5.620000000000000000e+02
4.500000000000000000e+02
4.420000000000000000e+02
3.810000000000000000e+02
4.330000000000000000e+02
4.070000000000000000e+02
3.340000000000000000e+02
4.110000000000000000e+02
3.130000000000000000e+02
3.440000000000000000e+02
3.250000000000000000e+02
3.590000000000000000e+02
2.670000000000000000e+02
2.560000000000000000e+02
2.910000000000000000e+02
2.510000000000000000e+02
2.450000000000000000e+02
2.360000000000000000e+02
2.120000000000000000e+02
2.580000000000000000e+02
1.760000000000000000e+02
1.880000000000000000e+02
2.150000000000000000e+02
2.000000000000000000e+02
1.130000000000000000e+02
1.730000000000000000e+02
4.640000000000000000e+02
1.030000000000000000e+02
2.020000000000000000e+02
1.710000000000000000e+02
1.570000000000000000e+02
1.390000000000000000e+02
1.600000000000000000e+02
1.540000000000000000e+02
1.460000000000000000e+02
1.330000000000000000e+02
1.260000000000000000e+02
1.320000000000000000e+02
1.440000000000000000e+02
9.900000000000000000e+01
1.720000000000000000e+02
1.260000000000000000e+02
1.040000000000000000e+02
8.200000000000000000e+01
1.440000000000000000e+02
9.800000000000000000e+01
1.150000000000000000e+02
1.460000000000000000e+02
9.600000000000000000e+01
1.000000000000000000e+02
9.000000000000000000e+01
1.540000000000000000e+02
7.900000000000000000e+01
1.150000000000000000e+02
1.070000000000000000e+02
8.800000000000000000e+01
1.060000000000000000e+02
1.410000000000000000e+02
5.800000000000000000e+01
9.300000000000000000e+01
9.700000000000000000e+01
5.100000000000000000e+01
8.800000000000000000e+01
9.100000000000000000e+01
7.800000000000000000e+01
7.200000000000000000e+01
8.300000000000000000e+01
4.100000000000000000e+01
2.630000000000000000e+02
3.600000000000000000e+01
6.400000000000000000e+01
8.600000000000000000e+01
9.000000000000000000e+01
6.200000000000000000e+01
5.700000000000000000e+01
9.800000000000000000e+01
3.600000000000000000e+01
9.200000000000000000e+01
6.300000000000000000e+01
6.300000000000000000e+01
1.110000000000000000e+02
6.300000000000000000e+01
5.200000000000000000e+01
1.060000000000000000e+02
5.500000000000000000e+01
4.600000000000000000e+01
6.500000000000000000e+01
5.800000000000000000e+01
3.500000000000000000e+01
1.350000000000000000e+02
2.400000000000000000e+01
6.200000000000000000e+01
4.500000000000000000e+01
6.600000000000000000e+01
5.400000000000000000e+01
5.700000000000000000e+01
6.800000000000000000e+01
5.100000000000000000e+01
6.000000000000000000e+01
4.800000000000000000e+01
4.400000000000000000e+01
3.400000000000000000e+01
7.800000000000000000e+01
4.200000000000000000e+01
4.000000000000000000e+01
4.800000000000000000e+01
3.500000000000000000e+01
5.800000000000000000e+01
3.500000000000000000e+01
5.600000000000000000e+01
1.900000000000000000e+01
1.030000000000000000e+02
3.800000000000000000e+01
3.100000000000000000e+01
4.000000000000000000e+01
3.500000000000000000e+01
2.500000000000000000e+01
3.900000000000000000e+01
2.600000000000000000e+01
4.500000000000000000e+01
3.600000000000000000e+01
5.000000000000000000e+01
3.000000000000000000e+01
2.000000000000000000e+01
2.700000000000000000e+01
4.100000000000000000e+01
1.700000000000000000e+01
1.800000000000000000e+01
3.900000000000000000e+01
2.900000000000000000e+01
1.900000000000000000e+01
2.200000000000000000e+01
2.300000000000000000e+01
3.200000000000000000e+01
1.000000000000000000e+01
3.900000000000000000e+01
1.400000000000000000e+01
2.700000000000000000e+01
3.000000000000000000e+01
2.600000000000000000e+01
2.500000000000000000e+01
2.500000000000000000e+01
2.000000000000000000e+01
1.900000000000000000e+01
2.500000000000000000e+01
3.000000000000000000e+01
2.000000000000000000e+01
2.200000000000000000e+01
7.000000000000000000e+00
1.000000000000000000e+00
2.000000000000000000e+00
1.000000000000000000e+00
0.000000000000000000e+00
1.355000000000000000e+03
1.130000000000000000e+02
2.210000000000000000e+02
2.310000000000000000e+02
2.830000000000000000e+02
2.200000000000000000e+02
2.270000000000000000e+02
1.930000000000000000e+02
1.970000000000000000e+02
2.030000000000000000e+02
2.220000000000000000e+02
2.360000000000000000e+02
2.400000000000000000e+02
2.400000000000000000e+02
2.360000000000000000e+02
2.700000000000000000e+02
2.930000000000000000e+02
3.350000000000000000e+02
3.070000000000000000e+02
3.120000000000000000e+02
3.480000000000000000e+02
3.770000000000000000e+02
3.860000000000000000e+02
3.710000000000000000e+02
4.320000000000000000e+02
4.620000000000000000e+02
4.770000000000000000e+02
5.090000000000000000e+02
4.950000000000000000e+02
5.380000000000000000e+02
5.850000000000000000e+02
5.460000000000000000e+02
5.910000000000000000e+02
6.400000000000000000e+02
6.340000000000000000e+02
7.080000000000000000e+02
6.770000000000000000e+02
6.820000000000000000e+02
7.160000000000000000e+02
7.480000000000000000e+02
7.230000000000000000e+02
7.220000000000000000e+02
7.170000000000000000e+02
6.910000000000000000e+02
7.390000000000000000e+02
7.210000000000000000e+02
7.600000000000000000e+02
7.030000000000000000e+02
7.530000000000000000e+02
7.580000000000000000e+02
7.450000000000000000e+02
7.560000000000000000e+02
8.150000000000000000e+02
8.990000000000000000e+02
8.010000000000000000e+02
7.850000000000000000e+02
8.000000000000000000e+02
7.660000000000000000e+02
8.550000000000000000e+02
7.830000000000000000e+02
8.610000000000000000e+02
8.100000000000000000e+02
8.370000000000000000e+02
8.760000000000000000e+02
8.430000000000000000e+02
8.410000000000000000e+02
8.020000000000000000e+02
8.200000000000000000e+02
7.920000000000000000e+02
7.600000000000000000e+02
7.420000000000000000e+02
7.520000000000000000e+02
7.860000000000000000e+02
7.470000000000000000e+02
7.860000000000000000e+02
7.370000000000000000e+02
7.720000000000000000e+02
7.820000000000000000e+02
7.890000000000000000e+02
8.290000000000000000e+02
7.630000000000000000e+02
8.090000000000000000e+02
7.940000000000000000e+02
8.350000000000000000e+02
8.210000000000000000e+02
8.010000000000000000e+02
8.400000000000000000e+02
8.190000000000000000e+02
8.250000000000000000e+02
8.100000000000000000e+02
8.700000000000000000e+02
8.590000000000000000e+02
8.130000000000000000e+02
8.510000000000000000e+02
8.220000000000000000e+02
8.660000000000000000e+02
8.850000000000000000e+02
8.770000000000000000e+02
9.120000000000000000e+02
8.850000000000000000e+02
8.770000000000000000e+02
8.850000000000000000e+02
9.020000000000000000e+02
9.220000000000000000e+02
9.160000000000000000e+02
8.680000000000000000e+02
9.040000000000000000e+02
8.680000000000000000e+02
9.520000000000000000e+02
9.590000000000000000e+02
8.790000000000000000e+02
9.320000000000000000e+02
9.100000000000000000e+02
8.960000000000000000e+02
9.400000000000000000e+02
9.060000000000000000e+02
8.700000000000000000e+02
8.780000000000000000e+02
9.240000000000000000e+02
9.180000000000000000e+02
8.670000000000000000e+02
8.650000000000000000e+02
8.330000000000000000e+02
8.350000000000000000e+02
8.610000000000000000e+02
8.750000000000000000e+02
8.670000000000000000e+02
8.860000000000000000e+02
1.002000000000000000e+03
9.020000000000000000e+02
9.260000000000000000e+02
1.014000000000000000e+03
9.440000000000000000e+02
9.790000000000000000e+02
9.660000000000000000e+02
9.830000000000000000e+02
9.500000000000000000e+02
1.021000000000000000e+03
1.006000000000000000e+03
1.025000000000000000e+03
1.037000000000000000e+03
9.980000000000000000e+02
1.064000000000000000e+03
1.022000000000000000e+03
1.030000000000000000e+03
1.056000000000000000e+03
1.109000000000000000e+03
1.106000000000000000e+03
1.126000000000000000e+03
1.092000000000000000e+03
1.143000000000000000e+03
1.161000000000000000e+03
1.147000000000000000e+03
1.119000000000000000e+03
1.200000000000000000e+03
1.209000000000000000e+03
1.227000000000000000e+03
1.272000000000000000e+03
1.330000000000000000e+03
1.321000000000000000e+03
1.274000000000000000e+03
1.330000000000000000e+03
1.426000000000000000e+03
1.374000000000000000e+03
1.356000000000000000e+03
1.407000000000000000e+03
1.375000000000000000e+03
1.397000000000000000e+03
1.383000000000000000e+03
1.342000000000000000e+03
1.369000000000000000e+03
1.285000000000000000e+03
1.245000000000000000e+03
1.163000000000000000e+03
1.263000000000000000e+03
1.267000000000000000e+03
1.310000000000000000e+03
1.375000000000000000e+03
1.296000000000000000e+03
1.284000000000000000e+03
1.290000000000000000e+03
1.307000000000000000e+03
1.365000000000000000e+03
1.285000000000000000e+03
1.416000000000000000e+03
1.368000000000000000e+03
1.399000000000000000e+03
1.335000000000000000e+03
1.310000000000000000e+03
1.381000000000000000e+03
1.352000000000000000e+03
1.313000000000000000e+03
1.205000000000000000e+03
1.120000000000000000e+03
1.186000000000000000e+03
1.155000000000000000e+03
1.077000000000000000e+03
1.077000000000000000e+03
1.138000000000000000e+03
1.113000000000000000e+03
1.067000000000000000e+03
1.123000000000000000e+03
1.049000000000000000e+03
1.103000000000000000e+03
1.072000000000000000e+03
1.068000000000000000e+03
1.126000000000000000e+03
1.042000000000000000e+03
1.049000000000000000e+03
9.930000000000000000e+02
9.240000000000000000e+02
9.680000000000000000e+02
9.430000000000000000e+02
9.220000000000000000e+02
8.910000000000000000e+02
8.850000000000000000e+02
8.830000000000000000e+02
8.560000000000000000e+02
7.930000000000000000e+02
7.960000000000000000e+02
7.740000000000000000e+02
7.650000000000000000e+02
7.530000000000000000e+02
7.380000000000000000e+02
7.320000000000000000e+02
7.190000000000000000e+02
6.480000000000000000e+02
6.650000000000000000e+02
6.420000000000000000e+02
6.780000000000000000e+02
6.320000000000000000e+02
6.660000000000000000e+02
6.420000000000000000e+02
6.280000000000000000e+02
6.500000000000000000e+02
6.050000000000000000e+02
5.780000000000000000e+02
5.720000000000000000e+02
6.280000000000000000e+02
6.330000000000000000e+02
7.510000000000000000e+02
8.640000000000000000e+02
9.710000000000000000e+02
1.310000000000000000e+03
1.649000000000000000e+03
1.913000000000000000e+03
1.979000000000000000e+03
2.110000000000000000e+03
2.104000000000000000e+03
2.269000000000000000e+03
3.045000000000000000e+03
2.489000000000000000e+03
1.915000000000000000e+03
1.596000000000000000e+03
1.548000000000000000e+03
3.851000000000000000e+03
2.026000000000000000e+03
