1.220000000000000000e+02
8.400000000000000000e+01
1.180000000000000000e+02
2.020000000000000000e+02
2.290000000000000000e+02
3.330000000000000000e+02
4.370000000000000000e+02
6.470000000000000000e+02
7.490000000000000000e+02
6.910000000000000000e+02
6.930000000000000000e+02
7.020000000000000000e+02
7.370000000000000000e+02
6.550000000000000000e+02
4.580000000000000000e+02
4.090000000000000000e+02
3.730000000000000000e+02
3.970000000000000000e+02
3.800000000000000000e+02
3.730000000000000000e+02
4.090000000000000000e+02
4.340000000000000000e+02
4.620000000000000000e+02
4.630000000000000000e+02
4.550000000000000000e+02
4.480000000000000000e+02
4.480000000000000000e+02
4.540000000000000000e+02
4.410000000000000000e+02
4.710000000000000000e+02
4.550000000000000000e+02
4.320000000000000000e+02
4.850000000000000000e+02
4.430000000000000000e+02
4.420000000000000000e+02
4.170000000000000000e+02
4.090000000000000000e+02
4.400000000000000000e+02
4.070000000000000000e+02
4.310000000000000000e+02
4.350000000000000000e+02
4.660000000000000000e+02
4.800000000000000000e+02
5.030000000000000000e+02
4.580000000000000000e+02
4.750000000000000000e+02
5.020000000000000000e+02
5.220000000000000000e+02
4.400000000000000000e+02
4.450000000000000000e+02
4.460000000000000000e+02
4.670000000000000000e+02
4.940000000000000000e+02
4.800000000000000000e+02
5.020000000000000000e+02
4.830000000000000000e+02
4.690000000000000000e+02
4.520000000000000000e+02
4.710000000000000000e+02
4.830000000000000000e+02
4.740000000000000000e+02
4.490000000000000000e+02
4.770000000000000000e+02
4.910000000000000000e+02
5.370000000000000000e+02
5.040000000000000000e+02
5.230000000000000000e+02
5.840000000000000000e+02
5.760000000000000000e+02
5.890000000000000000e+02
6.120000000000000000e+02
5.740000000000000000e+02
5.410000000000000000e+02
5.140000000000000000e+02
5.540000000000000000e+02
5.710000000000000000e+02
5.700000000000000000e+02
5.950000000000000000e+02
6.910000000000000000e+02
6.360000000000000000e+02
6.750000000000000000e+02
6.830000000000000000e+02
6.030000000000000000e+02
6.210000000000000000e+02
6.050000000000000000e+02
6.030000000000000000e+02
6.570000000000000000e+02
6.310000000000000000e+02
6.850000000000000000e+02
6.910000000000000000e+02
7.120000000000000000e+02
7.930000000000000000e+02
9.240000000000000000e+02
1.031000000000000000e+03
1.061000000000000000e+03
1.018000000000000000e+03
9.260000000000000000e+02
8.950000000000000000e+02
9.240000000000000000e+02
9.780000000000000000e+02
9.940000000000000000e+02
9.710000000000000000e+02
1.071000000000000000e+03
1.102000000000000000e+03
1.126000000000000000e+03
1.187000000000000000e+03
1.223000000000000000e+03
1.287000000000000000e+03
1.235000000000000000e+03
1.312000000000000000e+03
1.258000000000000000e+03
1.313000000000000000e+03
1.361000000000000000e+03
1.440000000000000000e+03
1.442000000000000000e+03
1.531000000000000000e+03
1.582000000000000000e+03
1.733000000000000000e+03
1.777000000000000000e+03
1.910000000000000000e+03
2.092000000000000000e+03
2.192000000000000000e+03
2.134000000000000000e+03
2.258000000000000000e+03
2.252000000000000000e+03
2.277000000000000000e+03
2.264000000000000000e+03
2.036000000000000000e+03
2.064000000000000000e+03
2.021000000000000000e+03
1.923000000000000000e+03
1.845000000000000000e+03
1.877000000000000000e+03
1.723000000000000000e+03
1.581000000000000000e+03
1.616000000000000000e+03
1.514000000000000000e+03
1.494000000000000000e+03
1.354000000000000000e+03
1.382000000000000000e+03
1.261000000000000000e+03
1.210000000000000000e+03
1.223000000000000000e+03
1.149000000000000000e+03
1.195000000000000000e+03
1.128000000000000000e+03
1.133000000000000000e+03
1.099000000000000000e+03
1.123000000000000000e+03
1.099000000000000000e+03
1.029000000000000000e+03
1.035000000000000000e+03
1.105000000000000000e+03
1.086000000000000000e+03
9.560000000000000000e+02
9.380000000000000000e+02
9.830000000000000000e+02
8.710000000000000000e+02
8.580000000000000000e+02
8.690000000000000000e+02
9.300000000000000000e+02
9.170000000000000000e+02
9.190000000000000000e+02
9.570000000000000000e+02
1.004000000000000000e+03
9.280000000000000000e+02
9.080000000000000000e+02
8.910000000000000000e+02
9.080000000000000000e+02
9.380000000000000000e+02
9.330000000000000000e+02
1.018000000000000000e+03
9.240000000000000000e+02
8.810000000000000000e+02
9.990000000000000000e+02
9.630000000000000000e+02
1.036000000000000000e+03
1.065000000000000000e+03
9.970000000000000000e+02
1.031000000000000000e+03
1.115000000000000000e+03
1.167000000000000000e+03
1.181000000000000000e+03
1.114000000000000000e+03
1.194000000000000000e+03
1.156000000000000000e+03
1.175000000000000000e+03
1.211000000000000000e+03
1.179000000000000000e+03
1.128000000000000000e+03
1.268000000000000000e+03
1.368000000000000000e+03
1.419000000000000000e+03
1.454000000000000000e+03
1.520000000000000000e+03
1.684000000000000000e+03
1.739000000000000000e+03
1.871000000000000000e+03
1.855000000000000000e+03
1.843000000000000000e+03
1.768000000000000000e+03
1.792000000000000000e+03
1.582000000000000000e+03
1.527000000000000000e+03
1.392000000000000000e+03
1.274000000000000000e+03
1.105000000000000000e+03
1.051000000000000000e+03
9.510000000000000000e+02
8.560000000000000000e+02
8.420000000000000000e+02
8.070000000000000000e+02
7.460000000000000000e+02
7.960000000000000000e+02
7.490000000000000000e+02
6.780000000000000000e+02
6.760000000000000000e+02
6.380000000000000000e+02
6.570000000000000000e+02
6.320000000000000000e+02
6.490000000000000000e+02
6.230000000000000000e+02
6.030000000000000000e+02
5.820000000000000000e+02
5.710000000000000000e+02
5.420000000000000000e+02
5.430000000000000000e+02
6.160000000000000000e+02
5.400000000000000000e+02
5.760000000000000000e+02
5.820000000000000000e+02
6.090000000000000000e+02
6.490000000000000000e+02
6.200000000000000000e+02
5.580000000000000000e+02
6.140000000000000000e+02
6.240000000000000000e+02
6.530000000000000000e+02
6.070000000000000000e+02
6.290000000000000000e+02
6.370000000000000000e+02
7.260000000000000000e+02
7.210000000000000000e+02
7.900000000000000000e+02
8.140000000000000000e+02
9.590000000000000000e+02
1.181000000000000000e+03
1.279000000000000000e+03
1.422000000000000000e+03
1.529000000000000000e+03
1.356000000000000000e+03
1.538000000000000000e+03
3.246000000000000000e+03
3.033000000000000000e+03
9.110000000000000000e+02
5.710000000000000000e+02
1.170000000000000000e+02
8.200000000000000000e+01
1.210000000000000000e+02
1.930000000000000000e+02
2.870000000000000000e+02
2.850000000000000000e+02
3.680000000000000000e+02
4.790000000000000000e+02
4.560000000000000000e+02
6.470000000000000000e+02
7.020000000000000000e+02
6.810000000000000000e+02
7.160000000000000000e+02
6.790000000000000000e+02
6.330000000000000000e+02
5.700000000000000000e+02
4.680000000000000000e+02
3.880000000000000000e+02
3.900000000000000000e+02
4.160000000000000000e+02
4.050000000000000000e+02
4.120000000000000000e+02
4.500000000000000000e+02
5.070000000000000000e+02
4.250000000000000000e+02
4.640000000000000000e+02
4.610000000000000000e+02
4.580000000000000000e+02
4.120000000000000000e+02
4.810000000000000000e+02
4.530000000000000000e+02
4.640000000000000000e+02
4.590000000000000000e+02
4.930000000000000000e+02
5.000000000000000000e+02
4.530000000000000000e+02
4.230000000000000000e+02
4.490000000000000000e+02
4.600000000000000000e+02
4.310000000000000000e+02
4.600000000000000000e+02
4.870000000000000000e+02
4.960000000000000000e+02
5.020000000000000000e+02
5.280000000000000000e+02
4.970000000000000000e+02
4.710000000000000000e+02
4.840000000000000000e+02
4.870000000000000000e+02
4.380000000000000000e+02
4.650000000000000000e+02
4.660000000000000000e+02
4.910000000000000000e+02
5.300000000000000000e+02
5.480000000000000000e+02
5.440000000000000000e+02
5.110000000000000000e+02
4.670000000000000000e+02
4.760000000000000000e+02
4.980000000000000000e+02
4.820000000000000000e+02
5.260000000000000000e+02
4.620000000000000000e+02
5.000000000000000000e+02
5.080000000000000000e+02
5.470000000000000000e+02
5.300000000000000000e+02
5.800000000000000000e+02
6.120000000000000000e+02
6.340000000000000000e+02
6.530000000000000000e+02
7.230000000000000000e+02
6.620000000000000000e+02
8.160000000000000000e+02
8.120000000000000000e+02
9.040000000000000000e+02
9.420000000000000000e+02
8.840000000000000000e+02
9.250000000000000000e+02
1.015000000000000000e+03
9.970000000000000000e+02
1.091000000000000000e+03
1.121000000000000000e+03
1.059000000000000000e+03
1.074000000000000000e+03
1.120000000000000000e+03
1.157000000000000000e+03
1.181000000000000000e+03
1.154000000000000000e+03
1.127000000000000000e+03
1.196000000000000000e+03
1.177000000000000000e+03
1.239000000000000000e+03
1.286000000000000000e+03
1.386000000000000000e+03
1.343000000000000000e+03
1.324000000000000000e+03
1.207000000000000000e+03
1.209000000000000000e+03
1.109000000000000000e+03
1.080000000000000000e+03
1.098000000000000000e+03
1.077000000000000000e+03
1.165000000000000000e+03
1.147000000000000000e+03
1.140000000000000000e+03
1.158000000000000000e+03
1.190000000000000000e+03
1.243000000000000000e+03
1.208000000000000000e+03
1.244000000000000000e+03
1.261000000000000000e+03
1.352000000000000000e+03
1.327000000000000000e+03
1.420000000000000000e+03
1.448000000000000000e+03
1.506000000000000000e+03
1.574000000000000000e+03
1.653000000000000000e+03
1.603000000000000000e+03
1.699000000000000000e+03
1.801000000000000000e+03
1.887000000000000000e+03
1.942000000000000000e+03
1.935000000000000000e+03
1.891000000000000000e+03
2.045000000000000000e+03
2.082000000000000000e+03
2.028000000000000000e+03
2.011000000000000000e+03
1.955000000000000000e+03
1.953000000000000000e+03
1.948000000000000000e+03
1.841000000000000000e+03
1.810000000000000000e+03
1.841000000000000000e+03
1.847000000000000000e+03
1.657000000000000000e+03
1.724000000000000000e+03
1.534000000000000000e+03
1.502000000000000000e+03
1.353000000000000000e+03
1.351000000000000000e+03
1.400000000000000000e+03
1.287000000000000000e+03
1.330000000000000000e+03
1.244000000000000000e+03
1.248000000000000000e+03
1.182000000000000000e+03
1.157000000000000000e+03
1.059000000000000000e+03
1.097000000000000000e+03
1.142000000000000000e+03
1.104000000000000000e+03
1.199000000000000000e+03
1.250000000000000000e+03
1.390000000000000000e+03
1.443000000000000000e+03
1.473000000000000000e+03
1.558000000000000000e+03
1.477000000000000000e+03
1.565000000000000000e+03
1.496000000000000000e+03
1.467000000000000000e+03
1.349000000000000000e+03
1.236000000000000000e+03
1.202000000000000000e+03
1.122000000000000000e+03
9.870000000000000000e+02
8.820000000000000000e+02
7.630000000000000000e+02
7.760000000000000000e+02
7.690000000000000000e+02
6.990000000000000000e+02
7.400000000000000000e+02
7.440000000000000000e+02
7.320000000000000000e+02
8.130000000000000000e+02
8.050000000000000000e+02
8.340000000000000000e+02
7.900000000000000000e+02
8.000000000000000000e+02
7.940000000000000000e+02
8.430000000000000000e+02
8.310000000000000000e+02
8.510000000000000000e+02
8.310000000000000000e+02
8.240000000000000000e+02
9.180000000000000000e+02
9.070000000000000000e+02
9.100000000000000000e+02
9.480000000000000000e+02
8.950000000000000000e+02
9.880000000000000000e+02
9.850000000000000000e+02
9.780000000000000000e+02
9.560000000000000000e+02
9.100000000000000000e+02
1.035000000000000000e+03
9.260000000000000000e+02
9.820000000000000000e+02
9.710000000000000000e+02
9.610000000000000000e+02
9.640000000000000000e+02
9.850000000000000000e+02
9.050000000000000000e+02
8.860000000000000000e+02
8.150000000000000000e+02
7.920000000000000000e+02
7.370000000000000000e+02
7.630000000000000000e+02
7.150000000000000000e+02
6.420000000000000000e+02
6.790000000000000000e+02
6.450000000000000000e+02
5.830000000000000000e+02
5.590000000000000000e+02
5.640000000000000000e+02
4.920000000000000000e+02
5.190000000000000000e+02
4.780000000000000000e+02
4.850000000000000000e+02
4.860000000000000000e+02
5.290000000000000000e+02
5.030000000000000000e+02
5.000000000000000000e+02
4.760000000000000000e+02
4.850000000000000000e+02
4.870000000000000000e+02
4.930000000000000000e+02
5.220000000000000000e+02
4.610000000000000000e+02
4.900000000000000000e+02
5.160000000000000000e+02
5.330000000000000000e+02
5.500000000000000000e+02
5.440000000000000000e+02
5.550000000000000000e+02
5.680000000000000000e+02
5.680000000000000000e+02
6.020000000000000000e+02
5.590000000000000000e+02
6.360000000000000000e+02
6.210000000000000000e+02
7.140000000000000000e+02
7.460000000000000000e+02
8.970000000000000000e+02
9.190000000000000000e+02
1.066000000000000000e+03
1.227000000000000000e+03
1.242000000000000000e+03
1.161000000000000000e+03
2.244000000000000000e+03
4.364000000000000000e+03
3.957000000000000000e+03
1.327000000000000000e+03
2.440000000000000000e+02
1.150000000000000000e+02
1.890000000000000000e+02
2.000000000000000000e+02
2.640000000000000000e+02
3.040000000000000000e+02
3.520000000000000000e+02
4.430000000000000000e+02
5.710000000000000000e+02
6.940000000000000000e+02
6.350000000000000000e+02
7.150000000000000000e+02
7.060000000000000000e+02
6.680000000000000000e+02
5.480000000000000000e+02
4.450000000000000000e+02
3.820000000000000000e+02
3.490000000000000000e+02
3.370000000000000000e+02
3.250000000000000000e+02
4.020000000000000000e+02
4.250000000000000000e+02
4.030000000000000000e+02
3.910000000000000000e+02
4.540000000000000000e+02
4.800000000000000000e+02
4.620000000000000000e+02
4.270000000000000000e+02
4.220000000000000000e+02
4.040000000000000000e+02
4.140000000000000000e+02
4.790000000000000000e+02
4.640000000000000000e+02
4.780000000000000000e+02
4.150000000000000000e+02
4.750000000000000000e+02
4.570000000000000000e+02
4.460000000000000000e+02
4.300000000000000000e+02
4.490000000000000000e+02
4.790000000000000000e+02
4.670000000000000000e+02
4.800000000000000000e+02
4.800000000000000000e+02
5.000000000000000000e+02
4.870000000000000000e+02
4.970000000000000000e+02
5.000000000000000000e+02
4.920000000000000000e+02
4.740000000000000000e+02
5.190000000000000000e+02
4.570000000000000000e+02
4.940000000000000000e+02
4.340000000000000000e+02
4.590000000000000000e+02
4.990000000000000000e+02
5.040000000000000000e+02
5.450000000000000000e+02
5.280000000000000000e+02
4.850000000000000000e+02
4.810000000000000000e+02
4.850000000000000000e+02
5.040000000000000000e+02
5.340000000000000000e+02
5.070000000000000000e+02
5.770000000000000000e+02
6.480000000000000000e+02
7.450000000000000000e+02
8.210000000000000000e+02
8.620000000000000000e+02
9.030000000000000000e+02
8.770000000000000000e+02
8.950000000000000000e+02
9.140000000000000000e+02
9.190000000000000000e+02
9.990000000000000000e+02
9.530000000000000000e+02
1.001000000000000000e+03
1.028000000000000000e+03
1.038000000000000000e+03
1.178000000000000000e+03
1.186000000000000000e+03
1.184000000000000000e+03
1.263000000000000000e+03
1.171000000000000000e+03
1.166000000000000000e+03
1.273000000000000000e+03
1.161000000000000000e+03
1.196000000000000000e+03
1.123000000000000000e+03
1.110000000000000000e+03
1.142000000000000000e+03
1.062000000000000000e+03
1.028000000000000000e+03
9.610000000000000000e+02
9.730000000000000000e+02
1.029000000000000000e+03
1.083000000000000000e+03
1.155000000000000000e+03
1.169000000000000000e+03
1.195000000000000000e+03
1.156000000000000000e+03
1.137000000000000000e+03
1.172000000000000000e+03
1.111000000000000000e+03
1.144000000000000000e+03
1.031000000000000000e+03
1.162000000000000000e+03
1.185000000000000000e+03
1.226000000000000000e+03
1.249000000000000000e+03
1.227000000000000000e+03
1.289000000000000000e+03
1.219000000000000000e+03
1.247000000000000000e+03
1.250000000000000000e+03
1.251000000000000000e+03
1.296000000000000000e+03
1.374000000000000000e+03
1.357000000000000000e+03
1.422000000000000000e+03
1.567000000000000000e+03
1.520000000000000000e+03
1.463000000000000000e+03
1.376000000000000000e+03
1.492000000000000000e+03
1.776000000000000000e+03
1.919000000000000000e+03
1.826000000000000000e+03
1.950000000000000000e+03
1.845000000000000000e+03
2.026000000000000000e+03
2.040000000000000000e+03
1.996000000000000000e+03
2.042000000000000000e+03
2.002000000000000000e+03
1.994000000000000000e+03
1.991000000000000000e+03
1.938000000000000000e+03
1.870000000000000000e+03
1.913000000000000000e+03
1.801000000000000000e+03
1.763000000000000000e+03
1.740000000000000000e+03
1.709000000000000000e+03
1.647000000000000000e+03
1.633000000000000000e+03
1.707000000000000000e+03
1.740000000000000000e+03
1.747000000000000000e+03
1.739000000000000000e+03
1.691000000000000000e+03
1.657000000000000000e+03
1.590000000000000000e+03
1.508000000000000000e+03
1.418000000000000000e+03
1.307000000000000000e+03
1.247000000000000000e+03
1.136000000000000000e+03
1.050000000000000000e+03
9.660000000000000000e+02
9.450000000000000000e+02
8.490000000000000000e+02
8.160000000000000000e+02
8.080000000000000000e+02
7.690000000000000000e+02
7.740000000000000000e+02
7.780000000000000000e+02
7.940000000000000000e+02
7.990000000000000000e+02
7.450000000000000000e+02
7.710000000000000000e+02
7.510000000000000000e+02
6.480000000000000000e+02
6.350000000000000000e+02
5.970000000000000000e+02
6.150000000000000000e+02
6.290000000000000000e+02
5.680000000000000000e+02
6.410000000000000000e+02
5.930000000000000000e+02
5.510000000000000000e+02
5.880000000000000000e+02
5.790000000000000000e+02
6.140000000000000000e+02
6.340000000000000000e+02
6.460000000000000000e+02
6.760000000000000000e+02
6.950000000000000000e+02
6.930000000000000000e+02
7.370000000000000000e+02
6.930000000000000000e+02
7.770000000000000000e+02
8.120000000000000000e+02
7.980000000000000000e+02
8.420000000000000000e+02
8.130000000000000000e+02
8.320000000000000000e+02
8.800000000000000000e+02
7.840000000000000000e+02
9.050000000000000000e+02
9.330000000000000000e+02
9.260000000000000000e+02
8.870000000000000000e+02
9.110000000000000000e+02
9.730000000000000000e+02
9.050000000000000000e+02
9.510000000000000000e+02
9.580000000000000000e+02
9.490000000000000000e+02
9.110000000000000000e+02
9.510000000000000000e+02
9.020000000000000000e+02
8.560000000000000000e+02
8.130000000000000000e+02
8.000000000000000000e+02
7.540000000000000000e+02
7.150000000000000000e+02
6.880000000000000000e+02
6.540000000000000000e+02
6.240000000000000000e+02
5.960000000000000000e+02
5.670000000000000000e+02
5.800000000000000000e+02
5.670000000000000000e+02
5.120000000000000000e+02
4.990000000000000000e+02
4.690000000000000000e+02
5.060000000000000000e+02
4.860000000000000000e+02
5.370000000000000000e+02
5.160000000000000000e+02
5.090000000000000000e+02
5.140000000000000000e+02
5.080000000000000000e+02
4.990000000000000000e+02
4.690000000000000000e+02
5.390000000000000000e+02
4.980000000000000000e+02
5.190000000000000000e+02
5.330000000000000000e+02
5.570000000000000000e+02
5.570000000000000000e+02
5.760000000000000000e+02
5.780000000000000000e+02
5.560000000000000000e+02
6.040000000000000000e+02
6.520000000000000000e+02
6.690000000000000000e+02
7.280000000000000000e+02
7.820000000000000000e+02
1.034000000000000000e+03
1.363000000000000000e+03
2.004000000000000000e+03
3.489000000000000000e+03
1.090400000000000000e+04
4.430000000000000000e+03
3.800000000000000000e+02
8.530000000000000000e+02
1.366000000000000000e+03
5.636000000000000000e+03
1.315700000000000000e+04
2.316600000000000000e+04
5.959000000000000000e+03
5.581000000000000000e+03
1.412000000000000000e+03
3.650000000000000000e+02
6.560000000000000000e+02
4.500000000000000000e+01
3.820000000000000000e+02
4.400000000000000000e+01
2.800000000000000000e+01
1.100000000000000000e+01
1.200000000000000000e+01
3.000000000000000000e+00
4.900000000000000000e+01
5.510000000000000000e+02
3.000000000000000000e+00
0.000000000000000000e+00
7.000000000000000000e+00
1.360000000000000000e+02
1.100000000000000000e+01
1.000000000000000000e+00
0.000000000000000000e+00
0.000000000000000000e+00
0.000000000000000000e+00
6.950000000000000000e+02
0.000000000000000000e+00
0.000000000000000000e+00
0.000000000000000000e+00
0.000000000000000000e+00
0.000000000000000000e+00
7.000000000000000000e+01
0.000000000000000000e+00
0.000000000000000000e+00
0.000000000000000000e+00
1.000000000000000000e+00
0.000000000000000000e+00
1.300000000000000000e+01
0.000000000000000000e+00
0.000000000000000000e+00
2.400000000000000000e+01
0.000000000000000000e+00
0.000000000000000000e+00
0.000000000000000000e+00
0.000000000000000000e+00
3.980000000000000000e+02
0.000000000000000000e+00
0.000000000000000000e+00
0.000000000000000000e+00
0.000000000000000000e+00
0.000000000000000000e+00
0.000000000000000000e+00
0.000000000000000000e+00
0.000000000000000000e+00
0.000000000000000000e+00
1.100000000000000000e+01
0.000000000000000000e+00
0.000000000000000000e+00
0.000000000000000000e+00
0.000000000000000000e+00
0.000000000000000000e+00
6.900000000000000000e+01
0.000000000000000000e+00
1.000000000000000000e+00
0.000000000000000000e+00
9.000000000000000000e+00
0.000000000000000000e+00
1.000000000000000000e+00
0.000000000000000000e+00
0.000000000000000000e+00
6.078000000000000000e+03
0.000000000000000000e+00
0.000000000000000000e+00
0.000000000000000000e+00
1.000000000000000000e+00
5.800000000000000000e+01
0.000000000000000000e+00
0.000000000000000000e+00
6.730000000000000000e+02
0.000000000000000000e+00
2.000000000000000000e+00
0.000000000000000000e+00
1.200000000000000000e+01
0.000000000000000000e+00
0.000000000000000000e+00
1.093000000000000000e+03
0.000000000000000000e+00
0.000000000000000000e+00
1.000000000000000000e+00
0.000000000000000000e+00
7.000000000000000000e+00
3.269000000000000000e+03
0.000000000000000000e+00
3.800000000000000000e+01
2.000000000000000000e+00
5.160000000000000000e+02
1.590000000000000000e+02
3.100000000000000000e+01
3.461000000000000000e+03
9.300000000000000000e+01
2.981000000000000000e+03
2.903000000000000000e+03
3.810000000000000000e+02
4.800000000000000000e+01
4.315500000000000000e+04
2.725600000000000000e+04
3.113400000000000000e+04
3.700000000000000000e+01
5.930000000000000000e+02
2.764700000000000000e+04
1.263500000000000000e+04
2.900000000000000000e+01
9.000000000000000000e+00
7.000000000000000000e+00
5.000000000000000000e+00
3.777000000000000000e+03
4.000000000000000000e+00
4.000000000000000000e+00
4.000000000000000000e+00
4.700000000000000000e+01
3.160000000000000000e+02
1.234000000000000000e+03
0.000000000000000000e+00
6.000000000000000000e+00
2.000000000000000000e+00
1.100000000000000000e+01
1.000000000000000000e+00
2.010000000000000000e+02
4.900000000000000000e+01
0.000000000000000000e+00
6.000000000000000000e+00
1.000000000000000000e+00
0.000000000000000000e+00
4.000000000000000000e+00
0.000000000000000000e+00
6.070000000000000000e+02
3.000000000000000000e+00
1.000000000000000000e+00
0.000000000000000000e+00
0.000000000000000000e+00
4.400000000000000000e+01
3.000000000000000000e+00
0.000000000000000000e+00
0.000000000000000000e+00
0.000000000000000000e+00
9.500000000000000000e+01
0.000000000000000000e+00
2.000000000000000000e+00
0.000000000000000000e+00
0.000000000000000000e+00
1.000000000000000000e+00
2.240000000000000000e+02
0.000000000000000000e+00
1.000000000000000000e+00
3.000000000000000000e+00
1.450000000000000000e+02
2.000000000000000000e+00
3.000000000000000000e+00
2.200000000000000000e+01
1.100000000000000000e+01
9.230000000000000000e+02
3.000000000000000000e+00
2.000000000000000000e+00
2.000000000000000000e+00
7.800000000000000000e+01
5.810000000000000000e+02
0.000000000000000000e+00
1.000000000000000000e+00
3.670000000000000000e+02
4.300000000000000000e+01
1.650000000000000000e+02
2.800000000000000000e+01
1.028000000000000000e+03
5.100000000000000000e+01
4.400000000000000000e+01
2.999000000000000000e+03
7.500000000000000000e+02
3.626000000000000000e+03
5.133000000000000000e+03
1.328000000000000000e+03
3.454000000000000000e+03
4.241000000000000000e+03
5.604000000000000000e+03
6.252000000000000000e+03
5.937000000000000000e+03
1.361300000000000000e+04
2.677700000000000000e+04
2.891900000000000000e+04
2.047000000000000000e+04
1.395100000000000000e+04
1.306400000000000000e+04
4.769000000000000000e+03
1.771000000000000000e+03
1.397000000000000000e+03
1.099000000000000000e+03
1.154000000000000000e+03
9.890000000000000000e+02
8.090000000000000000e+02
9.020000000000000000e+02
6.840000000000000000e+02
5.420000000000000000e+02
8.230000000000000000e+02
6.840000000000000000e+02
7.170000000000000000e+02
4.770000000000000000e+02
5.770000000000000000e+02
5.400000000000000000e+02
6.930000000000000000e+02
4.460000000000000000e+02
7.320000000000000000e+02
4.620000000000000000e+02
9.280000000000000000e+02
2.190000000000000000e+02
4.430000000000000000e+02
7.670000000000000000e+02
4.680000000000000000e+02
3.750000000000000000e+02
3.700000000000000000e+02
9.420000000000000000e+02
4.890000000000000000e+02
5.630000000000000000e+02
8.560000000000000000e+02
5.430000000000000000e+02
6.510000000000000000e+02
5.850000000000000000e+02
6.040000000000000000e+02
1.245000000000000000e+03
7.650000000000000000e+02
9.130000000000000000e+02
1.055000000000000000e+03
1.360000000000000000e+03
1.454000000000000000e+03
2.198000000000000000e+03
2.835000000000000000e+03
3.453000000000000000e+03
4.162000000000000000e+03
4.503000000000000000e+03
4.785000000000000000e+03
5.149000000000000000e+03
4.756000000000000000e+03
3.545000000000000000e+03
2.457000000000000000e+03
1.638000000000000000e+03
1.245000000000000000e+03
9.920000000000000000e+02
7.540000000000000000e+02
4.210000000000000000e+02
2.910000000000000000e+02
3.900000000000000000e+02
1.710000000000000000e+02
1.760000000000000000e+02
1.100000000000000000e+02
2.140000000000000000e+02
1.360000000000000000e+02
7.800000000000000000e+01
1.090000000000000000e+02
1.030000000000000000e+02
6.000000000000000000e+01
6.500000000000000000e+01
5.900000000000000000e+01
3.120000000000000000e+02
4.000000000000000000e+01
4.000000000000000000e+01
4.100000000000000000e+01
3.100000000000000000e+01
4.400000000000000000e+01
5.200000000000000000e+01
3.600000000000000000e+01
6.100000000000000000e+01
3.700000000000000000e+01
2.300000000000000000e+01
1.300000000000000000e+02
2.900000000000000000e+01
5.600000000000000000e+01
2.900000000000000000e+01
3.800000000000000000e+01
2.800000000000000000e+01
1.460000000000000000e+02
3.200000000000000000e+01
2.700000000000000000e+01
1.900000000000000000e+01
6.100000000000000000e+01
2.200000000000000000e+01
1.600000000000000000e+01
1.000000000000000000e+02
1.900000000000000000e+01
1.900000000000000000e+01
1.700000000000000000e+01
6.500000000000000000e+01
1.500000000000000000e+01
1.500000000000000000e+01
4.800000000000000000e+01
1.600000000000000000e+01
1.500000000000000000e+01
1.400000000000000000e+01
1.000000000000000000e+01
9.000000000000000000e+00
2.100000000000000000e+01
4.000000000000000000e+00
5.000000000000000000e+00
1.000000000000000000e+01
5.000000000000000000e+00
1.300000000000000000e+01
2.050000000000000000e+02
6.000000000000000000e+00
8.000000000000000000e+00
3.000000000000000000e+00
9.000000000000000000e+00
8.000000000000000000e+00
5.000000000000000000e+00
1.100000000000000000e+01
1.500000000000000000e+01
1.300000000000000000e+01
5.000000000000000000e+00
1.500000000000000000e+01
1.100000000000000000e+01
0.000000000000000000e+00
5.500000000000000000e+01
4.000000000000000000e+00
4.000000000000000000e+00
2.000000000000000000e+00
3.100000000000000000e+01
0.000000000000000000e+00
2.000000000000000000e+00
1.700000000000000000e+01
5.000000000000000000e+00
2.000000000000000000e+00
3.000000000000000000e+00
7.500000000000000000e+01
1.000000000000000000e+00
2.000000000000000000e+00
5.000000000000000000e+00
1.000000000000000000e+01
3.000000000000000000e+00
5.300000000000000000e+01
3.000000000000000000e+00
5.000000000000000000e+00
6.000000000000000000e+00
4.000000000000000000e+00
1.000000000000000000e+01
7.000000000000000000e+00
4.000000000000000000e+00
3.000000000000000000e+00
2.000000000000000000e+00
1.000000000000000000e+00
7.800000000000000000e+01
0.000000000000000000e+00
0.000000000000000000e+00
3.000000000000000000e+00
4.000000000000000000e+00
4.000000000000000000e+00
1.000000000000000000e+00
3.000000000000000000e+00
0.000000000000000000e+00
1.400000000000000000e+01
4.000000000000000000e+00
2.000000000000000000e+00
4.300000000000000000e+01
0.000000000000000000e+00
2.000000000000000000e+00
1.200000000000000000e+01
1.000000000000000000e+00
7.000000000000000000e+00
5.000000000000000000e+00
3.000000000000000000e+00
1.000000000000000000e+00
3.500000000000000000e+01
1.000000000000000000e+00
2.000000000000000000e+00
0.000000000000000000e+00
5.000000000000000000e+00
9.000000000000000000e+00
2.000000000000000000e+00
1.500000000000000000e+01
1.000000000000000000e+00
1.100000000000000000e+01
1.000000000000000000e+00
2.000000000000000000e+00
1.000000000000000000e+00
3.400000000000000000e+01
1.000000000000000000e+00
5.000000000000000000e+00
1.000000000000000000e+00
3.000000000000000000e+00
4.000000000000000000e+00
1.000000000000000000e+00
2.000000000000000000e+00
0.000000000000000000e+00
3.300000000000000000e+01
1.000000000000000000e+00
0.000000000000000000e+00
1.400000000000000000e+01
1.000000000000000000e+00
1.000000000000000000e+00
8.000000000000000000e+00
2.000000000000000000e+00
3.000000000000000000e+00
3.000000000000000000e+00
1.000000000000000000e+01
1.000000000000000000e+00
1.000000000000000000e+00
1.000000000000000000e+00
1.400000000000000000e+01
2.000000000000000000e+00
0.000000000000000000e+00
5.000000000000000000e+00
0.000000000000000000e+00
4.000000000000000000e+00
1.000000000000000000e+00
1.000000000000000000e+01
4.000000000000000000e+00
2.000000000000000000e+00
3.000000000000000000e+00
2.000000000000000000e+00
1.000000000000000000e+00
0.000000000000000000e+00
2.000000000000000000e+00
0.000000000000000000e+00
1.000000000000000000e+00
1.000000000000000000e+00
4.000000000000000000e+00
0.000000000000000000e+00
0.000000000000000000e+00
0.000000000000000000e+00
1.000000000000000000e+00
0.000000000000000000e+00
0.000000000000000000e+00
0.000000000000000000e+00
0.000000000000000000e+00
0.000000000000000000e+00
3.030000000000000000e+02
2.900000000000000000e+01
4.700000000000000000e+01
6.600000000000000000e+01
1.190000000000000000e+02
1.460000000000000000e+02
1.960000000000000000e+02
2.740000000000000000e+02
3.990000000000000000e+02
4.310000000000000000e+02
6.280000000000000000e+02
7.430000000000000000e+02
7.110000000000000000e+02
7.140000000000000000e+02
6.820000000000000000e+02
6.570000000000000000e+02
5.760000000000000000e+02
4.410000000000000000e+02
3.890000000000000000e+02
3.420000000000000000e+02
3.290000000000000000e+02
3.770000000000000000e+02
3.920000000000000000e+02
3.960000000000000000e+02
4.040000000000000000e+02
4.410000000000000000e+02
4.920000000000000000e+02
4.620000000000000000e+02
4.580000000000000000e+02
4.060000000000000000e+02
4.280000000000000000e+02
4.060000000000000000e+02
4.600000000000000000e+02
4.530000000000000000e+02
4.480000000000000000e+02
4.330000000000000000e+02
4.140000000000000000e+02
4.230000000000000000e+02
4.380000000000000000e+02
3.930000000000000000e+02
3.970000000000000000e+02
4.310000000000000000e+02
4.540000000000000000e+02
4.350000000000000000e+02
4.590000000000000000e+02
4.760000000000000000e+02
4.950000000000000000e+02
5.110000000000000000e+02
5.020000000000000000e+02
4.850000000000000000e+02
4.400000000000000000e+02
4.760000000000000000e+02
4.280000000000000000e+02
4.520000000000000000e+02
4.040000000000000000e+02
4.570000000000000000e+02
4.680000000000000000e+02
4.720000000000000000e+02
5.080000000000000000e+02
5.080000000000000000e+02
4.350000000000000000e+02
4.610000000000000000e+02
4.710000000000000000e+02
4.680000000000000000e+02
4.650000000000000000e+02
4.610000000000000000e+02
4.790000000000000000e+02
4.870000000000000000e+02
5.350000000000000000e+02
5.180000000000000000e+02
5.560000000000000000e+02
5.760000000000000000e+02
5.850000000000000000e+02
5.990000000000000000e+02
5.920000000000000000e+02
5.750000000000000000e+02
5.720000000000000000e+02
5.300000000000000000e+02
5.330000000000000000e+02
5.770000000000000000e+02
5.510000000000000000e+02
5.840000000000000000e+02
6.730000000000000000e+02
6.240000000000000000e+02
6.440000000000000000e+02
6.120000000000000000e+02
6.170000000000000000e+02
6.590000000000000000e+02
6.170000000000000000e+02
6.020000000000000000e+02
5.910000000000000000e+02
5.960000000000000000e+02
6.840000000000000000e+02
8.020000000000000000e+02
8.750000000000000000e+02
8.860000000000000000e+02
9.170000000000000000e+02
9.340000000000000000e+02
8.920000000000000000e+02
9.710000000000000000e+02
1.022000000000000000e+03
9.950000000000000000e+02
9.700000000000000000e+02
1.003000000000000000e+03
9.990000000000000000e+02
1.032000000000000000e+03
1.106000000000000000e+03
1.133000000000000000e+03
1.198000000000000000e+03
1.166000000000000000e+03
1.224000000000000000e+03
1.169000000000000000e+03
1.146000000000000000e+03
1.253000000000000000e+03
1.248000000000000000e+03
1.248000000000000000e+03
1.284000000000000000e+03
1.254000000000000000e+03
1.351000000000000000e+03
1.450000000000000000e+03
1.459000000000000000e+03
1.508000000000000000e+03
1.581000000000000000e+03
1.484000000000000000e+03
1.396000000000000000e+03
1.331000000000000000e+03
1.445000000000000000e+03
1.729000000000000000e+03
1.823000000000000000e+03
1.820000000000000000e+03
1.844000000000000000e+03
1.808000000000000000e+03
1.930000000000000000e+03
1.986000000000000000e+03
1.888000000000000000e+03
1.902000000000000000e+03
1.909000000000000000e+03
1.929000000000000000e+03
1.964000000000000000e+03
1.845000000000000000e+03
1.839000000000000000e+03
1.788000000000000000e+03
1.780000000000000000e+03
1.655000000000000000e+03
1.607000000000000000e+03
1.516000000000000000e+03
1.430000000000000000e+03
1.355000000000000000e+03
1.355000000000000000e+03
1.342000000000000000e+03
1.235000000000000000e+03
1.227000000000000000e+03
1.175000000000000000e+03
1.226000000000000000e+03
1.158000000000000000e+03
1.057000000000000000e+03
1.034000000000000000e+03
1.061000000000000000e+03
1.043000000000000000e+03
9.470000000000000000e+02
9.790000000000000000e+02
9.570000000000000000e+02
9.840000000000000000e+02
9.410000000000000000e+02
9.470000000000000000e+02
9.850000000000000000e+02
9.100000000000000000e+02
9.490000000000000000e+02
9.600000000000000000e+02
9.360000000000000000e+02
1.000000000000000000e+03
9.520000000000000000e+02
1.031000000000000000e+03
9.810000000000000000e+02
9.180000000000000000e+02
8.840000000000000000e+02
8.490000000000000000e+02
9.260000000000000000e+02
9.640000000000000000e+02
8.560000000000000000e+02
9.230000000000000000e+02
9.190000000000000000e+02
9.470000000000000000e+02
9.800000000000000000e+02
9.150000000000000000e+02
9.880000000000000000e+02
8.890000000000000000e+02
9.550000000000000000e+02
9.480000000000000000e+02
9.330000000000000000e+02
9.440000000000000000e+02
1.062000000000000000e+03
1.072000000000000000e+03
1.218000000000000000e+03
1.332000000000000000e+03
1.387000000000000000e+03
1.532000000000000000e+03
1.608000000000000000e+03
1.729000000000000000e+03
1.789000000000000000e+03
1.690000000000000000e+03
1.734000000000000000e+03
1.743000000000000000e+03
1.598000000000000000e+03
1.544000000000000000e+03
1.467000000000000000e+03
1.450000000000000000e+03
1.282000000000000000e+03
1.228000000000000000e+03
1.196000000000000000e+03
1.157000000000000000e+03
1.089000000000000000e+03
1.119000000000000000e+03
1.067000000000000000e+03
1.028000000000000000e+03
9.930000000000000000e+02
9.690000000000000000e+02
9.030000000000000000e+02
8.870000000000000000e+02
8.360000000000000000e+02
8.050000000000000000e+02
7.550000000000000000e+02
7.080000000000000000e+02
6.870000000000000000e+02
6.740000000000000000e+02
6.340000000000000000e+02
5.760000000000000000e+02
5.530000000000000000e+02
5.360000000000000000e+02
5.570000000000000000e+02
5.430000000000000000e+02
5.750000000000000000e+02
5.590000000000000000e+02
5.520000000000000000e+02
5.470000000000000000e+02
5.380000000000000000e+02
5.310000000000000000e+02
4.960000000000000000e+02
5.710000000000000000e+02
5.290000000000000000e+02
5.360000000000000000e+02
5.490000000000000000e+02
5.510000000000000000e+02
5.690000000000000000e+02
5.740000000000000000e+02
5.670000000000000000e+02
5.660000000000000000e+02
5.800000000000000000e+02
6.400000000000000000e+02
6.360000000000000000e+02
7.020000000000000000e+02
7.510000000000000000e+02
9.910000000000000000e+02
1.323000000000000000e+03
1.953000000000000000e+03
3.539000000000000000e+03
1.131900000000000000e+04
