2.291600000000000000e+04
1.705000000000000000e+03
6.690000000000000000e+02
4.360000000000000000e+02
2.370000000000000000e+02
1.620000000000000000e+02
1.340000000000000000e+02
1.410000000000000000e+02
1.580000000000000000e+02
2.080000000000000000e+02
2.330000000000000000e+02
3.230000000000000000e+02
4.630000000000000000e+02
8.450000000000000000e+02
1.128000000000000000e+03
1.311000000000000000e+03
1.494000000000000000e+03
1.452000000000000000e+03
1.568000000000000000e+03
1.455000000000000000e+03
1.402000000000000000e+03
1.338000000000000000e+03
1.180000000000000000e+03
1.101000000000000000e+03
1.034000000000000000e+03
9.720000000000000000e+02
9.270000000000000000e+02
9.190000000000000000e+02
9.020000000000000000e+02
8.440000000000000000e+02
7.520000000000000000e+02
7.840000000000000000e+02
7.490000000000000000e+02
7.470000000000000000e+02
7.580000000000000000e+02
6.980000000000000000e+02
7.630000000000000000e+02
7.480000000000000000e+02
7.530000000000000000e+02
7.160000000000000000e+02
7.150000000000000000e+02
6.840000000000000000e+02
7.080000000000000000e+02
7.070000000000000000e+02
6.350000000000000000e+02
6.820000000000000000e+02
6.910000000000000000e+02
6.720000000000000000e+02
7.110000000000000000e+02
6.920000000000000000e+02
6.510000000000000000e+02
6.950000000000000000e+02
7.050000000000000000e+02
6.430000000000000000e+02
6.500000000000000000e+02
6.920000000000000000e+02
6.830000000000000000e+02
6.850000000000000000e+02
6.930000000000000000e+02
6.920000000000000000e+02
6.670000000000000000e+02
6.890000000000000000e+02
7.100000000000000000e+02
7.040000000000000000e+02
6.900000000000000000e+02
7.670000000000000000e+02
7.520000000000000000e+02
7.590000000000000000e+02
7.520000000000000000e+02
8.040000000000000000e+02
7.620000000000000000e+02
7.310000000000000000e+02
7.220000000000000000e+02
7.780000000000000000e+02
7.880000000000000000e+02
7.370000000000000000e+02
8.550000000000000000e+02
8.390000000000000000e+02
8.710000000000000000e+02
8.690000000000000000e+02
8.800000000000000000e+02
8.740000000000000000e+02
9.060000000000000000e+02
8.640000000000000000e+02
8.730000000000000000e+02
8.800000000000000000e+02
7.680000000000000000e+02
7.920000000000000000e+02
7.760000000000000000e+02
7.520000000000000000e+02
7.830000000000000000e+02
7.950000000000000000e+02
7.560000000000000000e+02
7.460000000000000000e+02
7.880000000000000000e+02
7.320000000000000000e+02
7.470000000000000000e+02
7.500000000000000000e+02
7.190000000000000000e+02
7.600000000000000000e+02
7.730000000000000000e+02
7.470000000000000000e+02
7.940000000000000000e+02
7.600000000000000000e+02
7.670000000000000000e+02
7.940000000000000000e+02
7.140000000000000000e+02
7.770000000000000000e+02
7.820000000000000000e+02
7.670000000000000000e+02
7.760000000000000000e+02
8.130000000000000000e+02
7.900000000000000000e+02
7.780000000000000000e+02
8.010000000000000000e+02
8.000000000000000000e+02
8.060000000000000000e+02
7.810000000000000000e+02
8.300000000000000000e+02
8.690000000000000000e+02
8.950000000000000000e+02
8.360000000000000000e+02
8.540000000000000000e+02
9.410000000000000000e+02
8.840000000000000000e+02
9.250000000000000000e+02
9.430000000000000000e+02
9.150000000000000000e+02
8.930000000000000000e+02
9.470000000000000000e+02
9.750000000000000000e+02
9.350000000000000000e+02
8.990000000000000000e+02
9.480000000000000000e+02
1.008000000000000000e+03
1.002000000000000000e+03
9.980000000000000000e+02
9.750000000000000000e+02
9.920000000000000000e+02
1.015000000000000000e+03
1.059000000000000000e+03
9.930000000000000000e+02
9.750000000000000000e+02
9.910000000000000000e+02
1.005000000000000000e+03
1.016000000000000000e+03
1.008000000000000000e+03
9.880000000000000000e+02
1.019000000000000000e+03
9.790000000000000000e+02
1.076000000000000000e+03
1.016000000000000000e+03
1.116000000000000000e+03
1.045000000000000000e+03
1.029000000000000000e+03
1.111000000000000000e+03
1.032000000000000000e+03
1.001000000000000000e+03
1.083000000000000000e+03
1.014000000000000000e+03
1.015000000000000000e+03
9.680000000000000000e+02
9.840000000000000000e+02
9.750000000000000000e+02
9.600000000000000000e+02
9.140000000000000000e+02
9.720000000000000000e+02
9.040000000000000000e+02
8.680000000000000000e+02
8.390000000000000000e+02
8.100000000000000000e+02
8.000000000000000000e+02
8.310000000000000000e+02
7.840000000000000000e+02
7.370000000000000000e+02
7.780000000000000000e+02
7.190000000000000000e+02
7.450000000000000000e+02
6.860000000000000000e+02
7.610000000000000000e+02
7.550000000000000000e+02
7.570000000000000000e+02
6.960000000000000000e+02
7.250000000000000000e+02
7.390000000000000000e+02
7.880000000000000000e+02
8.080000000000000000e+02
8.200000000000000000e+02
7.450000000000000000e+02
7.700000000000000000e+02
7.320000000000000000e+02
7.280000000000000000e+02
7.230000000000000000e+02
7.000000000000000000e+02
7.220000000000000000e+02
6.920000000000000000e+02
7.010000000000000000e+02
6.830000000000000000e+02
6.720000000000000000e+02
6.800000000000000000e+02
6.770000000000000000e+02
6.730000000000000000e+02
6.810000000000000000e+02
6.850000000000000000e+02
6.330000000000000000e+02
6.590000000000000000e+02
6.560000000000000000e+02
6.800000000000000000e+02
6.180000000000000000e+02
6.570000000000000000e+02
7.140000000000000000e+02
6.910000000000000000e+02
6.690000000000000000e+02
7.540000000000000000e+02
7.390000000000000000e+02
6.920000000000000000e+02
7.550000000000000000e+02
7.370000000000000000e+02
7.700000000000000000e+02
7.220000000000000000e+02
7.840000000000000000e+02
8.110000000000000000e+02
8.990000000000000000e+02
8.720000000000000000e+02
9.410000000000000000e+02
9.240000000000000000e+02
1.060000000000000000e+03
1.109000000000000000e+03
1.194000000000000000e+03
1.169000000000000000e+03
1.228000000000000000e+03
1.233000000000000000e+03
1.133000000000000000e+03
1.178000000000000000e+03
1.127000000000000000e+03
1.204000000000000000e+03
1.105000000000000000e+03
1.176000000000000000e+03
1.243000000000000000e+03
1.201000000000000000e+03
1.234000000000000000e+03
1.212000000000000000e+03
1.352000000000000000e+03
1.233000000000000000e+03
1.146000000000000000e+03
1.282000000000000000e+03
1.283000000000000000e+03
1.178000000000000000e+03
1.116000000000000000e+03
1.038000000000000000e+03
9.180000000000000000e+02
8.990000000000000000e+02
9.250000000000000000e+02
9.420000000000000000e+02
8.340000000000000000e+02
1.216000000000000000e+03
2.381900000000000000e+04
1.249000000000000000e+03
6.190000000000000000e+02
3.630000000000000000e+02
1.720000000000000000e+02
1.090000000000000000e+02
7.600000000000000000e+01
9.000000000000000000e+01
1.070000000000000000e+02
1.550000000000000000e+02
2.220000000000000000e+02
3.180000000000000000e+02
4.690000000000000000e+02
8.980000000000000000e+02
1.101000000000000000e+03
1.315000000000000000e+03
1.512000000000000000e+03
1.489000000000000000e+03
1.547000000000000000e+03
1.524000000000000000e+03
1.452000000000000000e+03
1.314000000000000000e+03
1.221000000000000000e+03
1.132000000000000000e+03
1.064000000000000000e+03
1.001000000000000000e+03
9.200000000000000000e+02
9.390000000000000000e+02
9.320000000000000000e+02
8.320000000000000000e+02
7.940000000000000000e+02
7.960000000000000000e+02
8.030000000000000000e+02
7.790000000000000000e+02
7.140000000000000000e+02
7.960000000000000000e+02
7.840000000000000000e+02
7.940000000000000000e+02
7.340000000000000000e+02
7.520000000000000000e+02
7.570000000000000000e+02
7.160000000000000000e+02
7.250000000000000000e+02
7.350000000000000000e+02
6.610000000000000000e+02
7.480000000000000000e+02
7.370000000000000000e+02
6.350000000000000000e+02
6.860000000000000000e+02
6.830000000000000000e+02
6.630000000000000000e+02
6.660000000000000000e+02
7.120000000000000000e+02
7.080000000000000000e+02
7.570000000000000000e+02
7.180000000000000000e+02
7.030000000000000000e+02
7.400000000000000000e+02
7.470000000000000000e+02
7.510000000000000000e+02
8.030000000000000000e+02
7.970000000000000000e+02
7.950000000000000000e+02
8.130000000000000000e+02
7.840000000000000000e+02
8.340000000000000000e+02
8.280000000000000000e+02
8.250000000000000000e+02
8.300000000000000000e+02
7.860000000000000000e+02
8.830000000000000000e+02
8.990000000000000000e+02
8.770000000000000000e+02
8.460000000000000000e+02
9.060000000000000000e+02
8.300000000000000000e+02
8.790000000000000000e+02
8.940000000000000000e+02
9.430000000000000000e+02
9.250000000000000000e+02
9.090000000000000000e+02
8.820000000000000000e+02
8.560000000000000000e+02
9.330000000000000000e+02
8.520000000000000000e+02
8.210000000000000000e+02
8.830000000000000000e+02
9.010000000000000000e+02
7.910000000000000000e+02
7.710000000000000000e+02
8.210000000000000000e+02
8.330000000000000000e+02
8.350000000000000000e+02
8.490000000000000000e+02
7.850000000000000000e+02
8.430000000000000000e+02
7.820000000000000000e+02
8.620000000000000000e+02
8.820000000000000000e+02
8.440000000000000000e+02
9.170000000000000000e+02
8.360000000000000000e+02
8.780000000000000000e+02
9.160000000000000000e+02
9.030000000000000000e+02
8.890000000000000000e+02
9.710000000000000000e+02
9.430000000000000000e+02
8.720000000000000000e+02
9.390000000000000000e+02
9.350000000000000000e+02
9.040000000000000000e+02
1.001000000000000000e+03
9.620000000000000000e+02
9.120000000000000000e+02
9.790000000000000000e+02
9.730000000000000000e+02
1.031000000000000000e+03
9.790000000000000000e+02
1.006000000000000000e+03
1.008000000000000000e+03
1.005000000000000000e+03
9.530000000000000000e+02
9.420000000000000000e+02
1.014000000000000000e+03
1.000000000000000000e+03
9.910000000000000000e+02
9.970000000000000000e+02
9.940000000000000000e+02
1.021000000000000000e+03
1.004000000000000000e+03
9.660000000000000000e+02
9.870000000000000000e+02
9.280000000000000000e+02
9.820000000000000000e+02
9.310000000000000000e+02
9.140000000000000000e+02
9.350000000000000000e+02
9.870000000000000000e+02
9.000000000000000000e+02
9.140000000000000000e+02
9.880000000000000000e+02
9.490000000000000000e+02
9.040000000000000000e+02
8.710000000000000000e+02
8.720000000000000000e+02
8.450000000000000000e+02
8.890000000000000000e+02
8.800000000000000000e+02
8.620000000000000000e+02
8.260000000000000000e+02
8.140000000000000000e+02
8.310000000000000000e+02
8.850000000000000000e+02
8.360000000000000000e+02
8.130000000000000000e+02
8.820000000000000000e+02
9.150000000000000000e+02
8.260000000000000000e+02
8.330000000000000000e+02
8.310000000000000000e+02
8.150000000000000000e+02
8.040000000000000000e+02
7.730000000000000000e+02
8.360000000000000000e+02
7.720000000000000000e+02
7.530000000000000000e+02
7.480000000000000000e+02
7.440000000000000000e+02
7.280000000000000000e+02
7.190000000000000000e+02
7.130000000000000000e+02
7.360000000000000000e+02
7.010000000000000000e+02
6.680000000000000000e+02
6.950000000000000000e+02
7.040000000000000000e+02
6.520000000000000000e+02
6.730000000000000000e+02
6.730000000000000000e+02
6.810000000000000000e+02
6.870000000000000000e+02
6.890000000000000000e+02
6.360000000000000000e+02
6.970000000000000000e+02
6.730000000000000000e+02
6.570000000000000000e+02
6.880000000000000000e+02
6.230000000000000000e+02
6.900000000000000000e+02
6.600000000000000000e+02
6.250000000000000000e+02
6.370000000000000000e+02
6.570000000000000000e+02
6.770000000000000000e+02
7.380000000000000000e+02
6.240000000000000000e+02
6.350000000000000000e+02
6.730000000000000000e+02
6.310000000000000000e+02
6.530000000000000000e+02
6.790000000000000000e+02
6.820000000000000000e+02
6.710000000000000000e+02
6.130000000000000000e+02
6.220000000000000000e+02
6.770000000000000000e+02
6.790000000000000000e+02
6.730000000000000000e+02
6.420000000000000000e+02
6.770000000000000000e+02
6.950000000000000000e+02
7.030000000000000000e+02
6.990000000000000000e+02
7.080000000000000000e+02
7.140000000000000000e+02
7.050000000000000000e+02
7.080000000000000000e+02
7.330000000000000000e+02
7.420000000000000000e+02
7.760000000000000000e+02
7.790000000000000000e+02
8.010000000000000000e+02
8.110000000000000000e+02
8.460000000000000000e+02
9.350000000000000000e+02
9.700000000000000000e+02
1.063000000000000000e+03
1.104000000000000000e+03
1.177000000000000000e+03
1.121000000000000000e+03
1.230000000000000000e+03
1.344000000000000000e+03
1.257000000000000000e+03
1.270000000000000000e+03
1.157000000000000000e+03
1.164000000000000000e+03
1.128000000000000000e+03
1.162000000000000000e+03
1.214000000000000000e+03
1.082000000000000000e+03
1.147000000000000000e+03
1.176000000000000000e+03
1.331000000000000000e+03
1.265000000000000000e+03
1.096000000000000000e+03
1.245000000000000000e+03
1.255000000000000000e+03
1.313000000000000000e+03
1.326000000000000000e+03
1.109000000000000000e+03
9.700000000000000000e+02
9.420000000000000000e+02
9.070000000000000000e+02
6.760000000000000000e+02
6.530000000000000000e+02
2.376500000000000000e+04
1.165000000000000000e+03
7.690000000000000000e+02
3.480000000000000000e+02
2.020000000000000000e+02
1.000000000000000000e+02
5.600000000000000000e+01
3.800000000000000000e+01
4.100000000000000000e+01
7.500000000000000000e+01
1.120000000000000000e+02
1.840000000000000000e+02
2.670000000000000000e+02
4.500000000000000000e+02
6.310000000000000000e+02
1.037000000000000000e+03
1.220000000000000000e+03
1.403000000000000000e+03
1.714000000000000000e+03
1.539000000000000000e+03
1.528000000000000000e+03
1.412000000000000000e+03
1.350000000000000000e+03
1.287000000000000000e+03
1.193000000000000000e+03
1.088000000000000000e+03
1.035000000000000000e+03
9.440000000000000000e+02
8.660000000000000000e+02
9.150000000000000000e+02
7.740000000000000000e+02
8.070000000000000000e+02
7.900000000000000000e+02
8.530000000000000000e+02
8.010000000000000000e+02
7.990000000000000000e+02
8.130000000000000000e+02
7.710000000000000000e+02
7.770000000000000000e+02
8.210000000000000000e+02
8.270000000000000000e+02
7.580000000000000000e+02
7.880000000000000000e+02
7.630000000000000000e+02
7.710000000000000000e+02
7.990000000000000000e+02
7.580000000000000000e+02
7.590000000000000000e+02
7.720000000000000000e+02
7.410000000000000000e+02
7.490000000000000000e+02
7.650000000000000000e+02
7.730000000000000000e+02
7.770000000000000000e+02
7.890000000000000000e+02
7.500000000000000000e+02
8.170000000000000000e+02
8.830000000000000000e+02
8.550000000000000000e+02
8.890000000000000000e+02
8.580000000000000000e+02
9.240000000000000000e+02
9.160000000000000000e+02
9.360000000000000000e+02
9.430000000000000000e+02
9.410000000000000000e+02
9.320000000000000000e+02
8.950000000000000000e+02
9.230000000000000000e+02
8.580000000000000000e+02
9.420000000000000000e+02
9.290000000000000000e+02
9.230000000000000000e+02
9.170000000000000000e+02
9.110000000000000000e+02
1.004000000000000000e+03
9.570000000000000000e+02
9.100000000000000000e+02
9.470000000000000000e+02
9.450000000000000000e+02
9.970000000000000000e+02
9.090000000000000000e+02
9.200000000000000000e+02
9.600000000000000000e+02
8.460000000000000000e+02
9.060000000000000000e+02
8.900000000000000000e+02
8.600000000000000000e+02
8.850000000000000000e+02
9.160000000000000000e+02
9.010000000000000000e+02
8.870000000000000000e+02
8.720000000000000000e+02
9.200000000000000000e+02
9.050000000000000000e+02
9.170000000000000000e+02
9.100000000000000000e+02
9.250000000000000000e+02
9.690000000000000000e+02
9.470000000000000000e+02
9.820000000000000000e+02
9.410000000000000000e+02
9.700000000000000000e+02
1.012000000000000000e+03
1.027000000000000000e+03
9.780000000000000000e+02
9.950000000000000000e+02
1.079000000000000000e+03
1.066000000000000000e+03
1.061000000000000000e+03
9.720000000000000000e+02
1.036000000000000000e+03
1.065000000000000000e+03
9.570000000000000000e+02
1.047000000000000000e+03
1.002000000000000000e+03
9.480000000000000000e+02
1.034000000000000000e+03
9.750000000000000000e+02
9.920000000000000000e+02
1.044000000000000000e+03
9.170000000000000000e+02
9.410000000000000000e+02
9.630000000000000000e+02
9.310000000000000000e+02
9.330000000000000000e+02
8.760000000000000000e+02
8.800000000000000000e+02
9.430000000000000000e+02
9.060000000000000000e+02
8.940000000000000000e+02
8.640000000000000000e+02
9.170000000000000000e+02
8.750000000000000000e+02
8.900000000000000000e+02
8.290000000000000000e+02
8.490000000000000000e+02
8.520000000000000000e+02
8.510000000000000000e+02
8.240000000000000000e+02
7.710000000000000000e+02
7.520000000000000000e+02
7.480000000000000000e+02
7.780000000000000000e+02
7.550000000000000000e+02
7.390000000000000000e+02
7.650000000000000000e+02
7.620000000000000000e+02
7.380000000000000000e+02
7.310000000000000000e+02
6.900000000000000000e+02
7.360000000000000000e+02
7.030000000000000000e+02
6.910000000000000000e+02
7.280000000000000000e+02
7.350000000000000000e+02
7.350000000000000000e+02
7.610000000000000000e+02
7.330000000000000000e+02
6.950000000000000000e+02
7.200000000000000000e+02
7.280000000000000000e+02
7.230000000000000000e+02
7.410000000000000000e+02
7.730000000000000000e+02
7.380000000000000000e+02
7.420000000000000000e+02
7.430000000000000000e+02
7.260000000000000000e+02
7.550000000000000000e+02
7.340000000000000000e+02
6.700000000000000000e+02
6.610000000000000000e+02
6.410000000000000000e+02
6.320000000000000000e+02
6.400000000000000000e+02
6.700000000000000000e+02
6.410000000000000000e+02
6.640000000000000000e+02
6.350000000000000000e+02
6.320000000000000000e+02
6.390000000000000000e+02
6.070000000000000000e+02
6.040000000000000000e+02
6.090000000000000000e+02
6.220000000000000000e+02
6.150000000000000000e+02
6.100000000000000000e+02
6.010000000000000000e+02
6.690000000000000000e+02
7.000000000000000000e+02
6.770000000000000000e+02
7.070000000000000000e+02
6.610000000000000000e+02
6.500000000000000000e+02
7.010000000000000000e+02
6.780000000000000000e+02
6.320000000000000000e+02
6.310000000000000000e+02
6.670000000000000000e+02
6.690000000000000000e+02
6.640000000000000000e+02
6.910000000000000000e+02
6.440000000000000000e+02
6.430000000000000000e+02
6.710000000000000000e+02
6.650000000000000000e+02
7.030000000000000000e+02
6.780000000000000000e+02
6.350000000000000000e+02
7.220000000000000000e+02
6.590000000000000000e+02
6.750000000000000000e+02
6.480000000000000000e+02
6.750000000000000000e+02
6.800000000000000000e+02
7.280000000000000000e+02
6.450000000000000000e+02
6.600000000000000000e+02
7.590000000000000000e+02
7.500000000000000000e+02
7.340000000000000000e+02
7.430000000000000000e+02
7.850000000000000000e+02
7.510000000000000000e+02
7.320000000000000000e+02
8.590000000000000000e+02
8.630000000000000000e+02
9.000000000000000000e+02
9.170000000000000000e+02
9.540000000000000000e+02
9.600000000000000000e+02
1.137000000000000000e+03
1.086000000000000000e+03
1.114000000000000000e+03
1.112000000000000000e+03
1.330000000000000000e+03
1.284000000000000000e+03
1.265000000000000000e+03
1.226000000000000000e+03
1.226000000000000000e+03
1.099000000000000000e+03
1.069000000000000000e+03
1.123000000000000000e+03
1.188000000000000000e+03
1.169000000000000000e+03
1.222000000000000000e+03
1.381000000000000000e+03
1.589000000000000000e+03
1.670000000000000000e+03
1.604000000000000000e+03
1.588000000000000000e+03
1.297000000000000000e+03
1.106000000000000000e+03
7.220000000000000000e+02
9.020000000000000000e+02
4.179700000000000000e+04
2.000000000000000000e+00
4.000000000000000000e+01
3.960000000000000000e+02
7.000000000000000000e+00
2.470000000000000000e+03
7.917000000000000000e+03
2.200000000000000000e+01
3.724000000000000000e+03
6.640000000000000000e+02
3.079000000000000000e+03
1.371300000000000000e+04
1.005700000000000000e+04
1.749800000000000000e+04
3.977000000000000000e+03
2.150000000000000000e+03
3.303000000000000000e+03
3.740000000000000000e+02
4.450000000000000000e+02
2.335000000000000000e+03
1.004600000000000000e+04
1.626000000000000000e+03
3.960000000000000000e+02
3.730000000000000000e+02
2.473000000000000000e+03
6.160000000000000000e+02
1.300000000000000000e+02
0.000000000000000000e+00
2.000000000000000000e+00
0.000000000000000000e+00
2.749000000000000000e+03
0.000000000000000000e+00
3.000000000000000000e+01
0.000000000000000000e+00
4.400000000000000000e+01
1.060000000000000000e+02
4.470000000000000000e+02
0.000000000000000000e+00
7.000000000000000000e+00
3.000000000000000000e+00
1.100000000000000000e+01
0.000000000000000000e+00
6.100000000000000000e+01
2.900000000000000000e+01
0.000000000000000000e+00
1.200000000000000000e+01
0.000000000000000000e+00
0.000000000000000000e+00
6.000000000000000000e+00
0.000000000000000000e+00
3.280000000000000000e+02
2.700000000000000000e+01
3.000000000000000000e+00
0.000000000000000000e+00
0.000000000000000000e+00
7.800000000000000000e+01
3.800000000000000000e+01
2.000000000000000000e+00
0.000000000000000000e+00
0.000000000000000000e+00
1.920000000000000000e+02
0.000000000000000000e+00
6.000000000000000000e+00
2.400000000000000000e+01
0.000000000000000000e+00
7.000000000000000000e+00
1.730000000000000000e+02
7.000000000000000000e+00
2.500000000000000000e+01
1.800000000000000000e+01
7.000000000000000000e+01
4.000000000000000000e+00
9.000000000000000000e+00
6.200000000000000000e+01
1.080000000000000000e+02
1.922000000000000000e+03
3.300000000000000000e+01
2.700000000000000000e+01
5.000000000000000000e+00
2.390000000000000000e+02
7.390000000000000000e+02
4.300000000000000000e+01
2.600000000000000000e+01
6.540000000000000000e+02
3.010000000000000000e+02
1.990000000000000000e+02
1.900000000000000000e+01
6.740000000000000000e+02
1.330000000000000000e+02
5.000000000000000000e+01
1.260000000000000000e+03
1.000000000000000000e+01
3.260000000000000000e+02
5.110000000000000000e+02
9.000000000000000000e+00
1.251000000000000000e+03
1.339000000000000000e+03
5.000000000000000000e+00
1.221000000000000000e+03
1.700000000000000000e+01
1.100000000000000000e+01
6.050000000000000000e+02
1.400000000000000000e+01
2.519000000000000000e+03
2.560000000000000000e+02
8.400000000000000000e+01
5.790000000000000000e+02
2.500000000000000000e+01
7.400000000000000000e+01
4.417000000000000000e+03
7.299000000000000000e+03
1.358000000000000000e+03
1.150000000000000000e+02
7.450000000000000000e+02
7.999000000000000000e+03
1.438100000000000000e+04
1.250000000000000000e+02
7.000000000000000000e+00
5.000000000000000000e+00
4.000000000000000000e+00
2.156200000000000000e+04
1.000000000000000000e+00
3.900000000000000000e+01
7.000000000000000000e+00
8.600000000000000000e+02
3.424000000000000000e+03
6.488000000000000000e+03
1.000000000000000000e+01
2.300000000000000000e+01
6.000000000000000000e+00
1.380000000000000000e+02
4.000000000000000000e+00
1.168000000000000000e+03
3.910000000000000000e+02
4.000000000000000000e+00
2.000000000000000000e+01
6.000000000000000000e+00
0.000000000000000000e+00
8.000000000000000000e+00
2.000000000000000000e+00
3.693000000000000000e+03
2.700000000000000000e+01
9.000000000000000000e+00
5.000000000000000000e+00
1.000000000000000000e+00
1.760000000000000000e+02
1.900000000000000000e+01
3.000000000000000000e+00
3.000000000000000000e+00
1.000000000000000000e+00
1.360000000000000000e+02
1.000000000000000000e+00
2.000000000000000000e+00
1.300000000000000000e+01
1.000000000000000000e+00
3.000000000000000000e+00
7.040000000000000000e+02
3.000000000000000000e+00
3.000000000000000000e+00
3.000000000000000000e+00
1.290000000000000000e+02
2.000000000000000000e+00
1.000000000000000000e+00
2.200000000000000000e+01
1.500000000000000000e+01
1.042000000000000000e+04
3.000000000000000000e+00
2.000000000000000000e+00
4.000000000000000000e+00
1.700000000000000000e+01
8.660000000000000000e+02
4.000000000000000000e+00
2.000000000000000000e+00
2.626000000000000000e+03
1.400000000000000000e+01
2.000000000000000000e+01
2.000000000000000000e+00
9.280000000000000000e+02
3.000000000000000000e+00
0.000000000000000000e+00
3.784000000000000000e+04
1.710000000000000000e+02
8.555000000000000000e+03
1.087100000000000000e+04
6.773000000000000000e+03
7.789000000000000000e+03
1.179200000000000000e+04
9.216000000000000000e+03
9.191000000000000000e+03
8.899000000000000000e+03
6.619000000000000000e+03
6.255000000000000000e+03
5.167000000000000000e+03
4.535000000000000000e+03
3.890000000000000000e+03
4.057000000000000000e+03
3.555000000000000000e+03
3.122000000000000000e+03
3.323000000000000000e+03
2.962000000000000000e+03
3.072000000000000000e+03
2.716000000000000000e+03
2.505000000000000000e+03
2.626000000000000000e+03
2.565000000000000000e+03
1.719000000000000000e+03
2.502000000000000000e+03
2.188000000000000000e+03
2.472000000000000000e+03
1.603000000000000000e+03
2.286000000000000000e+03
1.548000000000000000e+03
2.145000000000000000e+03
1.609000000000000000e+03
2.046000000000000000e+03
1.718000000000000000e+03
2.246000000000000000e+03
1.467000000000000000e+03
2.165000000000000000e+03
2.252000000000000000e+03
2.334000000000000000e+03
2.280000000000000000e+03
2.213000000000000000e+03
2.566000000000000000e+03
2.247000000000000000e+03
2.144000000000000000e+03
1.987000000000000000e+03
1.922000000000000000e+03
1.876000000000000000e+03
1.652000000000000000e+03
1.391000000000000000e+03
1.753000000000000000e+03
1.096000000000000000e+03
1.180000000000000000e+03
9.510000000000000000e+02
1.146000000000000000e+03
7.490000000000000000e+02
7.540000000000000000e+02
8.060000000000000000e+02
6.200000000000000000e+02
5.750000000000000000e+02
6.220000000000000000e+02
4.390000000000000000e+02
2.880000000000000000e+02
6.990000000000000000e+02
2.770000000000000000e+02
2.940000000000000000e+02
4.490000000000000000e+02
2.770000000000000000e+02
1.780000000000000000e+02
3.310000000000000000e+02
3.350000000000000000e+02
1.710000000000000000e+02
2.300000000000000000e+02
1.540000000000000000e+02
1.950000000000000000e+02
1.230000000000000000e+02
1.910000000000000000e+02
1.360000000000000000e+02
5.900000000000000000e+01
1.480000000000000000e+02
1.190000000000000000e+02
1.010000000000000000e+02
5.800000000000000000e+01
1.800000000000000000e+01
2.460000000000000000e+02
1.500000000000000000e+01
5.100000000000000000e+01
3.800000000000000000e+01
6.900000000000000000e+01
6.400000000000000000e+01
6.900000000000000000e+01
3.100000000000000000e+01
4.900000000000000000e+01
3.500000000000000000e+01
1.400000000000000000e+01
5.800000000000000000e+01
3.000000000000000000e+01
4.200000000000000000e+01
1.800000000000000000e+01
1.900000000000000000e+01
6.000000000000000000e+00
1.070000000000000000e+02
7.000000000000000000e+00
1.300000000000000000e+01
1.200000000000000000e+01
3.400000000000000000e+01
1.400000000000000000e+01
2.000000000000000000e+00
4.000000000000000000e+01
2.000000000000000000e+00
1.000000000000000000e+01
9.000000000000000000e+00
8.000000000000000000e+00
1.000000000000000000e+00
7.000000000000000000e+00
2.600000000000000000e+01
2.000000000000000000e+00
1.500000000000000000e+01
3.000000000000000000e+00
1.300000000000000000e+01
6.000000000000000000e+00
4.000000000000000000e+00
4.000000000000000000e+00
2.000000000000000000e+00
1.000000000000000000e+00
0.000000000000000000e+00
2.000000000000000000e+00
1.550000000000000000e+02
1.000000000000000000e+00
0.000000000000000000e+00
0.000000000000000000e+00
0.000000000000000000e+00
3.000000000000000000e+00
4.000000000000000000e+00
0.000000000000000000e+00
3.000000000000000000e+00
7.000000000000000000e+00
0.000000000000000000e+00
6.000000000000000000e+00
0.000000000000000000e+00
0.000000000000000000e+00
1.500000000000000000e+01
2.000000000000000000e+00
1.000000000000000000e+00
0.000000000000000000e+00
3.000000000000000000e+00
0.000000000000000000e+00
0.000000000000000000e+00
7.000000000000000000e+00
0.000000000000000000e+00
0.000000000000000000e+00
0.000000000000000000e+00
2.200000000000000000e+01
0.000000000000000000e+00
0.000000000000000000e+00
0.000000000000000000e+00
0.000000000000000000e+00
0.000000000000000000e+00
1.200000000000000000e+01
0.000000000000000000e+00
1.000000000000000000e+00
9.000000000000000000e+00
0.000000000000000000e+00
1.000000000000000000e+00
0.000000000000000000e+00
0.000000000000000000e+00
0.000000000000000000e+00
0.000000000000000000e+00
0.000000000000000000e+00
1.810000000000000000e+02
0.000000000000000000e+00
0.000000000000000000e+00
1.000000000000000000e+00
0.000000000000000000e+00
0.000000000000000000e+00
0.000000000000000000e+00
0.000000000000000000e+00
0.000000000000000000e+00
1.100000000000000000e+01
0.000000000000000000e+00
0.000000000000000000e+00
2.400000000000000000e+01
0.000000000000000000e+00
0.000000000000000000e+00
1.000000000000000000e+00
0.000000000000000000e+00
0.000000000000000000e+00
0.000000000000000000e+00
0.000000000000000000e+00
0.000000000000000000e+00
5.500000000000000000e+01
0.000000000000000000e+00
0.000000000000000000e+00
0.000000000000000000e+00
0.000000000000000000e+00
0.000000000000000000e+00
0.000000000000000000e+00
2.600000000000000000e+01
0.000000000000000000e+00
0.000000000000000000e+00
0.000000000000000000e+00
0.000000000000000000e+00
0.000000000000000000e+00
3.000000000000000000e+00
0.000000000000000000e+00
0.000000000000000000e+00
0.000000000000000000e+00
0.000000000000000000e+00
0.000000000000000000e+00
0.000000000000000000e+00
0.000000000000000000e+00
0.000000000000000000e+00
2.000000000000000000e+01
0.000000000000000000e+00
0.000000000000000000e+00
0.000000000000000000e+00
0.000000000000000000e+00
0.000000000000000000e+00
0.000000000000000000e+00
0.000000000000000000e+00
0.000000000000000000e+00
0.000000000000000000e+00
3.400000000000000000e+01
0.000000000000000000e+00
0.000000000000000000e+00
0.000000000000000000e+00
1.000000000000000000e+00
0.000000000000000000e+00
0.000000000000000000e+00
0.000000000000000000e+00
0.000000000000000000e+00
0.000000000000000000e+00
0.000000000000000000e+00
0.000000000000000000e+00
0.000000000000000000e+00
0.000000000000000000e+00
0.000000000000000000e+00
0.000000000000000000e+00
0.000000000000000000e+00
0.000000000000000000e+00
0.000000000000000000e+00
0.000000000000000000e+00
0.000000000000000000e+00
0.000000000000000000e+00
0.000000000000000000e+00
0.000000000000000000e+00
0.000000000000000000e+00
0.000000000000000000e+00
0.000000000000000000e+00
0.000000000000000000e+00
0.000000000000000000e+00
0.000000000000000000e+00
0.000000000000000000e+00
0.000000000000000000e+00
2.027000000000000000e+03
2.237500000000000000e+04
1.696000000000000000e+03
1.000000000000000000e+03
5.090000000000000000e+02
3.030000000000000000e+02
1.850000000000000000e+02
1.100000000000000000e+02
1.020000000000000000e+02
7.800000000000000000e+01
9.300000000000000000e+01
1.110000000000000000e+02
1.690000000000000000e+02
2.160000000000000000e+02
3.940000000000000000e+02
5.820000000000000000e+02
9.530000000000000000e+02
1.175000000000000000e+03
1.324000000000000000e+03
1.666000000000000000e+03
1.512000000000000000e+03
1.462000000000000000e+03
1.384000000000000000e+03
1.283000000000000000e+03
1.203000000000000000e+03
1.123000000000000000e+03
1.039000000000000000e+03
9.660000000000000000e+02
9.140000000000000000e+02
8.520000000000000000e+02
8.460000000000000000e+02
7.690000000000000000e+02
7.750000000000000000e+02
7.650000000000000000e+02
7.940000000000000000e+02
7.850000000000000000e+02
7.480000000000000000e+02
7.240000000000000000e+02
7.620000000000000000e+02
7.480000000000000000e+02
7.630000000000000000e+02
7.730000000000000000e+02
7.000000000000000000e+02
7.290000000000000000e+02
6.980000000000000000e+02
6.880000000000000000e+02
7.470000000000000000e+02
6.930000000000000000e+02
6.820000000000000000e+02
6.800000000000000000e+02
6.670000000000000000e+02
6.800000000000000000e+02
6.410000000000000000e+02
6.500000000000000000e+02
6.430000000000000000e+02
6.500000000000000000e+02
6.190000000000000000e+02
6.940000000000000000e+02
6.880000000000000000e+02
6.740000000000000000e+02
7.020000000000000000e+02
6.520000000000000000e+02
6.960000000000000000e+02
7.340000000000000000e+02
7.710000000000000000e+02
7.410000000000000000e+02
7.450000000000000000e+02
7.440000000000000000e+02
7.660000000000000000e+02
7.390000000000000000e+02
7.830000000000000000e+02
7.830000000000000000e+02
7.610000000000000000e+02
7.740000000000000000e+02
7.780000000000000000e+02
7.660000000000000000e+02
8.180000000000000000e+02
8.660000000000000000e+02
8.010000000000000000e+02
8.770000000000000000e+02
8.630000000000000000e+02
8.960000000000000000e+02
8.470000000000000000e+02
8.650000000000000000e+02
8.770000000000000000e+02
8.550000000000000000e+02
8.720000000000000000e+02
7.970000000000000000e+02
7.630000000000000000e+02
8.370000000000000000e+02
7.600000000000000000e+02
8.000000000000000000e+02
7.980000000000000000e+02
7.480000000000000000e+02
7.690000000000000000e+02
7.870000000000000000e+02
7.480000000000000000e+02
7.590000000000000000e+02
7.560000000000000000e+02
7.420000000000000000e+02
7.660000000000000000e+02
7.440000000000000000e+02
7.370000000000000000e+02
8.050000000000000000e+02
7.720000000000000000e+02
8.100000000000000000e+02
8.210000000000000000e+02
7.500000000000000000e+02
7.990000000000000000e+02
7.950000000000000000e+02
7.970000000000000000e+02
7.550000000000000000e+02
7.900000000000000000e+02
8.070000000000000000e+02
8.080000000000000000e+02
8.220000000000000000e+02
8.110000000000000000e+02
8.250000000000000000e+02
7.920000000000000000e+02
8.050000000000000000e+02
8.720000000000000000e+02
8.690000000000000000e+02
8.300000000000000000e+02
8.720000000000000000e+02
9.250000000000000000e+02
8.660000000000000000e+02
8.800000000000000000e+02
9.240000000000000000e+02
8.990000000000000000e+02
8.850000000000000000e+02
9.360000000000000000e+02
1.001000000000000000e+03
9.300000000000000000e+02
9.230000000000000000e+02
9.240000000000000000e+02
1.004000000000000000e+03
9.660000000000000000e+02
9.710000000000000000e+02
9.860000000000000000e+02
9.840000000000000000e+02
9.930000000000000000e+02
1.029000000000000000e+03
9.760000000000000000e+02
9.660000000000000000e+02
9.880000000000000000e+02
9.800000000000000000e+02
9.920000000000000000e+02
1.025000000000000000e+03
9.550000000000000000e+02
1.031000000000000000e+03
9.780000000000000000e+02
1.024000000000000000e+03
1.037000000000000000e+03
1.088000000000000000e+03
1.013000000000000000e+03
1.000000000000000000e+03
1.033000000000000000e+03
9.670000000000000000e+02
9.670000000000000000e+02
1.027000000000000000e+03
9.560000000000000000e+02
9.700000000000000000e+02
9.860000000000000000e+02
9.880000000000000000e+02
9.360000000000000000e+02
9.400000000000000000e+02
9.050000000000000000e+02
1.033000000000000000e+03
9.280000000000000000e+02
8.910000000000000000e+02
8.890000000000000000e+02
8.570000000000000000e+02
8.010000000000000000e+02
8.280000000000000000e+02
8.160000000000000000e+02
7.740000000000000000e+02
7.760000000000000000e+02
7.570000000000000000e+02
7.710000000000000000e+02
7.520000000000000000e+02
7.230000000000000000e+02
7.300000000000000000e+02
7.370000000000000000e+02
6.820000000000000000e+02
7.000000000000000000e+02
7.060000000000000000e+02
7.870000000000000000e+02
7.500000000000000000e+02
7.600000000000000000e+02
7.270000000000000000e+02
7.340000000000000000e+02
7.590000000000000000e+02
7.880000000000000000e+02
7.940000000000000000e+02
7.040000000000000000e+02
6.630000000000000000e+02
6.940000000000000000e+02
7.010000000000000000e+02
6.930000000000000000e+02
6.680000000000000000e+02
6.450000000000000000e+02
6.850000000000000000e+02
7.070000000000000000e+02
6.780000000000000000e+02
7.020000000000000000e+02
6.580000000000000000e+02
6.570000000000000000e+02
6.790000000000000000e+02
7.090000000000000000e+02
6.070000000000000000e+02
6.650000000000000000e+02
7.250000000000000000e+02
6.850000000000000000e+02
6.480000000000000000e+02
7.110000000000000000e+02
6.690000000000000000e+02
7.190000000000000000e+02
7.520000000000000000e+02
6.570000000000000000e+02
6.470000000000000000e+02
7.280000000000000000e+02
7.570000000000000000e+02
7.470000000000000000e+02
8.010000000000000000e+02
7.750000000000000000e+02
7.500000000000000000e+02
7.620000000000000000e+02
8.620000000000000000e+02
8.880000000000000000e+02
8.620000000000000000e+02
9.200000000000000000e+02
9.880000000000000000e+02
9.920000000000000000e+02
1.041000000000000000e+03
1.049000000000000000e+03
1.153000000000000000e+03
1.216000000000000000e+03
1.346000000000000000e+03
1.335000000000000000e+03
1.286000000000000000e+03
1.311000000000000000e+03
1.239000000000000000e+03
1.128000000000000000e+03
1.080000000000000000e+03
1.166000000000000000e+03
1.157000000000000000e+03
1.134000000000000000e+03
1.240000000000000000e+03
1.247000000000000000e+03
1.511000000000000000e+03
1.675000000000000000e+03
1.691000000000000000e+03
1.636000000000000000e+03
1.510000000000000000e+03
1.332000000000000000e+03
1.136000000000000000e+03
1.873000000000000000e+03
