4.000000000000000000e+00
1.100000000000000000e+01
2.500000000000000000e+01
6.300000000000000000e+01
9.900000000000000000e+01
3.050000000000000000e+02
4.390000000000000000e+02
5.930000000000000000e+02
9.870000000000000000e+02
1.671000000000000000e+03
1.305000000000000000e+03
1.377000000000000000e+03
1.578000000000000000e+03
1.454000000000000000e+03
1.837000000000000000e+03
1.258000000000000000e+03
1.613000000000000000e+03
1.731000000000000000e+03
1.522000000000000000e+03
2.095000000000000000e+03
1.465000000000000000e+03
1.655000000000000000e+03
1.242000000000000000e+03
1.123000000000000000e+03
1.062000000000000000e+03
1.070000000000000000e+03
8.990000000000000000e+02
8.640000000000000000e+02
7.850000000000000000e+02
7.570000000000000000e+02
8.100000000000000000e+02
8.400000000000000000e+02
8.000000000000000000e+02
7.530000000000000000e+02
6.910000000000000000e+02
7.500000000000000000e+02
8.640000000000000000e+02
1.100000000000000000e+03
1.406000000000000000e+03
1.779000000000000000e+03
1.966000000000000000e+03
1.851000000000000000e+03
2.053000000000000000e+03
1.764000000000000000e+03
1.622000000000000000e+03
1.634000000000000000e+03
1.437000000000000000e+03
1.389000000000000000e+03
1.387000000000000000e+03
1.334000000000000000e+03
1.266000000000000000e+03
1.088000000000000000e+03
1.057000000000000000e+03
1.068000000000000000e+03
9.130000000000000000e+02
8.100000000000000000e+02
8.550000000000000000e+02
7.600000000000000000e+02
6.920000000000000000e+02
6.000000000000000000e+02
5.710000000000000000e+02
5.280000000000000000e+02
4.630000000000000000e+02
4.540000000000000000e+02
4.110000000000000000e+02
3.900000000000000000e+02
3.910000000000000000e+02
4.380000000000000000e+02
3.880000000000000000e+02
3.650000000000000000e+02
4.050000000000000000e+02
3.800000000000000000e+02
4.170000000000000000e+02
4.260000000000000000e+02
4.430000000000000000e+02
4.240000000000000000e+02
4.830000000000000000e+02
5.050000000000000000e+02
5.170000000000000000e+02
5.150000000000000000e+02
5.020000000000000000e+02
5.200000000000000000e+02
6.430000000000000000e+02
6.550000000000000000e+02
6.500000000000000000e+02
6.540000000000000000e+02
6.630000000000000000e+02
7.170000000000000000e+02
7.180000000000000000e+02
7.490000000000000000e+02
7.410000000000000000e+02
7.810000000000000000e+02
8.150000000000000000e+02
7.760000000000000000e+02
7.590000000000000000e+02
7.510000000000000000e+02
8.390000000000000000e+02
8.530000000000000000e+02
7.750000000000000000e+02
9.590000000000000000e+02
9.340000000000000000e+02
9.270000000000000000e+02
9.700000000000000000e+02
9.550000000000000000e+02
9.610000000000000000e+02
9.550000000000000000e+02
9.660000000000000000e+02
1.098000000000000000e+03
1.223000000000000000e+03
1.116000000000000000e+03
1.273000000000000000e+03
1.262000000000000000e+03
1.495000000000000000e+03
1.995000000000000000e+03
1.618000000000000000e+03
2.125000000000000000e+03
1.900000000000000000e+03
1.594000000000000000e+03
1.633000000000000000e+03
1.488000000000000000e+03
1.510000000000000000e+03
1.619000000000000000e+03
1.390000000000000000e+03
1.290000000000000000e+03
1.314000000000000000e+03
1.438000000000000000e+03
1.282000000000000000e+03
1.192000000000000000e+03
1.369000000000000000e+03
1.102000000000000000e+03
1.068000000000000000e+03
1.237000000000000000e+03
1.167000000000000000e+03
1.308000000000000000e+03
1.213000000000000000e+03
1.022000000000000000e+03
1.068000000000000000e+03
1.063000000000000000e+03
1.042000000000000000e+03
1.000000000000000000e+03
1.018000000000000000e+03
9.120000000000000000e+02
8.650000000000000000e+02
9.100000000000000000e+02
8.380000000000000000e+02
9.600000000000000000e+02
8.170000000000000000e+02
7.660000000000000000e+02
7.360000000000000000e+02
7.520000000000000000e+02
7.060000000000000000e+02
7.590000000000000000e+02
7.320000000000000000e+02
6.460000000000000000e+02
6.330000000000000000e+02
6.390000000000000000e+02
5.470000000000000000e+02
5.470000000000000000e+02
5.040000000000000000e+02
4.960000000000000000e+02
4.840000000000000000e+02
5.080000000000000000e+02
4.740000000000000000e+02
4.970000000000000000e+02
4.670000000000000000e+02
4.310000000000000000e+02
4.140000000000000000e+02
4.840000000000000000e+02
4.220000000000000000e+02
4.210000000000000000e+02
4.350000000000000000e+02
4.220000000000000000e+02
4.240000000000000000e+02
4.190000000000000000e+02
4.270000000000000000e+02
4.110000000000000000e+02
3.600000000000000000e+02
3.870000000000000000e+02
4.050000000000000000e+02
4.190000000000000000e+02
4.230000000000000000e+02
4.630000000000000000e+02
4.690000000000000000e+02
4.720000000000000000e+02
4.600000000000000000e+02
5.220000000000000000e+02
5.430000000000000000e+02
6.440000000000000000e+02
8.280000000000000000e+02
8.710000000000000000e+02
8.640000000000000000e+02
7.070000000000000000e+02
6.440000000000000000e+02
5.390000000000000000e+02
5.480000000000000000e+02
5.500000000000000000e+02
5.130000000000000000e+02
5.150000000000000000e+02
4.680000000000000000e+02
4.340000000000000000e+02
4.420000000000000000e+02
4.690000000000000000e+02
4.970000000000000000e+02
4.550000000000000000e+02
4.580000000000000000e+02
4.060000000000000000e+02
4.480000000000000000e+02
4.600000000000000000e+02
4.160000000000000000e+02
3.720000000000000000e+02
3.820000000000000000e+02
3.870000000000000000e+02
3.850000000000000000e+02
3.960000000000000000e+02
4.510000000000000000e+02
4.390000000000000000e+02
4.460000000000000000e+02
3.810000000000000000e+02
4.530000000000000000e+02
4.480000000000000000e+02
4.830000000000000000e+02
4.400000000000000000e+02
4.660000000000000000e+02
4.770000000000000000e+02
4.770000000000000000e+02
5.210000000000000000e+02
4.680000000000000000e+02
4.930000000000000000e+02
5.320000000000000000e+02
5.140000000000000000e+02
5.250000000000000000e+02
5.730000000000000000e+02
4.630000000000000000e+02
5.410000000000000000e+02
6.260000000000000000e+02
6.490000000000000000e+02
6.660000000000000000e+02
6.080000000000000000e+02
7.450000000000000000e+02
7.020000000000000000e+02
7.000000000000000000e+02
6.040000000000000000e+02
6.670000000000000000e+02
6.240000000000000000e+02
3.700000000000000000e+02
4.110000000000000000e+02
3.900000000000000000e+02
3.530000000000000000e+02
4.190000000000000000e+02
4.960000000000000000e+02
5.960000000000000000e+02
7.930000000000000000e+02
9.100000000000000000e+02
1.342000000000000000e+03
2.507000000000000000e+03
3.344300000000000000e+04
1.310000000000000000e+02
2.040000000000000000e+02
4.600000000000000000e+02
9.380000000000000000e+02
1.844000000000000000e+03
1.320000000000000000e+03
1.247000000000000000e+03
1.445000000000000000e+03
1.393000000000000000e+03
1.788000000000000000e+03
1.353000000000000000e+03
1.618000000000000000e+03
1.699000000000000000e+03
1.475000000000000000e+03
2.099000000000000000e+03
1.435000000000000000e+03
1.551000000000000000e+03
1.214000000000000000e+03
1.000000000000000000e+03
9.960000000000000000e+02
9.860000000000000000e+02
8.870000000000000000e+02
8.330000000000000000e+02
8.080000000000000000e+02
7.400000000000000000e+02
7.950000000000000000e+02
7.820000000000000000e+02
8.380000000000000000e+02
7.400000000000000000e+02
7.420000000000000000e+02
7.120000000000000000e+02
7.680000000000000000e+02
8.010000000000000000e+02
9.040000000000000000e+02
1.185000000000000000e+03
1.361000000000000000e+03
1.771000000000000000e+03
1.806000000000000000e+03
2.275000000000000000e+03
2.088000000000000000e+03
1.750000000000000000e+03
1.718000000000000000e+03
1.405000000000000000e+03
1.433000000000000000e+03
1.455000000000000000e+03
1.284000000000000000e+03
1.259000000000000000e+03
1.090000000000000000e+03
1.101000000000000000e+03
1.158000000000000000e+03
1.024000000000000000e+03
9.420000000000000000e+02
9.430000000000000000e+02
7.990000000000000000e+02
7.580000000000000000e+02
6.920000000000000000e+02
5.680000000000000000e+02
5.610000000000000000e+02
4.690000000000000000e+02
4.560000000000000000e+02
4.220000000000000000e+02
4.470000000000000000e+02
4.440000000000000000e+02
4.200000000000000000e+02
4.070000000000000000e+02
3.760000000000000000e+02
4.430000000000000000e+02
3.960000000000000000e+02
4.370000000000000000e+02
4.300000000000000000e+02
4.350000000000000000e+02
4.280000000000000000e+02
5.020000000000000000e+02
5.290000000000000000e+02
5.070000000000000000e+02
4.910000000000000000e+02
5.170000000000000000e+02
5.290000000000000000e+02
7.000000000000000000e+02
7.100000000000000000e+02
6.560000000000000000e+02
6.510000000000000000e+02
5.990000000000000000e+02
6.400000000000000000e+02
6.250000000000000000e+02
6.440000000000000000e+02
7.350000000000000000e+02
8.590000000000000000e+02
8.810000000000000000e+02
9.050000000000000000e+02
8.940000000000000000e+02
9.040000000000000000e+02
8.620000000000000000e+02
8.600000000000000000e+02
8.580000000000000000e+02
1.037000000000000000e+03
1.122000000000000000e+03
9.660000000000000000e+02
1.052000000000000000e+03
1.086000000000000000e+03
1.149000000000000000e+03
1.101000000000000000e+03
1.073000000000000000e+03
1.107000000000000000e+03
1.165000000000000000e+03
1.071000000000000000e+03
1.229000000000000000e+03
1.343000000000000000e+03
1.666000000000000000e+03
2.172000000000000000e+03
1.810000000000000000e+03
2.221000000000000000e+03
1.974000000000000000e+03
1.681000000000000000e+03
1.612000000000000000e+03
1.653000000000000000e+03
1.694000000000000000e+03
1.705000000000000000e+03
1.557000000000000000e+03
1.297000000000000000e+03
1.341000000000000000e+03
1.394000000000000000e+03
1.112000000000000000e+03
1.094000000000000000e+03
1.239000000000000000e+03
1.084000000000000000e+03
1.249000000000000000e+03
1.292000000000000000e+03
1.225000000000000000e+03
1.317000000000000000e+03
1.131000000000000000e+03
9.810000000000000000e+02
1.139000000000000000e+03
1.006000000000000000e+03
1.058000000000000000e+03
9.960000000000000000e+02
9.210000000000000000e+02
9.840000000000000000e+02
8.790000000000000000e+02
8.460000000000000000e+02
8.470000000000000000e+02
8.200000000000000000e+02
7.030000000000000000e+02
7.170000000000000000e+02
6.460000000000000000e+02
6.320000000000000000e+02
6.150000000000000000e+02
6.140000000000000000e+02
5.490000000000000000e+02
5.030000000000000000e+02
5.060000000000000000e+02
4.960000000000000000e+02
4.920000000000000000e+02
4.950000000000000000e+02
4.760000000000000000e+02
5.030000000000000000e+02
4.410000000000000000e+02
4.700000000000000000e+02
4.930000000000000000e+02
5.200000000000000000e+02
5.240000000000000000e+02
4.490000000000000000e+02
4.900000000000000000e+02
4.500000000000000000e+02
4.100000000000000000e+02
4.660000000000000000e+02
4.470000000000000000e+02
4.130000000000000000e+02
4.070000000000000000e+02
3.810000000000000000e+02
4.280000000000000000e+02
4.100000000000000000e+02
3.670000000000000000e+02
4.570000000000000000e+02
4.130000000000000000e+02
4.430000000000000000e+02
4.460000000000000000e+02
4.750000000000000000e+02
5.020000000000000000e+02
4.620000000000000000e+02
5.040000000000000000e+02
4.950000000000000000e+02
5.570000000000000000e+02
6.260000000000000000e+02
7.850000000000000000e+02
8.460000000000000000e+02
8.400000000000000000e+02
6.660000000000000000e+02
7.280000000000000000e+02
5.980000000000000000e+02
5.430000000000000000e+02
5.270000000000000000e+02
5.050000000000000000e+02
5.280000000000000000e+02
4.530000000000000000e+02
4.860000000000000000e+02
4.660000000000000000e+02
3.840000000000000000e+02
4.780000000000000000e+02
5.030000000000000000e+02
4.460000000000000000e+02
4.080000000000000000e+02
3.890000000000000000e+02
4.340000000000000000e+02
3.940000000000000000e+02
3.820000000000000000e+02
4.360000000000000000e+02
4.470000000000000000e+02
4.670000000000000000e+02
4.230000000000000000e+02
4.200000000000000000e+02
4.710000000000000000e+02
4.100000000000000000e+02
4.620000000000000000e+02
4.400000000000000000e+02
4.850000000000000000e+02
4.560000000000000000e+02
4.620000000000000000e+02
4.660000000000000000e+02
4.270000000000000000e+02
5.130000000000000000e+02
4.930000000000000000e+02
4.940000000000000000e+02
4.850000000000000000e+02
5.040000000000000000e+02
4.670000000000000000e+02
4.710000000000000000e+02
5.190000000000000000e+02
4.380000000000000000e+02
5.190000000000000000e+02
6.550000000000000000e+02
6.120000000000000000e+02
5.580000000000000000e+02
5.110000000000000000e+02
5.450000000000000000e+02
6.070000000000000000e+02
6.180000000000000000e+02
5.470000000000000000e+02
5.400000000000000000e+02
4.550000000000000000e+02
2.760000000000000000e+02
2.150000000000000000e+02
2.210000000000000000e+02
1.760000000000000000e+02
1.880000000000000000e+02
1.810000000000000000e+02
2.230000000000000000e+02
2.880000000000000000e+02
3.190000000000000000e+02
4.450000000000000000e+02
5.820000000000000000e+02
7.100000000000000000e+02
9.350000000000000000e+02
1.557000000000000000e+03
1.962000000000000000e+03
3.367900000000000000e+04
1.700000000000000000e+01
4.000000000000000000e+00
1.900000000000000000e+01
2.900000000000000000e+01
5.900000000000000000e+01
1.090000000000000000e+02
1.910000000000000000e+02
3.290000000000000000e+02
5.930000000000000000e+02
1.327000000000000000e+03
1.844000000000000000e+03
1.340000000000000000e+03
1.399000000000000000e+03
1.610000000000000000e+03
1.508000000000000000e+03
1.928000000000000000e+03
1.439000000000000000e+03
1.774000000000000000e+03
1.925000000000000000e+03
1.615000000000000000e+03
2.143000000000000000e+03
1.568000000000000000e+03
1.671000000000000000e+03
1.227000000000000000e+03
1.099000000000000000e+03
1.035000000000000000e+03
9.720000000000000000e+02
9.770000000000000000e+02
1.016000000000000000e+03
9.100000000000000000e+02
1.001000000000000000e+03
1.200000000000000000e+03
1.189000000000000000e+03
1.389000000000000000e+03
1.378000000000000000e+03
1.586000000000000000e+03
1.675000000000000000e+03
1.602000000000000000e+03
1.583000000000000000e+03
1.678000000000000000e+03
1.532000000000000000e+03
1.671000000000000000e+03
1.625000000000000000e+03
1.716000000000000000e+03
1.593000000000000000e+03
1.340000000000000000e+03
1.385000000000000000e+03
1.173000000000000000e+03
1.192000000000000000e+03
1.247000000000000000e+03
1.095000000000000000e+03
9.930000000000000000e+02
8.650000000000000000e+02
8.110000000000000000e+02
8.090000000000000000e+02
7.160000000000000000e+02
6.690000000000000000e+02
6.320000000000000000e+02
5.890000000000000000e+02
5.270000000000000000e+02
5.180000000000000000e+02
4.780000000000000000e+02
4.800000000000000000e+02
4.420000000000000000e+02
4.740000000000000000e+02
4.770000000000000000e+02
4.410000000000000000e+02
5.040000000000000000e+02
4.800000000000000000e+02
5.260000000000000000e+02
5.200000000000000000e+02
5.500000000000000000e+02
5.320000000000000000e+02
5.480000000000000000e+02
5.700000000000000000e+02
6.280000000000000000e+02
6.820000000000000000e+02
7.300000000000000000e+02
7.130000000000000000e+02
7.110000000000000000e+02
7.660000000000000000e+02
7.570000000000000000e+02
7.540000000000000000e+02
8.020000000000000000e+02
8.450000000000000000e+02
8.500000000000000000e+02
9.100000000000000000e+02
9.290000000000000000e+02
9.800000000000000000e+02
1.036000000000000000e+03
9.650000000000000000e+02
9.290000000000000000e+02
1.084000000000000000e+03
1.066000000000000000e+03
9.550000000000000000e+02
9.760000000000000000e+02
9.680000000000000000e+02
9.880000000000000000e+02
9.710000000000000000e+02
9.030000000000000000e+02
1.003000000000000000e+03
1.022000000000000000e+03
1.006000000000000000e+03
1.105000000000000000e+03
1.116000000000000000e+03
1.172000000000000000e+03
1.184000000000000000e+03
1.448000000000000000e+03
1.561000000000000000e+03
1.621000000000000000e+03
2.122000000000000000e+03
1.726000000000000000e+03
2.237000000000000000e+03
2.018000000000000000e+03
1.930000000000000000e+03
1.826000000000000000e+03
1.616000000000000000e+03
1.642000000000000000e+03
1.812000000000000000e+03
1.417000000000000000e+03
1.263000000000000000e+03
1.423000000000000000e+03
1.337000000000000000e+03
1.272000000000000000e+03
1.221000000000000000e+03
1.285000000000000000e+03
1.094000000000000000e+03
1.013000000000000000e+03
1.009000000000000000e+03
1.073000000000000000e+03
1.314000000000000000e+03
1.158000000000000000e+03
9.600000000000000000e+02
9.130000000000000000e+02
8.450000000000000000e+02
9.580000000000000000e+02
8.170000000000000000e+02
8.480000000000000000e+02
8.090000000000000000e+02
7.460000000000000000e+02
7.560000000000000000e+02
6.990000000000000000e+02
6.550000000000000000e+02
6.390000000000000000e+02
6.260000000000000000e+02
5.980000000000000000e+02
5.080000000000000000e+02
5.340000000000000000e+02
5.340000000000000000e+02
4.590000000000000000e+02
4.790000000000000000e+02
4.820000000000000000e+02
5.170000000000000000e+02
4.520000000000000000e+02
4.640000000000000000e+02
4.800000000000000000e+02
5.110000000000000000e+02
5.230000000000000000e+02
4.800000000000000000e+02
4.860000000000000000e+02
4.850000000000000000e+02
4.520000000000000000e+02
4.240000000000000000e+02
3.800000000000000000e+02
4.150000000000000000e+02
4.270000000000000000e+02
3.960000000000000000e+02
4.260000000000000000e+02
4.370000000000000000e+02
4.010000000000000000e+02
4.610000000000000000e+02
4.600000000000000000e+02
4.730000000000000000e+02
4.690000000000000000e+02
4.590000000000000000e+02
5.090000000000000000e+02
4.470000000000000000e+02
4.840000000000000000e+02
4.080000000000000000e+02
4.850000000000000000e+02
4.260000000000000000e+02
4.740000000000000000e+02
4.760000000000000000e+02
6.110000000000000000e+02
7.460000000000000000e+02
8.380000000000000000e+02
8.580000000000000000e+02
8.730000000000000000e+02
7.380000000000000000e+02
7.140000000000000000e+02
5.900000000000000000e+02
5.690000000000000000e+02
5.520000000000000000e+02
4.540000000000000000e+02
4.500000000000000000e+02
4.910000000000000000e+02
4.660000000000000000e+02
4.100000000000000000e+02
4.620000000000000000e+02
3.870000000000000000e+02
4.690000000000000000e+02
4.160000000000000000e+02
3.400000000000000000e+02
4.420000000000000000e+02
3.900000000000000000e+02
4.600000000000000000e+02
3.820000000000000000e+02
4.070000000000000000e+02
3.840000000000000000e+02
3.890000000000000000e+02
4.070000000000000000e+02
4.130000000000000000e+02
3.840000000000000000e+02
4.280000000000000000e+02
4.310000000000000000e+02
4.790000000000000000e+02
4.280000000000000000e+02
4.860000000000000000e+02
4.830000000000000000e+02
5.160000000000000000e+02
4.500000000000000000e+02
4.790000000000000000e+02
4.690000000000000000e+02
4.780000000000000000e+02
5.150000000000000000e+02
4.990000000000000000e+02
5.100000000000000000e+02
6.360000000000000000e+02
6.120000000000000000e+02
5.140000000000000000e+02
5.310000000000000000e+02
5.350000000000000000e+02
5.600000000000000000e+02
5.620000000000000000e+02
4.960000000000000000e+02
5.740000000000000000e+02
4.610000000000000000e+02
3.130000000000000000e+02
2.340000000000000000e+02
1.890000000000000000e+02
1.580000000000000000e+02
1.710000000000000000e+02
1.400000000000000000e+02
1.880000000000000000e+02
2.100000000000000000e+02
2.430000000000000000e+02
3.360000000000000000e+02
3.700000000000000000e+02
4.660000000000000000e+02
5.590000000000000000e+02
6.810000000000000000e+02
7.030000000000000000e+02
7.360000000000000000e+02
1.115000000000000000e+03
2.063000000000000000e+03
3.282700000000000000e+04
4.186100000000000000e+04
0.000000000000000000e+00
1.500000000000000000e+01
7.150000000000000000e+02
0.000000000000000000e+00
8.290000000000000000e+02
2.164300000000000000e+04
1.000000000000000000e+00
1.640400000000000000e+04
2.100000000000000000e+01
2.000000000000000000e+01
6.954000000000000000e+03
1.348000000000000000e+03
4.568600000000000000e+04
2.266000000000000000e+03
1.321000000000000000e+03
3.651000000000000000e+03
1.082000000000000000e+03
3.910000000000000000e+02
5.926000000000000000e+03
1.341000000000000000e+03
8.500000000000000000e+02
6.900000000000000000e+01
2.420000000000000000e+02
1.873000000000000000e+03
7.330000000000000000e+02
2.770000000000000000e+02
1.250000000000000000e+02
8.000000000000000000e+01
6.100000000000000000e+01
1.184000000000000000e+03
1.000000000000000000e+01
2.400000000000000000e+01
1.500000000000000000e+01
4.000000000000000000e+01
1.790000000000000000e+02
9.150000000000000000e+02
3.000000000000000000e+00
4.500000000000000000e+01
1.200000000000000000e+01
3.600000000000000000e+01
0.000000000000000000e+00
2.150000000000000000e+02
4.000000000000000000e+01
3.000000000000000000e+00
4.300000000000000000e+01
2.000000000000000000e+00
2.000000000000000000e+00
8.000000000000000000e+00
1.000000000000000000e+00
1.480000000000000000e+02
1.400000000000000000e+01
5.000000000000000000e+00
3.000000000000000000e+00
8.000000000000000000e+00
1.330000000000000000e+02
1.400000000000000000e+01
0.000000000000000000e+00
3.000000000000000000e+00
0.000000000000000000e+00
1.830000000000000000e+02
0.000000000000000000e+00
2.000000000000000000e+00
7.000000000000000000e+00
0.000000000000000000e+00
4.000000000000000000e+00
1.230000000000000000e+02
5.000000000000000000e+00
7.300000000000000000e+01
6.500000000000000000e+01
3.100000000000000000e+01
2.100000000000000000e+01
0.000000000000000000e+00
4.600000000000000000e+01
1.600000000000000000e+01
8.430000000000000000e+02
7.000000000000000000e+00
0.000000000000000000e+00
0.000000000000000000e+00
0.000000000000000000e+00
1.290000000000000000e+02
0.000000000000000000e+00
0.000000000000000000e+00
3.110000000000000000e+02
2.000000000000000000e+00
2.000000000000000000e+00
0.000000000000000000e+00
1.600000000000000000e+01
0.000000000000000000e+00
0.000000000000000000e+00
6.930000000000000000e+02
0.000000000000000000e+00
0.000000000000000000e+00
3.000000000000000000e+00
0.000000000000000000e+00
0.000000000000000000e+00
5.800000000000000000e+01
0.000000000000000000e+00
0.000000000000000000e+00
0.000000000000000000e+00
0.000000000000000000e+00
1.000000000000000000e+01
0.000000000000000000e+00
3.500000000000000000e+01
0.000000000000000000e+00
5.400000000000000000e+01
0.000000000000000000e+00
0.000000000000000000e+00
0.000000000000000000e+00
8.000000000000000000e+00
2.660000000000000000e+02
6.000000000000000000e+00
0.000000000000000000e+00
0.000000000000000000e+00
5.120000000000000000e+02
2.130000000000000000e+02
0.000000000000000000e+00
0.000000000000000000e+00
0.000000000000000000e+00
0.000000000000000000e+00
1.780000000000000000e+03
0.000000000000000000e+00
0.000000000000000000e+00
0.000000000000000000e+00
5.510000000000000000e+02
6.280000000000000000e+02
6.485000000000000000e+03
0.000000000000000000e+00
7.000000000000000000e+00
0.000000000000000000e+00
6.000000000000000000e+01
0.000000000000000000e+00
1.672000000000000000e+03
3.140000000000000000e+02
0.000000000000000000e+00
2.500000000000000000e+01
0.000000000000000000e+00
0.000000000000000000e+00
3.400000000000000000e+01
0.000000000000000000e+00
1.115000000000000000e+03
6.820000000000000000e+02
3.000000000000000000e+00
1.000000000000000000e+01
2.200000000000000000e+01
2.259000000000000000e+04
1.500000000000000000e+01
0.000000000000000000e+00
0.000000000000000000e+00
0.000000000000000000e+00
5.140000000000000000e+02
0.000000000000000000e+00
0.000000000000000000e+00
0.000000000000000000e+00
0.000000000000000000e+00
0.000000000000000000e+00
5.003000000000000000e+03
0.000000000000000000e+00
4.000000000000000000e+00
0.000000000000000000e+00
2.030000000000000000e+02
1.000000000000000000e+00
0.000000000000000000e+00
5.100000000000000000e+01
4.000000000000000000e+00
3.440000000000000000e+03
1.000000000000000000e+00
0.000000000000000000e+00
0.000000000000000000e+00
2.400000000000000000e+01
2.592000000000000000e+03
0.000000000000000000e+00
0.000000000000000000e+00
2.902200000000000000e+04
4.000000000000000000e+00
1.300000000000000000e+01
9.000000000000000000e+00
4.720000000000000000e+02
6.000000000000000000e+00
1.000000000000000000e+01
4.002700000000000000e+04
8.090000000000000000e+02
2.357000000000000000e+03
1.132000000000000000e+03
1.106000000000000000e+03
3.656000000000000000e+03
1.502000000000000000e+03
3.941000000000000000e+03
8.847000000000000000e+03
1.262900000000000000e+04
5.411000000000000000e+03
6.707000000000000000e+03
7.816000000000000000e+03
8.499000000000000000e+03
8.025000000000000000e+03
5.890000000000000000e+03
5.067000000000000000e+03
6.499000000000000000e+03
7.271000000000000000e+03
6.596000000000000000e+03
6.372000000000000000e+03
5.523000000000000000e+03
4.816000000000000000e+03
3.908000000000000000e+03
3.653000000000000000e+03
2.757000000000000000e+03
3.481000000000000000e+03
2.482000000000000000e+03
2.927000000000000000e+03
2.210000000000000000e+03
2.781000000000000000e+03
2.210000000000000000e+03
2.300000000000000000e+03
2.112000000000000000e+03
2.451000000000000000e+03
1.822000000000000000e+03
2.440000000000000000e+03
1.386000000000000000e+03
1.603000000000000000e+03
1.408000000000000000e+03
1.173000000000000000e+03
1.307000000000000000e+03
1.070000000000000000e+03
1.488000000000000000e+03
1.319000000000000000e+03
8.340000000000000000e+02
1.165000000000000000e+03
7.380000000000000000e+02
4.150000000000000000e+02
6.980000000000000000e+02
1.740000000000000000e+02
7.320000000000000000e+02
6.700000000000000000e+01
5.270000000000000000e+02
1.990000000000000000e+02
5.750000000000000000e+02
5.900000000000000000e+01
4.580000000000000000e+02
3.410000000000000000e+02
4.310000000000000000e+02
2.210000000000000000e+02
7.290000000000000000e+02
6.700000000000000000e+01
4.000000000000000000e+00
9.510000000000000000e+02
1.200000000000000000e+01
5.700000000000000000e+01
9.300000000000000000e+02
1.370000000000000000e+02
3.300000000000000000e+01
1.015000000000000000e+03
2.980000000000000000e+02
1.200000000000000000e+01
1.041000000000000000e+03
4.100000000000000000e+01
2.860000000000000000e+02
1.500000000000000000e+01
1.488000000000000000e+03
1.730000000000000000e+02
7.000000000000000000e+00
2.510000000000000000e+02
9.840000000000000000e+02
2.200000000000000000e+01
5.000000000000000000e+00
5.000000000000000000e+00
1.616000000000000000e+03
3.000000000000000000e+00
5.000000000000000000e+00
6.000000000000000000e+00
4.200000000000000000e+01
1.136000000000000000e+03
2.190000000000000000e+02
4.000000000000000000e+00
1.010000000000000000e+02
4.800000000000000000e+01
5.000000000000000000e+00
8.310000000000000000e+02
2.400000000000000000e+01
1.890000000000000000e+02
5.100000000000000000e+01
7.000000000000000000e+00
2.000000000000000000e+00
1.438000000000000000e+03
2.000000000000000000e+00
6.000000000000000000e+00
5.800000000000000000e+01
1.420000000000000000e+02
2.200000000000000000e+01
2.000000000000000000e+00
1.012000000000000000e+03
4.000000000000000000e+00
1.000000000000000000e+00
5.400000000000000000e+01
8.600000000000000000e+01
1.000000000000000000e+00
8.000000000000000000e+00
1.550000000000000000e+02
2.000000000000000000e+00
1.117000000000000000e+03
7.200000000000000000e+01
2.300000000000000000e+01
5.000000000000000000e+00
4.000000000000000000e+00
4.000000000000000000e+00
5.000000000000000000e+00
0.000000000000000000e+00
4.000000000000000000e+00
0.000000000000000000e+00
1.343000000000000000e+03
3.000000000000000000e+00
4.000000000000000000e+00
3.000000000000000000e+00
2.000000000000000000e+00
2.000000000000000000e+00
2.000000000000000000e+00
7.000000000000000000e+00
2.300000000000000000e+01
3.700000000000000000e+01
8.000000000000000000e+00
9.360000000000000000e+02
1.000000000000000000e+00
0.000000000000000000e+00
3.810000000000000000e+02
3.000000000000000000e+00
2.000000000000000000e+00
1.000000000000000000e+00
3.300000000000000000e+01
0.000000000000000000e+00
2.000000000000000000e+00
5.200000000000000000e+01
3.000000000000000000e+00
4.000000000000000000e+00
1.000000000000000000e+00
1.370000000000000000e+03
0.000000000000000000e+00
5.000000000000000000e+00
5.000000000000000000e+00
1.700000000000000000e+01
4.000000000000000000e+00
9.900000000000000000e+01
3.000000000000000000e+00
2.000000000000000000e+00
4.500000000000000000e+01
0.000000000000000000e+00
5.000000000000000000e+00
3.000000000000000000e+00
1.000000000000000000e+00
3.000000000000000000e+00
0.000000000000000000e+00
2.000000000000000000e+00
8.000000000000000000e+02
0.000000000000000000e+00
2.000000000000000000e+00
2.000000000000000000e+00
3.000000000000000000e+00
4.000000000000000000e+00
3.000000000000000000e+00
4.000000000000000000e+00
4.000000000000000000e+00
5.600000000000000000e+01
2.000000000000000000e+00
2.000000000000000000e+00
6.300000000000000000e+01
1.000000000000000000e+00
4.000000000000000000e+00
9.000000000000000000e+00
6.000000000000000000e+00
3.000000000000000000e+00
4.000000000000000000e+00
3.000000000000000000e+00
3.000000000000000000e+00
3.570000000000000000e+02
3.000000000000000000e+00
2.000000000000000000e+00
3.000000000000000000e+00
1.000000000000000000e+00
5.000000000000000000e+00
3.000000000000000000e+00
2.700000000000000000e+01
4.000000000000000000e+00
4.000000000000000000e+00
7.000000000000000000e+00
4.000000000000000000e+00
2.000000000000000000e+00
1.000000000000000000e+01
1.000000000000000000e+00
2.000000000000000000e+00
4.000000000000000000e+00
4.000000000000000000e+00
7.000000000000000000e+00
5.000000000000000000e+00
3.000000000000000000e+00
7.000000000000000000e+00
4.200000000000000000e+01
7.000000000000000000e+00
5.000000000000000000e+00
3.000000000000000000e+00
3.000000000000000000e+00
0.000000000000000000e+00
1.550000000000000000e+02
5.000000000000000000e+00
5.000000000000000000e+00
5.000000000000000000e+00
1.800000000000000000e+01
7.000000000000000000e+00
1.100000000000000000e+01
6.000000000000000000e+00
9.000000000000000000e+00
7.000000000000000000e+00
5.000000000000000000e+00
7.000000000000000000e+00
1.100000000000000000e+01
1.100000000000000000e+01
6.000000000000000000e+00
6.000000000000000000e+00
1.100000000000000000e+01
7.000000000000000000e+00
5.000000000000000000e+00
1.100000000000000000e+01
6.000000000000000000e+00
1.600000000000000000e+01
1.300000000000000000e+01
1.400000000000000000e+01
1.300000000000000000e+01
1.000000000000000000e+01
1.400000000000000000e+01
6.000000000000000000e+00
6.000000000000000000e+00
1.200000000000000000e+01
4.000000000000000000e+00
5.000000000000000000e+00
3.000000000000000000e+00
3.000000000000000000e+00
2.000000000000000000e+00
2.000000000000000000e+00
1.440000000000000000e+02
0.000000000000000000e+00
0.000000000000000000e+00
3.000000000000000000e+00
7.000000000000000000e+00
2.100000000000000000e+01
5.000000000000000000e+01
1.120000000000000000e+02
2.410000000000000000e+02
5.270000000000000000e+02
1.271000000000000000e+03
1.768000000000000000e+03
1.261000000000000000e+03
1.343000000000000000e+03
1.542000000000000000e+03
1.500000000000000000e+03
1.846000000000000000e+03
1.329000000000000000e+03
1.730000000000000000e+03
1.764000000000000000e+03
1.562000000000000000e+03
2.076000000000000000e+03
1.567000000000000000e+03
1.642000000000000000e+03
1.237000000000000000e+03
1.059000000000000000e+03
1.078000000000000000e+03
9.680000000000000000e+02
8.500000000000000000e+02
8.990000000000000000e+02
8.300000000000000000e+02
8.490000000000000000e+02
8.640000000000000000e+02
8.040000000000000000e+02
8.110000000000000000e+02
7.300000000000000000e+02
7.640000000000000000e+02
7.660000000000000000e+02
8.930000000000000000e+02
1.204000000000000000e+03
1.318000000000000000e+03
1.686000000000000000e+03
1.820000000000000000e+03
2.068000000000000000e+03
2.073000000000000000e+03
1.790000000000000000e+03
1.714000000000000000e+03
1.539000000000000000e+03
1.410000000000000000e+03
1.443000000000000000e+03
1.340000000000000000e+03
1.290000000000000000e+03
1.121000000000000000e+03
1.140000000000000000e+03
1.131000000000000000e+03
1.059000000000000000e+03
9.260000000000000000e+02
9.530000000000000000e+02
8.230000000000000000e+02
7.680000000000000000e+02
6.480000000000000000e+02
5.800000000000000000e+02
5.500000000000000000e+02
5.010000000000000000e+02
4.650000000000000000e+02
4.500000000000000000e+02
4.330000000000000000e+02
4.050000000000000000e+02
4.530000000000000000e+02
4.150000000000000000e+02
3.730000000000000000e+02
4.060000000000000000e+02
3.770000000000000000e+02
4.250000000000000000e+02
4.340000000000000000e+02
4.470000000000000000e+02
4.280000000000000000e+02
4.580000000000000000e+02
5.280000000000000000e+02
5.100000000000000000e+02
5.120000000000000000e+02
5.110000000000000000e+02
5.220000000000000000e+02
6.660000000000000000e+02
6.780000000000000000e+02
6.610000000000000000e+02
6.520000000000000000e+02
6.700000000000000000e+02
7.100000000000000000e+02
7.060000000000000000e+02
7.530000000000000000e+02
7.520000000000000000e+02
7.880000000000000000e+02
8.190000000000000000e+02
7.610000000000000000e+02
7.530000000000000000e+02
7.510000000000000000e+02
8.310000000000000000e+02
8.500000000000000000e+02
7.690000000000000000e+02
9.420000000000000000e+02
9.140000000000000000e+02
9.030000000000000000e+02
9.360000000000000000e+02
9.300000000000000000e+02
9.290000000000000000e+02
8.970000000000000000e+02
9.460000000000000000e+02
1.087000000000000000e+03
1.224000000000000000e+03
1.098000000000000000e+03
1.268000000000000000e+03
1.253000000000000000e+03
1.502000000000000000e+03
2.020000000000000000e+03
1.632000000000000000e+03
2.156000000000000000e+03
1.977000000000000000e+03
1.661000000000000000e+03
1.655000000000000000e+03
1.476000000000000000e+03
1.518000000000000000e+03
1.638000000000000000e+03
1.409000000000000000e+03
1.295000000000000000e+03
1.332000000000000000e+03
1.457000000000000000e+03
1.306000000000000000e+03
1.196000000000000000e+03
1.382000000000000000e+03
1.096000000000000000e+03
1.072000000000000000e+03
1.239000000000000000e+03
1.168000000000000000e+03
1.305000000000000000e+03
1.211000000000000000e+03
1.035000000000000000e+03
1.049000000000000000e+03
1.053000000000000000e+03
1.039000000000000000e+03
1.012000000000000000e+03
1.023000000000000000e+03
9.000000000000000000e+02
8.790000000000000000e+02
9.010000000000000000e+02
8.530000000000000000e+02
9.570000000000000000e+02
8.150000000000000000e+02
7.750000000000000000e+02
7.390000000000000000e+02
7.530000000000000000e+02
7.070000000000000000e+02
7.580000000000000000e+02
7.250000000000000000e+02
6.570000000000000000e+02
6.220000000000000000e+02
6.390000000000000000e+02
5.480000000000000000e+02
5.510000000000000000e+02
4.970000000000000000e+02
5.050000000000000000e+02
4.720000000000000000e+02
5.150000000000000000e+02
4.670000000000000000e+02
5.030000000000000000e+02
4.690000000000000000e+02
4.310000000000000000e+02
4.160000000000000000e+02
4.740000000000000000e+02
4.350000000000000000e+02
4.160000000000000000e+02
4.410000000000000000e+02
4.230000000000000000e+02
4.140000000000000000e+02
4.260000000000000000e+02
4.160000000000000000e+02
4.070000000000000000e+02
3.610000000000000000e+02
3.880000000000000000e+02
3.980000000000000000e+02
4.070000000000000000e+02
4.370000000000000000e+02
4.600000000000000000e+02
4.810000000000000000e+02
4.580000000000000000e+02
4.700000000000000000e+02
5.260000000000000000e+02
5.480000000000000000e+02
6.380000000000000000e+02
8.350000000000000000e+02
8.750000000000000000e+02
8.560000000000000000e+02
7.150000000000000000e+02
6.450000000000000000e+02
5.360000000000000000e+02
5.450000000000000000e+02
5.560000000000000000e+02
5.120000000000000000e+02
5.100000000000000000e+02
4.730000000000000000e+02
4.310000000000000000e+02
4.370000000000000000e+02
4.710000000000000000e+02
5.010000000000000000e+02
4.620000000000000000e+02
4.540000000000000000e+02
4.050000000000000000e+02
4.470000000000000000e+02
4.700000000000000000e+02
4.150000000000000000e+02
3.720000000000000000e+02
3.820000000000000000e+02
3.820000000000000000e+02
3.870000000000000000e+02
4.000000000000000000e+02
4.470000000000000000e+02
4.400000000000000000e+02
4.430000000000000000e+02
3.860000000000000000e+02
4.530000000000000000e+02
4.390000000000000000e+02
4.870000000000000000e+02
4.420000000000000000e+02
4.620000000000000000e+02
4.790000000000000000e+02
4.760000000000000000e+02
5.180000000000000000e+02
4.720000000000000000e+02
4.930000000000000000e+02
5.320000000000000000e+02
5.040000000000000000e+02
5.360000000000000000e+02
5.610000000000000000e+02
4.670000000000000000e+02
5.380000000000000000e+02
6.170000000000000000e+02
6.500000000000000000e+02
6.510000000000000000e+02
6.120000000000000000e+02
7.410000000000000000e+02
7.100000000000000000e+02
6.960000000000000000e+02
5.950000000000000000e+02
6.600000000000000000e+02
5.950000000000000000e+02
3.710000000000000000e+02
3.750000000000000000e+02
3.510000000000000000e+02
3.020000000000000000e+02
3.440000000000000000e+02
4.280000000000000000e+02
4.980000000000000000e+02
6.520000000000000000e+02
8.130000000000000000e+02
1.070000000000000000e+03
1.912000000000000000e+03
3.500800000000000000e+04
