1.000000000000000000e+00
1.000000000000000000e+00
1.000000000000000000e+00
4.000000000000000000e+00
7.000000000000000000e+00
1.700000000000000000e+01
2.300000000000000000e+01
6.000000000000000000e+01
8.100000000000000000e+01
1.830000000000000000e+02
4.210000000000000000e+02
1.115000000000000000e+03
2.913000000000000000e+03
6.764000000000000000e+03
9.779000000000000000e+03
9.979000000000000000e+03
1.170100000000000000e+04
1.299700000000000000e+04
1.240200000000000000e+04
1.386800000000000000e+04
1.220700000000000000e+04
1.187800000000000000e+04
9.986000000000000000e+03
9.434000000000000000e+03
8.712000000000000000e+03
9.298000000000000000e+03
9.811000000000000000e+03
1.127400000000000000e+04
9.656000000000000000e+03
8.417000000000000000e+03
7.223000000000000000e+03
6.728000000000000000e+03
6.304000000000000000e+03
5.862000000000000000e+03
5.431000000000000000e+03
4.912000000000000000e+03
4.829000000000000000e+03
4.570000000000000000e+03
4.402000000000000000e+03
4.135000000000000000e+03
3.965000000000000000e+03
3.914000000000000000e+03
3.787000000000000000e+03
3.900000000000000000e+03
3.927000000000000000e+03
3.910000000000000000e+03
4.212000000000000000e+03
4.103000000000000000e+03
4.239000000000000000e+03
4.007000000000000000e+03
3.878000000000000000e+03
4.122000000000000000e+03
3.910000000000000000e+03
3.861000000000000000e+03
3.717000000000000000e+03
3.592000000000000000e+03
3.517000000000000000e+03
3.198000000000000000e+03
3.225000000000000000e+03
3.438000000000000000e+03
3.658000000000000000e+03
3.614000000000000000e+03
3.456000000000000000e+03
3.575000000000000000e+03
3.068000000000000000e+03
3.197000000000000000e+03
3.137000000000000000e+03
3.506000000000000000e+03
3.322000000000000000e+03
3.267000000000000000e+03
3.094000000000000000e+03
3.116000000000000000e+03
3.222000000000000000e+03
3.387000000000000000e+03
3.304000000000000000e+03
3.305000000000000000e+03
3.176000000000000000e+03
3.328000000000000000e+03
3.374000000000000000e+03
3.657000000000000000e+03
3.719000000000000000e+03
3.728000000000000000e+03
3.844000000000000000e+03
3.574000000000000000e+03
3.874000000000000000e+03
3.502000000000000000e+03
3.690000000000000000e+03
3.582000000000000000e+03
3.457000000000000000e+03
3.623000000000000000e+03
3.893000000000000000e+03
3.521000000000000000e+03
3.756000000000000000e+03
3.689000000000000000e+03
3.856000000000000000e+03
4.213000000000000000e+03
4.585000000000000000e+03
4.981000000000000000e+03
4.978000000000000000e+03
5.078000000000000000e+03
5.261000000000000000e+03
5.788000000000000000e+03
5.861000000000000000e+03
5.728000000000000000e+03
5.312000000000000000e+03
5.106000000000000000e+03
5.206000000000000000e+03
5.025000000000000000e+03
5.116000000000000000e+03
4.989000000000000000e+03
5.110000000000000000e+03
5.067000000000000000e+03
5.039000000000000000e+03
4.904000000000000000e+03
4.759000000000000000e+03
4.381000000000000000e+03
3.976000000000000000e+03
4.002000000000000000e+03
3.895000000000000000e+03
3.888000000000000000e+03
3.678000000000000000e+03
3.472000000000000000e+03
3.392000000000000000e+03
3.582000000000000000e+03
3.563000000000000000e+03
3.694000000000000000e+03
3.435000000000000000e+03
3.454000000000000000e+03
3.593000000000000000e+03
3.662000000000000000e+03
3.993000000000000000e+03
4.392000000000000000e+03
5.322000000000000000e+03
4.250000000000000000e+03
4.676000000000000000e+03
4.485000000000000000e+03
4.751000000000000000e+03
4.717000000000000000e+03
4.756000000000000000e+03
4.441000000000000000e+03
4.424000000000000000e+03
4.434000000000000000e+03
4.382000000000000000e+03
4.283000000000000000e+03
4.304000000000000000e+03
4.420000000000000000e+03
4.220000000000000000e+03
3.975000000000000000e+03
3.704000000000000000e+03
3.895000000000000000e+03
3.546000000000000000e+03
3.535000000000000000e+03
3.471000000000000000e+03
3.352000000000000000e+03
3.313000000000000000e+03
3.097000000000000000e+03
3.199000000000000000e+03
2.890000000000000000e+03
3.020000000000000000e+03
2.757000000000000000e+03
2.906000000000000000e+03
3.019000000000000000e+03
3.009000000000000000e+03
3.177000000000000000e+03
3.372000000000000000e+03
3.700000000000000000e+03
4.473000000000000000e+03
7.195000000000000000e+03
5.883000000000000000e+03
5.537000000000000000e+03
4.393000000000000000e+03
3.750000000000000000e+03
4.198000000000000000e+03
4.396000000000000000e+03
7.654000000000000000e+03
7.146000000000000000e+03
6.210000000000000000e+03
5.211000000000000000e+03
4.278000000000000000e+03
4.180000000000000000e+03
4.384000000000000000e+03
4.036000000000000000e+03
4.327000000000000000e+03
4.267000000000000000e+03
3.466000000000000000e+03
5.986000000000000000e+03
3.777000000000000000e+03
5.008000000000000000e+03
4.133000000000000000e+03
5.124000000000000000e+03
5.384000000000000000e+03
7.155000000000000000e+03
6.560000000000000000e+03
7.057000000000000000e+03
6.620000000000000000e+03
7.526000000000000000e+03
6.521000000000000000e+03
9.070000000000000000e+03
6.939000000000000000e+03
7.967000000000000000e+03
6.925000000000000000e+03
7.410000000000000000e+03
6.852000000000000000e+03
6.014000000000000000e+03
5.480000000000000000e+03
4.805000000000000000e+03
5.011000000000000000e+03
5.371000000000000000e+03
5.752000000000000000e+03
6.139000000000000000e+03
5.605000000000000000e+03
7.242000000000000000e+03
9.128000000000000000e+03
9.072000000000000000e+03
1.280100000000000000e+04
9.618000000000000000e+03
7.198000000000000000e+03
1.060600000000000000e+04
8.548000000000000000e+03
1.181300000000000000e+04
1.076000000000000000e+04
6.769000000000000000e+03
5.628000000000000000e+03
5.227000000000000000e+03
4.463000000000000000e+03
3.909000000000000000e+03
3.800000000000000000e+03
2.761000000000000000e+03
3.035000000000000000e+03
2.571000000000000000e+03
2.538000000000000000e+03
3.065000000000000000e+03
1.929000000000000000e+03
2.057000000000000000e+03
1.876000000000000000e+03
1.986000000000000000e+03
1.328000000000000000e+03
1.617000000000000000e+03
1.154000000000000000e+03
1.345000000000000000e+03
8.570000000000000000e+02
7.210000000000000000e+02
7.030000000000000000e+02
5.740000000000000000e+02
4.720000000000000000e+02
4.580000000000000000e+02
3.580000000000000000e+02
3.310000000000000000e+02
1.670000000000000000e+02
1.260000000000000000e+02
4.400000000000000000e+01
3.240000000000000000e+02
9.500000000000000000e+02
4.088000000000000000e+03
6.011000000000000000e+03
7.075800000000000000e+04
0.000000000000000000e+00
1.000000000000000000e+00
1.000000000000000000e+00
1.000000000000000000e+00
3.000000000000000000e+00
8.000000000000000000e+00
1.300000000000000000e+01
2.300000000000000000e+01
5.700000000000000000e+01
8.900000000000000000e+01
1.790000000000000000e+02
3.960000000000000000e+02
1.154000000000000000e+03
2.780000000000000000e+03
6.370000000000000000e+03
9.531000000000000000e+03
9.605000000000000000e+03
1.183000000000000000e+04
1.318800000000000000e+04
1.287800000000000000e+04
1.371800000000000000e+04
1.187100000000000000e+04
1.164500000000000000e+04
9.831000000000000000e+03
9.440000000000000000e+03
9.420000000000000000e+03
1.040100000000000000e+04
1.142800000000000000e+04
9.733000000000000000e+03
8.796000000000000000e+03
8.338000000000000000e+03
7.207000000000000000e+03
6.798000000000000000e+03
6.203000000000000000e+03
5.837000000000000000e+03
5.130000000000000000e+03
4.717000000000000000e+03
4.864000000000000000e+03
4.718000000000000000e+03
4.449000000000000000e+03
4.237000000000000000e+03
4.126000000000000000e+03
4.032000000000000000e+03
4.052000000000000000e+03
4.005000000000000000e+03
3.927000000000000000e+03
4.229000000000000000e+03
4.138000000000000000e+03
4.206000000000000000e+03
4.084000000000000000e+03
3.968000000000000000e+03
3.910000000000000000e+03
4.180000000000000000e+03
3.853000000000000000e+03
3.725000000000000000e+03
3.962000000000000000e+03
3.620000000000000000e+03
3.444000000000000000e+03
3.284000000000000000e+03
3.339000000000000000e+03
3.488000000000000000e+03
3.731000000000000000e+03
3.752000000000000000e+03
3.394000000000000000e+03
3.433000000000000000e+03
3.264000000000000000e+03
3.372000000000000000e+03
3.248000000000000000e+03
3.341000000000000000e+03
3.446000000000000000e+03
3.452000000000000000e+03
3.300000000000000000e+03
3.395000000000000000e+03
3.369000000000000000e+03
3.306000000000000000e+03
3.268000000000000000e+03
3.086000000000000000e+03
3.426000000000000000e+03
3.207000000000000000e+03
3.389000000000000000e+03
3.862000000000000000e+03
3.793000000000000000e+03
3.872000000000000000e+03
3.971000000000000000e+03
3.589000000000000000e+03
3.924000000000000000e+03
3.986000000000000000e+03
4.019000000000000000e+03
3.799000000000000000e+03
3.771000000000000000e+03
3.732000000000000000e+03
4.001000000000000000e+03
3.631000000000000000e+03
3.741000000000000000e+03
3.634000000000000000e+03
3.882000000000000000e+03
4.109000000000000000e+03
4.815000000000000000e+03
4.848000000000000000e+03
5.014000000000000000e+03
5.231000000000000000e+03
5.470000000000000000e+03
5.829000000000000000e+03
5.909000000000000000e+03
5.718000000000000000e+03
5.157000000000000000e+03
5.067000000000000000e+03
5.150000000000000000e+03
4.825000000000000000e+03
4.876000000000000000e+03
4.865000000000000000e+03
5.158000000000000000e+03
4.923000000000000000e+03
4.597000000000000000e+03
4.780000000000000000e+03
4.648000000000000000e+03
4.290000000000000000e+03
4.032000000000000000e+03
4.042000000000000000e+03
4.000000000000000000e+03
3.944000000000000000e+03
3.843000000000000000e+03
3.735000000000000000e+03
3.507000000000000000e+03
3.386000000000000000e+03
3.330000000000000000e+03
3.376000000000000000e+03
3.418000000000000000e+03
3.387000000000000000e+03
3.395000000000000000e+03
3.503000000000000000e+03
3.567000000000000000e+03
3.537000000000000000e+03
3.570000000000000000e+03
3.765000000000000000e+03
3.989000000000000000e+03
3.848000000000000000e+03
3.810000000000000000e+03
3.891000000000000000e+03
3.696000000000000000e+03
3.391000000000000000e+03
3.401000000000000000e+03
3.484000000000000000e+03
3.676000000000000000e+03
3.906000000000000000e+03
4.173000000000000000e+03
5.258000000000000000e+03
4.480000000000000000e+03
4.983000000000000000e+03
4.392000000000000000e+03
4.104000000000000000e+03
3.819000000000000000e+03
3.748000000000000000e+03
3.702000000000000000e+03
3.281000000000000000e+03
3.182000000000000000e+03
3.354000000000000000e+03
3.378000000000000000e+03
3.305000000000000000e+03
3.405000000000000000e+03
3.403000000000000000e+03
3.494000000000000000e+03
3.553000000000000000e+03
3.356000000000000000e+03
3.441000000000000000e+03
3.601000000000000000e+03
3.889000000000000000e+03
4.428000000000000000e+03
8.157000000000000000e+03
6.051000000000000000e+03
4.524000000000000000e+03
3.405000000000000000e+03
3.910000000000000000e+03
4.244000000000000000e+03
5.892000000000000000e+03
4.206000000000000000e+03
3.907000000000000000e+03
4.021000000000000000e+03
3.760000000000000000e+03
3.997000000000000000e+03
4.214000000000000000e+03
4.013000000000000000e+03
4.113000000000000000e+03
4.989000000000000000e+03
3.996000000000000000e+03
5.511000000000000000e+03
3.875000000000000000e+03
5.713000000000000000e+03
4.543000000000000000e+03
5.855000000000000000e+03
5.904000000000000000e+03
7.994000000000000000e+03
8.211000000000000000e+03
8.999000000000000000e+03
9.174000000000000000e+03
1.053200000000000000e+04
9.303000000000000000e+03
1.028100000000000000e+04
8.727000000000000000e+03
7.048000000000000000e+03
7.002000000000000000e+03
6.433000000000000000e+03
7.577000000000000000e+03
5.935000000000000000e+03
6.152000000000000000e+03
5.081000000000000000e+03
5.389000000000000000e+03
6.313000000000000000e+03
5.433000000000000000e+03
6.615000000000000000e+03
5.453000000000000000e+03
8.460000000000000000e+03
8.974000000000000000e+03
1.082900000000000000e+04
1.316300000000000000e+04
1.120600000000000000e+04
1.334400000000000000e+04
1.223000000000000000e+04
9.523000000000000000e+03
8.770000000000000000e+03
5.393000000000000000e+03
4.160000000000000000e+03
3.543000000000000000e+03
3.178000000000000000e+03
3.448000000000000000e+03
3.712000000000000000e+03
2.531000000000000000e+03
2.926000000000000000e+03
2.598000000000000000e+03
2.857000000000000000e+03
3.230000000000000000e+03
2.755000000000000000e+03
2.495000000000000000e+03
2.117000000000000000e+03
2.224000000000000000e+03
1.635000000000000000e+03
1.431000000000000000e+03
1.280000000000000000e+03
1.348000000000000000e+03
1.818000000000000000e+03
1.140000000000000000e+03
8.610000000000000000e+02
4.510000000000000000e+02
4.030000000000000000e+02
2.180000000000000000e+02
1.960000000000000000e+02
1.810000000000000000e+02
6.200000000000000000e+01
5.300000000000000000e+01
1.230000000000000000e+02
4.000000000000000000e+01
2.850000000000000000e+02
8.300000000000000000e+02
3.914000000000000000e+03
6.054000000000000000e+03
7.107600000000000000e+04
0.000000000000000000e+00
0.000000000000000000e+00
0.000000000000000000e+00
1.000000000000000000e+00
2.000000000000000000e+00
2.000000000000000000e+00
7.000000000000000000e+00
9.000000000000000000e+00
1.700000000000000000e+01
4.300000000000000000e+01
1.130000000000000000e+02
1.550000000000000000e+02
4.450000000000000000e+02
8.300000000000000000e+02
1.526000000000000000e+03
2.884000000000000000e+03
6.165000000000000000e+03
9.267000000000000000e+03
9.158000000000000000e+03
1.112800000000000000e+04
1.330300000000000000e+04
1.296600000000000000e+04
1.410000000000000000e+04
1.207600000000000000e+04
1.162200000000000000e+04
1.018300000000000000e+04
1.036900000000000000e+04
1.141200000000000000e+04
1.039700000000000000e+04
9.488000000000000000e+03
8.636000000000000000e+03
8.276000000000000000e+03
7.936000000000000000e+03
7.181000000000000000e+03
6.921000000000000000e+03
6.266000000000000000e+03
5.984000000000000000e+03
5.090000000000000000e+03
4.672000000000000000e+03
4.753000000000000000e+03
4.682000000000000000e+03
4.371000000000000000e+03
4.178000000000000000e+03
4.139000000000000000e+03
4.160000000000000000e+03
4.173000000000000000e+03
4.024000000000000000e+03
4.229000000000000000e+03
4.478000000000000000e+03
4.509000000000000000e+03
4.238000000000000000e+03
4.360000000000000000e+03
4.255000000000000000e+03
4.167000000000000000e+03
4.511000000000000000e+03
4.080000000000000000e+03
3.892000000000000000e+03
3.732000000000000000e+03
3.392000000000000000e+03
3.314000000000000000e+03
3.181000000000000000e+03
3.309000000000000000e+03
3.226000000000000000e+03
3.425000000000000000e+03
3.407000000000000000e+03
3.330000000000000000e+03
3.349000000000000000e+03
3.392000000000000000e+03
3.069000000000000000e+03
3.341000000000000000e+03
3.586000000000000000e+03
3.783000000000000000e+03
3.658000000000000000e+03
3.412000000000000000e+03
3.196000000000000000e+03
3.364000000000000000e+03
3.354000000000000000e+03
3.665000000000000000e+03
3.580000000000000000e+03
3.529000000000000000e+03
3.581000000000000000e+03
3.478000000000000000e+03
3.958000000000000000e+03
3.819000000000000000e+03
4.281000000000000000e+03
4.292000000000000000e+03
4.082000000000000000e+03
4.126000000000000000e+03
4.025000000000000000e+03
4.152000000000000000e+03
3.887000000000000000e+03
3.928000000000000000e+03
3.619000000000000000e+03
3.606000000000000000e+03
3.578000000000000000e+03
3.874000000000000000e+03
3.691000000000000000e+03
4.045000000000000000e+03
4.251000000000000000e+03
4.852000000000000000e+03
5.090000000000000000e+03
5.596000000000000000e+03
5.672000000000000000e+03
5.557000000000000000e+03
5.708000000000000000e+03
5.885000000000000000e+03
5.492000000000000000e+03
5.011000000000000000e+03
4.788000000000000000e+03
4.741000000000000000e+03
4.563000000000000000e+03
5.081000000000000000e+03
4.878000000000000000e+03
5.123000000000000000e+03
5.029000000000000000e+03
4.940000000000000000e+03
5.143000000000000000e+03
5.042000000000000000e+03
4.706000000000000000e+03
4.638000000000000000e+03
4.286000000000000000e+03
4.148000000000000000e+03
4.085000000000000000e+03
3.882000000000000000e+03
3.747000000000000000e+03
3.582000000000000000e+03
3.604000000000000000e+03
3.660000000000000000e+03
3.640000000000000000e+03
3.716000000000000000e+03
3.672000000000000000e+03
3.684000000000000000e+03
3.674000000000000000e+03
3.485000000000000000e+03
3.482000000000000000e+03
3.479000000000000000e+03
3.237000000000000000e+03
3.149000000000000000e+03
3.042000000000000000e+03
3.077000000000000000e+03
3.156000000000000000e+03
3.369000000000000000e+03
3.575000000000000000e+03
3.426000000000000000e+03
3.838000000000000000e+03
3.957000000000000000e+03
4.677000000000000000e+03
4.494000000000000000e+03
4.509000000000000000e+03
4.303000000000000000e+03
4.186000000000000000e+03
4.060000000000000000e+03
4.015000000000000000e+03
3.758000000000000000e+03
3.510000000000000000e+03
3.134000000000000000e+03
3.071000000000000000e+03
3.393000000000000000e+03
3.292000000000000000e+03
3.434000000000000000e+03
3.253000000000000000e+03
3.309000000000000000e+03
3.405000000000000000e+03
3.168000000000000000e+03
3.151000000000000000e+03
3.388000000000000000e+03
3.284000000000000000e+03
3.717000000000000000e+03
5.210000000000000000e+03
5.659000000000000000e+03
6.229000000000000000e+03
3.817000000000000000e+03
5.571000000000000000e+03
5.123000000000000000e+03
7.305000000000000000e+03
4.975000000000000000e+03
4.593000000000000000e+03
4.458000000000000000e+03
4.108000000000000000e+03
4.461000000000000000e+03
5.262000000000000000e+03
4.463000000000000000e+03
4.870000000000000000e+03
4.565000000000000000e+03
5.165000000000000000e+03
6.162000000000000000e+03
4.755000000000000000e+03
7.146000000000000000e+03
6.436000000000000000e+03
6.981000000000000000e+03
6.965000000000000000e+03
9.571000000000000000e+03
8.663000000000000000e+03
8.375000000000000000e+03
8.243000000000000000e+03
8.819000000000000000e+03
8.866000000000000000e+03
9.504000000000000000e+03
8.307000000000000000e+03
7.713000000000000000e+03
6.598000000000000000e+03
6.516000000000000000e+03
6.624000000000000000e+03
5.460000000000000000e+03
5.608000000000000000e+03
5.645000000000000000e+03
5.186000000000000000e+03
6.569000000000000000e+03
5.847000000000000000e+03
8.106000000000000000e+03
8.068000000000000000e+03
1.241100000000000000e+04
1.366700000000000000e+04
1.352700000000000000e+04
1.053400000000000000e+04
9.498000000000000000e+03
9.750000000000000000e+03
9.584000000000000000e+03
5.261000000000000000e+03
5.168000000000000000e+03
4.733000000000000000e+03
3.854000000000000000e+03
4.138000000000000000e+03
4.144000000000000000e+03
2.398000000000000000e+03
2.751000000000000000e+03
3.074000000000000000e+03
2.798000000000000000e+03
3.437000000000000000e+03
2.369000000000000000e+03
1.842000000000000000e+03
1.726000000000000000e+03
1.631000000000000000e+03
1.425000000000000000e+03
1.753000000000000000e+03
1.364000000000000000e+03
1.179000000000000000e+03
1.170000000000000000e+03
1.102000000000000000e+03
1.387000000000000000e+03
1.045000000000000000e+03
1.203000000000000000e+03
9.230000000000000000e+02
6.750000000000000000e+02
4.940000000000000000e+02
3.470000000000000000e+02
3.070000000000000000e+02
2.450000000000000000e+02
2.440000000000000000e+02
2.650000000000000000e+02
1.600000000000000000e+02
3.800000000000000000e+02
8.480000000000000000e+02
3.903000000000000000e+03
5.975000000000000000e+03
7.115000000000000000e+04
2.879900000000000000e+05
5.770000000000000000e+02
5.610000000000000000e+02
7.430000000000000000e+02
6.470000000000000000e+02
1.983000000000000000e+03
5.041000000000000000e+03
1.950000000000000000e+02
9.170000000000000000e+02
1.320000000000000000e+02
9.000000000000000000e+01
1.567000000000000000e+03
6.500000000000000000e+01
3.010300000000000000e+04
1.257000000000000000e+03
1.710000000000000000e+02
6.816000000000000000e+03
1.200000000000000000e+01
1.730000000000000000e+02
2.132300000000000000e+04
7.830100000000000000e+04
3.497000000000000000e+03
2.730000000000000000e+02
3.480000000000000000e+02
3.656900000000000000e+04
1.395000000000000000e+03
2.320000000000000000e+02
0.000000000000000000e+00
0.000000000000000000e+00
0.000000000000000000e+00
4.669000000000000000e+04
0.000000000000000000e+00
0.000000000000000000e+00
0.000000000000000000e+00
4.150000000000000000e+02
1.470000000000000000e+03
4.455000000000000000e+03
0.000000000000000000e+00
2.300000000000000000e+01
0.000000000000000000e+00
2.710000000000000000e+02
0.000000000000000000e+00
2.310000000000000000e+03
6.840000000000000000e+02
0.000000000000000000e+00
8.000000000000000000e+00
0.000000000000000000e+00
0.000000000000000000e+00
7.200000000000000000e+01
0.000000000000000000e+00
8.196000000000000000e+03
2.650000000000000000e+02
4.000000000000000000e+00
0.000000000000000000e+00
0.000000000000000000e+00
1.376000000000000000e+03
4.100000000000000000e+01
3.000000000000000000e+00
0.000000000000000000e+00
0.000000000000000000e+00
2.110000000000000000e+02
0.000000000000000000e+00
0.000000000000000000e+00
1.500000000000000000e+01
0.000000000000000000e+00
1.100000000000000000e+01
2.313000000000000000e+03
0.000000000000000000e+00
4.500000000000000000e+01
2.300000000000000000e+01
1.036000000000000000e+03
3.500000000000000000e+01
2.800000000000000000e+01
5.290000000000000000e+02
7.940000000000000000e+02
3.634700000000000000e+04
2.050000000000000000e+02
4.790000000000000000e+02
0.000000000000000000e+00
1.974000000000000000e+03
8.161000000000000000e+03
1.630000000000000000e+03
3.120000000000000000e+02
6.587000000000000000e+03
6.963000000000000000e+03
1.690000000000000000e+03
8.400000000000000000e+01
5.066000000000000000e+03
1.510000000000000000e+03
0.000000000000000000e+00
2.148300000000000000e+04
0.000000000000000000e+00
3.070000000000000000e+03
2.496000000000000000e+03
0.000000000000000000e+00
2.218000000000000000e+03
1.383900000000000000e+04
0.000000000000000000e+00
2.695000000000000000e+03
1.970000000000000000e+02
1.700000000000000000e+01
5.810000000000000000e+03
2.140000000000000000e+02
2.220800000000000000e+04
1.225000000000000000e+03
6.690000000000000000e+02
1.219000000000000000e+03
1.220000000000000000e+02
3.520000000000000000e+02
3.177000000000000000e+03
2.647100000000000000e+05
1.739000000000000000e+03
3.680000000000000000e+02
9.240000000000000000e+02
8.048800000000000000e+04
1.301300000000000000e+04
8.960000000000000000e+02
0.000000000000000000e+00
0.000000000000000000e+00
0.000000000000000000e+00
1.042010000000000000e+05
0.000000000000000000e+00
3.600000000000000000e+01
0.000000000000000000e+00
8.530000000000000000e+02
3.102000000000000000e+03
1.921500000000000000e+04
0.000000000000000000e+00
2.000000000000000000e+00
0.000000000000000000e+00
1.150000000000000000e+02
0.000000000000000000e+00
9.860000000000000000e+02
2.970000000000000000e+02
0.000000000000000000e+00
0.000000000000000000e+00
0.000000000000000000e+00
0.000000000000000000e+00
2.000000000000000000e+00
0.000000000000000000e+00
3.236000000000000000e+03
6.200000000000000000e+01
0.000000000000000000e+00
0.000000000000000000e+00
0.000000000000000000e+00
4.150000000000000000e+02
2.000000000000000000e+01
0.000000000000000000e+00
0.000000000000000000e+00
0.000000000000000000e+00
7.600000000000000000e+01
0.000000000000000000e+00
0.000000000000000000e+00
4.000000000000000000e+00
0.000000000000000000e+00
2.000000000000000000e+00
1.474000000000000000e+03
0.000000000000000000e+00
1.700000000000000000e+01
4.000000000000000000e+00
3.240000000000000000e+02
3.000000000000000000e+00
1.000000000000000000e+00
7.500000000000000000e+01
2.700000000000000000e+01
2.223200000000000000e+04
2.300000000000000000e+01
3.000000000000000000e+00
6.000000000000000000e+00
1.230000000000000000e+02
8.500000000000000000e+02
1.100000000000000000e+01
5.800000000000000000e+01
2.161000000000000000e+03
2.580000000000000000e+02
1.780000000000000000e+02
9.500000000000000000e+01
1.114000000000000000e+03
2.940000000000000000e+02
3.870000000000000000e+02
2.867900000000000000e+05
2.000000000000000000e+02
3.615900000000000000e+04
5.906900000000000000e+04
6.716100000000000000e+04
3.856700000000000000e+04
6.025900000000000000e+04
6.759500000000000000e+04
5.718500000000000000e+04
5.301400000000000000e+04
3.389000000000000000e+04
2.665900000000000000e+04
2.527500000000000000e+04
3.080500000000000000e+04
2.368300000000000000e+04
2.006000000000000000e+04
1.892100000000000000e+04
1.649800000000000000e+04
1.535400000000000000e+04
1.446200000000000000e+04
1.580300000000000000e+04
1.399400000000000000e+04
1.190600000000000000e+04
1.413500000000000000e+04
1.437500000000000000e+04
1.179600000000000000e+04
1.552000000000000000e+04
1.552900000000000000e+04
1.083200000000000000e+04
8.269000000000000000e+03
4.111000000000000000e+03
8.794000000000000000e+03
1.111700000000000000e+04
1.033800000000000000e+04
2.959000000000000000e+03
1.210600000000000000e+04
1.165100000000000000e+04
5.220000000000000000e+02
1.167800000000000000e+04
1.893000000000000000e+03
1.046100000000000000e+04
1.800000000000000000e+03
6.780000000000000000e+02
9.220000000000000000e+03
2.023000000000000000e+03
8.400000000000000000e+03
1.790000000000000000e+03
1.387000000000000000e+03
5.699000000000000000e+03
1.268000000000000000e+03
4.910000000000000000e+02
3.641000000000000000e+03
2.310000000000000000e+02
1.515000000000000000e+03
6.040000000000000000e+02
2.256000000000000000e+03
4.690000000000000000e+02
2.990000000000000000e+02
1.948000000000000000e+03
4.460000000000000000e+02
8.180000000000000000e+02
1.350000000000000000e+03
7.990000000000000000e+02
6.800000000000000000e+01
1.866000000000000000e+03
1.400000000000000000e+02
7.240000000000000000e+02
8.870000000000000000e+02
1.390000000000000000e+02
6.210000000000000000e+02
4.460000000000000000e+02
9.290000000000000000e+02
6.400000000000000000e+01
3.910000000000000000e+02
3.940000000000000000e+02
3.480000000000000000e+02
7.600000000000000000e+01
3.930000000000000000e+02
4.200000000000000000e+02
6.700000000000000000e+01
1.810000000000000000e+02
5.980000000000000000e+02
1.000000000000000000e+02
5.300000000000000000e+01
6.200000000000000000e+01
5.300000000000000000e+02
7.200000000000000000e+01
6.500000000000000000e+01
7.600000000000000000e+01
4.210000000000000000e+02
7.300000000000000000e+01
6.500000000000000000e+01
4.000000000000000000e+01
1.710000000000000000e+02
1.400000000000000000e+02
5.400000000000000000e+01
6.600000000000000000e+01
6.300000000000000000e+01
1.180000000000000000e+02
7.100000000000000000e+01
8.000000000000000000e+01
3.600000000000000000e+01
1.580000000000000000e+02
2.700000000000000000e+01
6.100000000000000000e+01
7.400000000000000000e+01
3.100000000000000000e+01
4.400000000000000000e+01
4.100000000000000000e+01
5.500000000000000000e+01
3.300000000000000000e+01
3.700000000000000000e+01
5.000000000000000000e+01
4.600000000000000000e+01
1.700000000000000000e+01
5.500000000000000000e+01
2.900000000000000000e+01
2.300000000000000000e+01
2.000000000000000000e+01
2.700000000000000000e+01
2.200000000000000000e+01
1.900000000000000000e+01
2.200000000000000000e+01
1.100000000000000000e+01
1.700000000000000000e+01
1.300000000000000000e+01
1.500000000000000000e+01
1.200000000000000000e+01
4.200000000000000000e+01
1.800000000000000000e+01
1.800000000000000000e+01
8.000000000000000000e+00
5.000000000000000000e+00
1.000000000000000000e+01
6.000000000000000000e+00
1.000000000000000000e+01
7.000000000000000000e+00
1.000000000000000000e+00
9.000000000000000000e+00
2.000000000000000000e+00
3.000000000000000000e+00
5.000000000000000000e+00
3.000000000000000000e+00
1.000000000000000000e+00
3.000000000000000000e+00
4.000000000000000000e+00
8.000000000000000000e+00
4.000000000000000000e+00
3.000000000000000000e+00
6.000000000000000000e+00
1.000000000000000000e+00
1.000000000000000000e+00
3.000000000000000000e+00
6.000000000000000000e+00
1.000000000000000000e+00
2.000000000000000000e+00
1.000000000000000000e+00
2.000000000000000000e+00
2.000000000000000000e+00
0.000000000000000000e+00
0.000000000000000000e+00
0.000000000000000000e+00
1.000000000000000000e+00
0.000000000000000000e+00
0.000000000000000000e+00
2.000000000000000000e+00
0.000000000000000000e+00
0.000000000000000000e+00
2.000000000000000000e+00
1.000000000000000000e+00
0.000000000000000000e+00
0.000000000000000000e+00
0.000000000000000000e+00
0.000000000000000000e+00
0.000000000000000000e+00
1.000000000000000000e+00
0.000000000000000000e+00
1.000000000000000000e+00
0.000000000000000000e+00
0.000000000000000000e+00
0.000000000000000000e+00
0.000000000000000000e+00
0.000000000000000000e+00
1.000000000000000000e+00
0.000000000000000000e+00
0.000000000000000000e+00
0.000000000000000000e+00
0.000000000000000000e+00
0.000000000000000000e+00
0.000000000000000000e+00
0.000000000000000000e+00
1.000000000000000000e+00
0.000000000000000000e+00
0.000000000000000000e+00
0.000000000000000000e+00
0.000000000000000000e+00
0.000000000000000000e+00
0.000000000000000000e+00
0.000000000000000000e+00
0.000000000000000000e+00
0.000000000000000000e+00
0.000000000000000000e+00
0.000000000000000000e+00
0.000000000000000000e+00
0.000000000000000000e+00
0.000000000000000000e+00
0.000000000000000000e+00
0.000000000000000000e+00
0.000000000000000000e+00
0.000000000000000000e+00
0.000000000000000000e+00
0.000000000000000000e+00
0.000000000000000000e+00
0.000000000000000000e+00
0.000000000000000000e+00
0.000000000000000000e+00
0.000000000000000000e+00
0.000000000000000000e+00
0.000000000000000000e+00
0.000000000000000000e+00
0.000000000000000000e+00
0.000000000000000000e+00
0.000000000000000000e+00
0.000000000000000000e+00
0.000000000000000000e+00
0.000000000000000000e+00
0.000000000000000000e+00
0.000000000000000000e+00
0.000000000000000000e+00
0.000000000000000000e+00
0.000000000000000000e+00
0.000000000000000000e+00
0.000000000000000000e+00
0.000000000000000000e+00
0.000000000000000000e+00
0.000000000000000000e+00
0.000000000000000000e+00
0.000000000000000000e+00
0.000000000000000000e+00
0.000000000000000000e+00
0.000000000000000000e+00
0.000000000000000000e+00
0.000000000000000000e+00
0.000000000000000000e+00
0.000000000000000000e+00
0.000000000000000000e+00
0.000000000000000000e+00
0.000000000000000000e+00
0.000000000000000000e+00
0.000000000000000000e+00
0.000000000000000000e+00
0.000000000000000000e+00
0.000000000000000000e+00
0.000000000000000000e+00
0.000000000000000000e+00
1.000000000000000000e+00
0.000000000000000000e+00
0.000000000000000000e+00
0.000000000000000000e+00
1.000000000000000000e+00
2.000000000000000000e+00
1.000000000000000000e+00
4.000000000000000000e+00
1.100000000000000000e+01
1.300000000000000000e+01
3.100000000000000000e+01
7.000000000000000000e+01
1.130000000000000000e+02
2.730000000000000000e+02
5.990000000000000000e+02
1.322000000000000000e+03
2.878000000000000000e+03
6.141000000000000000e+03
9.287000000000000000e+03
9.125000000000000000e+03
1.123800000000000000e+04
1.318600000000000000e+04
1.299200000000000000e+04
1.418900000000000000e+04
1.202100000000000000e+04
1.161700000000000000e+04
1.017600000000000000e+04
1.023600000000000000e+04
1.131200000000000000e+04
1.039100000000000000e+04
9.297000000000000000e+03
8.778000000000000000e+03
8.353000000000000000e+03
7.896000000000000000e+03
7.274000000000000000e+03
6.970000000000000000e+03
6.300000000000000000e+03
5.958000000000000000e+03
5.087000000000000000e+03
4.695000000000000000e+03
4.700000000000000000e+03
4.774000000000000000e+03
4.402000000000000000e+03
4.213000000000000000e+03
4.191000000000000000e+03
4.147000000000000000e+03
4.144000000000000000e+03
4.015000000000000000e+03
4.142000000000000000e+03
4.451000000000000000e+03
4.367000000000000000e+03
4.121000000000000000e+03
4.122000000000000000e+03
4.063000000000000000e+03
3.946000000000000000e+03
4.316000000000000000e+03
4.130000000000000000e+03
3.908000000000000000e+03
3.742000000000000000e+03
3.466000000000000000e+03
3.291000000000000000e+03
3.192000000000000000e+03
3.349000000000000000e+03
3.363000000000000000e+03
3.457000000000000000e+03
3.420000000000000000e+03
3.342000000000000000e+03
3.379000000000000000e+03
3.397000000000000000e+03
2.992000000000000000e+03
3.180000000000000000e+03
3.526000000000000000e+03
3.688000000000000000e+03
3.527000000000000000e+03
3.262000000000000000e+03
3.160000000000000000e+03
3.230000000000000000e+03
3.243000000000000000e+03
3.578000000000000000e+03
3.457000000000000000e+03
3.354000000000000000e+03
3.343000000000000000e+03
3.309000000000000000e+03
3.798000000000000000e+03
3.672000000000000000e+03
3.909000000000000000e+03
3.948000000000000000e+03
3.712000000000000000e+03
3.965000000000000000e+03
3.847000000000000000e+03
3.980000000000000000e+03
3.762000000000000000e+03
3.808000000000000000e+03
3.762000000000000000e+03
3.597000000000000000e+03
3.602000000000000000e+03
3.823000000000000000e+03
3.576000000000000000e+03
3.990000000000000000e+03
4.135000000000000000e+03
4.558000000000000000e+03
4.927000000000000000e+03
5.408000000000000000e+03
5.549000000000000000e+03
5.434000000000000000e+03
5.671000000000000000e+03
5.827000000000000000e+03
5.543000000000000000e+03
5.019000000000000000e+03
4.907000000000000000e+03
4.860000000000000000e+03
4.630000000000000000e+03
4.836000000000000000e+03
4.835000000000000000e+03
4.815000000000000000e+03
4.889000000000000000e+03
4.694000000000000000e+03
4.795000000000000000e+03
4.723000000000000000e+03
4.398000000000000000e+03
4.247000000000000000e+03
3.999000000000000000e+03
3.765000000000000000e+03
3.772000000000000000e+03
3.694000000000000000e+03
3.542000000000000000e+03
3.391000000000000000e+03
3.425000000000000000e+03
3.322000000000000000e+03
3.352000000000000000e+03
3.266000000000000000e+03
3.334000000000000000e+03
3.500000000000000000e+03
3.840000000000000000e+03
3.335000000000000000e+03
3.452000000000000000e+03
3.587000000000000000e+03
3.502000000000000000e+03
3.394000000000000000e+03
3.544000000000000000e+03
3.649000000000000000e+03
3.673000000000000000e+03
3.859000000000000000e+03
3.853000000000000000e+03
3.867000000000000000e+03
4.183000000000000000e+03
4.116000000000000000e+03
4.874000000000000000e+03
4.673000000000000000e+03
5.038000000000000000e+03
4.699000000000000000e+03
4.403000000000000000e+03
4.222000000000000000e+03
4.171000000000000000e+03
4.051000000000000000e+03
3.764000000000000000e+03
3.427000000000000000e+03
3.444000000000000000e+03
3.548000000000000000e+03
3.387000000000000000e+03
3.394000000000000000e+03
3.440000000000000000e+03
3.460000000000000000e+03
3.477000000000000000e+03
3.435000000000000000e+03
3.373000000000000000e+03
3.479000000000000000e+03
3.504000000000000000e+03
3.741000000000000000e+03
5.047000000000000000e+03
5.621000000000000000e+03
6.514000000000000000e+03
3.908000000000000000e+03
5.450000000000000000e+03
4.949000000000000000e+03
6.554000000000000000e+03
4.968000000000000000e+03
4.238000000000000000e+03
4.404000000000000000e+03
3.806000000000000000e+03
4.065000000000000000e+03
4.284000000000000000e+03
4.060000000000000000e+03
4.353000000000000000e+03
4.389000000000000000e+03
3.798000000000000000e+03
6.163000000000000000e+03
4.047000000000000000e+03
5.490000000000000000e+03
4.480000000000000000e+03
5.645000000000000000e+03
5.711000000000000000e+03
7.799000000000000000e+03
7.549000000000000000e+03
8.437000000000000000e+03
8.293000000000000000e+03
9.717000000000000000e+03
9.270000000000000000e+03
1.167900000000000000e+04
8.130000000000000000e+03
8.548000000000000000e+03
6.768000000000000000e+03
7.580000000000000000e+03
7.390000000000000000e+03
5.976000000000000000e+03
5.429000000000000000e+03
4.736000000000000000e+03
4.996000000000000000e+03
5.212000000000000000e+03
5.590000000000000000e+03
5.960000000000000000e+03
5.433000000000000000e+03
6.855000000000000000e+03
8.653000000000000000e+03
8.206000000000000000e+03
9.394000000000000000e+03
8.344000000000000000e+03
1.014500000000000000e+04
1.283200000000000000e+04
9.121000000000000000e+03
1.174800000000000000e+04
1.054800000000000000e+04
6.445000000000000000e+03
5.297000000000000000e+03
4.874000000000000000e+03
4.211000000000000000e+03
3.765000000000000000e+03
3.674000000000000000e+03
2.588000000000000000e+03
2.817000000000000000e+03
2.275000000000000000e+03
2.206000000000000000e+03
2.617000000000000000e+03
1.905000000000000000e+03
2.278000000000000000e+03
2.309000000000000000e+03
2.522000000000000000e+03
1.931000000000000000e+03
2.343000000000000000e+03
1.886000000000000000e+03
2.046000000000000000e+03
1.673000000000000000e+03
1.671000000000000000e+03
1.406000000000000000e+03
1.052000000000000000e+03
8.340000000000000000e+02
7.430000000000000000e+02
6.070000000000000000e+02
5.250000000000000000e+02
3.780000000000000000e+02
2.530000000000000000e+02
1.090000000000000000e+02
3.420000000000000000e+02
8.620000000000000000e+02
3.874000000000000000e+03
5.951000000000000000e+03
7.134200000000000000e+04
