3.834000000000000000e+03
2.096000000000000000e+03
6.680000000000000000e+02
4.720000000000000000e+02
4.040000000000000000e+02
3.270000000000000000e+02
3.170000000000000000e+02
3.080000000000000000e+02
3.000000000000000000e+02
3.140000000000000000e+02
3.370000000000000000e+02
2.980000000000000000e+02
3.060000000000000000e+02
3.000000000000000000e+02
2.820000000000000000e+02
3.000000000000000000e+02
3.470000000000000000e+02
4.180000000000000000e+02
4.310000000000000000e+02
5.180000000000000000e+02
5.410000000000000000e+02
5.250000000000000000e+02
5.870000000000000000e+02
5.800000000000000000e+02
6.160000000000000000e+02
5.990000000000000000e+02
6.210000000000000000e+02
6.640000000000000000e+02
6.900000000000000000e+02
7.270000000000000000e+02
7.780000000000000000e+02
6.860000000000000000e+02
6.620000000000000000e+02
6.680000000000000000e+02
5.950000000000000000e+02
5.520000000000000000e+02
5.620000000000000000e+02
5.620000000000000000e+02
5.460000000000000000e+02
5.860000000000000000e+02
5.670000000000000000e+02
6.020000000000000000e+02
6.000000000000000000e+02
6.270000000000000000e+02
6.770000000000000000e+02
7.450000000000000000e+02
7.780000000000000000e+02
8.040000000000000000e+02
8.650000000000000000e+02
8.060000000000000000e+02
9.340000000000000000e+02
8.630000000000000000e+02
9.070000000000000000e+02
9.900000000000000000e+02
1.069000000000000000e+03
1.023000000000000000e+03
1.038000000000000000e+03
1.051000000000000000e+03
1.028000000000000000e+03
1.033000000000000000e+03
1.068000000000000000e+03
1.092000000000000000e+03
1.129000000000000000e+03
1.101000000000000000e+03
1.172000000000000000e+03
1.228000000000000000e+03
1.125000000000000000e+03
1.177000000000000000e+03
1.268000000000000000e+03
1.278000000000000000e+03
1.372000000000000000e+03
1.468000000000000000e+03
1.362000000000000000e+03
1.322000000000000000e+03
1.289000000000000000e+03
1.248000000000000000e+03
1.157000000000000000e+03
1.263000000000000000e+03
1.238000000000000000e+03
1.265000000000000000e+03
1.320000000000000000e+03
1.271000000000000000e+03
1.297000000000000000e+03
1.235000000000000000e+03
1.185000000000000000e+03
1.185000000000000000e+03
1.226000000000000000e+03
1.199000000000000000e+03
1.119000000000000000e+03
1.263000000000000000e+03
1.250000000000000000e+03
1.078000000000000000e+03
1.059000000000000000e+03
1.051000000000000000e+03
1.064000000000000000e+03
9.660000000000000000e+02
9.880000000000000000e+02
9.950000000000000000e+02
9.600000000000000000e+02
1.004000000000000000e+03
9.640000000000000000e+02
9.100000000000000000e+02
9.460000000000000000e+02
9.410000000000000000e+02
9.180000000000000000e+02
8.960000000000000000e+02
8.830000000000000000e+02
9.040000000000000000e+02
8.720000000000000000e+02
9.690000000000000000e+02
9.100000000000000000e+02
9.150000000000000000e+02
9.570000000000000000e+02
8.970000000000000000e+02
8.760000000000000000e+02
9.110000000000000000e+02
8.270000000000000000e+02
8.790000000000000000e+02
8.440000000000000000e+02
8.390000000000000000e+02
8.710000000000000000e+02
7.900000000000000000e+02
8.390000000000000000e+02
8.140000000000000000e+02
8.160000000000000000e+02
8.500000000000000000e+02
8.010000000000000000e+02
8.420000000000000000e+02
8.970000000000000000e+02
8.280000000000000000e+02
8.220000000000000000e+02
7.930000000000000000e+02
7.900000000000000000e+02
8.580000000000000000e+02
8.840000000000000000e+02
8.350000000000000000e+02
8.540000000000000000e+02
8.740000000000000000e+02
8.520000000000000000e+02
8.890000000000000000e+02
8.480000000000000000e+02
8.860000000000000000e+02
8.450000000000000000e+02
8.180000000000000000e+02
8.630000000000000000e+02
9.070000000000000000e+02
9.260000000000000000e+02
9.230000000000000000e+02
9.360000000000000000e+02
9.350000000000000000e+02
9.450000000000000000e+02
9.390000000000000000e+02
1.010000000000000000e+03
1.020000000000000000e+03
1.106000000000000000e+03
1.056000000000000000e+03
1.044000000000000000e+03
1.083000000000000000e+03
1.052000000000000000e+03
1.044000000000000000e+03
1.049000000000000000e+03
1.084000000000000000e+03
9.790000000000000000e+02
9.470000000000000000e+02
9.550000000000000000e+02
9.620000000000000000e+02
9.940000000000000000e+02
9.080000000000000000e+02
9.830000000000000000e+02
9.260000000000000000e+02
9.700000000000000000e+02
9.410000000000000000e+02
9.320000000000000000e+02
9.060000000000000000e+02
8.980000000000000000e+02
9.310000000000000000e+02
1.043000000000000000e+03
1.076000000000000000e+03
1.071000000000000000e+03
9.860000000000000000e+02
1.022000000000000000e+03
9.790000000000000000e+02
9.380000000000000000e+02
9.520000000000000000e+02
9.040000000000000000e+02
8.900000000000000000e+02
9.120000000000000000e+02
8.700000000000000000e+02
9.540000000000000000e+02
9.270000000000000000e+02
8.790000000000000000e+02
8.500000000000000000e+02
8.680000000000000000e+02
8.560000000000000000e+02
8.880000000000000000e+02
8.260000000000000000e+02
8.230000000000000000e+02
7.730000000000000000e+02
7.250000000000000000e+02
6.840000000000000000e+02
7.330000000000000000e+02
7.030000000000000000e+02
7.140000000000000000e+02
6.940000000000000000e+02
7.060000000000000000e+02
6.590000000000000000e+02
6.840000000000000000e+02
7.120000000000000000e+02
6.760000000000000000e+02
6.590000000000000000e+02
6.220000000000000000e+02
6.120000000000000000e+02
5.560000000000000000e+02
5.670000000000000000e+02
5.840000000000000000e+02
5.720000000000000000e+02
6.570000000000000000e+02
6.150000000000000000e+02
6.310000000000000000e+02
6.880000000000000000e+02
6.280000000000000000e+02
6.660000000000000000e+02
6.560000000000000000e+02
6.710000000000000000e+02
7.180000000000000000e+02
7.220000000000000000e+02
6.830000000000000000e+02
6.800000000000000000e+02
7.030000000000000000e+02
8.300000000000000000e+02
7.620000000000000000e+02
8.140000000000000000e+02
7.600000000000000000e+02
7.110000000000000000e+02
6.170000000000000000e+02
5.320000000000000000e+02
5.110000000000000000e+02
4.830000000000000000e+02
4.640000000000000000e+02
4.520000000000000000e+02
4.480000000000000000e+02
4.040000000000000000e+02
4.540000000000000000e+02
4.720000000000000000e+02
4.910000000000000000e+02
5.550000000000000000e+02
5.660000000000000000e+02
5.430000000000000000e+02
6.690000000000000000e+02
7.390000000000000000e+02
9.120000000000000000e+02
1.435000000000000000e+03
2.693000000000000000e+03
4.936000000000000000e+03
7.714000000000000000e+03
1.049000000000000000e+04
3.935000000000000000e+03
2.037000000000000000e+03
6.690000000000000000e+02
4.890000000000000000e+02
3.920000000000000000e+02
3.670000000000000000e+02
3.760000000000000000e+02
3.170000000000000000e+02
3.350000000000000000e+02
3.240000000000000000e+02
3.160000000000000000e+02
2.990000000000000000e+02
3.220000000000000000e+02
2.970000000000000000e+02
2.690000000000000000e+02
3.270000000000000000e+02
3.350000000000000000e+02
3.600000000000000000e+02
4.050000000000000000e+02
4.710000000000000000e+02
5.720000000000000000e+02
5.840000000000000000e+02
5.610000000000000000e+02
6.130000000000000000e+02
5.200000000000000000e+02
5.630000000000000000e+02
5.110000000000000000e+02
5.930000000000000000e+02
6.110000000000000000e+02
6.670000000000000000e+02
6.680000000000000000e+02
6.990000000000000000e+02
7.080000000000000000e+02
7.280000000000000000e+02
6.510000000000000000e+02
6.110000000000000000e+02
5.960000000000000000e+02
5.730000000000000000e+02
5.540000000000000000e+02
6.380000000000000000e+02
6.100000000000000000e+02
6.460000000000000000e+02
6.490000000000000000e+02
6.980000000000000000e+02
6.750000000000000000e+02
7.320000000000000000e+02
8.050000000000000000e+02
8.370000000000000000e+02
8.390000000000000000e+02
7.930000000000000000e+02
8.690000000000000000e+02
8.320000000000000000e+02
9.270000000000000000e+02
9.120000000000000000e+02
9.480000000000000000e+02
9.760000000000000000e+02
1.000000000000000000e+03
1.077000000000000000e+03
1.076000000000000000e+03
1.082000000000000000e+03
1.107000000000000000e+03
1.187000000000000000e+03
1.196000000000000000e+03
1.133000000000000000e+03
1.194000000000000000e+03
1.137000000000000000e+03
1.334000000000000000e+03
1.298000000000000000e+03
1.339000000000000000e+03
1.286000000000000000e+03
1.233000000000000000e+03
1.318000000000000000e+03
1.312000000000000000e+03
1.328000000000000000e+03
1.318000000000000000e+03
1.363000000000000000e+03
1.266000000000000000e+03
1.348000000000000000e+03
1.320000000000000000e+03
1.350000000000000000e+03
1.317000000000000000e+03
1.401000000000000000e+03
1.389000000000000000e+03
1.461000000000000000e+03
1.522000000000000000e+03
1.375000000000000000e+03
1.309000000000000000e+03
1.216000000000000000e+03
1.197000000000000000e+03
1.139000000000000000e+03
1.174000000000000000e+03
1.118000000000000000e+03
1.115000000000000000e+03
1.151000000000000000e+03
1.128000000000000000e+03
1.037000000000000000e+03
1.065000000000000000e+03
1.028000000000000000e+03
1.033000000000000000e+03
9.680000000000000000e+02
1.013000000000000000e+03
9.780000000000000000e+02
9.240000000000000000e+02
9.410000000000000000e+02
9.520000000000000000e+02
8.980000000000000000e+02
8.880000000000000000e+02
9.550000000000000000e+02
9.150000000000000000e+02
9.700000000000000000e+02
9.400000000000000000e+02
9.870000000000000000e+02
9.330000000000000000e+02
9.700000000000000000e+02
9.540000000000000000e+02
8.870000000000000000e+02
9.000000000000000000e+02
9.110000000000000000e+02
9.640000000000000000e+02
9.530000000000000000e+02
9.140000000000000000e+02
9.140000000000000000e+02
9.330000000000000000e+02
9.280000000000000000e+02
9.210000000000000000e+02
9.550000000000000000e+02
9.130000000000000000e+02
9.420000000000000000e+02
9.390000000000000000e+02
9.420000000000000000e+02
9.530000000000000000e+02
9.530000000000000000e+02
9.760000000000000000e+02
9.360000000000000000e+02
9.610000000000000000e+02
1.059000000000000000e+03
9.710000000000000000e+02
1.122000000000000000e+03
1.127000000000000000e+03
1.062000000000000000e+03
1.094000000000000000e+03
1.102000000000000000e+03
1.139000000000000000e+03
1.086000000000000000e+03
1.089000000000000000e+03
1.075000000000000000e+03
1.067000000000000000e+03
1.065000000000000000e+03
1.052000000000000000e+03
1.078000000000000000e+03
1.093000000000000000e+03
1.069000000000000000e+03
1.028000000000000000e+03
9.330000000000000000e+02
9.390000000000000000e+02
9.250000000000000000e+02
9.360000000000000000e+02
9.110000000000000000e+02
9.460000000000000000e+02
9.350000000000000000e+02
9.440000000000000000e+02
9.460000000000000000e+02
9.350000000000000000e+02
9.040000000000000000e+02
9.330000000000000000e+02
9.280000000000000000e+02
9.940000000000000000e+02
9.920000000000000000e+02
1.040000000000000000e+03
1.052000000000000000e+03
9.470000000000000000e+02
9.780000000000000000e+02
9.550000000000000000e+02
9.360000000000000000e+02
8.620000000000000000e+02
9.110000000000000000e+02
9.000000000000000000e+02
8.570000000000000000e+02
9.620000000000000000e+02
8.930000000000000000e+02
8.660000000000000000e+02
8.660000000000000000e+02
8.380000000000000000e+02
8.770000000000000000e+02
8.440000000000000000e+02
7.780000000000000000e+02
7.970000000000000000e+02
7.810000000000000000e+02
7.260000000000000000e+02
6.860000000000000000e+02
6.720000000000000000e+02
7.130000000000000000e+02
7.510000000000000000e+02
7.710000000000000000e+02
8.210000000000000000e+02
8.300000000000000000e+02
7.790000000000000000e+02
7.650000000000000000e+02
7.110000000000000000e+02
7.450000000000000000e+02
6.550000000000000000e+02
6.820000000000000000e+02
6.860000000000000000e+02
6.810000000000000000e+02
6.250000000000000000e+02
6.770000000000000000e+02
6.960000000000000000e+02
6.290000000000000000e+02
6.800000000000000000e+02
6.590000000000000000e+02
6.430000000000000000e+02
7.080000000000000000e+02
6.780000000000000000e+02
6.940000000000000000e+02
7.140000000000000000e+02
7.000000000000000000e+02
7.160000000000000000e+02
7.280000000000000000e+02
6.960000000000000000e+02
7.150000000000000000e+02
7.130000000000000000e+02
7.860000000000000000e+02
7.240000000000000000e+02
7.510000000000000000e+02
8.240000000000000000e+02
7.550000000000000000e+02
8.620000000000000000e+02
8.180000000000000000e+02
7.990000000000000000e+02
7.180000000000000000e+02
6.150000000000000000e+02
5.630000000000000000e+02
5.280000000000000000e+02
5.740000000000000000e+02
5.500000000000000000e+02
4.980000000000000000e+02
5.530000000000000000e+02
5.790000000000000000e+02
6.200000000000000000e+02
6.490000000000000000e+02
7.230000000000000000e+02
8.180000000000000000e+02
1.036000000000000000e+03
9.310000000000000000e+02
9.760000000000000000e+02
1.140000000000000000e+03
1.378000000000000000e+03
1.398000000000000000e+03
1.437000000000000000e+03
1.867000000000000000e+03
2.283000000000000000e+03
2.923000000000000000e+03
3.599000000000000000e+03
4.471000000000000000e+03
2.349000000000000000e+03
8.720000000000000000e+02
3.522000000000000000e+03
1.726000000000000000e+03
9.980000000000000000e+02
6.690000000000000000e+02
4.740000000000000000e+02
4.090000000000000000e+02
3.780000000000000000e+02
3.080000000000000000e+02
3.050000000000000000e+02
3.180000000000000000e+02
3.030000000000000000e+02
2.970000000000000000e+02
2.870000000000000000e+02
2.650000000000000000e+02
3.020000000000000000e+02
2.900000000000000000e+02
2.850000000000000000e+02
2.790000000000000000e+02
3.070000000000000000e+02
3.170000000000000000e+02
3.350000000000000000e+02
4.000000000000000000e+02
4.070000000000000000e+02
4.400000000000000000e+02
4.540000000000000000e+02
4.880000000000000000e+02
5.540000000000000000e+02
5.180000000000000000e+02
5.170000000000000000e+02
5.720000000000000000e+02
5.740000000000000000e+02
5.620000000000000000e+02
5.490000000000000000e+02
5.620000000000000000e+02
5.970000000000000000e+02
6.310000000000000000e+02
7.090000000000000000e+02
7.180000000000000000e+02
7.060000000000000000e+02
7.170000000000000000e+02
6.890000000000000000e+02
6.760000000000000000e+02
6.070000000000000000e+02
6.650000000000000000e+02
6.930000000000000000e+02
6.110000000000000000e+02
6.610000000000000000e+02
6.640000000000000000e+02
6.800000000000000000e+02
6.750000000000000000e+02
6.440000000000000000e+02
7.630000000000000000e+02
8.060000000000000000e+02
7.330000000000000000e+02
7.300000000000000000e+02
7.990000000000000000e+02
7.670000000000000000e+02
8.120000000000000000e+02
8.090000000000000000e+02
8.550000000000000000e+02
8.610000000000000000e+02
8.320000000000000000e+02
9.620000000000000000e+02
9.420000000000000000e+02
1.033000000000000000e+03
1.077000000000000000e+03
1.176000000000000000e+03
1.161000000000000000e+03
1.159000000000000000e+03
1.179000000000000000e+03
1.376000000000000000e+03
1.366000000000000000e+03
1.270000000000000000e+03
1.227000000000000000e+03
1.245000000000000000e+03
1.274000000000000000e+03
1.279000000000000000e+03
1.330000000000000000e+03
1.403000000000000000e+03
1.477000000000000000e+03
1.412000000000000000e+03
1.408000000000000000e+03
1.429000000000000000e+03
1.527000000000000000e+03
1.431000000000000000e+03
1.429000000000000000e+03
1.436000000000000000e+03
1.320000000000000000e+03
1.282000000000000000e+03
1.270000000000000000e+03
1.199000000000000000e+03
1.163000000000000000e+03
1.193000000000000000e+03
1.143000000000000000e+03
1.095000000000000000e+03
1.209000000000000000e+03
1.141000000000000000e+03
1.102000000000000000e+03
1.121000000000000000e+03
1.086000000000000000e+03
1.114000000000000000e+03
1.049000000000000000e+03
1.003000000000000000e+03
1.035000000000000000e+03
1.011000000000000000e+03
1.085000000000000000e+03
1.073000000000000000e+03
1.062000000000000000e+03
1.103000000000000000e+03
1.135000000000000000e+03
1.133000000000000000e+03
1.078000000000000000e+03
1.147000000000000000e+03
1.147000000000000000e+03
1.189000000000000000e+03
1.176000000000000000e+03
1.200000000000000000e+03
1.142000000000000000e+03
1.184000000000000000e+03
1.225000000000000000e+03
1.145000000000000000e+03
1.189000000000000000e+03
1.163000000000000000e+03
1.194000000000000000e+03
1.143000000000000000e+03
1.240000000000000000e+03
1.206000000000000000e+03
1.232000000000000000e+03
1.179000000000000000e+03
1.174000000000000000e+03
1.194000000000000000e+03
1.226000000000000000e+03
1.187000000000000000e+03
1.201000000000000000e+03
1.128000000000000000e+03
1.134000000000000000e+03
1.080000000000000000e+03
1.043000000000000000e+03
1.075000000000000000e+03
1.064000000000000000e+03
9.630000000000000000e+02
9.700000000000000000e+02
9.530000000000000000e+02
9.640000000000000000e+02
8.910000000000000000e+02
9.410000000000000000e+02
9.110000000000000000e+02
8.310000000000000000e+02
8.480000000000000000e+02
8.190000000000000000e+02
8.150000000000000000e+02
8.610000000000000000e+02
8.490000000000000000e+02
8.940000000000000000e+02
9.340000000000000000e+02
9.420000000000000000e+02
9.380000000000000000e+02
1.010000000000000000e+03
1.014000000000000000e+03
1.021000000000000000e+03
1.087000000000000000e+03
1.030000000000000000e+03
1.068000000000000000e+03
1.049000000000000000e+03
9.970000000000000000e+02
9.840000000000000000e+02
1.015000000000000000e+03
1.013000000000000000e+03
9.520000000000000000e+02
9.440000000000000000e+02
9.560000000000000000e+02
9.030000000000000000e+02
9.150000000000000000e+02
9.540000000000000000e+02
8.530000000000000000e+02
9.000000000000000000e+02
9.040000000000000000e+02
9.270000000000000000e+02
9.590000000000000000e+02
9.580000000000000000e+02
9.750000000000000000e+02
1.023000000000000000e+03
9.490000000000000000e+02
9.200000000000000000e+02
9.360000000000000000e+02
9.500000000000000000e+02
8.070000000000000000e+02
8.340000000000000000e+02
8.060000000000000000e+02
8.350000000000000000e+02
8.030000000000000000e+02
8.580000000000000000e+02
8.470000000000000000e+02
8.880000000000000000e+02
8.090000000000000000e+02
8.640000000000000000e+02
8.590000000000000000e+02
8.120000000000000000e+02
7.940000000000000000e+02
8.230000000000000000e+02
8.130000000000000000e+02
7.670000000000000000e+02
8.200000000000000000e+02
8.090000000000000000e+02
7.600000000000000000e+02
7.930000000000000000e+02
7.920000000000000000e+02
7.730000000000000000e+02
8.920000000000000000e+02
8.260000000000000000e+02
8.170000000000000000e+02
8.480000000000000000e+02
8.670000000000000000e+02
9.330000000000000000e+02
9.160000000000000000e+02
8.960000000000000000e+02
8.750000000000000000e+02
9.330000000000000000e+02
9.200000000000000000e+02
8.870000000000000000e+02
9.280000000000000000e+02
9.570000000000000000e+02
1.059000000000000000e+03
1.034000000000000000e+03
9.070000000000000000e+02
8.320000000000000000e+02
7.500000000000000000e+02
6.950000000000000000e+02
7.090000000000000000e+02
7.100000000000000000e+02
7.830000000000000000e+02
7.550000000000000000e+02
7.600000000000000000e+02
8.330000000000000000e+02
9.110000000000000000e+02
1.096000000000000000e+03
1.119000000000000000e+03
1.185000000000000000e+03
1.094000000000000000e+03
1.076000000000000000e+03
1.044000000000000000e+03
1.259000000000000000e+03
1.408000000000000000e+03
1.342000000000000000e+03
1.461000000000000000e+03
1.594000000000000000e+03
1.354000000000000000e+03
1.681000000000000000e+03
2.557000000000000000e+03
2.049000000000000000e+03
9.300000000000000000e+02
5.100000000000000000e+02
4.140000000000000000e+02
1.620000000000000000e+02
3.900000000000000000e+01
3.600000000000000000e+01
9.971000000000000000e+03
7.000000000000000000e+00
5.300000000000000000e+01
6.230000000000000000e+02
3.000000000000000000e+00
3.295000000000000000e+03
3.575000000000000000e+03
1.800000000000000000e+01
1.185600000000000000e+04
6.550000000000000000e+02
6.920000000000000000e+02
7.882000000000000000e+03
3.705000000000000000e+03
1.693200000000000000e+04
7.954000000000000000e+03
1.318500000000000000e+04
9.892000000000000000e+03
5.966000000000000000e+03
2.813000000000000000e+03
6.349000000000000000e+03
4.009000000000000000e+03
6.944000000000000000e+03
1.610000000000000000e+03
2.704000000000000000e+03
3.531000000000000000e+03
4.102000000000000000e+03
6.020000000000000000e+02
7.200000000000000000e+01
3.600000000000000000e+01
0.000000000000000000e+00
3.190000000000000000e+03
0.000000000000000000e+00
1.000000000000000000e+00
1.000000000000000000e+00
1.240000000000000000e+02
6.340000000000000000e+02
9.090000000000000000e+02
0.000000000000000000e+00
2.000000000000000000e+01
1.000000000000000000e+00
5.500000000000000000e+01
0.000000000000000000e+00
1.250000000000000000e+02
1.000000000000000000e+02
0.000000000000000000e+00
1.500000000000000000e+01
0.000000000000000000e+00
0.000000000000000000e+00
9.000000000000000000e+00
0.000000000000000000e+00
3.620000000000000000e+02
1.200000000000000000e+01
0.000000000000000000e+00
0.000000000000000000e+00
0.000000000000000000e+00
1.500000000000000000e+01
5.000000000000000000e+00
0.000000000000000000e+00
0.000000000000000000e+00
0.000000000000000000e+00
2.600000000000000000e+01
0.000000000000000000e+00
0.000000000000000000e+00
0.000000000000000000e+00
0.000000000000000000e+00
0.000000000000000000e+00
5.500000000000000000e+01
0.000000000000000000e+00
0.000000000000000000e+00
0.000000000000000000e+00
1.600000000000000000e+01
0.000000000000000000e+00
0.000000000000000000e+00
7.000000000000000000e+00
1.000000000000000000e+00
7.290000000000000000e+02
0.000000000000000000e+00
0.000000000000000000e+00
0.000000000000000000e+00
2.000000000000000000e+00
3.000000000000000000e+01
0.000000000000000000e+00
0.000000000000000000e+00
1.370000000000000000e+02
4.000000000000000000e+00
1.300000000000000000e+01
0.000000000000000000e+00
2.600000000000000000e+01
0.000000000000000000e+00
0.000000000000000000e+00
7.100000000000000000e+01
0.000000000000000000e+00
0.000000000000000000e+00
3.100000000000000000e+01
0.000000000000000000e+00
2.620000000000000000e+02
3.850000000000000000e+02
0.000000000000000000e+00
3.830000000000000000e+02
0.000000000000000000e+00
1.000000000000000000e+00
4.800000000000000000e+02
4.000000000000000000e+00
1.662000000000000000e+03
4.330000000000000000e+02
1.770000000000000000e+02
1.369000000000000000e+03
3.150000000000000000e+02
6.450000000000000000e+02
2.801000000000000000e+03
3.035000000000000000e+03
7.164000000000000000e+03
8.778000000000000000e+03
1.189500000000000000e+04
4.887000000000000000e+03
7.556000000000000000e+03
1.097900000000000000e+04
2.450000000000000000e+02
2.780000000000000000e+02
1.280000000000000000e+02
9.610000000000000000e+03
0.000000000000000000e+00
1.013000000000000000e+03
1.800000000000000000e+01
1.417000000000000000e+03
5.423000000000000000e+03
4.676000000000000000e+03
2.000000000000000000e+00
1.510000000000000000e+02
4.800000000000000000e+01
5.550000000000000000e+02
1.000000000000000000e+00
2.684000000000000000e+03
8.930000000000000000e+02
2.000000000000000000e+00
4.200000000000000000e+01
1.500000000000000000e+01
0.000000000000000000e+00
1.310000000000000000e+02
1.000000000000000000e+00
1.752000000000000000e+03
2.510000000000000000e+02
3.900000000000000000e+01
1.000000000000000000e+01
2.700000000000000000e+01
1.130000000000000000e+03
7.300000000000000000e+01
2.900000000000000000e+01
9.000000000000000000e+00
0.000000000000000000e+00
2.270000000000000000e+02
0.000000000000000000e+00
1.200000000000000000e+01
3.400000000000000000e+01
0.000000000000000000e+00
1.300000000000000000e+01
2.923000000000000000e+03
1.300000000000000000e+01
1.600000000000000000e+01
1.600000000000000000e+01
4.100000000000000000e+02
1.400000000000000000e+01
7.000000000000000000e+00
1.750000000000000000e+02
6.000000000000000000e+01
1.690000000000000000e+03
2.100000000000000000e+01
3.200000000000000000e+01
6.000000000000000000e+00
1.120000000000000000e+02
1.133000000000000000e+03
2.300000000000000000e+01
4.500000000000000000e+01
2.354000000000000000e+03
4.800000000000000000e+01
8.600000000000000000e+01
2.200000000000000000e+01
8.490000000000000000e+02
2.200000000000000000e+01
1.100000000000000000e+01
7.585000000000000000e+03
5.000000000000000000e+00
8.780000000000000000e+02
1.990000000000000000e+03
1.955000000000000000e+03
3.812000000000000000e+03
5.718000000000000000e+03
3.978000000000000000e+03
5.251000000000000000e+03
5.489000000000000000e+03
8.491000000000000000e+03
4.856000000000000000e+03
5.914000000000000000e+03
7.528000000000000000e+03
6.064000000000000000e+03
5.916000000000000000e+03
4.506000000000000000e+03
5.329000000000000000e+03
5.466000000000000000e+03
4.859000000000000000e+03
4.458000000000000000e+03
3.788000000000000000e+03
4.718000000000000000e+03
4.105000000000000000e+03
4.287000000000000000e+03
3.872000000000000000e+03
4.430000000000000000e+03
4.386000000000000000e+03
4.110000000000000000e+03
4.007000000000000000e+03
3.720000000000000000e+03
3.753000000000000000e+03
3.972000000000000000e+03
4.001000000000000000e+03
3.877000000000000000e+03
3.773000000000000000e+03
4.026000000000000000e+03
2.697000000000000000e+03
3.417000000000000000e+03
2.932000000000000000e+03
3.004000000000000000e+03
2.839000000000000000e+03
2.991000000000000000e+03
2.982000000000000000e+03
2.804000000000000000e+03
2.576000000000000000e+03
2.979000000000000000e+03
2.595000000000000000e+03
2.493000000000000000e+03
2.557000000000000000e+03
2.490000000000000000e+03
2.218000000000000000e+03
2.280000000000000000e+03
2.184000000000000000e+03
2.021000000000000000e+03
2.146000000000000000e+03
1.552000000000000000e+03
1.809000000000000000e+03
1.499000000000000000e+03
1.407000000000000000e+03
1.269000000000000000e+03
1.146000000000000000e+03
9.380000000000000000e+02
7.190000000000000000e+02
1.178000000000000000e+03
7.980000000000000000e+02
6.350000000000000000e+02
6.410000000000000000e+02
5.720000000000000000e+02
4.060000000000000000e+02
5.800000000000000000e+02
4.930000000000000000e+02
3.760000000000000000e+02
4.810000000000000000e+02
3.370000000000000000e+02
3.570000000000000000e+02
2.360000000000000000e+02
3.240000000000000000e+02
2.980000000000000000e+02
1.490000000000000000e+02
2.420000000000000000e+02
2.190000000000000000e+02
1.670000000000000000e+02
1.650000000000000000e+02
7.100000000000000000e+01
5.950000000000000000e+02
5.100000000000000000e+01
1.220000000000000000e+02
8.700000000000000000e+01
1.200000000000000000e+02
1.240000000000000000e+02
1.630000000000000000e+02
8.000000000000000000e+01
8.200000000000000000e+01
7.300000000000000000e+01
4.700000000000000000e+01
1.270000000000000000e+02
5.900000000000000000e+01
1.300000000000000000e+02
3.800000000000000000e+01
7.100000000000000000e+01
2.900000000000000000e+01
2.170000000000000000e+02
2.000000000000000000e+01
4.200000000000000000e+01
3.500000000000000000e+01
1.050000000000000000e+02
4.200000000000000000e+01
2.700000000000000000e+01
8.400000000000000000e+01
8.000000000000000000e+00
3.100000000000000000e+01
2.700000000000000000e+01
4.400000000000000000e+01
1.300000000000000000e+01
1.700000000000000000e+01
7.500000000000000000e+01
2.000000000000000000e+01
4.600000000000000000e+01
1.900000000000000000e+01
3.300000000000000000e+01
1.700000000000000000e+01
1.100000000000000000e+01
1.800000000000000000e+01
1.500000000000000000e+01
1.200000000000000000e+01
4.000000000000000000e+00
1.700000000000000000e+01
3.170000000000000000e+02
2.000000000000000000e+00
1.200000000000000000e+01
1.400000000000000000e+01
1.200000000000000000e+01
5.000000000000000000e+00
1.700000000000000000e+01
1.800000000000000000e+01
2.900000000000000000e+01
2.200000000000000000e+01
1.200000000000000000e+01
1.700000000000000000e+01
1.300000000000000000e+01
9.000000000000000000e+00
6.900000000000000000e+01
8.000000000000000000e+00
1.100000000000000000e+01
7.000000000000000000e+00
2.400000000000000000e+01
5.000000000000000000e+00
1.000000000000000000e+01
1.000000000000000000e+01
1.300000000000000000e+01
1.000000000000000000e+01
3.000000000000000000e+00
7.800000000000000000e+01
3.000000000000000000e+00
6.000000000000000000e+00
1.000000000000000000e+01
1.500000000000000000e+01
8.000000000000000000e+00
6.400000000000000000e+01
4.000000000000000000e+00
4.000000000000000000e+00
1.200000000000000000e+01
3.000000000000000000e+00
1.100000000000000000e+01
9.000000000000000000e+00
9.000000000000000000e+00
4.000000000000000000e+00
4.000000000000000000e+00
0.000000000000000000e+00
3.400000000000000000e+02
0.000000000000000000e+00
1.000000000000000000e+00
6.000000000000000000e+00
8.000000000000000000e+00
5.000000000000000000e+00
1.000000000000000000e+00
7.000000000000000000e+00
3.000000000000000000e+00
1.400000000000000000e+01
3.000000000000000000e+00
2.000000000000000000e+00
4.600000000000000000e+01
3.000000000000000000e+00
9.000000000000000000e+00
1.400000000000000000e+01
4.000000000000000000e+00
4.000000000000000000e+00
7.000000000000000000e+00
1.000000000000000000e+00
2.000000000000000000e+00
1.020000000000000000e+02
1.000000000000000000e+00
0.000000000000000000e+00
3.000000000000000000e+00
1.000000000000000000e+00
1.000000000000000000e+00
1.000000000000000000e+00
4.000000000000000000e+00
0.000000000000000000e+00
7.000000000000000000e+00
0.000000000000000000e+00
3.000000000000000000e+00
1.000000000000000000e+00
6.000000000000000000e+00
0.000000000000000000e+00
1.000000000000000000e+00
1.000000000000000000e+00
0.000000000000000000e+00
5.000000000000000000e+00
0.000000000000000000e+00
1.000000000000000000e+00
0.000000000000000000e+00
4.000000000000000000e+01
0.000000000000000000e+00
2.000000000000000000e+00
0.000000000000000000e+00
2.000000000000000000e+00
0.000000000000000000e+00
6.000000000000000000e+00
1.000000000000000000e+00
5.000000000000000000e+00
1.000000000000000000e+00
9.000000000000000000e+00
2.000000000000000000e+00
4.000000000000000000e+00
0.000000000000000000e+00
7.000000000000000000e+00
0.000000000000000000e+00
0.000000000000000000e+00
4.000000000000000000e+00
0.000000000000000000e+00
0.000000000000000000e+00
0.000000000000000000e+00
6.000000000000000000e+00
0.000000000000000000e+00
0.000000000000000000e+00
6.000000000000000000e+00
0.000000000000000000e+00
2.000000000000000000e+00
0.000000000000000000e+00
1.000000000000000000e+00
0.000000000000000000e+00
0.000000000000000000e+00
2.000000000000000000e+00
1.000000000000000000e+00
2.000000000000000000e+00
0.000000000000000000e+00
0.000000000000000000e+00
0.000000000000000000e+00
0.000000000000000000e+00
0.000000000000000000e+00
0.000000000000000000e+00
0.000000000000000000e+00
0.000000000000000000e+00
1.227000000000000000e+03
3.095000000000000000e+03
1.758000000000000000e+03
1.071000000000000000e+03
6.440000000000000000e+02
4.390000000000000000e+02
3.470000000000000000e+02
3.350000000000000000e+02
2.770000000000000000e+02
2.760000000000000000e+02
2.900000000000000000e+02
2.800000000000000000e+02
2.650000000000000000e+02
2.880000000000000000e+02
2.520000000000000000e+02
2.850000000000000000e+02
3.010000000000000000e+02
2.750000000000000000e+02
3.020000000000000000e+02
2.960000000000000000e+02
3.050000000000000000e+02
3.410000000000000000e+02
3.830000000000000000e+02
3.790000000000000000e+02
4.120000000000000000e+02
4.080000000000000000e+02
4.490000000000000000e+02
4.950000000000000000e+02
5.060000000000000000e+02
4.770000000000000000e+02
5.170000000000000000e+02
5.180000000000000000e+02
5.250000000000000000e+02
5.230000000000000000e+02
5.420000000000000000e+02
5.480000000000000000e+02
5.890000000000000000e+02
6.160000000000000000e+02
6.490000000000000000e+02
6.240000000000000000e+02
5.960000000000000000e+02
5.660000000000000000e+02
5.680000000000000000e+02
5.190000000000000000e+02
5.480000000000000000e+02
5.930000000000000000e+02
5.770000000000000000e+02
6.070000000000000000e+02
6.160000000000000000e+02
6.780000000000000000e+02
6.070000000000000000e+02
6.050000000000000000e+02
7.300000000000000000e+02
7.230000000000000000e+02
6.990000000000000000e+02
6.810000000000000000e+02
7.340000000000000000e+02
7.740000000000000000e+02
7.900000000000000000e+02
7.490000000000000000e+02
7.690000000000000000e+02
7.610000000000000000e+02
7.690000000000000000e+02
8.390000000000000000e+02
8.430000000000000000e+02
8.590000000000000000e+02
9.320000000000000000e+02
9.330000000000000000e+02
9.860000000000000000e+02
1.024000000000000000e+03
1.025000000000000000e+03
1.141000000000000000e+03
1.229000000000000000e+03
1.176000000000000000e+03
1.169000000000000000e+03
1.082000000000000000e+03
1.125000000000000000e+03
1.102000000000000000e+03
1.157000000000000000e+03
1.152000000000000000e+03
1.206000000000000000e+03
1.346000000000000000e+03
1.254000000000000000e+03
1.271000000000000000e+03
1.312000000000000000e+03
1.264000000000000000e+03
1.322000000000000000e+03
1.403000000000000000e+03
1.375000000000000000e+03
1.336000000000000000e+03
1.459000000000000000e+03
1.348000000000000000e+03
1.240000000000000000e+03
1.263000000000000000e+03
1.176000000000000000e+03
1.192000000000000000e+03
1.184000000000000000e+03
1.159000000000000000e+03
1.099000000000000000e+03
1.111000000000000000e+03
1.134000000000000000e+03
1.118000000000000000e+03
1.040000000000000000e+03
1.028000000000000000e+03
1.069000000000000000e+03
9.870000000000000000e+02
1.064000000000000000e+03
9.850000000000000000e+02
9.700000000000000000e+02
1.017000000000000000e+03
1.045000000000000000e+03
9.650000000000000000e+02
9.200000000000000000e+02
9.870000000000000000e+02
9.670000000000000000e+02
9.880000000000000000e+02
9.360000000000000000e+02
9.750000000000000000e+02
9.440000000000000000e+02
9.060000000000000000e+02
9.960000000000000000e+02
9.170000000000000000e+02
9.050000000000000000e+02
9.640000000000000000e+02
9.350000000000000000e+02
8.800000000000000000e+02
9.760000000000000000e+02
9.060000000000000000e+02
9.740000000000000000e+02
9.440000000000000000e+02
9.140000000000000000e+02
9.290000000000000000e+02
9.420000000000000000e+02
9.180000000000000000e+02
9.170000000000000000e+02
9.350000000000000000e+02
8.470000000000000000e+02
8.500000000000000000e+02
8.590000000000000000e+02
8.920000000000000000e+02
8.920000000000000000e+02
8.550000000000000000e+02
8.850000000000000000e+02
8.320000000000000000e+02
8.400000000000000000e+02
8.620000000000000000e+02
9.080000000000000000e+02
9.540000000000000000e+02
8.780000000000000000e+02
9.100000000000000000e+02
8.960000000000000000e+02
8.890000000000000000e+02
9.470000000000000000e+02
1.003000000000000000e+03
1.050000000000000000e+03
1.084000000000000000e+03
1.114000000000000000e+03
1.149000000000000000e+03
1.191000000000000000e+03
1.164000000000000000e+03
1.125000000000000000e+03
1.140000000000000000e+03
1.123000000000000000e+03
1.067000000000000000e+03
1.050000000000000000e+03
1.045000000000000000e+03
1.080000000000000000e+03
1.125000000000000000e+03
1.033000000000000000e+03
1.100000000000000000e+03
1.048000000000000000e+03
1.096000000000000000e+03
1.064000000000000000e+03
1.046000000000000000e+03
1.048000000000000000e+03
1.004000000000000000e+03
1.054000000000000000e+03
1.136000000000000000e+03
1.126000000000000000e+03
1.183000000000000000e+03
1.113000000000000000e+03
1.156000000000000000e+03
1.151000000000000000e+03
1.077000000000000000e+03
1.076000000000000000e+03
1.094000000000000000e+03
1.084000000000000000e+03
9.740000000000000000e+02
9.990000000000000000e+02
1.039000000000000000e+03
9.770000000000000000e+02
8.900000000000000000e+02
8.940000000000000000e+02
8.800000000000000000e+02
9.100000000000000000e+02
9.660000000000000000e+02
9.150000000000000000e+02
8.920000000000000000e+02
8.760000000000000000e+02
8.200000000000000000e+02
7.940000000000000000e+02
8.160000000000000000e+02
7.580000000000000000e+02
7.860000000000000000e+02
7.420000000000000000e+02
7.230000000000000000e+02
7.000000000000000000e+02
7.400000000000000000e+02
7.420000000000000000e+02
7.200000000000000000e+02
6.950000000000000000e+02
6.500000000000000000e+02
6.680000000000000000e+02
5.890000000000000000e+02
6.100000000000000000e+02
6.270000000000000000e+02
6.000000000000000000e+02
6.900000000000000000e+02
6.730000000000000000e+02
6.650000000000000000e+02
7.120000000000000000e+02
6.530000000000000000e+02
6.870000000000000000e+02
6.760000000000000000e+02
7.000000000000000000e+02
7.290000000000000000e+02
7.210000000000000000e+02
6.990000000000000000e+02
6.800000000000000000e+02
7.140000000000000000e+02
8.510000000000000000e+02
7.630000000000000000e+02
8.130000000000000000e+02
7.660000000000000000e+02
7.210000000000000000e+02
6.340000000000000000e+02
5.290000000000000000e+02
5.170000000000000000e+02
4.800000000000000000e+02
4.680000000000000000e+02
4.670000000000000000e+02
4.520000000000000000e+02
4.030000000000000000e+02
4.590000000000000000e+02
4.800000000000000000e+02
4.910000000000000000e+02
5.600000000000000000e+02
5.710000000000000000e+02
5.440000000000000000e+02
6.590000000000000000e+02
7.300000000000000000e+02
8.970000000000000000e+02
1.377000000000000000e+03
2.491000000000000000e+03
4.724000000000000000e+03
7.918000000000000000e+03
1.081700000000000000e+04
