1.021000000000000000e+03
1.062000000000000000e+03
1.630000000000000000e+03
1.596000000000000000e+03
1.580000000000000000e+03
1.687000000000000000e+03
1.679000000000000000e+03
1.782000000000000000e+03
1.801000000000000000e+03
1.926000000000000000e+03
2.243000000000000000e+03
2.161000000000000000e+03
2.219000000000000000e+03
2.394000000000000000e+03
2.570000000000000000e+03
2.584000000000000000e+03
2.612000000000000000e+03
2.664000000000000000e+03
2.653000000000000000e+03
2.562000000000000000e+03
2.431000000000000000e+03
2.339000000000000000e+03
2.335000000000000000e+03
2.284000000000000000e+03
2.269000000000000000e+03
2.145000000000000000e+03
2.101000000000000000e+03
2.112000000000000000e+03
1.982000000000000000e+03
1.809000000000000000e+03
1.707000000000000000e+03
1.601000000000000000e+03
1.546000000000000000e+03
1.460000000000000000e+03
1.542000000000000000e+03
1.627000000000000000e+03
1.506000000000000000e+03
1.423000000000000000e+03
1.138000000000000000e+03
1.087000000000000000e+03
1.088000000000000000e+03
9.480000000000000000e+02
9.380000000000000000e+02
9.110000000000000000e+02
8.930000000000000000e+02
9.060000000000000000e+02
8.470000000000000000e+02
7.920000000000000000e+02
8.130000000000000000e+02
7.890000000000000000e+02
8.130000000000000000e+02
7.490000000000000000e+02
7.450000000000000000e+02
7.510000000000000000e+02
7.330000000000000000e+02
7.320000000000000000e+02
7.660000000000000000e+02
8.040000000000000000e+02
7.480000000000000000e+02
7.460000000000000000e+02
7.150000000000000000e+02
7.710000000000000000e+02
8.290000000000000000e+02
7.970000000000000000e+02
8.910000000000000000e+02
8.990000000000000000e+02
8.950000000000000000e+02
9.540000000000000000e+02
9.030000000000000000e+02
9.200000000000000000e+02
8.790000000000000000e+02
9.260000000000000000e+02
9.720000000000000000e+02
9.490000000000000000e+02
9.370000000000000000e+02
9.300000000000000000e+02
8.900000000000000000e+02
9.440000000000000000e+02
9.590000000000000000e+02
9.250000000000000000e+02
9.010000000000000000e+02
8.670000000000000000e+02
8.400000000000000000e+02
8.730000000000000000e+02
9.070000000000000000e+02
8.530000000000000000e+02
8.570000000000000000e+02
8.190000000000000000e+02
8.730000000000000000e+02
8.650000000000000000e+02
8.790000000000000000e+02
8.470000000000000000e+02
8.240000000000000000e+02
8.450000000000000000e+02
8.920000000000000000e+02
9.310000000000000000e+02
8.950000000000000000e+02
9.040000000000000000e+02
9.190000000000000000e+02
9.680000000000000000e+02
9.330000000000000000e+02
8.710000000000000000e+02
9.170000000000000000e+02
8.880000000000000000e+02
8.910000000000000000e+02
9.420000000000000000e+02
8.690000000000000000e+02
8.570000000000000000e+02
8.510000000000000000e+02
8.300000000000000000e+02
9.200000000000000000e+02
8.720000000000000000e+02
8.530000000000000000e+02
8.940000000000000000e+02
8.660000000000000000e+02
7.980000000000000000e+02
8.780000000000000000e+02
8.740000000000000000e+02
8.980000000000000000e+02
8.230000000000000000e+02
8.380000000000000000e+02
7.940000000000000000e+02
8.070000000000000000e+02
8.120000000000000000e+02
8.190000000000000000e+02
8.470000000000000000e+02
8.150000000000000000e+02
8.530000000000000000e+02
8.820000000000000000e+02
8.920000000000000000e+02
9.210000000000000000e+02
9.300000000000000000e+02
9.150000000000000000e+02
9.780000000000000000e+02
9.730000000000000000e+02
9.610000000000000000e+02
9.930000000000000000e+02
9.700000000000000000e+02
9.960000000000000000e+02
9.980000000000000000e+02
9.970000000000000000e+02
9.850000000000000000e+02
9.760000000000000000e+02
9.760000000000000000e+02
9.350000000000000000e+02
9.560000000000000000e+02
9.270000000000000000e+02
9.200000000000000000e+02
9.270000000000000000e+02
8.730000000000000000e+02
8.910000000000000000e+02
8.500000000000000000e+02
9.180000000000000000e+02
8.970000000000000000e+02
9.110000000000000000e+02
9.760000000000000000e+02
9.560000000000000000e+02
9.930000000000000000e+02
1.157000000000000000e+03
1.110000000000000000e+03
1.022000000000000000e+03
1.071000000000000000e+03
1.046000000000000000e+03
9.180000000000000000e+02
1.009000000000000000e+03
1.068000000000000000e+03
9.950000000000000000e+02
9.430000000000000000e+02
1.080000000000000000e+03
1.063000000000000000e+03
8.010000000000000000e+02
6.820000000000000000e+02
7.120000000000000000e+02
7.040000000000000000e+02
7.740000000000000000e+02
8.450000000000000000e+02
9.100000000000000000e+02
8.670000000000000000e+02
8.390000000000000000e+02
8.540000000000000000e+02
8.190000000000000000e+02
7.610000000000000000e+02
6.860000000000000000e+02
6.050000000000000000e+02
5.740000000000000000e+02
5.650000000000000000e+02
5.410000000000000000e+02
5.330000000000000000e+02
4.980000000000000000e+02
4.960000000000000000e+02
4.900000000000000000e+02
4.370000000000000000e+02
4.610000000000000000e+02
4.700000000000000000e+02
4.340000000000000000e+02
4.240000000000000000e+02
4.630000000000000000e+02
4.360000000000000000e+02
4.240000000000000000e+02
4.260000000000000000e+02
4.070000000000000000e+02
4.160000000000000000e+02
4.400000000000000000e+02
4.260000000000000000e+02
4.320000000000000000e+02
4.190000000000000000e+02
4.370000000000000000e+02
4.170000000000000000e+02
4.040000000000000000e+02
4.280000000000000000e+02
4.240000000000000000e+02
4.260000000000000000e+02
4.100000000000000000e+02
4.260000000000000000e+02
4.100000000000000000e+02
4.660000000000000000e+02
4.170000000000000000e+02
3.960000000000000000e+02
4.090000000000000000e+02
4.150000000000000000e+02
3.950000000000000000e+02
3.930000000000000000e+02
4.260000000000000000e+02
4.110000000000000000e+02
4.270000000000000000e+02
3.960000000000000000e+02
4.180000000000000000e+02
3.920000000000000000e+02
4.910000000000000000e+02
4.600000000000000000e+02
4.640000000000000000e+02
4.470000000000000000e+02
4.740000000000000000e+02
4.840000000000000000e+02
4.780000000000000000e+02
4.590000000000000000e+02
4.690000000000000000e+02
4.410000000000000000e+02
4.330000000000000000e+02
4.420000000000000000e+02
4.180000000000000000e+02
4.200000000000000000e+02
4.140000000000000000e+02
3.890000000000000000e+02
4.430000000000000000e+02
4.090000000000000000e+02
4.100000000000000000e+02
4.110000000000000000e+02
4.710000000000000000e+02
4.610000000000000000e+02
5.720000000000000000e+02
6.420000000000000000e+02
6.620000000000000000e+02
1.501000000000000000e+03
1.234000000000000000e+03
1.696000000000000000e+03
1.057000000000000000e+03
1.085000000000000000e+03
1.535000000000000000e+03
1.481000000000000000e+03
1.485000000000000000e+03
1.592000000000000000e+03
1.573000000000000000e+03
1.690000000000000000e+03
1.745000000000000000e+03
1.986000000000000000e+03
2.243000000000000000e+03
2.454000000000000000e+03
2.649000000000000000e+03
3.262000000000000000e+03
3.650000000000000000e+03
4.078000000000000000e+03
4.193000000000000000e+03
3.932000000000000000e+03
4.036000000000000000e+03
3.896000000000000000e+03
3.604000000000000000e+03
3.515000000000000000e+03
3.443000000000000000e+03
3.188000000000000000e+03
2.912000000000000000e+03
2.752000000000000000e+03
2.708000000000000000e+03
2.599000000000000000e+03
2.400000000000000000e+03
2.257000000000000000e+03
1.994000000000000000e+03
1.988000000000000000e+03
1.821000000000000000e+03
1.739000000000000000e+03
1.673000000000000000e+03
1.764000000000000000e+03
1.772000000000000000e+03
1.631000000000000000e+03
1.450000000000000000e+03
1.267000000000000000e+03
1.245000000000000000e+03
1.192000000000000000e+03
1.212000000000000000e+03
1.182000000000000000e+03
1.161000000000000000e+03
1.134000000000000000e+03
1.063000000000000000e+03
9.840000000000000000e+02
1.015000000000000000e+03
9.700000000000000000e+02
9.430000000000000000e+02
9.010000000000000000e+02
8.490000000000000000e+02
8.770000000000000000e+02
8.760000000000000000e+02
7.920000000000000000e+02
8.170000000000000000e+02
8.540000000000000000e+02
7.910000000000000000e+02
8.120000000000000000e+02
7.770000000000000000e+02
7.890000000000000000e+02
7.310000000000000000e+02
7.260000000000000000e+02
7.440000000000000000e+02
7.710000000000000000e+02
7.600000000000000000e+02
7.630000000000000000e+02
7.600000000000000000e+02
8.040000000000000000e+02
8.290000000000000000e+02
8.060000000000000000e+02
8.050000000000000000e+02
7.840000000000000000e+02
8.080000000000000000e+02
7.990000000000000000e+02
8.040000000000000000e+02
7.470000000000000000e+02
7.540000000000000000e+02
8.140000000000000000e+02
7.680000000000000000e+02
7.830000000000000000e+02
7.540000000000000000e+02
7.730000000000000000e+02
7.620000000000000000e+02
7.750000000000000000e+02
7.210000000000000000e+02
8.140000000000000000e+02
7.690000000000000000e+02
7.390000000000000000e+02
8.060000000000000000e+02
7.540000000000000000e+02
7.650000000000000000e+02
7.630000000000000000e+02
7.530000000000000000e+02
8.290000000000000000e+02
7.210000000000000000e+02
7.290000000000000000e+02
7.830000000000000000e+02
7.790000000000000000e+02
8.280000000000000000e+02
7.500000000000000000e+02
7.810000000000000000e+02
7.730000000000000000e+02
8.240000000000000000e+02
7.700000000000000000e+02
7.710000000000000000e+02
7.730000000000000000e+02
7.790000000000000000e+02
7.770000000000000000e+02
7.550000000000000000e+02
7.590000000000000000e+02
8.330000000000000000e+02
8.100000000000000000e+02
8.340000000000000000e+02
8.070000000000000000e+02
7.980000000000000000e+02
7.790000000000000000e+02
8.430000000000000000e+02
8.320000000000000000e+02
8.740000000000000000e+02
8.140000000000000000e+02
8.790000000000000000e+02
8.110000000000000000e+02
8.630000000000000000e+02
8.600000000000000000e+02
8.700000000000000000e+02
8.920000000000000000e+02
8.900000000000000000e+02
9.170000000000000000e+02
9.280000000000000000e+02
9.070000000000000000e+02
8.960000000000000000e+02
8.760000000000000000e+02
8.950000000000000000e+02
9.000000000000000000e+02
8.380000000000000000e+02
9.020000000000000000e+02
9.190000000000000000e+02
8.520000000000000000e+02
8.490000000000000000e+02
8.110000000000000000e+02
8.280000000000000000e+02
8.030000000000000000e+02
7.760000000000000000e+02
8.150000000000000000e+02
7.580000000000000000e+02
7.730000000000000000e+02
7.780000000000000000e+02
7.130000000000000000e+02
7.350000000000000000e+02
7.340000000000000000e+02
7.320000000000000000e+02
6.710000000000000000e+02
6.750000000000000000e+02
7.170000000000000000e+02
6.200000000000000000e+02
6.680000000000000000e+02
6.710000000000000000e+02
6.300000000000000000e+02
5.820000000000000000e+02
6.180000000000000000e+02
6.380000000000000000e+02
6.250000000000000000e+02
5.920000000000000000e+02
5.980000000000000000e+02
5.910000000000000000e+02
5.870000000000000000e+02
5.810000000000000000e+02
5.790000000000000000e+02
5.990000000000000000e+02
5.590000000000000000e+02
5.380000000000000000e+02
5.530000000000000000e+02
5.350000000000000000e+02
5.360000000000000000e+02
5.600000000000000000e+02
4.910000000000000000e+02
4.880000000000000000e+02
5.280000000000000000e+02
4.990000000000000000e+02
5.100000000000000000e+02
5.150000000000000000e+02
4.900000000000000000e+02
4.550000000000000000e+02
5.080000000000000000e+02
4.580000000000000000e+02
4.490000000000000000e+02
4.720000000000000000e+02
4.590000000000000000e+02
4.510000000000000000e+02
4.970000000000000000e+02
4.740000000000000000e+02
4.780000000000000000e+02
4.850000000000000000e+02
4.750000000000000000e+02
4.240000000000000000e+02
4.650000000000000000e+02
4.240000000000000000e+02
4.510000000000000000e+02
4.060000000000000000e+02
4.060000000000000000e+02
3.950000000000000000e+02
4.210000000000000000e+02
4.370000000000000000e+02
3.830000000000000000e+02
4.320000000000000000e+02
4.080000000000000000e+02
4.070000000000000000e+02
3.970000000000000000e+02
4.040000000000000000e+02
3.720000000000000000e+02
3.960000000000000000e+02
3.600000000000000000e+02
3.610000000000000000e+02
3.540000000000000000e+02
3.820000000000000000e+02
3.980000000000000000e+02
3.760000000000000000e+02
3.990000000000000000e+02
4.070000000000000000e+02
4.160000000000000000e+02
4.050000000000000000e+02
3.980000000000000000e+02
4.340000000000000000e+02
4.210000000000000000e+02
4.270000000000000000e+02
4.210000000000000000e+02
3.950000000000000000e+02
3.790000000000000000e+02
4.010000000000000000e+02
3.720000000000000000e+02
3.810000000000000000e+02
3.720000000000000000e+02
3.490000000000000000e+02
3.910000000000000000e+02
3.940000000000000000e+02
4.110000000000000000e+02
3.930000000000000000e+02
3.940000000000000000e+02
3.520000000000000000e+02
3.890000000000000000e+02
3.200000000000000000e+02
3.720000000000000000e+02
3.760000000000000000e+02
3.740000000000000000e+02
3.790000000000000000e+02
3.880000000000000000e+02
3.590000000000000000e+02
3.620000000000000000e+02
3.450000000000000000e+02
4.090000000000000000e+02
5.590000000000000000e+02
1.323000000000000000e+03
1.085000000000000000e+03
1.036000000000000000e+03
6.210000000000000000e+02
6.090000000000000000e+02
1.103000000000000000e+03
1.000000000000000000e+03
9.810000000000000000e+02
1.134000000000000000e+03
1.138000000000000000e+03
1.079000000000000000e+03
1.043000000000000000e+03
1.215000000000000000e+03
1.413000000000000000e+03
1.378000000000000000e+03
1.367000000000000000e+03
1.749000000000000000e+03
1.913000000000000000e+03
2.211000000000000000e+03
2.599000000000000000e+03
2.760000000000000000e+03
3.104000000000000000e+03
3.094000000000000000e+03
3.226000000000000000e+03
3.350000000000000000e+03
3.386000000000000000e+03
3.437000000000000000e+03
3.404000000000000000e+03
3.301000000000000000e+03
3.209000000000000000e+03
3.183000000000000000e+03
3.042000000000000000e+03
3.168000000000000000e+03
2.892000000000000000e+03
2.580000000000000000e+03
2.463000000000000000e+03
2.396000000000000000e+03
2.289000000000000000e+03
2.150000000000000000e+03
2.084000000000000000e+03
1.896000000000000000e+03
1.596000000000000000e+03
1.524000000000000000e+03
1.379000000000000000e+03
1.390000000000000000e+03
1.264000000000000000e+03
1.256000000000000000e+03
1.215000000000000000e+03
1.226000000000000000e+03
1.163000000000000000e+03
1.234000000000000000e+03
1.116000000000000000e+03
1.195000000000000000e+03
1.110000000000000000e+03
9.990000000000000000e+02
1.009000000000000000e+03
1.000000000000000000e+03
9.420000000000000000e+02
9.130000000000000000e+02
9.200000000000000000e+02
9.100000000000000000e+02
9.630000000000000000e+02
8.880000000000000000e+02
8.360000000000000000e+02
8.360000000000000000e+02
8.110000000000000000e+02
8.930000000000000000e+02
8.180000000000000000e+02
7.880000000000000000e+02
8.300000000000000000e+02
7.840000000000000000e+02
7.480000000000000000e+02
7.730000000000000000e+02
8.000000000000000000e+02
7.780000000000000000e+02
7.620000000000000000e+02
7.960000000000000000e+02
7.530000000000000000e+02
7.990000000000000000e+02
8.220000000000000000e+02
8.170000000000000000e+02
7.850000000000000000e+02
7.860000000000000000e+02
7.590000000000000000e+02
7.610000000000000000e+02
7.850000000000000000e+02
7.740000000000000000e+02
8.040000000000000000e+02
7.400000000000000000e+02
7.780000000000000000e+02
7.810000000000000000e+02
7.730000000000000000e+02
8.340000000000000000e+02
8.140000000000000000e+02
7.350000000000000000e+02
8.050000000000000000e+02
7.480000000000000000e+02
7.780000000000000000e+02
7.760000000000000000e+02
7.790000000000000000e+02
7.530000000000000000e+02
8.080000000000000000e+02
7.670000000000000000e+02
7.410000000000000000e+02
7.980000000000000000e+02
8.000000000000000000e+02
7.830000000000000000e+02
7.880000000000000000e+02
8.240000000000000000e+02
8.310000000000000000e+02
7.760000000000000000e+02
7.940000000000000000e+02
8.010000000000000000e+02
7.760000000000000000e+02
7.970000000000000000e+02
7.830000000000000000e+02
7.430000000000000000e+02
7.660000000000000000e+02
8.300000000000000000e+02
7.700000000000000000e+02
8.220000000000000000e+02
8.630000000000000000e+02
8.040000000000000000e+02
8.140000000000000000e+02
7.870000000000000000e+02
8.220000000000000000e+02
8.310000000000000000e+02
8.220000000000000000e+02
8.360000000000000000e+02
8.620000000000000000e+02
8.900000000000000000e+02
8.850000000000000000e+02
8.670000000000000000e+02
8.960000000000000000e+02
8.710000000000000000e+02
8.380000000000000000e+02
9.090000000000000000e+02
8.410000000000000000e+02
8.750000000000000000e+02
8.390000000000000000e+02
8.220000000000000000e+02
8.570000000000000000e+02
8.520000000000000000e+02
7.930000000000000000e+02
7.450000000000000000e+02
7.930000000000000000e+02
7.660000000000000000e+02
7.410000000000000000e+02
7.090000000000000000e+02
7.590000000000000000e+02
7.250000000000000000e+02
6.870000000000000000e+02
7.340000000000000000e+02
6.890000000000000000e+02
7.040000000000000000e+02
7.150000000000000000e+02
7.020000000000000000e+02
6.990000000000000000e+02
6.540000000000000000e+02
6.400000000000000000e+02
6.610000000000000000e+02
7.220000000000000000e+02
6.900000000000000000e+02
6.800000000000000000e+02
6.650000000000000000e+02
7.220000000000000000e+02
7.220000000000000000e+02
6.710000000000000000e+02
7.040000000000000000e+02
6.430000000000000000e+02
6.740000000000000000e+02
6.250000000000000000e+02
6.740000000000000000e+02
6.860000000000000000e+02
6.160000000000000000e+02
6.730000000000000000e+02
7.290000000000000000e+02
6.640000000000000000e+02
6.400000000000000000e+02
7.120000000000000000e+02
6.250000000000000000e+02
6.950000000000000000e+02
6.530000000000000000e+02
6.410000000000000000e+02
6.230000000000000000e+02
6.580000000000000000e+02
6.790000000000000000e+02
6.660000000000000000e+02
6.100000000000000000e+02
6.380000000000000000e+02
6.480000000000000000e+02
6.540000000000000000e+02
6.120000000000000000e+02
6.350000000000000000e+02
6.500000000000000000e+02
5.680000000000000000e+02
5.740000000000000000e+02
6.580000000000000000e+02
6.150000000000000000e+02
5.770000000000000000e+02
6.130000000000000000e+02
6.160000000000000000e+02
5.730000000000000000e+02
5.660000000000000000e+02
5.180000000000000000e+02
5.000000000000000000e+02
5.400000000000000000e+02
5.270000000000000000e+02
4.990000000000000000e+02
5.170000000000000000e+02
5.210000000000000000e+02
5.270000000000000000e+02
5.080000000000000000e+02
5.170000000000000000e+02
5.110000000000000000e+02
4.880000000000000000e+02
4.930000000000000000e+02
4.440000000000000000e+02
4.400000000000000000e+02
4.740000000000000000e+02
4.450000000000000000e+02
4.470000000000000000e+02
4.550000000000000000e+02
4.180000000000000000e+02
4.220000000000000000e+02
4.280000000000000000e+02
4.370000000000000000e+02
4.130000000000000000e+02
3.940000000000000000e+02
4.360000000000000000e+02
4.140000000000000000e+02
4.150000000000000000e+02
3.830000000000000000e+02
4.490000000000000000e+02
4.160000000000000000e+02
4.420000000000000000e+02
4.330000000000000000e+02
4.000000000000000000e+02
4.330000000000000000e+02
4.260000000000000000e+02
4.450000000000000000e+02
4.040000000000000000e+02
4.170000000000000000e+02
4.340000000000000000e+02
4.140000000000000000e+02
4.130000000000000000e+02
4.290000000000000000e+02
4.430000000000000000e+02
4.170000000000000000e+02
4.260000000000000000e+02
4.320000000000000000e+02
4.470000000000000000e+02
5.860000000000000000e+02
5.660000000000000000e+02
1.134000000000000000e+03
7.390000000000000000e+02
8.430000000000000000e+02
3.420000000000000000e+02
6.120000000000000000e+02
1.730400000000000000e+04
2.245000000000000000e+03
7.670000000000000000e+02
9.320000000000000000e+02
2.040000000000000000e+02
3.319000000000000000e+03
2.345000000000000000e+03
6.000000000000000000e+01
1.652000000000000000e+03
2.140000000000000000e+02
1.780000000000000000e+02
4.510000000000000000e+03
5.170000000000000000e+02
6.342000000000000000e+03
1.468000000000000000e+03
3.349000000000000000e+03
2.264000000000000000e+03
2.186000000000000000e+03
9.710000000000000000e+02
2.649000000000000000e+03
2.253000000000000000e+03
1.125000000000000000e+03
6.060000000000000000e+02
2.390000000000000000e+02
1.077000000000000000e+03
5.940000000000000000e+02
1.800000000000000000e+02
2.700000000000000000e+01
2.800000000000000000e+01
1.500000000000000000e+01
3.205000000000000000e+03
0.000000000000000000e+00
6.000000000000000000e+00
3.000000000000000000e+00
5.200000000000000000e+01
2.020000000000000000e+02
6.060000000000000000e+02
0.000000000000000000e+00
1.800000000000000000e+01
0.000000000000000000e+00
2.300000000000000000e+01
0.000000000000000000e+00
1.620000000000000000e+02
4.300000000000000000e+01
0.000000000000000000e+00
2.600000000000000000e+01
0.000000000000000000e+00
0.000000000000000000e+00
0.000000000000000000e+00
0.000000000000000000e+00
6.570000000000000000e+02
1.300000000000000000e+01
0.000000000000000000e+00
1.000000000000000000e+00
0.000000000000000000e+00
3.300000000000000000e+01
5.000000000000000000e+00
1.000000000000000000e+00
0.000000000000000000e+00
0.000000000000000000e+00
3.800000000000000000e+01
0.000000000000000000e+00
0.000000000000000000e+00
2.000000000000000000e+00
0.000000000000000000e+00
0.000000000000000000e+00
1.250000000000000000e+02
0.000000000000000000e+00
4.000000000000000000e+00
0.000000000000000000e+00
2.600000000000000000e+01
0.000000000000000000e+00
0.000000000000000000e+00
8.000000000000000000e+00
5.000000000000000000e+00
3.284000000000000000e+03
0.000000000000000000e+00
0.000000000000000000e+00
1.000000000000000000e+00
5.000000000000000000e+00
1.120000000000000000e+02
1.000000000000000000e+00
0.000000000000000000e+00
4.590000000000000000e+02
0.000000000000000000e+00
4.000000000000000000e+00
1.000000000000000000e+00
6.100000000000000000e+01
0.000000000000000000e+00
0.000000000000000000e+00
4.170000000000000000e+02
0.000000000000000000e+00
1.000000000000000000e+01
2.800000000000000000e+01
1.000000000000000000e+00
1.110000000000000000e+02
1.645000000000000000e+03
3.000000000000000000e+00
4.700000000000000000e+02
1.900000000000000000e+01
2.900000000000000000e+01
9.050000000000000000e+02
6.100000000000000000e+01
3.864000000000000000e+03
5.940000000000000000e+02
4.070000000000000000e+02
2.163000000000000000e+03
7.690000000000000000e+02
1.394000000000000000e+03
5.515000000000000000e+03
1.022900000000000000e+04
8.602000000000000000e+03
7.579000000000000000e+03
8.481000000000000000e+03
1.394900000000000000e+04
9.680000000000000000e+03
8.828000000000000000e+03
1.437000000000000000e+03
1.314000000000000000e+03
1.009000000000000000e+03
1.357800000000000000e+04
4.800000000000000000e+01
2.556000000000000000e+03
3.970000000000000000e+02
3.130000000000000000e+03
6.618000000000000000e+03
3.963000000000000000e+03
1.210000000000000000e+02
1.237000000000000000e+03
4.490000000000000000e+02
1.127000000000000000e+03
2.500000000000000000e+01
2.581000000000000000e+03
2.270000000000000000e+03
1.700000000000000000e+01
4.130000000000000000e+02
9.000000000000000000e+01
1.000000000000000000e+01
7.020000000000000000e+02
2.300000000000000000e+01
2.880000000000000000e+03
1.177000000000000000e+03
2.890000000000000000e+02
1.900000000000000000e+01
7.800000000000000000e+01
1.360000000000000000e+03
5.570000000000000000e+02
1.390000000000000000e+02
2.600000000000000000e+01
3.000000000000000000e+01
8.530000000000000000e+02
2.400000000000000000e+01
3.500000000000000000e+01
2.710000000000000000e+02
2.000000000000000000e+01
1.170000000000000000e+02
1.773000000000000000e+03
9.400000000000000000e+01
1.440000000000000000e+02
1.390000000000000000e+02
1.155000000000000000e+03
1.000000000000000000e+02
1.090000000000000000e+02
5.110000000000000000e+02
3.440000000000000000e+02
2.187000000000000000e+03
2.420000000000000000e+02
2.940000000000000000e+02
2.350000000000000000e+02
3.720000000000000000e+02
2.313000000000000000e+03
3.440000000000000000e+02
4.580000000000000000e+02
1.943000000000000000e+03
1.033000000000000000e+03
1.746000000000000000e+03
2.634000000000000000e+03
5.881000000000000000e+03
5.409000000000000000e+03
4.985000000000000000e+03
1.025600000000000000e+04
4.700000000000000000e+01
2.388000000000000000e+03
1.302000000000000000e+03
9.530000000000000000e+02
2.231000000000000000e+03
2.196000000000000000e+03
2.380000000000000000e+03
3.044000000000000000e+03
3.023000000000000000e+03
3.267000000000000000e+03
3.415000000000000000e+03
3.383000000000000000e+03
3.461000000000000000e+03
3.738000000000000000e+03
3.948000000000000000e+03
3.847000000000000000e+03
3.862000000000000000e+03
4.040000000000000000e+03
3.811000000000000000e+03
4.159000000000000000e+03
3.632000000000000000e+03
3.458000000000000000e+03
3.562000000000000000e+03
3.327000000000000000e+03
2.524000000000000000e+03
3.330000000000000000e+03
3.009000000000000000e+03
2.932000000000000000e+03
2.266000000000000000e+03
2.373000000000000000e+03
2.109000000000000000e+03
2.277000000000000000e+03
2.038000000000000000e+03
2.103000000000000000e+03
1.939000000000000000e+03
2.591000000000000000e+03
1.283000000000000000e+03
2.016000000000000000e+03
1.726000000000000000e+03
1.957000000000000000e+03
1.596000000000000000e+03
1.259000000000000000e+03
2.212000000000000000e+03
1.586000000000000000e+03
1.664000000000000000e+03
2.152000000000000000e+03
1.461000000000000000e+03
1.641000000000000000e+03
1.713000000000000000e+03
1.058000000000000000e+03
2.548000000000000000e+03
9.690000000000000000e+02
1.817000000000000000e+03
1.063000000000000000e+03
2.217000000000000000e+03
8.130000000000000000e+02
1.757000000000000000e+03
1.579000000000000000e+03
1.435000000000000000e+03
1.017000000000000000e+03
1.731000000000000000e+03
9.910000000000000000e+02
6.540000000000000000e+02
2.454000000000000000e+03
8.470000000000000000e+02
8.850000000000000000e+02
1.747000000000000000e+03
9.930000000000000000e+02
7.040000000000000000e+02
1.436000000000000000e+03
1.315000000000000000e+03
7.270000000000000000e+02
1.542000000000000000e+03
7.640000000000000000e+02
1.267000000000000000e+03
6.310000000000000000e+02
1.215000000000000000e+03
9.120000000000000000e+02
5.450000000000000000e+02
1.064000000000000000e+03
9.520000000000000000e+02
6.850000000000000000e+02
6.970000000000000000e+02
3.280000000000000000e+02
2.207000000000000000e+03
3.390000000000000000e+02
7.480000000000000000e+02
5.320000000000000000e+02
6.180000000000000000e+02
7.600000000000000000e+02
8.580000000000000000e+02
5.310000000000000000e+02
6.920000000000000000e+02
5.900000000000000000e+02
3.970000000000000000e+02
8.500000000000000000e+02
4.490000000000000000e+02
9.370000000000000000e+02
4.380000000000000000e+02
5.180000000000000000e+02
4.200000000000000000e+02
1.119000000000000000e+03
4.320000000000000000e+02
4.670000000000000000e+02
4.090000000000000000e+02
8.590000000000000000e+02
5.380000000000000000e+02
3.900000000000000000e+02
7.200000000000000000e+02
3.430000000000000000e+02
4.400000000000000000e+02
4.060000000000000000e+02
5.820000000000000000e+02
3.360000000000000000e+02
3.250000000000000000e+02
6.720000000000000000e+02
3.060000000000000000e+02
4.560000000000000000e+02
3.250000000000000000e+02
4.100000000000000000e+02
3.640000000000000000e+02
3.060000000000000000e+02
3.070000000000000000e+02
2.780000000000000000e+02
2.490000000000000000e+02
1.730000000000000000e+02
2.290000000000000000e+02
1.362000000000000000e+03
1.530000000000000000e+02
1.970000000000000000e+02
2.270000000000000000e+02
2.760000000000000000e+02
2.310000000000000000e+02
2.740000000000000000e+02
2.300000000000000000e+02
2.700000000000000000e+02
3.030000000000000000e+02
1.760000000000000000e+02
2.910000000000000000e+02
1.960000000000000000e+02
1.750000000000000000e+02
5.230000000000000000e+02
2.320000000000000000e+02
1.470000000000000000e+02
1.500000000000000000e+02
3.280000000000000000e+02
1.860000000000000000e+02
1.990000000000000000e+02
2.370000000000000000e+02
2.020000000000000000e+02
1.930000000000000000e+02
1.410000000000000000e+02
5.100000000000000000e+02
1.630000000000000000e+02
2.440000000000000000e+02
1.730000000000000000e+02
2.790000000000000000e+02
2.100000000000000000e+02
5.320000000000000000e+02
1.410000000000000000e+02
2.210000000000000000e+02
2.390000000000000000e+02
2.440000000000000000e+02
2.240000000000000000e+02
3.150000000000000000e+02
2.830000000000000000e+02
2.240000000000000000e+02
2.430000000000000000e+02
2.170000000000000000e+02
1.065000000000000000e+03
2.670000000000000000e+02
2.470000000000000000e+02
2.780000000000000000e+02
3.720000000000000000e+02
2.910000000000000000e+02
2.530000000000000000e+02
4.140000000000000000e+02
2.390000000000000000e+02
3.190000000000000000e+02
2.960000000000000000e+02
2.550000000000000000e+02
5.900000000000000000e+02
2.720000000000000000e+02
2.920000000000000000e+02
3.920000000000000000e+02
2.470000000000000000e+02
2.450000000000000000e+02
3.140000000000000000e+02
2.480000000000000000e+02
2.820000000000000000e+02
6.510000000000000000e+02
2.610000000000000000e+02
3.070000000000000000e+02
4.100000000000000000e+02
2.800000000000000000e+02
4.120000000000000000e+02
2.810000000000000000e+02
3.600000000000000000e+02
3.120000000000000000e+02
4.170000000000000000e+02
3.410000000000000000e+02
2.990000000000000000e+02
3.420000000000000000e+02
4.420000000000000000e+02
3.310000000000000000e+02
3.570000000000000000e+02
4.000000000000000000e+02
3.240000000000000000e+02
4.230000000000000000e+02
3.950000000000000000e+02
4.030000000000000000e+02
4.050000000000000000e+02
6.780000000000000000e+02
3.890000000000000000e+02
4.070000000000000000e+02
4.300000000000000000e+02
3.970000000000000000e+02
4.840000000000000000e+02
5.330000000000000000e+02
7.190000000000000000e+02
4.840000000000000000e+02
6.630000000000000000e+02
6.160000000000000000e+02
7.400000000000000000e+02
5.740000000000000000e+02
6.400000000000000000e+02
5.010000000000000000e+02
5.530000000000000000e+02
3.810000000000000000e+02
6.490000000000000000e+02
3.370000000000000000e+02
6.800000000000000000e+02
3.360000000000000000e+02
3.450000000000000000e+02
3.110000000000000000e+02
1.510000000000000000e+02
1.130000000000000000e+02
9.000000000000000000e+01
9.600000000000000000e+01
3.600000000000000000e+01
3.800000000000000000e+01
3.700000000000000000e+01
4.900000000000000000e+01
3.200000000000000000e+01
2.400000000000000000e+01
2.100000000000000000e+01
1.600000000000000000e+01
1.300000000000000000e+01
1.100000000000000000e+01
8.000000000000000000e+00
5.000000000000000000e+00
3.000000000000000000e+00
0.000000000000000000e+00
0.000000000000000000e+00
1.547000000000000000e+03
2.400000000000000000e+02
4.430000000000000000e+02
9.560000000000000000e+02
8.190000000000000000e+02
8.910000000000000000e+02
1.026000000000000000e+03
1.071000000000000000e+03
1.050000000000000000e+03
9.480000000000000000e+02
1.116000000000000000e+03
1.291000000000000000e+03
1.293000000000000000e+03
1.200000000000000000e+03
1.421000000000000000e+03
1.542000000000000000e+03
1.752000000000000000e+03
1.929000000000000000e+03
1.895000000000000000e+03
2.058000000000000000e+03
2.235000000000000000e+03
2.277000000000000000e+03
2.388000000000000000e+03
2.258000000000000000e+03
2.312000000000000000e+03
2.278000000000000000e+03
2.245000000000000000e+03
2.183000000000000000e+03
2.258000000000000000e+03
2.238000000000000000e+03
2.127000000000000000e+03
2.024000000000000000e+03
1.917000000000000000e+03
1.809000000000000000e+03
1.782000000000000000e+03
1.791000000000000000e+03
1.702000000000000000e+03
1.722000000000000000e+03
1.606000000000000000e+03
1.366000000000000000e+03
1.285000000000000000e+03
1.244000000000000000e+03
1.163000000000000000e+03
1.080000000000000000e+03
1.056000000000000000e+03
1.021000000000000000e+03
1.071000000000000000e+03
9.680000000000000000e+02
1.067000000000000000e+03
9.390000000000000000e+02
1.024000000000000000e+03
9.550000000000000000e+02
8.540000000000000000e+02
8.960000000000000000e+02
8.430000000000000000e+02
8.320000000000000000e+02
8.490000000000000000e+02
8.390000000000000000e+02
8.180000000000000000e+02
8.240000000000000000e+02
8.020000000000000000e+02
7.570000000000000000e+02
8.110000000000000000e+02
8.120000000000000000e+02
9.230000000000000000e+02
9.270000000000000000e+02
9.100000000000000000e+02
9.480000000000000000e+02
9.020000000000000000e+02
9.010000000000000000e+02
9.290000000000000000e+02
9.820000000000000000e+02
9.140000000000000000e+02
9.080000000000000000e+02
9.640000000000000000e+02
9.120000000000000000e+02
9.690000000000000000e+02
9.900000000000000000e+02
9.880000000000000000e+02
1.002000000000000000e+03
9.840000000000000000e+02
9.180000000000000000e+02
8.660000000000000000e+02
9.020000000000000000e+02
8.860000000000000000e+02
9.260000000000000000e+02
8.370000000000000000e+02
8.570000000000000000e+02
8.260000000000000000e+02
8.200000000000000000e+02
8.980000000000000000e+02
8.530000000000000000e+02
7.970000000000000000e+02
8.350000000000000000e+02
8.060000000000000000e+02
8.070000000000000000e+02
8.670000000000000000e+02
8.340000000000000000e+02
8.230000000000000000e+02
8.550000000000000000e+02
8.240000000000000000e+02
8.550000000000000000e+02
8.160000000000000000e+02
8.420000000000000000e+02
8.390000000000000000e+02
8.310000000000000000e+02
8.560000000000000000e+02
8.930000000000000000e+02
8.530000000000000000e+02
8.220000000000000000e+02
8.220000000000000000e+02
8.750000000000000000e+02
8.250000000000000000e+02
8.190000000000000000e+02
8.280000000000000000e+02
8.400000000000000000e+02
7.980000000000000000e+02
7.880000000000000000e+02
8.410000000000000000e+02
8.480000000000000000e+02
7.540000000000000000e+02
8.180000000000000000e+02
7.800000000000000000e+02
7.930000000000000000e+02
7.820000000000000000e+02
7.880000000000000000e+02
8.120000000000000000e+02
7.930000000000000000e+02
8.420000000000000000e+02
8.340000000000000000e+02
8.710000000000000000e+02
8.740000000000000000e+02
8.880000000000000000e+02
8.920000000000000000e+02
9.540000000000000000e+02
9.100000000000000000e+02
9.200000000000000000e+02
9.580000000000000000e+02
9.240000000000000000e+02
9.410000000000000000e+02
9.800000000000000000e+02
9.570000000000000000e+02
9.400000000000000000e+02
9.600000000000000000e+02
9.700000000000000000e+02
9.390000000000000000e+02
9.450000000000000000e+02
9.320000000000000000e+02
8.980000000000000000e+02
9.140000000000000000e+02
8.850000000000000000e+02
9.100000000000000000e+02
8.910000000000000000e+02
9.080000000000000000e+02
9.410000000000000000e+02
9.390000000000000000e+02
1.042000000000000000e+03
9.590000000000000000e+02
1.049000000000000000e+03
1.287000000000000000e+03
1.209000000000000000e+03
1.145000000000000000e+03
1.174000000000000000e+03
1.193000000000000000e+03
1.047000000000000000e+03
1.151000000000000000e+03
1.228000000000000000e+03
1.096000000000000000e+03
1.065000000000000000e+03
1.190000000000000000e+03
1.197000000000000000e+03
9.650000000000000000e+02
8.270000000000000000e+02
8.530000000000000000e+02
8.810000000000000000e+02
8.920000000000000000e+02
9.720000000000000000e+02
1.062000000000000000e+03
9.740000000000000000e+02
9.960000000000000000e+02
1.001000000000000000e+03
9.550000000000000000e+02
8.990000000000000000e+02
7.940000000000000000e+02
7.900000000000000000e+02
7.130000000000000000e+02
6.930000000000000000e+02
6.850000000000000000e+02
6.540000000000000000e+02
6.730000000000000000e+02
6.280000000000000000e+02
6.500000000000000000e+02
6.090000000000000000e+02
5.770000000000000000e+02
5.730000000000000000e+02
6.100000000000000000e+02
6.100000000000000000e+02
5.720000000000000000e+02
6.170000000000000000e+02
5.960000000000000000e+02
5.550000000000000000e+02
5.680000000000000000e+02
5.390000000000000000e+02
5.450000000000000000e+02
5.640000000000000000e+02
5.640000000000000000e+02
5.460000000000000000e+02
5.290000000000000000e+02
5.010000000000000000e+02
4.920000000000000000e+02
5.000000000000000000e+02
5.080000000000000000e+02
5.060000000000000000e+02
4.630000000000000000e+02
5.040000000000000000e+02
4.510000000000000000e+02
4.960000000000000000e+02
4.640000000000000000e+02
4.550000000000000000e+02
4.570000000000000000e+02
4.710000000000000000e+02
4.610000000000000000e+02
4.690000000000000000e+02
4.620000000000000000e+02
4.760000000000000000e+02
4.960000000000000000e+02
4.850000000000000000e+02
5.080000000000000000e+02
4.770000000000000000e+02
5.350000000000000000e+02
4.780000000000000000e+02
5.220000000000000000e+02
5.020000000000000000e+02
5.400000000000000000e+02
4.980000000000000000e+02
5.180000000000000000e+02
5.080000000000000000e+02
5.220000000000000000e+02
5.280000000000000000e+02
5.110000000000000000e+02
5.420000000000000000e+02
5.180000000000000000e+02
5.060000000000000000e+02
5.290000000000000000e+02
5.220000000000000000e+02
5.790000000000000000e+02
5.320000000000000000e+02
5.460000000000000000e+02
5.190000000000000000e+02
5.700000000000000000e+02
5.340000000000000000e+02
6.460000000000000000e+02
6.560000000000000000e+02
7.060000000000000000e+02
1.443000000000000000e+03
1.448000000000000000e+03
2.390000000000000000e+03
