1.480000000000000000e+02
1.220000000000000000e+02
1.640000000000000000e+02
2.180000000000000000e+02
3.540000000000000000e+02
3.830000000000000000e+02
4.820000000000000000e+02
5.240000000000000000e+02
6.040000000000000000e+02
6.350000000000000000e+02
8.610000000000000000e+02
8.960000000000000000e+02
9.930000000000000000e+02
1.077000000000000000e+03
1.239000000000000000e+03
1.410000000000000000e+03
1.548000000000000000e+03
1.351000000000000000e+03
9.970000000000000000e+02
8.880000000000000000e+02
8.470000000000000000e+02
7.330000000000000000e+02
7.460000000000000000e+02
6.790000000000000000e+02
5.820000000000000000e+02
5.820000000000000000e+02
5.730000000000000000e+02
5.010000000000000000e+02
4.900000000000000000e+02
4.980000000000000000e+02
4.930000000000000000e+02
4.590000000000000000e+02
3.930000000000000000e+02
3.770000000000000000e+02
3.910000000000000000e+02
3.230000000000000000e+02
3.270000000000000000e+02
3.300000000000000000e+02
3.130000000000000000e+02
3.070000000000000000e+02
2.960000000000000000e+02
2.970000000000000000e+02
2.790000000000000000e+02
2.950000000000000000e+02
3.310000000000000000e+02
2.710000000000000000e+02
2.940000000000000000e+02
2.910000000000000000e+02
2.560000000000000000e+02
2.280000000000000000e+02
2.640000000000000000e+02
2.690000000000000000e+02
2.660000000000000000e+02
2.280000000000000000e+02
2.690000000000000000e+02
2.730000000000000000e+02
2.980000000000000000e+02
3.740000000000000000e+02
3.630000000000000000e+02
5.310000000000000000e+02
6.550000000000000000e+02
9.150000000000000000e+02
1.118000000000000000e+03
1.415000000000000000e+03
1.710000000000000000e+03
1.867000000000000000e+03
2.069000000000000000e+03
1.971000000000000000e+03
1.814000000000000000e+03
1.678000000000000000e+03
1.489000000000000000e+03
1.175000000000000000e+03
9.470000000000000000e+02
8.860000000000000000e+02
7.280000000000000000e+02
5.940000000000000000e+02
4.500000000000000000e+02
3.820000000000000000e+02
3.330000000000000000e+02
3.420000000000000000e+02
3.320000000000000000e+02
3.130000000000000000e+02
2.990000000000000000e+02
2.810000000000000000e+02
3.500000000000000000e+02
3.140000000000000000e+02
3.410000000000000000e+02
3.230000000000000000e+02
3.450000000000000000e+02
3.650000000000000000e+02
3.590000000000000000e+02
3.440000000000000000e+02
3.780000000000000000e+02
4.070000000000000000e+02
4.430000000000000000e+02
4.920000000000000000e+02
5.120000000000000000e+02
5.290000000000000000e+02
5.530000000000000000e+02
6.520000000000000000e+02
6.250000000000000000e+02
6.260000000000000000e+02
6.690000000000000000e+02
6.840000000000000000e+02
7.090000000000000000e+02
6.950000000000000000e+02
7.260000000000000000e+02
6.930000000000000000e+02
6.620000000000000000e+02
6.310000000000000000e+02
6.100000000000000000e+02
6.170000000000000000e+02
5.760000000000000000e+02
6.270000000000000000e+02
5.760000000000000000e+02
5.570000000000000000e+02
5.850000000000000000e+02
5.900000000000000000e+02
5.630000000000000000e+02
5.920000000000000000e+02
6.220000000000000000e+02
5.880000000000000000e+02
6.470000000000000000e+02
6.670000000000000000e+02
6.660000000000000000e+02
7.040000000000000000e+02
6.580000000000000000e+02
7.550000000000000000e+02
8.260000000000000000e+02
8.650000000000000000e+02
8.590000000000000000e+02
8.310000000000000000e+02
9.470000000000000000e+02
9.080000000000000000e+02
9.410000000000000000e+02
1.053000000000000000e+03
1.015000000000000000e+03
1.136000000000000000e+03
1.114000000000000000e+03
1.070000000000000000e+03
1.063000000000000000e+03
1.079000000000000000e+03
1.056000000000000000e+03
1.104000000000000000e+03
1.113000000000000000e+03
1.144000000000000000e+03
1.117000000000000000e+03
1.163000000000000000e+03
1.240000000000000000e+03
1.158000000000000000e+03
1.228000000000000000e+03
1.318000000000000000e+03
1.288000000000000000e+03
1.404000000000000000e+03
1.390000000000000000e+03
1.584000000000000000e+03
1.615000000000000000e+03
1.637000000000000000e+03
1.680000000000000000e+03
1.598000000000000000e+03
1.643000000000000000e+03
1.675000000000000000e+03
1.703000000000000000e+03
1.598000000000000000e+03
1.509000000000000000e+03
1.508000000000000000e+03
1.466000000000000000e+03
1.452000000000000000e+03
1.330000000000000000e+03
1.286000000000000000e+03
1.174000000000000000e+03
1.121000000000000000e+03
9.720000000000000000e+02
8.610000000000000000e+02
8.040000000000000000e+02
7.070000000000000000e+02
7.100000000000000000e+02
6.350000000000000000e+02
5.530000000000000000e+02
4.980000000000000000e+02
4.720000000000000000e+02
4.100000000000000000e+02
3.710000000000000000e+02
3.340000000000000000e+02
3.100000000000000000e+02
2.520000000000000000e+02
2.160000000000000000e+02
2.300000000000000000e+02
1.760000000000000000e+02
1.640000000000000000e+02
1.390000000000000000e+02
1.190000000000000000e+02
1.120000000000000000e+02
1.030000000000000000e+02
1.860000000000000000e+02
1.530000000000000000e+02
1.740000000000000000e+02
1.460000000000000000e+02
2.110000000000000000e+02
2.450000000000000000e+02
2.230000000000000000e+02
2.610000000000000000e+02
3.350000000000000000e+02
2.260000000000000000e+02
6.260000000000000000e+02
4.250000000000000000e+02
4.230000000000000000e+02
5.330000000000000000e+02
8.890000000000000000e+02
7.870000000000000000e+02
3.230000000000000000e+02
3.440000000000000000e+02
4.940000000000000000e+02
1.247000000000000000e+03
1.048000000000000000e+03
1.140000000000000000e+03
3.840000000000000000e+02
1.233000000000000000e+03
9.520000000000000000e+02
9.640000000000000000e+02
1.014000000000000000e+03
2.037000000000000000e+03
2.549000000000000000e+03
2.039000000000000000e+03
2.036000000000000000e+03
1.649000000000000000e+03
2.568000000000000000e+03
1.011000000000000000e+03
6.360000000000000000e+02
7.570000000000000000e+02
4.373000000000000000e+03
2.315000000000000000e+03
2.663000000000000000e+03
3.130000000000000000e+03
6.808000000000000000e+03
2.322000000000000000e+03
4.805000000000000000e+03
2.196000000000000000e+03
2.895000000000000000e+03
1.290100000000000000e+04
8.196000000000000000e+03
1.468000000000000000e+03
3.830000000000000000e+02
1.324000000000000000e+03
1.610000000000000000e+03
1.753000000000000000e+03
1.279000000000000000e+03
1.605000000000000000e+03
1.013000000000000000e+03
6.690000000000000000e+02
7.240000000000000000e+02
7.370000000000000000e+02
7.360000000000000000e+02
3.620000000000000000e+02
8.200000000000000000e+01
2.500000000000000000e+01
3.200000000000000000e+01
5.000000000000000000e+01
9.200000000000000000e+01
1.490000000000000000e+02
1.830000000000000000e+02
2.570000000000000000e+02
2.640000000000000000e+02
3.000000000000000000e+02
3.040000000000000000e+02
3.560000000000000000e+02
3.680000000000000000e+02
4.060000000000000000e+02
4.380000000000000000e+02
4.480000000000000000e+02
4.680000000000000000e+02
4.820000000000000000e+02
5.010000000000000000e+02
5.250000000000000000e+02
5.160000000000000000e+02
5.380000000000000000e+02
5.080000000000000000e+02
5.300000000000000000e+02
6.150000000000000000e+02
6.180000000000000000e+02
5.820000000000000000e+02
5.430000000000000000e+02
5.620000000000000000e+02
5.630000000000000000e+02
5.610000000000000000e+02
5.770000000000000000e+02
6.240000000000000000e+02
8.210000000000000000e+02
1.100000000000000000e+03
1.104000000000000000e+03
1.100000000000000000e+03
9.430000000000000000e+02
7.560000000000000000e+02
6.650000000000000000e+02
5.670000000000000000e+02
5.050000000000000000e+02
4.070000000000000000e+02
4.010000000000000000e+02
3.690000000000000000e+02
3.360000000000000000e+02
3.080000000000000000e+02
2.850000000000000000e+02
2.500000000000000000e+02
2.490000000000000000e+02
2.870000000000000000e+02
2.960000000000000000e+02
2.780000000000000000e+02
2.950000000000000000e+02
2.490000000000000000e+02
2.880000000000000000e+02
2.710000000000000000e+02
2.660000000000000000e+02
2.720000000000000000e+02
2.630000000000000000e+02
2.250000000000000000e+02
2.940000000000000000e+02
2.550000000000000000e+02
3.180000000000000000e+02
4.020000000000000000e+02
5.680000000000000000e+02
7.150000000000000000e+02
8.640000000000000000e+02
1.034000000000000000e+03
1.256000000000000000e+03
1.417000000000000000e+03
1.552000000000000000e+03
1.748000000000000000e+03
1.701000000000000000e+03
1.555000000000000000e+03
1.529000000000000000e+03
1.464000000000000000e+03
1.260000000000000000e+03
9.710000000000000000e+02
7.950000000000000000e+02
7.350000000000000000e+02
6.910000000000000000e+02
6.240000000000000000e+02
5.930000000000000000e+02
4.450000000000000000e+02
3.570000000000000000e+02
3.390000000000000000e+02
3.240000000000000000e+02
3.420000000000000000e+02
3.180000000000000000e+02
3.330000000000000000e+02
2.930000000000000000e+02
3.040000000000000000e+02
3.030000000000000000e+02
3.300000000000000000e+02
2.960000000000000000e+02
3.260000000000000000e+02
2.870000000000000000e+02
3.160000000000000000e+02
3.910000000000000000e+02
3.060000000000000000e+02
3.320000000000000000e+02
3.220000000000000000e+02
3.680000000000000000e+02
3.590000000000000000e+02
3.540000000000000000e+02
3.740000000000000000e+02
4.110000000000000000e+02
4.310000000000000000e+02
4.040000000000000000e+02
4.390000000000000000e+02
4.590000000000000000e+02
4.880000000000000000e+02
5.380000000000000000e+02
5.280000000000000000e+02
4.970000000000000000e+02
5.180000000000000000e+02
5.370000000000000000e+02
5.930000000000000000e+02
6.700000000000000000e+02
6.490000000000000000e+02
7.210000000000000000e+02
7.460000000000000000e+02
7.570000000000000000e+02
7.750000000000000000e+02
8.040000000000000000e+02
7.880000000000000000e+02
7.650000000000000000e+02
8.390000000000000000e+02
8.210000000000000000e+02
7.590000000000000000e+02
7.630000000000000000e+02
7.370000000000000000e+02
7.390000000000000000e+02
7.180000000000000000e+02
7.120000000000000000e+02
7.650000000000000000e+02
7.700000000000000000e+02
7.970000000000000000e+02
8.330000000000000000e+02
8.590000000000000000e+02
8.250000000000000000e+02
9.220000000000000000e+02
9.700000000000000000e+02
1.058000000000000000e+03
1.063000000000000000e+03
1.001000000000000000e+03
1.030000000000000000e+03
1.021000000000000000e+03
9.750000000000000000e+02
1.066000000000000000e+03
9.770000000000000000e+02
9.860000000000000000e+02
1.007000000000000000e+03
1.070000000000000000e+03
1.067000000000000000e+03
1.099000000000000000e+03
1.087000000000000000e+03
1.169000000000000000e+03
1.215000000000000000e+03
1.154000000000000000e+03
1.290000000000000000e+03
1.292000000000000000e+03
1.353000000000000000e+03
1.348000000000000000e+03
1.418000000000000000e+03
1.576000000000000000e+03
1.571000000000000000e+03
1.626000000000000000e+03
1.707000000000000000e+03
1.712000000000000000e+03
1.831000000000000000e+03
1.711000000000000000e+03
1.731000000000000000e+03
1.698000000000000000e+03
1.611000000000000000e+03
1.644000000000000000e+03
1.580000000000000000e+03
1.512000000000000000e+03
1.406000000000000000e+03
1.394000000000000000e+03
1.335000000000000000e+03
1.248000000000000000e+03
1.198000000000000000e+03
1.074000000000000000e+03
9.490000000000000000e+02
9.210000000000000000e+02
8.020000000000000000e+02
7.780000000000000000e+02
6.570000000000000000e+02
5.920000000000000000e+02
5.260000000000000000e+02
4.760000000000000000e+02
4.260000000000000000e+02
3.790000000000000000e+02
2.890000000000000000e+02
2.630000000000000000e+02
2.380000000000000000e+02
1.930000000000000000e+02
2.020000000000000000e+02
1.910000000000000000e+02
1.630000000000000000e+02
1.680000000000000000e+02
1.240000000000000000e+02
1.470000000000000000e+02
1.550000000000000000e+02
1.530000000000000000e+02
1.750000000000000000e+02
1.940000000000000000e+02
2.030000000000000000e+02
2.190000000000000000e+02
2.140000000000000000e+02
2.860000000000000000e+02
3.060000000000000000e+02
3.440000000000000000e+02
3.430000000000000000e+02
3.590000000000000000e+02
3.720000000000000000e+02
3.470000000000000000e+02
2.990000000000000000e+02
2.760000000000000000e+02
2.500000000000000000e+02
2.210000000000000000e+02
2.340000000000000000e+02
2.430000000000000000e+02
2.220000000000000000e+02
1.750000000000000000e+02
1.530000000000000000e+02
1.620000000000000000e+02
1.220000000000000000e+02
1.240000000000000000e+02
1.720000000000000000e+02
4.290000000000000000e+02
4.910000000000000000e+02
9.040000000000000000e+02
8.440000000000000000e+02
1.408000000000000000e+03
2.373000000000000000e+03
3.260000000000000000e+03
1.797000000000000000e+03
2.035000000000000000e+03
1.318000000000000000e+03
2.096000000000000000e+03
2.440000000000000000e+03
2.601000000000000000e+03
3.282000000000000000e+03
6.754000000000000000e+03
5.576000000000000000e+03
7.250000000000000000e+03
8.741000000000000000e+03
5.317000000000000000e+03
1.122900000000000000e+04
1.369000000000000000e+04
2.455000000000000000e+03
1.904000000000000000e+03
1.146000000000000000e+03
3.280000000000000000e+02
9.100000000000000000e+01
5.500000000000000000e+01
2.700000000000000000e+01
5.600000000000000000e+01
5.800000000000000000e+01
7.700000000000000000e+01
1.470000000000000000e+02
1.430000000000000000e+02
1.780000000000000000e+02
2.070000000000000000e+02
2.070000000000000000e+02
2.260000000000000000e+02
2.290000000000000000e+02
2.520000000000000000e+02
2.360000000000000000e+02
2.620000000000000000e+02
2.620000000000000000e+02
3.000000000000000000e+02
2.800000000000000000e+02
2.500000000000000000e+02
2.590000000000000000e+02
2.650000000000000000e+02
2.830000000000000000e+02
2.790000000000000000e+02
3.240000000000000000e+02
3.650000000000000000e+02
3.890000000000000000e+02
4.230000000000000000e+02
4.470000000000000000e+02
4.610000000000000000e+02
4.530000000000000000e+02
4.580000000000000000e+02
4.430000000000000000e+02
4.730000000000000000e+02
4.200000000000000000e+02
4.400000000000000000e+02
3.950000000000000000e+02
3.330000000000000000e+02
3.750000000000000000e+02
3.610000000000000000e+02
3.630000000000000000e+02
3.280000000000000000e+02
3.200000000000000000e+02
3.140000000000000000e+02
2.890000000000000000e+02
3.110000000000000000e+02
2.970000000000000000e+02
2.680000000000000000e+02
2.640000000000000000e+02
2.510000000000000000e+02
2.590000000000000000e+02
2.460000000000000000e+02
2.890000000000000000e+02
2.640000000000000000e+02
2.320000000000000000e+02
2.430000000000000000e+02
2.470000000000000000e+02
2.530000000000000000e+02
2.490000000000000000e+02
2.350000000000000000e+02
2.250000000000000000e+02
2.510000000000000000e+02
2.690000000000000000e+02
2.340000000000000000e+02
2.450000000000000000e+02
3.450000000000000000e+02
3.970000000000000000e+02
3.590000000000000000e+02
3.940000000000000000e+02
4.830000000000000000e+02
5.240000000000000000e+02
5.280000000000000000e+02
5.980000000000000000e+02
4.930000000000000000e+02
4.920000000000000000e+02
5.050000000000000000e+02
4.770000000000000000e+02
3.840000000000000000e+02
3.970000000000000000e+02
3.690000000000000000e+02
4.680000000000000000e+02
4.930000000000000000e+02
5.780000000000000000e+02
6.810000000000000000e+02
7.790000000000000000e+02
9.340000000000000000e+02
9.890000000000000000e+02
1.089000000000000000e+03
1.173000000000000000e+03
1.248000000000000000e+03
1.366000000000000000e+03
1.409000000000000000e+03
1.404000000000000000e+03
1.383000000000000000e+03
1.328000000000000000e+03
1.248000000000000000e+03
1.131000000000000000e+03
9.260000000000000000e+02
7.960000000000000000e+02
7.200000000000000000e+02
6.830000000000000000e+02
6.010000000000000000e+02
4.670000000000000000e+02
4.230000000000000000e+02
3.310000000000000000e+02
3.200000000000000000e+02
3.620000000000000000e+02
3.490000000000000000e+02
3.200000000000000000e+02
3.520000000000000000e+02
3.980000000000000000e+02
3.750000000000000000e+02
3.490000000000000000e+02
3.740000000000000000e+02
3.900000000000000000e+02
4.260000000000000000e+02
4.230000000000000000e+02
3.850000000000000000e+02
3.660000000000000000e+02
3.570000000000000000e+02
3.710000000000000000e+02
3.550000000000000000e+02
3.590000000000000000e+02
3.560000000000000000e+02
3.530000000000000000e+02
3.360000000000000000e+02
3.480000000000000000e+02
3.140000000000000000e+02
3.710000000000000000e+02
3.440000000000000000e+02
3.900000000000000000e+02
4.210000000000000000e+02
4.090000000000000000e+02
4.560000000000000000e+02
5.080000000000000000e+02
4.910000000000000000e+02
5.220000000000000000e+02
5.420000000000000000e+02
6.010000000000000000e+02
6.080000000000000000e+02
7.010000000000000000e+02
7.530000000000000000e+02
7.750000000000000000e+02
8.680000000000000000e+02
9.030000000000000000e+02
9.390000000000000000e+02
9.980000000000000000e+02
1.135000000000000000e+03
1.097000000000000000e+03
1.000000000000000000e+03
1.012000000000000000e+03
9.990000000000000000e+02
9.560000000000000000e+02
9.750000000000000000e+02
1.011000000000000000e+03
1.005000000000000000e+03
9.290000000000000000e+02
9.550000000000000000e+02
9.950000000000000000e+02
9.620000000000000000e+02
1.081000000000000000e+03
1.027000000000000000e+03
1.028000000000000000e+03
1.059000000000000000e+03
1.123000000000000000e+03
1.139000000000000000e+03
1.130000000000000000e+03
1.137000000000000000e+03
1.166000000000000000e+03
1.219000000000000000e+03
1.287000000000000000e+03
1.261000000000000000e+03
1.249000000000000000e+03
1.401000000000000000e+03
1.423000000000000000e+03
1.473000000000000000e+03
1.389000000000000000e+03
1.451000000000000000e+03
1.395000000000000000e+03
1.510000000000000000e+03
1.496000000000000000e+03
1.568000000000000000e+03
1.720000000000000000e+03
1.644000000000000000e+03
1.814000000000000000e+03
1.872000000000000000e+03
1.972000000000000000e+03
1.849000000000000000e+03
1.931000000000000000e+03
1.784000000000000000e+03
1.766000000000000000e+03
1.769000000000000000e+03
1.686000000000000000e+03
1.752000000000000000e+03
1.633000000000000000e+03
1.590000000000000000e+03
1.522000000000000000e+03
1.357000000000000000e+03
1.249000000000000000e+03
1.191000000000000000e+03
1.069000000000000000e+03
1.028000000000000000e+03
8.760000000000000000e+02
7.930000000000000000e+02
6.580000000000000000e+02
5.810000000000000000e+02
5.480000000000000000e+02
4.610000000000000000e+02
3.550000000000000000e+02
3.480000000000000000e+02
2.910000000000000000e+02
2.340000000000000000e+02
2.260000000000000000e+02
1.810000000000000000e+02
1.560000000000000000e+02
1.610000000000000000e+02
1.520000000000000000e+02
1.750000000000000000e+02
1.750000000000000000e+02
1.730000000000000000e+02
1.670000000000000000e+02
1.630000000000000000e+02
1.920000000000000000e+02
1.860000000000000000e+02
1.870000000000000000e+02
2.200000000000000000e+02
2.270000000000000000e+02
2.370000000000000000e+02
3.050000000000000000e+02
3.460000000000000000e+02
3.570000000000000000e+02
4.070000000000000000e+02
4.100000000000000000e+02
4.040000000000000000e+02
3.700000000000000000e+02
2.240000000000000000e+02
2.170000000000000000e+02
2.000000000000000000e+02
1.420000000000000000e+02
1.250000000000000000e+02
1.550000000000000000e+02
1.510000000000000000e+02
1.400000000000000000e+02
1.640000000000000000e+02
1.400000000000000000e+02
1.450000000000000000e+02
1.550000000000000000e+02
2.130000000000000000e+02
2.670000000000000000e+02
3.500000000000000000e+02
4.370000000000000000e+02
5.530000000000000000e+02
1.275000000000000000e+03
4.009000000000000000e+03
1.661400000000000000e+04
3.619200000000000000e+04
2.699400000000000000e+04
1.312000000000000000e+03
3.000000000000000000e+00
7.000000000000000000e+00
2.100000000000000000e+01
6.000000000000000000e+00
5.200000000000000000e+01
2.540000000000000000e+02
1.100000000000000000e+01
1.080000000000000000e+02
3.000000000000000000e+01
3.400000000000000000e+01
2.510000000000000000e+02
4.200000000000000000e+01
6.520000000000000000e+02
1.390000000000000000e+02
1.560000000000000000e+02
3.730000000000000000e+02
1.810000000000000000e+02
2.060000000000000000e+02
7.130000000000000000e+02
7.710000000000000000e+02
7.780000000000000000e+02
3.750000000000000000e+02
2.630000000000000000e+02
5.390000000000000000e+02
4.020000000000000000e+02
1.060000000000000000e+02
1.000000000000000000e+00
0.000000000000000000e+00
0.000000000000000000e+00
7.050000000000000000e+02
0.000000000000000000e+00
3.000000000000000000e+00
0.000000000000000000e+00
3.200000000000000000e+01
1.600000000000000000e+02
3.430000000000000000e+02
0.000000000000000000e+00
2.000000000000000000e+00
2.000000000000000000e+00
6.000000000000000000e+00
0.000000000000000000e+00
6.100000000000000000e+01
3.600000000000000000e+01
0.000000000000000000e+00
1.000000000000000000e+00
0.000000000000000000e+00
0.000000000000000000e+00
0.000000000000000000e+00
0.000000000000000000e+00
2.090000000000000000e+02
5.000000000000000000e+00
0.000000000000000000e+00
0.000000000000000000e+00
0.000000000000000000e+00
1.600000000000000000e+01
3.000000000000000000e+00
0.000000000000000000e+00
0.000000000000000000e+00
0.000000000000000000e+00
1.700000000000000000e+01
0.000000000000000000e+00
0.000000000000000000e+00
0.000000000000000000e+00
0.000000000000000000e+00
0.000000000000000000e+00
6.700000000000000000e+01
0.000000000000000000e+00
0.000000000000000000e+00
0.000000000000000000e+00
5.100000000000000000e+01
0.000000000000000000e+00
0.000000000000000000e+00
1.400000000000000000e+01
3.000000000000000000e+00
5.460000000000000000e+02
0.000000000000000000e+00
1.000000000000000000e+00
0.000000000000000000e+00
1.100000000000000000e+01
1.480000000000000000e+02
0.000000000000000000e+00
0.000000000000000000e+00
2.060000000000000000e+02
2.000000000000000000e+00
6.000000000000000000e+00
0.000000000000000000e+00
1.610000000000000000e+02
0.000000000000000000e+00
0.000000000000000000e+00
3.840000000000000000e+02
3.000000000000000000e+00
2.000000000000000000e+01
1.530000000000000000e+02
2.400000000000000000e+01
9.340000000000000000e+02
1.021000000000000000e+03
7.000000000000000000e+01
1.338100000000000000e+04
1.331000000000000000e+03
1.107000000000000000e+03
2.145300000000000000e+04
1.604500000000000000e+04
2.006900000000000000e+04
1.037100000000000000e+04
7.672000000000000000e+03
1.321000000000000000e+04
2.588400000000000000e+04
9.076000000000000000e+03
3.270100000000000000e+04
1.133200000000000000e+04
8.932000000000000000e+03
6.675000000000000000e+03
2.303000000000000000e+03
9.222000000000000000e+03
2.263000000000000000e+03
5.874000000000000000e+03
8.020000000000000000e+02
1.640000000000000000e+02
7.400000000000000000e+01
2.660000000000000000e+03
4.000000000000000000e+00
1.160000000000000000e+02
1.700000000000000000e+01
3.020000000000000000e+02
6.530000000000000000e+02
7.060000000000000000e+02
1.300000000000000000e+01
8.100000000000000000e+01
1.600000000000000000e+01
8.600000000000000000e+01
6.000000000000000000e+00
3.390000000000000000e+02
1.430000000000000000e+02
4.000000000000000000e+00
1.000000000000000000e+01
7.000000000000000000e+00
1.000000000000000000e+00
1.800000000000000000e+01
2.000000000000000000e+00
4.320000000000000000e+02
4.100000000000000000e+01
5.000000000000000000e+00
4.000000000000000000e+00
1.000000000000000000e+00
9.500000000000000000e+01
1.800000000000000000e+01
2.000000000000000000e+00
5.000000000000000000e+00
2.000000000000000000e+00
3.000000000000000000e+01
1.000000000000000000e+00
7.000000000000000000e+00
1.400000000000000000e+01
1.000000000000000000e+00
5.000000000000000000e+00
1.410000000000000000e+02
5.000000000000000000e+00
1.400000000000000000e+01
9.000000000000000000e+00
4.600000000000000000e+01
1.100000000000000000e+01
1.100000000000000000e+01
1.800000000000000000e+01
9.000000000000000000e+00
4.130000000000000000e+02
6.000000000000000000e+00
6.000000000000000000e+00
1.000000000000000000e+00
5.000000000000000000e+00
7.500000000000000000e+01
1.000000000000000000e+00
5.000000000000000000e+00
1.690000000000000000e+02
5.000000000000000000e+00
8.000000000000000000e+00
2.000000000000000000e+00
3.400000000000000000e+01
2.000000000000000000e+00
4.000000000000000000e+00
1.239000000000000000e+03
2.700000000000000000e+01
1.328000000000000000e+03
1.468000000000000000e+03
6.190000000000000000e+02
1.406000000000000000e+03
1.109000000000000000e+03
2.339000000000000000e+03
2.117000000000000000e+03
3.892000000000000000e+03
9.950000000000000000e+02
2.995000000000000000e+03
1.217000000000000000e+03
2.440000000000000000e+03
6.785000000000000000e+03
1.591400000000000000e+04
2.664000000000000000e+03
3.227000000000000000e+03
1.688000000000000000e+03
6.621000000000000000e+03
1.580000000000000000e+03
8.256000000000000000e+03
6.108000000000000000e+03
5.752000000000000000e+03
8.620000000000000000e+02
1.974000000000000000e+03
7.130000000000000000e+02
4.117000000000000000e+03
1.507000000000000000e+03
2.782000000000000000e+03
3.950000000000000000e+03
2.888000000000000000e+03
6.977000000000000000e+03
6.179000000000000000e+03
4.065000000000000000e+03
3.691000000000000000e+03
4.540000000000000000e+03
3.201000000000000000e+03
4.945000000000000000e+03
3.966000000000000000e+03
4.056000000000000000e+03
4.437000000000000000e+03
3.420000000000000000e+03
3.351000000000000000e+03
2.813000000000000000e+03
3.036000000000000000e+03
2.898000000000000000e+03
2.362000000000000000e+03
2.121000000000000000e+03
2.010000000000000000e+03
1.738000000000000000e+03
1.285000000000000000e+03
1.414000000000000000e+03
1.153000000000000000e+03
1.048000000000000000e+03
1.123000000000000000e+03
8.170000000000000000e+02
1.120000000000000000e+03
9.910000000000000000e+02
1.342000000000000000e+03
1.209000000000000000e+03
1.481000000000000000e+03
1.487000000000000000e+03
1.140000000000000000e+03
2.073000000000000000e+03
1.500000000000000000e+03
2.023000000000000000e+03
2.134000000000000000e+03
2.259000000000000000e+03
2.445000000000000000e+03
2.072000000000000000e+03
1.690000000000000000e+03
1.474000000000000000e+03
1.129000000000000000e+03
9.600000000000000000e+02
9.730000000000000000e+02
6.690000000000000000e+02
6.590000000000000000e+02
6.680000000000000000e+02
4.160000000000000000e+02
5.590000000000000000e+02
4.630000000000000000e+02
4.580000000000000000e+02
4.390000000000000000e+02
2.600000000000000000e+02
6.970000000000000000e+02
1.820000000000000000e+02
3.140000000000000000e+02
3.060000000000000000e+02
3.010000000000000000e+02
3.010000000000000000e+02
3.260000000000000000e+02
2.480000000000000000e+02
2.600000000000000000e+02
2.670000000000000000e+02
1.570000000000000000e+02
2.810000000000000000e+02
1.900000000000000000e+02
2.920000000000000000e+02
1.760000000000000000e+02
2.080000000000000000e+02
1.680000000000000000e+02
3.190000000000000000e+02
1.310000000000000000e+02
1.680000000000000000e+02
1.320000000000000000e+02
2.820000000000000000e+02
2.070000000000000000e+02
1.580000000000000000e+02
2.130000000000000000e+02
1.250000000000000000e+02
1.930000000000000000e+02
1.760000000000000000e+02
2.150000000000000000e+02
1.450000000000000000e+02
1.390000000000000000e+02
2.420000000000000000e+02
1.650000000000000000e+02
2.140000000000000000e+02
1.550000000000000000e+02
1.900000000000000000e+02
1.560000000000000000e+02
1.610000000000000000e+02
1.680000000000000000e+02
1.370000000000000000e+02
1.250000000000000000e+02
9.300000000000000000e+01
1.580000000000000000e+02
4.850000000000000000e+02
1.090000000000000000e+02
1.270000000000000000e+02
1.840000000000000000e+02
1.770000000000000000e+02
1.480000000000000000e+02
1.770000000000000000e+02
1.420000000000000000e+02
2.180000000000000000e+02
1.930000000000000000e+02
1.710000000000000000e+02
1.960000000000000000e+02
1.640000000000000000e+02
1.510000000000000000e+02
2.710000000000000000e+02
1.810000000000000000e+02
1.540000000000000000e+02
1.710000000000000000e+02
2.100000000000000000e+02
1.770000000000000000e+02
1.900000000000000000e+02
2.170000000000000000e+02
1.910000000000000000e+02
1.880000000000000000e+02
1.990000000000000000e+02
3.060000000000000000e+02
1.610000000000000000e+02
2.370000000000000000e+02
1.840000000000000000e+02
2.250000000000000000e+02
2.350000000000000000e+02
3.120000000000000000e+02
1.450000000000000000e+02
1.840000000000000000e+02
2.130000000000000000e+02
1.610000000000000000e+02
1.570000000000000000e+02
2.160000000000000000e+02
1.580000000000000000e+02
1.490000000000000000e+02
1.490000000000000000e+02
1.210000000000000000e+02
2.850000000000000000e+02
1.640000000000000000e+02
1.320000000000000000e+02
1.920000000000000000e+02
1.860000000000000000e+02
1.600000000000000000e+02
1.590000000000000000e+02
2.020000000000000000e+02
1.570000000000000000e+02
1.890000000000000000e+02
1.680000000000000000e+02
1.790000000000000000e+02
2.530000000000000000e+02
1.900000000000000000e+02
1.860000000000000000e+02
2.360000000000000000e+02
2.190000000000000000e+02
1.980000000000000000e+02
3.200000000000000000e+02
2.810000000000000000e+02
2.470000000000000000e+02
3.420000000000000000e+02
3.260000000000000000e+02
2.300000000000000000e+02
3.160000000000000000e+02
3.420000000000000000e+02
2.350000000000000000e+02
3.310000000000000000e+02
3.080000000000000000e+02
1.520000000000000000e+02
3.660000000000000000e+02
2.340000000000000000e+02
1.550000000000000000e+02
2.470000000000000000e+02
1.910000000000000000e+02
2.200000000000000000e+02
1.400000000000000000e+02
1.380000000000000000e+02
1.790000000000000000e+02
1.370000000000000000e+02
1.520000000000000000e+02
1.540000000000000000e+02
1.200000000000000000e+02
1.800000000000000000e+02
1.660000000000000000e+02
1.050000000000000000e+02
1.200000000000000000e+02
1.290000000000000000e+02
1.120000000000000000e+02
1.310000000000000000e+02
7.800000000000000000e+01
1.010000000000000000e+02
5.400000000000000000e+01
5.800000000000000000e+01
7.400000000000000000e+01
3.800000000000000000e+01
3.600000000000000000e+01
4.400000000000000000e+01
2.600000000000000000e+01
3.000000000000000000e+01
2.700000000000000000e+01
2.700000000000000000e+01
1.800000000000000000e+01
2.800000000000000000e+01
1.700000000000000000e+01
1.600000000000000000e+01
1.300000000000000000e+01
1.800000000000000000e+01
1.500000000000000000e+01
1.000000000000000000e+01
6.000000000000000000e+00
1.000000000000000000e+01
1.800000000000000000e+01
1.900000000000000000e+01
1.100000000000000000e+01
1.300000000000000000e+01
1.200000000000000000e+01
3.000000000000000000e+00
1.500000000000000000e+01
7.000000000000000000e+00
0.000000000000000000e+00
4.000000000000000000e+00
1.600000000000000000e+01
0.000000000000000000e+00
0.000000000000000000e+00
2.140000000000000000e+02
1.000000000000000000e+00
1.200000000000000000e+01
1.400000000000000000e+01
3.800000000000000000e+01
6.100000000000000000e+01
1.050000000000000000e+02
1.370000000000000000e+02
1.450000000000000000e+02
1.750000000000000000e+02
2.080000000000000000e+02
2.410000000000000000e+02
2.500000000000000000e+02
2.310000000000000000e+02
2.330000000000000000e+02
2.480000000000000000e+02
2.640000000000000000e+02
3.020000000000000000e+02
3.090000000000000000e+02
2.660000000000000000e+02
2.770000000000000000e+02
2.640000000000000000e+02
2.910000000000000000e+02
2.830000000000000000e+02
3.180000000000000000e+02
3.690000000000000000e+02
4.040000000000000000e+02
4.280000000000000000e+02
4.480000000000000000e+02
4.660000000000000000e+02
4.480000000000000000e+02
4.760000000000000000e+02
4.360000000000000000e+02
4.750000000000000000e+02
4.120000000000000000e+02
4.410000000000000000e+02
3.870000000000000000e+02
3.330000000000000000e+02
3.700000000000000000e+02
3.550000000000000000e+02
3.590000000000000000e+02
3.210000000000000000e+02
3.200000000000000000e+02
3.190000000000000000e+02
2.980000000000000000e+02
3.190000000000000000e+02
2.960000000000000000e+02
2.900000000000000000e+02
2.720000000000000000e+02
2.680000000000000000e+02
2.590000000000000000e+02
2.450000000000000000e+02
2.910000000000000000e+02
2.690000000000000000e+02
2.320000000000000000e+02
2.430000000000000000e+02
2.420000000000000000e+02
2.510000000000000000e+02
2.580000000000000000e+02
2.410000000000000000e+02
2.250000000000000000e+02
2.470000000000000000e+02
2.720000000000000000e+02
2.330000000000000000e+02
2.440000000000000000e+02
3.500000000000000000e+02
3.940000000000000000e+02
3.660000000000000000e+02
4.000000000000000000e+02
4.800000000000000000e+02
5.300000000000000000e+02
5.220000000000000000e+02
5.910000000000000000e+02
4.790000000000000000e+02
4.950000000000000000e+02
5.000000000000000000e+02
4.750000000000000000e+02
3.790000000000000000e+02
3.900000000000000000e+02
3.800000000000000000e+02
4.660000000000000000e+02
4.960000000000000000e+02
5.880000000000000000e+02
6.760000000000000000e+02
7.830000000000000000e+02
9.390000000000000000e+02
9.720000000000000000e+02
1.106000000000000000e+03
1.181000000000000000e+03
1.237000000000000000e+03
1.371000000000000000e+03
1.404000000000000000e+03
1.401000000000000000e+03
1.385000000000000000e+03
1.320000000000000000e+03
1.260000000000000000e+03
1.132000000000000000e+03
9.290000000000000000e+02
7.950000000000000000e+02
7.210000000000000000e+02
6.790000000000000000e+02
6.010000000000000000e+02
4.690000000000000000e+02
4.180000000000000000e+02
3.340000000000000000e+02
3.180000000000000000e+02
3.570000000000000000e+02
3.490000000000000000e+02
3.200000000000000000e+02
3.460000000000000000e+02
3.960000000000000000e+02
3.740000000000000000e+02
3.450000000000000000e+02
3.660000000000000000e+02
3.940000000000000000e+02
4.250000000000000000e+02
4.270000000000000000e+02
3.850000000000000000e+02
3.610000000000000000e+02
3.640000000000000000e+02
3.700000000000000000e+02
3.610000000000000000e+02
3.510000000000000000e+02
3.570000000000000000e+02
3.540000000000000000e+02
3.320000000000000000e+02
3.510000000000000000e+02
3.150000000000000000e+02
3.650000000000000000e+02
3.320000000000000000e+02
3.880000000000000000e+02
4.160000000000000000e+02
4.020000000000000000e+02
4.510000000000000000e+02
5.040000000000000000e+02
4.980000000000000000e+02
5.290000000000000000e+02
5.480000000000000000e+02
5.990000000000000000e+02
6.140000000000000000e+02
6.990000000000000000e+02
7.520000000000000000e+02
7.780000000000000000e+02
8.620000000000000000e+02
8.960000000000000000e+02
9.410000000000000000e+02
9.930000000000000000e+02
1.131000000000000000e+03
1.087000000000000000e+03
9.950000000000000000e+02
1.011000000000000000e+03
9.980000000000000000e+02
9.450000000000000000e+02
9.620000000000000000e+02
1.008000000000000000e+03
9.970000000000000000e+02
9.310000000000000000e+02
9.590000000000000000e+02
9.960000000000000000e+02
9.570000000000000000e+02
1.066000000000000000e+03
1.017000000000000000e+03
1.032000000000000000e+03
1.046000000000000000e+03
1.118000000000000000e+03
1.144000000000000000e+03
1.123000000000000000e+03
1.139000000000000000e+03
1.164000000000000000e+03
1.215000000000000000e+03
1.275000000000000000e+03
1.258000000000000000e+03
1.237000000000000000e+03
1.384000000000000000e+03
1.405000000000000000e+03
1.469000000000000000e+03
1.370000000000000000e+03
1.427000000000000000e+03
1.379000000000000000e+03
1.496000000000000000e+03
1.477000000000000000e+03
1.520000000000000000e+03
1.698000000000000000e+03
1.627000000000000000e+03
1.797000000000000000e+03
1.862000000000000000e+03
1.940000000000000000e+03
1.817000000000000000e+03
1.907000000000000000e+03
1.761000000000000000e+03
1.734000000000000000e+03
1.732000000000000000e+03
1.637000000000000000e+03
1.682000000000000000e+03
1.563000000000000000e+03
1.505000000000000000e+03
1.456000000000000000e+03
1.247000000000000000e+03
1.139000000000000000e+03
1.082000000000000000e+03
9.680000000000000000e+02
9.240000000000000000e+02
7.760000000000000000e+02
6.940000000000000000e+02
5.550000000000000000e+02
4.840000000000000000e+02
4.670000000000000000e+02
3.890000000000000000e+02
3.270000000000000000e+02
3.120000000000000000e+02
2.730000000000000000e+02
2.590000000000000000e+02
2.580000000000000000e+02
1.900000000000000000e+02
2.230000000000000000e+02
2.150000000000000000e+02
2.050000000000000000e+02
2.610000000000000000e+02
2.970000000000000000e+02
3.320000000000000000e+02
3.630000000000000000e+02
3.610000000000000000e+02
4.040000000000000000e+02
3.600000000000000000e+02
3.720000000000000000e+02
3.020000000000000000e+02
2.580000000000000000e+02
2.400000000000000000e+02
2.390000000000000000e+02
2.630000000000000000e+02
2.650000000000000000e+02
2.380000000000000000e+02
2.290000000000000000e+02
1.900000000000000000e+02
1.830000000000000000e+02
2.160000000000000000e+02
2.820000000000000000e+02
3.740000000000000000e+02
4.220000000000000000e+02
4.620000000000000000e+02
3.950000000000000000e+02
3.290000000000000000e+02
2.580000000000000000e+02
1.950000000000000000e+02
1.560000000000000000e+02
1.460000000000000000e+02
1.520000000000000000e+02
1.970000000000000000e+02
2.260000000000000000e+02
3.070000000000000000e+02
3.860000000000000000e+02
5.200000000000000000e+02
1.251000000000000000e+03
4.093000000000000000e+03
1.669900000000000000e+04
3.628400000000000000e+04
2.703600000000000000e+04
