2.950000000000000000e+02
2.090000000000000000e+02
2.950000000000000000e+02
4.450000000000000000e+02
6.120000000000000000e+02
9.740000000000000000e+02
1.458000000000000000e+03
1.494000000000000000e+03
1.394000000000000000e+03
1.426000000000000000e+03
1.355000000000000000e+03
1.285000000000000000e+03
1.287000000000000000e+03
1.244000000000000000e+03
1.255000000000000000e+03
1.216000000000000000e+03
1.192000000000000000e+03
1.357000000000000000e+03
1.223000000000000000e+03
1.084000000000000000e+03
1.114000000000000000e+03
1.052000000000000000e+03
9.660000000000000000e+02
9.760000000000000000e+02
8.510000000000000000e+02
8.810000000000000000e+02
8.500000000000000000e+02
8.860000000000000000e+02
8.660000000000000000e+02
8.560000000000000000e+02
9.000000000000000000e+02
9.170000000000000000e+02
9.100000000000000000e+02
9.360000000000000000e+02
9.060000000000000000e+02
9.710000000000000000e+02
9.210000000000000000e+02
9.370000000000000000e+02
9.950000000000000000e+02
9.110000000000000000e+02
9.460000000000000000e+02
9.960000000000000000e+02
9.120000000000000000e+02
9.200000000000000000e+02
8.860000000000000000e+02
9.440000000000000000e+02
9.380000000000000000e+02
9.300000000000000000e+02
9.860000000000000000e+02
9.510000000000000000e+02
1.036000000000000000e+03
9.610000000000000000e+02
1.031000000000000000e+03
1.137000000000000000e+03
1.174000000000000000e+03
1.198000000000000000e+03
1.271000000000000000e+03
1.110000000000000000e+03
1.223000000000000000e+03
1.172000000000000000e+03
1.130000000000000000e+03
1.080000000000000000e+03
1.034000000000000000e+03
1.111000000000000000e+03
1.084000000000000000e+03
1.069000000000000000e+03
1.077000000000000000e+03
1.068000000000000000e+03
1.091000000000000000e+03
1.020000000000000000e+03
1.059000000000000000e+03
1.068000000000000000e+03
1.187000000000000000e+03
1.184000000000000000e+03
1.237000000000000000e+03
1.215000000000000000e+03
1.402000000000000000e+03
1.388000000000000000e+03
1.378000000000000000e+03
1.489000000000000000e+03
1.496000000000000000e+03
1.552000000000000000e+03
1.598000000000000000e+03
1.490000000000000000e+03
1.490000000000000000e+03
1.491000000000000000e+03
1.513000000000000000e+03
1.581000000000000000e+03
1.526000000000000000e+03
1.576000000000000000e+03
1.693000000000000000e+03
1.654000000000000000e+03
1.648000000000000000e+03
1.677000000000000000e+03
1.670000000000000000e+03
1.627000000000000000e+03
1.601000000000000000e+03
1.640000000000000000e+03
1.550000000000000000e+03
1.522000000000000000e+03
1.378000000000000000e+03
1.342000000000000000e+03
1.338000000000000000e+03
1.234000000000000000e+03
1.156000000000000000e+03
1.136000000000000000e+03
1.126000000000000000e+03
1.074000000000000000e+03
1.075000000000000000e+03
1.036000000000000000e+03
9.510000000000000000e+02
9.340000000000000000e+02
8.930000000000000000e+02
8.850000000000000000e+02
8.260000000000000000e+02
7.800000000000000000e+02
7.770000000000000000e+02
7.300000000000000000e+02
7.050000000000000000e+02
6.210000000000000000e+02
6.970000000000000000e+02
6.880000000000000000e+02
6.990000000000000000e+02
6.570000000000000000e+02
6.710000000000000000e+02
6.680000000000000000e+02
6.600000000000000000e+02
7.640000000000000000e+02
7.130000000000000000e+02
7.610000000000000000e+02
7.670000000000000000e+02
8.270000000000000000e+02
8.370000000000000000e+02
7.910000000000000000e+02
7.900000000000000000e+02
7.610000000000000000e+02
7.230000000000000000e+02
7.330000000000000000e+02
7.410000000000000000e+02
7.680000000000000000e+02
8.030000000000000000e+02
7.740000000000000000e+02
7.920000000000000000e+02
7.660000000000000000e+02
7.720000000000000000e+02
7.540000000000000000e+02
7.330000000000000000e+02
6.900000000000000000e+02
6.190000000000000000e+02
7.410000000000000000e+02
7.510000000000000000e+02
7.490000000000000000e+02
6.920000000000000000e+02
9.930000000000000000e+02
6.940000000000000000e+02
8.150000000000000000e+02
6.880000000000000000e+02
6.940000000000000000e+02
6.000000000000000000e+02
7.110000000000000000e+02
5.840000000000000000e+02
6.570000000000000000e+02
5.690000000000000000e+02
5.760000000000000000e+02
7.110000000000000000e+02
7.040000000000000000e+02
5.900000000000000000e+02
5.800000000000000000e+02
9.410000000000000000e+02
1.316000000000000000e+03
2.296000000000000000e+03
3.469000000000000000e+03
3.471000000000000000e+03
2.413000000000000000e+03
1.907000000000000000e+03
1.656000000000000000e+03
1.843000000000000000e+03
5.580000000000000000e+02
3.120000000000000000e+02
3.240000000000000000e+02
2.970000000000000000e+02
2.760000000000000000e+02
2.930000000000000000e+02
2.920000000000000000e+02
2.970000000000000000e+02
2.680000000000000000e+02
2.740000000000000000e+02
2.950000000000000000e+02
2.920000000000000000e+02
3.050000000000000000e+02
3.320000000000000000e+02
3.330000000000000000e+02
3.310000000000000000e+02
3.760000000000000000e+02
3.810000000000000000e+02
4.170000000000000000e+02
4.460000000000000000e+02
4.300000000000000000e+02
4.910000000000000000e+02
4.810000000000000000e+02
5.180000000000000000e+02
4.700000000000000000e+02
4.830000000000000000e+02
5.220000000000000000e+02
5.110000000000000000e+02
6.350000000000000000e+02
6.320000000000000000e+02
6.920000000000000000e+02
6.920000000000000000e+02
6.760000000000000000e+02
7.510000000000000000e+02
8.190000000000000000e+02
8.110000000000000000e+02
9.090000000000000000e+02
8.780000000000000000e+02
8.090000000000000000e+02
8.210000000000000000e+02
8.110000000000000000e+02
8.200000000000000000e+02
8.170000000000000000e+02
9.090000000000000000e+02
1.006000000000000000e+03
1.067000000000000000e+03
1.146000000000000000e+03
1.200000000000000000e+03
1.313000000000000000e+03
1.563000000000000000e+03
1.834000000000000000e+03
2.218000000000000000e+03
3.092000000000000000e+03
2.633000000000000000e+03
2.982000000000000000e+03
2.359000000000000000e+03
1.271000000000000000e+03
5.510000000000000000e+02
3.290000000000000000e+02
2.630000000000000000e+02
1.860000000000000000e+02
1.890000000000000000e+02
1.740000000000000000e+02
1.550000000000000000e+02
1.710000000000000000e+02
1.500000000000000000e+02
1.430000000000000000e+02
1.560000000000000000e+02
1.370000000000000000e+02
1.480000000000000000e+02
1.350000000000000000e+02
1.400000000000000000e+02
1.340000000000000000e+02
1.460000000000000000e+02
1.330000000000000000e+02
1.590000000000000000e+02
9.400000000000000000e+01
1.230000000000000000e+02
1.960000000000000000e+02
1.260000000000000000e+02
1.290000000000000000e+02
1.870000000000000000e+02
3.040000000000000000e+02
4.080000000000000000e+02
6.430000000000000000e+02
1.042000000000000000e+03
1.537000000000000000e+03
1.594000000000000000e+03
1.590000000000000000e+03
1.523000000000000000e+03
1.372000000000000000e+03
1.289000000000000000e+03
1.308000000000000000e+03
1.284000000000000000e+03
1.312000000000000000e+03
1.342000000000000000e+03
1.320000000000000000e+03
1.348000000000000000e+03
1.280000000000000000e+03
1.189000000000000000e+03
1.172000000000000000e+03
1.069000000000000000e+03
1.021000000000000000e+03
1.009000000000000000e+03
9.800000000000000000e+02
9.670000000000000000e+02
9.740000000000000000e+02
9.230000000000000000e+02
9.540000000000000000e+02
1.006000000000000000e+03
9.530000000000000000e+02
9.540000000000000000e+02
9.640000000000000000e+02
9.590000000000000000e+02
9.770000000000000000e+02
9.570000000000000000e+02
9.720000000000000000e+02
9.780000000000000000e+02
1.008000000000000000e+03
1.034000000000000000e+03
9.670000000000000000e+02
1.032000000000000000e+03
1.022000000000000000e+03
1.022000000000000000e+03
1.074000000000000000e+03
1.231000000000000000e+03
1.334000000000000000e+03
1.367000000000000000e+03
1.315000000000000000e+03
1.271000000000000000e+03
1.162000000000000000e+03
1.118000000000000000e+03
1.226000000000000000e+03
1.222000000000000000e+03
1.203000000000000000e+03
1.237000000000000000e+03
1.147000000000000000e+03
1.209000000000000000e+03
1.190000000000000000e+03
1.162000000000000000e+03
1.184000000000000000e+03
1.126000000000000000e+03
1.126000000000000000e+03
1.181000000000000000e+03
1.155000000000000000e+03
1.254000000000000000e+03
1.339000000000000000e+03
1.277000000000000000e+03
1.348000000000000000e+03
1.411000000000000000e+03
1.376000000000000000e+03
1.438000000000000000e+03
1.424000000000000000e+03
1.396000000000000000e+03
1.356000000000000000e+03
1.362000000000000000e+03
1.459000000000000000e+03
1.489000000000000000e+03
1.429000000000000000e+03
1.506000000000000000e+03
1.548000000000000000e+03
1.607000000000000000e+03
1.634000000000000000e+03
1.580000000000000000e+03
1.763000000000000000e+03
1.617000000000000000e+03
1.666000000000000000e+03
1.606000000000000000e+03
1.598000000000000000e+03
1.477000000000000000e+03
1.459000000000000000e+03
1.526000000000000000e+03
1.294000000000000000e+03
1.340000000000000000e+03
1.311000000000000000e+03
1.214000000000000000e+03
1.196000000000000000e+03
1.132000000000000000e+03
1.070000000000000000e+03
1.078000000000000000e+03
9.570000000000000000e+02
9.480000000000000000e+02
8.780000000000000000e+02
8.710000000000000000e+02
8.280000000000000000e+02
7.540000000000000000e+02
7.210000000000000000e+02
7.090000000000000000e+02
6.340000000000000000e+02
5.780000000000000000e+02
5.790000000000000000e+02
5.840000000000000000e+02
5.300000000000000000e+02
4.840000000000000000e+02
4.740000000000000000e+02
4.430000000000000000e+02
4.550000000000000000e+02
4.560000000000000000e+02
4.570000000000000000e+02
4.510000000000000000e+02
4.780000000000000000e+02
4.990000000000000000e+02
4.490000000000000000e+02
4.820000000000000000e+02
4.450000000000000000e+02
4.680000000000000000e+02
4.630000000000000000e+02
4.310000000000000000e+02
4.700000000000000000e+02
4.210000000000000000e+02
4.420000000000000000e+02
4.540000000000000000e+02
4.810000000000000000e+02
4.900000000000000000e+02
4.660000000000000000e+02
4.930000000000000000e+02
5.410000000000000000e+02
5.750000000000000000e+02
5.230000000000000000e+02
5.100000000000000000e+02
5.080000000000000000e+02
4.780000000000000000e+02
5.350000000000000000e+02
5.260000000000000000e+02
5.350000000000000000e+02
5.930000000000000000e+02
6.280000000000000000e+02
6.890000000000000000e+02
7.340000000000000000e+02
7.780000000000000000e+02
8.220000000000000000e+02
8.690000000000000000e+02
8.630000000000000000e+02
8.620000000000000000e+02
8.840000000000000000e+02
9.100000000000000000e+02
9.770000000000000000e+02
1.018000000000000000e+03
1.130000000000000000e+03
1.255000000000000000e+03
1.291000000000000000e+03
1.418000000000000000e+03
1.289000000000000000e+03
1.275000000000000000e+03
1.301000000000000000e+03
1.303000000000000000e+03
1.187000000000000000e+03
1.103000000000000000e+03
1.119000000000000000e+03
9.880000000000000000e+02
1.146000000000000000e+03
1.089000000000000000e+03
1.116000000000000000e+03
1.056000000000000000e+03
1.090000000000000000e+03
1.255000000000000000e+03
1.332000000000000000e+03
1.410000000000000000e+03
1.674000000000000000e+03
1.864000000000000000e+03
1.859000000000000000e+03
2.265000000000000000e+03
3.224000000000000000e+03
4.867000000000000000e+03
3.406000000000000000e+03
1.956000000000000000e+03
6.910000000000000000e+02
5.340000000000000000e+02
4.670000000000000000e+02
4.580000000000000000e+02
4.120000000000000000e+02
4.630000000000000000e+02
4.690000000000000000e+02
4.540000000000000000e+02
4.590000000000000000e+02
4.520000000000000000e+02
6.260000000000000000e+02
6.700000000000000000e+02
9.140000000000000000e+02
1.189000000000000000e+03
1.784000000000000000e+03
2.668000000000000000e+03
3.009000000000000000e+03
3.336000000000000000e+03
2.597000000000000000e+03
1.398000000000000000e+03
6.340000000000000000e+02
2.970000000000000000e+02
2.140000000000000000e+02
1.620000000000000000e+02
1.620000000000000000e+02
1.840000000000000000e+02
1.810000000000000000e+02
2.530000000000000000e+02
2.590000000000000000e+02
2.180000000000000000e+02
2.920000000000000000e+02
3.280000000000000000e+02
3.230000000000000000e+02
3.030000000000000000e+02
3.370000000000000000e+02
3.780000000000000000e+02
3.880000000000000000e+02
4.470000000000000000e+02
5.270000000000000000e+02
5.160000000000000000e+02
6.330000000000000000e+02
6.490000000000000000e+02
7.240000000000000000e+02
6.940000000000000000e+02
6.520000000000000000e+02
5.840000000000000000e+02
6.090000000000000000e+02
5.030000000000000000e+02
3.490000000000000000e+02
2.710000000000000000e+02
2.110000000000000000e+02
1.930000000000000000e+02
1.800000000000000000e+02
1.780000000000000000e+02
1.660000000000000000e+02
1.350000000000000000e+02
1.690000000000000000e+02
1.300000000000000000e+02
1.400000000000000000e+02
1.290000000000000000e+02
1.380000000000000000e+02
1.400000000000000000e+02
1.610000000000000000e+02
1.710000000000000000e+02
1.600000000000000000e+02
1.880000000000000000e+02
1.640000000000000000e+02
1.650000000000000000e+02
2.910000000000000000e+02
1.151000000000000000e+03
4.380000000000000000e+02
5.510000000000000000e+02
8.360000000000000000e+02
8.630000000000000000e+02
8.180000000000000000e+02
8.770000000000000000e+02
1.058000000000000000e+03
1.464000000000000000e+03
2.025000000000000000e+03
1.982000000000000000e+03
1.839000000000000000e+03
1.834000000000000000e+03
1.777000000000000000e+03
1.711000000000000000e+03
1.667000000000000000e+03
1.586000000000000000e+03
1.579000000000000000e+03
1.514000000000000000e+03
1.624000000000000000e+03
1.481000000000000000e+03
1.638000000000000000e+03
1.547000000000000000e+03
1.571000000000000000e+03
1.523000000000000000e+03
1.485000000000000000e+03
1.409000000000000000e+03
1.281000000000000000e+03
1.429000000000000000e+03
1.316000000000000000e+03
1.278000000000000000e+03
1.256000000000000000e+03
1.199000000000000000e+03
1.181000000000000000e+03
1.076000000000000000e+03
1.055000000000000000e+03
1.095000000000000000e+03
1.111000000000000000e+03
1.152000000000000000e+03
1.100000000000000000e+03
1.099000000000000000e+03
1.179000000000000000e+03
1.161000000000000000e+03
1.238000000000000000e+03
1.353000000000000000e+03
1.547000000000000000e+03
1.558000000000000000e+03
1.608000000000000000e+03
1.565000000000000000e+03
1.502000000000000000e+03
1.574000000000000000e+03
1.513000000000000000e+03
1.454000000000000000e+03
1.529000000000000000e+03
1.449000000000000000e+03
1.398000000000000000e+03
1.278000000000000000e+03
1.233000000000000000e+03
1.260000000000000000e+03
1.214000000000000000e+03
1.285000000000000000e+03
1.241000000000000000e+03
1.257000000000000000e+03
1.311000000000000000e+03
1.343000000000000000e+03
1.440000000000000000e+03
1.521000000000000000e+03
1.533000000000000000e+03
1.684000000000000000e+03
1.632000000000000000e+03
1.635000000000000000e+03
1.633000000000000000e+03
1.701000000000000000e+03
1.640000000000000000e+03
1.758000000000000000e+03
1.834000000000000000e+03
1.866000000000000000e+03
1.873000000000000000e+03
1.879000000000000000e+03
1.880000000000000000e+03
1.965000000000000000e+03
1.985000000000000000e+03
2.027000000000000000e+03
1.968000000000000000e+03
2.225000000000000000e+03
2.275000000000000000e+03
2.500000000000000000e+03
2.237000000000000000e+03
2.206000000000000000e+03
2.057000000000000000e+03
2.094000000000000000e+03
2.093000000000000000e+03
2.038000000000000000e+03
1.997000000000000000e+03
1.864000000000000000e+03
1.846000000000000000e+03
1.700000000000000000e+03
1.558000000000000000e+03
1.545000000000000000e+03
1.530000000000000000e+03
1.270000000000000000e+03
1.532000000000000000e+03
1.165000000000000000e+03
1.288000000000000000e+03
1.196000000000000000e+03
9.580000000000000000e+02
9.520000000000000000e+02
9.580000000000000000e+02
9.530000000000000000e+02
8.520000000000000000e+02
1.027000000000000000e+03
8.430000000000000000e+02
8.540000000000000000e+02
7.820000000000000000e+02
7.930000000000000000e+02
7.530000000000000000e+02
6.880000000000000000e+02
6.520000000000000000e+02
6.440000000000000000e+02
6.250000000000000000e+02
6.100000000000000000e+02
5.770000000000000000e+02
6.010000000000000000e+02
5.820000000000000000e+02
5.130000000000000000e+02
5.690000000000000000e+02
5.230000000000000000e+02
5.120000000000000000e+02
4.680000000000000000e+02
4.790000000000000000e+02
4.400000000000000000e+02
4.640000000000000000e+02
4.130000000000000000e+02
4.420000000000000000e+02
3.880000000000000000e+02
3.660000000000000000e+02
3.840000000000000000e+02
4.050000000000000000e+02
3.590000000000000000e+02
3.690000000000000000e+02
3.210000000000000000e+02
3.240000000000000000e+02
3.430000000000000000e+02
3.800000000000000000e+02
3.420000000000000000e+02
3.300000000000000000e+02
3.340000000000000000e+02
3.020000000000000000e+02
3.580000000000000000e+02
3.920000000000000000e+02
3.690000000000000000e+02
3.840000000000000000e+02
3.480000000000000000e+02
3.950000000000000000e+02
3.880000000000000000e+02
4.230000000000000000e+02
4.050000000000000000e+02
4.210000000000000000e+02
4.290000000000000000e+02
4.590000000000000000e+02
4.560000000000000000e+02
4.850000000000000000e+02
5.630000000000000000e+02
5.710000000000000000e+02
5.800000000000000000e+02
6.910000000000000000e+02
7.120000000000000000e+02
7.540000000000000000e+02
7.820000000000000000e+02
8.290000000000000000e+02
7.980000000000000000e+02
7.820000000000000000e+02
8.070000000000000000e+02
7.850000000000000000e+02
7.840000000000000000e+02
8.330000000000000000e+02
7.600000000000000000e+02
8.410000000000000000e+02
7.990000000000000000e+02
6.830000000000000000e+02
8.360000000000000000e+02
7.770000000000000000e+02
7.700000000000000000e+02
5.950000000000000000e+02
6.510000000000000000e+02
7.510000000000000000e+02
6.360000000000000000e+02
8.830000000000000000e+02
7.360000000000000000e+02
6.480000000000000000e+02
9.370000000000000000e+02
1.066000000000000000e+03
1.358000000000000000e+03
1.250000000000000000e+03
1.371000000000000000e+03
1.314000000000000000e+03
1.689000000000000000e+03
1.813000000000000000e+03
2.188000000000000000e+03
2.537000000000000000e+03
3.579000000000000000e+03
8.320000000000000000e+02
2.460000000000000000e+02
1.790000000000000000e+02
1.570000000000000000e+02
1.440000000000000000e+02
1.590000000000000000e+02
1.190000000000000000e+02
1.340000000000000000e+02
1.350000000000000000e+02
1.360000000000000000e+02
1.470000000000000000e+02
1.380000000000000000e+02
1.320000000000000000e+02
1.370000000000000000e+02
1.580000000000000000e+02
1.930000000000000000e+02
1.790000000000000000e+02
1.900000000000000000e+02
2.150000000000000000e+02
1.900000000000000000e+02
2.050000000000000000e+02
1.980000000000000000e+02
2.000000000000000000e+02
2.070000000000000000e+02
2.370000000000000000e+02
2.080000000000000000e+02
1.880000000000000000e+02
2.180000000000000000e+02
2.550000000000000000e+02
2.410000000000000000e+02
2.710000000000000000e+02
2.730000000000000000e+02
3.140000000000000000e+02
2.880000000000000000e+02
2.480000000000000000e+02
2.950000000000000000e+02
3.250000000000000000e+02
2.490000000000000000e+02
1.640000000000000000e+02
1.600000000000000000e+02
1.290000000000000000e+02
1.120000000000000000e+02
1.070000000000000000e+02
1.240000000000000000e+02
9.700000000000000000e+01
1.090000000000000000e+02
9.400000000000000000e+01
1.070000000000000000e+02
1.190000000000000000e+02
1.270000000000000000e+02
1.440000000000000000e+02
1.540000000000000000e+02
1.680000000000000000e+02
1.660000000000000000e+02
4.580000000000000000e+02
6.625000000000000000e+03
3.100000000000000000e+01
2.100000000000000000e+02
4.415000000000000000e+03
2.800000000000000000e+01
1.427900000000000000e+04
2.313000000000000000e+03
3.100000000000000000e+01
3.542000000000000000e+03
1.950000000000000000e+02
1.570000000000000000e+02
8.104000000000000000e+03
3.710000000000000000e+02
3.743000000000000000e+03
3.891000000000000000e+03
4.201000000000000000e+03
1.097000000000000000e+03
9.810000000000000000e+02
9.070000000000000000e+02
1.784000000000000000e+03
2.927000000000000000e+03
2.529000000000000000e+03
4.939000000000000000e+03
9.503000000000000000e+03
1.728500000000000000e+04
6.434000000000000000e+03
1.819000000000000000e+03
6.840000000000000000e+02
6.760000000000000000e+02
1.033000000000000000e+03
3.951000000000000000e+03
2.792000000000000000e+03
1.332000000000000000e+03
6.290000000000000000e+02
6.220000000000000000e+02
1.025000000000000000e+03
5.740000000000000000e+02
1.600000000000000000e+02
2.600000000000000000e+02
1.890000000000000000e+02
2.890000000000000000e+02
8.000000000000000000e+01
5.150000000000000000e+02
4.280000000000000000e+02
1.140000000000000000e+02
1.610000000000000000e+02
1.990000000000000000e+02
4.100000000000000000e+01
2.830000000000000000e+02
7.500000000000000000e+01
5.140000000000000000e+02
3.090000000000000000e+02
1.130000000000000000e+02
3.700000000000000000e+01
8.700000000000000000e+01
4.310000000000000000e+02
2.440000000000000000e+02
8.900000000000000000e+01
3.600000000000000000e+01
3.300000000000000000e+01
6.720000000000000000e+02
1.300000000000000000e+01
4.500000000000000000e+01
1.860000000000000000e+02
7.000000000000000000e+00
8.300000000000000000e+01
7.770000000000000000e+02
1.060000000000000000e+02
2.480000000000000000e+02
2.580000000000000000e+02
3.280000000000000000e+02
1.120000000000000000e+02
1.220000000000000000e+02
2.970000000000000000e+02
4.350000000000000000e+02
1.150000000000000000e+03
2.270000000000000000e+02
1.250000000000000000e+02
9.000000000000000000e+00
4.980000000000000000e+02
1.383000000000000000e+03
1.190000000000000000e+02
1.180000000000000000e+02
6.020000000000000000e+02
8.230000000000000000e+02
6.200000000000000000e+02
2.450000000000000000e+02
1.897000000000000000e+03
3.230000000000000000e+02
5.500000000000000000e+02
2.247000000000000000e+03
9.790000000000000000e+02
6.470000000000000000e+02
1.110000000000000000e+03
8.790000000000000000e+02
2.969000000000000000e+03
2.960000000000000000e+03
8.340000000000000000e+02
3.800000000000000000e+03
2.176000000000000000e+03
2.348000000000000000e+03
4.763000000000000000e+03
1.843000000000000000e+03
5.591000000000000000e+03
3.350000000000000000e+03
4.427000000000000000e+03
1.162100000000000000e+04
7.136000000000000000e+03
8.110000000000000000e+02
5.185000000000000000e+03
5.799000000000000000e+03
3.039000000000000000e+03
7.580000000000000000e+02
1.270000000000000000e+03
6.636000000000000000e+03
3.752000000000000000e+03
8.300000000000000000e+02
2.300000000000000000e+01
1.800000000000000000e+01
1.100000000000000000e+01
6.055000000000000000e+03
0.000000000000000000e+00
9.800000000000000000e+01
2.000000000000000000e+00
5.240000000000000000e+02
1.654000000000000000e+03
3.094000000000000000e+03
0.000000000000000000e+00
6.300000000000000000e+01
7.000000000000000000e+00
1.160000000000000000e+02
0.000000000000000000e+00
9.500000000000000000e+02
3.750000000000000000e+02
0.000000000000000000e+00
6.000000000000000000e+00
0.000000000000000000e+00
0.000000000000000000e+00
3.800000000000000000e+01
1.000000000000000000e+00
9.230000000000000000e+02
7.200000000000000000e+01
1.200000000000000000e+01
0.000000000000000000e+00
0.000000000000000000e+00
2.890000000000000000e+02
2.000000000000000000e+01
2.000000000000000000e+00
0.000000000000000000e+00
0.000000000000000000e+00
9.800000000000000000e+01
0.000000000000000000e+00
0.000000000000000000e+00
8.000000000000000000e+00
0.000000000000000000e+00
0.000000000000000000e+00
5.700000000000000000e+02
0.000000000000000000e+00
5.000000000000000000e+00
6.000000000000000000e+00
1.970000000000000000e+02
4.000000000000000000e+00
4.000000000000000000e+00
7.900000000000000000e+01
1.900000000000000000e+01
1.264000000000000000e+03
1.300000000000000000e+01
5.000000000000000000e+00
2.000000000000000000e+00
7.300000000000000000e+01
7.250000000000000000e+02
5.000000000000000000e+00
5.000000000000000000e+00
9.000000000000000000e+02
6.000000000000000000e+01
6.900000000000000000e+01
2.000000000000000000e+01
9.750000000000000000e+02
2.400000000000000000e+01
3.300000000000000000e+01
2.518000000000000000e+03
7.300000000000000000e+01
4.300000000000000000e+02
5.880000000000000000e+02
4.150000000000000000e+02
7.100000000000000000e+02
1.000000000000000000e+03
1.128000000000000000e+03
1.138000000000000000e+03
1.031000000000000000e+03
1.100000000000000000e+03
1.343000000000000000e+03
1.994000000000000000e+03
1.248000000000000000e+03
1.309000000000000000e+03
1.329000000000000000e+03
1.270000000000000000e+03
1.293000000000000000e+03
1.445000000000000000e+03
1.450000000000000000e+03
1.603000000000000000e+03
1.440000000000000000e+03
1.528000000000000000e+03
1.855000000000000000e+03
2.224000000000000000e+03
2.123000000000000000e+03
2.386000000000000000e+03
2.611000000000000000e+03
4.481000000000000000e+03
6.547000000000000000e+03
3.725000000000000000e+03
5.035000000000000000e+03
4.887000000000000000e+03
5.923000000000000000e+03
4.855000000000000000e+03
5.652000000000000000e+03
8.769000000000000000e+03
4.382000000000000000e+03
4.872000000000000000e+03
4.084000000000000000e+03
3.992000000000000000e+03
3.398000000000000000e+03
3.118000000000000000e+03
3.343000000000000000e+03
3.019000000000000000e+03
2.941000000000000000e+03
3.424000000000000000e+03
2.344000000000000000e+03
2.560000000000000000e+03
2.292000000000000000e+03
2.132000000000000000e+03
2.479000000000000000e+03
1.722000000000000000e+03
2.071000000000000000e+03
1.483000000000000000e+03
2.131000000000000000e+03
1.282000000000000000e+03
1.743000000000000000e+03
1.574000000000000000e+03
1.467000000000000000e+03
1.194000000000000000e+03
1.740000000000000000e+03
1.062000000000000000e+03
7.770000000000000000e+02
2.077000000000000000e+03
9.900000000000000000e+02
8.640000000000000000e+02
1.397000000000000000e+03
8.840000000000000000e+02
6.530000000000000000e+02
1.365000000000000000e+03
1.156000000000000000e+03
6.540000000000000000e+02
9.890000000000000000e+02
6.050000000000000000e+02
9.690000000000000000e+02
5.640000000000000000e+02
1.307000000000000000e+03
7.060000000000000000e+02
4.130000000000000000e+02
8.510000000000000000e+02
7.430000000000000000e+02
5.520000000000000000e+02
5.040000000000000000e+02
3.660000000000000000e+02
2.006000000000000000e+03
2.930000000000000000e+02
4.560000000000000000e+02
4.490000000000000000e+02
4.920000000000000000e+02
5.280000000000000000e+02
7.420000000000000000e+02
3.640000000000000000e+02
4.770000000000000000e+02
4.990000000000000000e+02
3.400000000000000000e+02
9.190000000000000000e+02
4.150000000000000000e+02
8.410000000000000000e+02
4.060000000000000000e+02
3.880000000000000000e+02
3.340000000000000000e+02
6.320000000000000000e+02
3.050000000000000000e+02
4.010000000000000000e+02
3.640000000000000000e+02
8.620000000000000000e+02
4.110000000000000000e+02
3.890000000000000000e+02
6.480000000000000000e+02
3.400000000000000000e+02
4.430000000000000000e+02
4.520000000000000000e+02
5.240000000000000000e+02
4.150000000000000000e+02
3.700000000000000000e+02
7.490000000000000000e+02
4.090000000000000000e+02
5.850000000000000000e+02
4.340000000000000000e+02
5.080000000000000000e+02
4.350000000000000000e+02
4.140000000000000000e+02
4.640000000000000000e+02
4.260000000000000000e+02
4.350000000000000000e+02
4.330000000000000000e+02
3.610000000000000000e+02
1.012000000000000000e+03
4.420000000000000000e+02
4.490000000000000000e+02
5.540000000000000000e+02
4.460000000000000000e+02
5.440000000000000000e+02
5.670000000000000000e+02
5.810000000000000000e+02
5.560000000000000000e+02
5.300000000000000000e+02
5.260000000000000000e+02
6.450000000000000000e+02
7.600000000000000000e+02
5.800000000000000000e+02
8.490000000000000000e+02
8.290000000000000000e+02
7.260000000000000000e+02
6.190000000000000000e+02
8.670000000000000000e+02
7.980000000000000000e+02
6.080000000000000000e+02
8.990000000000000000e+02
8.040000000000000000e+02
9.040000000000000000e+02
7.630000000000000000e+02
1.083000000000000000e+03
7.000000000000000000e+02
8.460000000000000000e+02
7.450000000000000000e+02
5.800000000000000000e+02
7.860000000000000000e+02
9.920000000000000000e+02
9.170000000000000000e+02
9.770000000000000000e+02
6.670000000000000000e+02
3.350000000000000000e+02
4.170000000000000000e+02
2.510000000000000000e+02
2.810000000000000000e+02
2.800000000000000000e+02
2.300000000000000000e+02
2.090000000000000000e+02
3.960000000000000000e+02
2.140000000000000000e+02
1.910000000000000000e+02
2.060000000000000000e+02
2.040000000000000000e+02
1.460000000000000000e+02
1.430000000000000000e+02
1.920000000000000000e+02
1.210000000000000000e+02
1.730000000000000000e+02
1.610000000000000000e+02
1.530000000000000000e+02
3.020000000000000000e+02
1.320000000000000000e+02
1.380000000000000000e+02
1.800000000000000000e+02
1.100000000000000000e+02
1.260000000000000000e+02
1.450000000000000000e+02
1.040000000000000000e+02
1.340000000000000000e+02
1.770000000000000000e+02
1.110000000000000000e+02
1.050000000000000000e+02
1.300000000000000000e+02
1.440000000000000000e+02
1.310000000000000000e+02
1.050000000000000000e+02
1.370000000000000000e+02
8.200000000000000000e+01
9.600000000000000000e+01
1.100000000000000000e+02
1.010000000000000000e+02
1.130000000000000000e+02
1.490000000000000000e+02
9.300000000000000000e+01
9.900000000000000000e+01
1.090000000000000000e+02
1.120000000000000000e+02
1.070000000000000000e+02
1.040000000000000000e+02
1.280000000000000000e+02
1.100000000000000000e+02
2.370000000000000000e+02
1.090000000000000000e+02
1.040000000000000000e+02
9.700000000000000000e+01
1.130000000000000000e+02
1.150000000000000000e+02
1.240000000000000000e+02
9.400000000000000000e+01
1.130000000000000000e+02
1.180000000000000000e+02
1.510000000000000000e+02
1.440000000000000000e+02
1.420000000000000000e+02
1.150000000000000000e+02
1.560000000000000000e+02
1.440000000000000000e+02
1.370000000000000000e+02
1.530000000000000000e+02
1.370000000000000000e+02
1.400000000000000000e+02
1.430000000000000000e+02
1.720000000000000000e+02
1.610000000000000000e+02
1.590000000000000000e+02
1.640000000000000000e+02
2.160000000000000000e+02
2.050000000000000000e+02
2.150000000000000000e+02
2.420000000000000000e+02
2.090000000000000000e+02
2.680000000000000000e+02
2.720000000000000000e+02
3.220000000000000000e+02
3.280000000000000000e+02
3.290000000000000000e+02
4.550000000000000000e+02
5.480000000000000000e+02
6.650000000000000000e+02
6.880000000000000000e+02
1.840000000000000000e+02
3.770000000000000000e+02
3.330000000000000000e+02
1.475000000000000000e+03
0.000000000000000000e+00
3.000000000000000000e+00
1.800000000000000000e+01
3.500000000000000000e+01
9.400000000000000000e+01
1.450000000000000000e+02
2.920000000000000000e+02
4.610000000000000000e+02
9.770000000000000000e+02
1.497000000000000000e+03
1.584000000000000000e+03
1.460000000000000000e+03
1.319000000000000000e+03
1.276000000000000000e+03
1.147000000000000000e+03
1.201000000000000000e+03
1.142000000000000000e+03
1.221000000000000000e+03
1.145000000000000000e+03
1.136000000000000000e+03
1.031000000000000000e+03
1.236000000000000000e+03
1.077000000000000000e+03
1.153000000000000000e+03
1.000000000000000000e+03
1.062000000000000000e+03
1.016000000000000000e+03
9.010000000000000000e+02
9.650000000000000000e+02
9.490000000000000000e+02
9.310000000000000000e+02
9.420000000000000000e+02
8.870000000000000000e+02
8.940000000000000000e+02
8.080000000000000000e+02
8.480000000000000000e+02
8.270000000000000000e+02
8.530000000000000000e+02
8.600000000000000000e+02
8.150000000000000000e+02
8.210000000000000000e+02
8.920000000000000000e+02
8.160000000000000000e+02
8.190000000000000000e+02
8.790000000000000000e+02
9.400000000000000000e+02
9.200000000000000000e+02
9.310000000000000000e+02
1.009000000000000000e+03
9.360000000000000000e+02
1.040000000000000000e+03
1.079000000000000000e+03
1.057000000000000000e+03
1.254000000000000000e+03
1.229000000000000000e+03
1.196000000000000000e+03
1.168000000000000000e+03
1.057000000000000000e+03
1.109000000000000000e+03
1.085000000000000000e+03
1.009000000000000000e+03
1.053000000000000000e+03
9.660000000000000000e+02
1.063000000000000000e+03
1.053000000000000000e+03
1.043000000000000000e+03
1.094000000000000000e+03
1.085000000000000000e+03
1.105000000000000000e+03
1.034000000000000000e+03
1.092000000000000000e+03
1.057000000000000000e+03
1.102000000000000000e+03
1.061000000000000000e+03
1.111000000000000000e+03
1.143000000000000000e+03
1.233000000000000000e+03
1.270000000000000000e+03
1.226000000000000000e+03
1.331000000000000000e+03
1.364000000000000000e+03
1.484000000000000000e+03
1.489000000000000000e+03
1.457000000000000000e+03
1.457000000000000000e+03
1.423000000000000000e+03
1.450000000000000000e+03
1.573000000000000000e+03
1.512000000000000000e+03
1.545000000000000000e+03
1.619000000000000000e+03
1.649000000000000000e+03
1.634000000000000000e+03
1.646000000000000000e+03
1.736000000000000000e+03
1.705000000000000000e+03
1.669000000000000000e+03
1.696000000000000000e+03
1.583000000000000000e+03
1.538000000000000000e+03
1.446000000000000000e+03
1.371000000000000000e+03
1.385000000000000000e+03
1.222000000000000000e+03
1.167000000000000000e+03
1.177000000000000000e+03
1.101000000000000000e+03
1.059000000000000000e+03
1.077000000000000000e+03
1.053000000000000000e+03
9.680000000000000000e+02
9.020000000000000000e+02
8.490000000000000000e+02
8.430000000000000000e+02
7.990000000000000000e+02
7.460000000000000000e+02
6.970000000000000000e+02
7.100000000000000000e+02
5.820000000000000000e+02
5.410000000000000000e+02
5.520000000000000000e+02
6.100000000000000000e+02
6.140000000000000000e+02
5.560000000000000000e+02
5.050000000000000000e+02
5.660000000000000000e+02
5.370000000000000000e+02
5.320000000000000000e+02
5.110000000000000000e+02
5.050000000000000000e+02
4.770000000000000000e+02
5.140000000000000000e+02
4.500000000000000000e+02
5.130000000000000000e+02
4.570000000000000000e+02
4.600000000000000000e+02
4.530000000000000000e+02
4.710000000000000000e+02
4.730000000000000000e+02
4.770000000000000000e+02
4.260000000000000000e+02
4.120000000000000000e+02
4.200000000000000000e+02
4.560000000000000000e+02
4.180000000000000000e+02
3.860000000000000000e+02
3.980000000000000000e+02
3.660000000000000000e+02
4.050000000000000000e+02
4.330000000000000000e+02
4.340000000000000000e+02
4.440000000000000000e+02
4.520000000000000000e+02
4.680000000000000000e+02
4.710000000000000000e+02
4.900000000000000000e+02
4.700000000000000000e+02
4.860000000000000000e+02
4.830000000000000000e+02
5.390000000000000000e+02
5.430000000000000000e+02
5.470000000000000000e+02
6.300000000000000000e+02
6.340000000000000000e+02
6.400000000000000000e+02
7.330000000000000000e+02
7.960000000000000000e+02
8.100000000000000000e+02
8.650000000000000000e+02
9.050000000000000000e+02
8.640000000000000000e+02
8.680000000000000000e+02
9.060000000000000000e+02
8.530000000000000000e+02
8.570000000000000000e+02
9.250000000000000000e+02
8.740000000000000000e+02
9.680000000000000000e+02
9.070000000000000000e+02
7.960000000000000000e+02
9.390000000000000000e+02
8.990000000000000000e+02
9.010000000000000000e+02
7.120000000000000000e+02
7.920000000000000000e+02
8.970000000000000000e+02
8.020000000000000000e+02
1.055000000000000000e+03
8.940000000000000000e+02
8.130000000000000000e+02
1.127000000000000000e+03
1.264000000000000000e+03
1.583000000000000000e+03
1.523000000000000000e+03
1.659000000000000000e+03
1.637000000000000000e+03
2.017000000000000000e+03
2.158000000000000000e+03
2.568000000000000000e+03
2.933000000000000000e+03
4.019000000000000000e+03
1.208000000000000000e+03
6.180000000000000000e+02
6.030000000000000000e+02
5.590000000000000000e+02
6.230000000000000000e+02
6.180000000000000000e+02
6.660000000000000000e+02
6.610000000000000000e+02
6.790000000000000000e+02
7.300000000000000000e+02
8.090000000000000000e+02
8.040000000000000000e+02
8.870000000000000000e+02
9.070000000000000000e+02
7.940000000000000000e+02
7.430000000000000000e+02
7.320000000000000000e+02
7.890000000000000000e+02
7.370000000000000000e+02
8.020000000000000000e+02
8.740000000000000000e+02
9.320000000000000000e+02
1.023000000000000000e+03
1.115000000000000000e+03
1.244000000000000000e+03
1.412000000000000000e+03
1.806000000000000000e+03
2.310000000000000000e+03
3.233000000000000000e+03
2.839000000000000000e+03
3.229000000000000000e+03
2.631000000000000000e+03
1.575000000000000000e+03
8.060000000000000000e+02
4.950000000000000000e+02
4.630000000000000000e+02
4.280000000000000000e+02
3.410000000000000000e+02
2.570000000000000000e+02
2.340000000000000000e+02
2.070000000000000000e+02
1.630000000000000000e+02
1.820000000000000000e+02
1.890000000000000000e+02
1.560000000000000000e+02
1.670000000000000000e+02
1.590000000000000000e+02
1.540000000000000000e+02
1.640000000000000000e+02
1.800000000000000000e+02
1.650000000000000000e+02
2.040000000000000000e+02
1.710000000000000000e+02
2.100000000000000000e+02
6.100000000000000000e+02
