1.327000000000000000e+03
1.605000000000000000e+03
1.164000000000000000e+03
1.206000000000000000e+03
1.142000000000000000e+03
1.102000000000000000e+03
1.094000000000000000e+03
1.048000000000000000e+03
1.064000000000000000e+03
1.035000000000000000e+03
9.930000000000000000e+02
1.055000000000000000e+03
9.660000000000000000e+02
9.660000000000000000e+02
9.380000000000000000e+02
9.660000000000000000e+02
8.990000000000000000e+02
8.640000000000000000e+02
8.980000000000000000e+02
8.830000000000000000e+02
8.790000000000000000e+02
8.530000000000000000e+02
8.560000000000000000e+02
8.900000000000000000e+02
8.550000000000000000e+02
8.780000000000000000e+02
8.290000000000000000e+02
8.240000000000000000e+02
8.530000000000000000e+02
8.350000000000000000e+02
8.540000000000000000e+02
8.200000000000000000e+02
8.470000000000000000e+02
8.220000000000000000e+02
8.560000000000000000e+02
8.870000000000000000e+02
9.030000000000000000e+02
9.160000000000000000e+02
8.630000000000000000e+02
8.840000000000000000e+02
9.050000000000000000e+02
9.350000000000000000e+02
9.120000000000000000e+02
9.620000000000000000e+02
9.620000000000000000e+02
9.740000000000000000e+02
1.055000000000000000e+03
9.880000000000000000e+02
1.042000000000000000e+03
1.105000000000000000e+03
1.087000000000000000e+03
1.141000000000000000e+03
1.127000000000000000e+03
1.104000000000000000e+03
1.124000000000000000e+03
1.212000000000000000e+03
1.117000000000000000e+03
1.203000000000000000e+03
1.195000000000000000e+03
1.169000000000000000e+03
1.264000000000000000e+03
1.273000000000000000e+03
1.260000000000000000e+03
1.223000000000000000e+03
1.242000000000000000e+03
1.234000000000000000e+03
1.233000000000000000e+03
1.303000000000000000e+03
1.370000000000000000e+03
1.271000000000000000e+03
1.347000000000000000e+03
1.255000000000000000e+03
1.180000000000000000e+03
1.200000000000000000e+03
1.213000000000000000e+03
1.169000000000000000e+03
1.184000000000000000e+03
1.208000000000000000e+03
1.179000000000000000e+03
1.070000000000000000e+03
1.178000000000000000e+03
1.095000000000000000e+03
1.066000000000000000e+03
1.042000000000000000e+03
1.049000000000000000e+03
9.680000000000000000e+02
1.010000000000000000e+03
1.020000000000000000e+03
9.820000000000000000e+02
9.570000000000000000e+02
1.034000000000000000e+03
9.830000000000000000e+02
9.250000000000000000e+02
9.360000000000000000e+02
9.840000000000000000e+02
9.200000000000000000e+02
9.820000000000000000e+02
9.590000000000000000e+02
1.005000000000000000e+03
9.430000000000000000e+02
9.510000000000000000e+02
9.560000000000000000e+02
9.660000000000000000e+02
1.005000000000000000e+03
9.940000000000000000e+02
9.890000000000000000e+02
1.012000000000000000e+03
1.003000000000000000e+03
1.010000000000000000e+03
1.052000000000000000e+03
1.030000000000000000e+03
1.028000000000000000e+03
1.085000000000000000e+03
1.012000000000000000e+03
1.049000000000000000e+03
1.033000000000000000e+03
1.069000000000000000e+03
1.126000000000000000e+03
1.070000000000000000e+03
1.108000000000000000e+03
1.045000000000000000e+03
1.120000000000000000e+03
1.142000000000000000e+03
1.098000000000000000e+03
1.142000000000000000e+03
1.102000000000000000e+03
1.159000000000000000e+03
1.169000000000000000e+03
1.132000000000000000e+03
1.099000000000000000e+03
1.146000000000000000e+03
1.127000000000000000e+03
1.111000000000000000e+03
1.153000000000000000e+03
1.089000000000000000e+03
1.102000000000000000e+03
1.118000000000000000e+03
1.108000000000000000e+03
1.084000000000000000e+03
1.064000000000000000e+03
1.013000000000000000e+03
1.039000000000000000e+03
1.092000000000000000e+03
1.035000000000000000e+03
1.052000000000000000e+03
1.007000000000000000e+03
1.091000000000000000e+03
1.097000000000000000e+03
1.125000000000000000e+03
1.111000000000000000e+03
1.132000000000000000e+03
1.200000000000000000e+03
1.301000000000000000e+03
1.389000000000000000e+03
1.331000000000000000e+03
1.438000000000000000e+03
1.443000000000000000e+03
1.468000000000000000e+03
1.410000000000000000e+03
1.406000000000000000e+03
1.373000000000000000e+03
1.468000000000000000e+03
1.336000000000000000e+03
1.422000000000000000e+03
1.466000000000000000e+03
1.492000000000000000e+03
1.450000000000000000e+03
1.431000000000000000e+03
1.399000000000000000e+03
1.299000000000000000e+03
1.418000000000000000e+03
1.402000000000000000e+03
1.470000000000000000e+03
1.450000000000000000e+03
1.428000000000000000e+03
1.550000000000000000e+03
1.837000000000000000e+03
1.475000000000000000e+03
1.450000000000000000e+03
1.414000000000000000e+03
1.459000000000000000e+03
1.310000000000000000e+03
1.197000000000000000e+03
1.168000000000000000e+03
1.075000000000000000e+03
1.092000000000000000e+03
1.112000000000000000e+03
1.103000000000000000e+03
1.078000000000000000e+03
1.020000000000000000e+03
1.075000000000000000e+03
1.067000000000000000e+03
1.018000000000000000e+03
9.410000000000000000e+02
8.580000000000000000e+02
7.620000000000000000e+02
7.580000000000000000e+02
7.370000000000000000e+02
7.080000000000000000e+02
6.010000000000000000e+02
6.280000000000000000e+02
6.380000000000000000e+02
5.980000000000000000e+02
6.730000000000000000e+02
5.580000000000000000e+02
5.140000000000000000e+02
5.360000000000000000e+02
5.050000000000000000e+02
5.050000000000000000e+02
5.200000000000000000e+02
5.060000000000000000e+02
4.600000000000000000e+02
4.430000000000000000e+02
3.940000000000000000e+02
4.060000000000000000e+02
3.940000000000000000e+02
3.990000000000000000e+02
4.130000000000000000e+02
3.590000000000000000e+02
3.460000000000000000e+02
3.210000000000000000e+02
3.070000000000000000e+02
3.130000000000000000e+02
3.020000000000000000e+02
2.860000000000000000e+02
2.650000000000000000e+02
2.550000000000000000e+02
2.370000000000000000e+02
2.350000000000000000e+02
2.230000000000000000e+02
2.320000000000000000e+02
2.360000000000000000e+02
2.270000000000000000e+02
1.920000000000000000e+02
1.820000000000000000e+02
1.780000000000000000e+02
1.760000000000000000e+02
1.570000000000000000e+02
1.310000000000000000e+02
1.140000000000000000e+02
1.450000000000000000e+02
1.170000000000000000e+02
1.250000000000000000e+02
1.150000000000000000e+02
1.130000000000000000e+02
1.230000000000000000e+02
1.280000000000000000e+02
1.490000000000000000e+02
1.550000000000000000e+02
1.760000000000000000e+02
2.020000000000000000e+02
2.080000000000000000e+02
3.000000000000000000e+02
4.370000000000000000e+02
5.370000000000000000e+02
1.945000000000000000e+03
2.415000000000000000e+03
1.931000000000000000e+03
1.766000000000000000e+03
1.616000000000000000e+03
1.504000000000000000e+03
1.341000000000000000e+03
1.272000000000000000e+03
1.305000000000000000e+03
1.261000000000000000e+03
1.165000000000000000e+03
1.219000000000000000e+03
1.165000000000000000e+03
1.118000000000000000e+03
1.105000000000000000e+03
1.075000000000000000e+03
1.189000000000000000e+03
1.131000000000000000e+03
1.163000000000000000e+03
1.169000000000000000e+03
1.082000000000000000e+03
1.119000000000000000e+03
1.015000000000000000e+03
1.093000000000000000e+03
1.075000000000000000e+03
1.081000000000000000e+03
9.950000000000000000e+02
1.106000000000000000e+03
1.146000000000000000e+03
1.157000000000000000e+03
1.198000000000000000e+03
1.163000000000000000e+03
1.095000000000000000e+03
1.240000000000000000e+03
1.231000000000000000e+03
1.139000000000000000e+03
1.250000000000000000e+03
1.155000000000000000e+03
1.277000000000000000e+03
1.324000000000000000e+03
1.350000000000000000e+03
1.262000000000000000e+03
1.321000000000000000e+03
1.224000000000000000e+03
1.306000000000000000e+03
1.304000000000000000e+03
1.339000000000000000e+03
1.386000000000000000e+03
1.425000000000000000e+03
1.410000000000000000e+03
1.400000000000000000e+03
1.476000000000000000e+03
1.372000000000000000e+03
1.430000000000000000e+03
1.423000000000000000e+03
1.494000000000000000e+03
1.417000000000000000e+03
1.425000000000000000e+03
1.350000000000000000e+03
1.369000000000000000e+03
1.367000000000000000e+03
1.330000000000000000e+03
1.283000000000000000e+03
1.267000000000000000e+03
1.228000000000000000e+03
1.224000000000000000e+03
1.132000000000000000e+03
1.141000000000000000e+03
1.186000000000000000e+03
1.120000000000000000e+03
1.114000000000000000e+03
1.065000000000000000e+03
1.091000000000000000e+03
1.084000000000000000e+03
1.116000000000000000e+03
9.800000000000000000e+02
1.002000000000000000e+03
1.035000000000000000e+03
1.031000000000000000e+03
1.081000000000000000e+03
1.059000000000000000e+03
1.077000000000000000e+03
1.083000000000000000e+03
1.060000000000000000e+03
1.064000000000000000e+03
1.067000000000000000e+03
1.070000000000000000e+03
1.077000000000000000e+03
1.069000000000000000e+03
1.160000000000000000e+03
1.086000000000000000e+03
1.085000000000000000e+03
1.101000000000000000e+03
1.159000000000000000e+03
1.143000000000000000e+03
1.139000000000000000e+03
1.111000000000000000e+03
1.131000000000000000e+03
1.121000000000000000e+03
1.137000000000000000e+03
1.156000000000000000e+03
1.140000000000000000e+03
1.155000000000000000e+03
1.128000000000000000e+03
1.130000000000000000e+03
1.169000000000000000e+03
1.118000000000000000e+03
1.080000000000000000e+03
1.206000000000000000e+03
1.227000000000000000e+03
1.216000000000000000e+03
1.192000000000000000e+03
1.147000000000000000e+03
1.185000000000000000e+03
1.160000000000000000e+03
1.130000000000000000e+03
1.114000000000000000e+03
1.144000000000000000e+03
1.189000000000000000e+03
1.095000000000000000e+03
1.106000000000000000e+03
1.056000000000000000e+03
1.098000000000000000e+03
1.026000000000000000e+03
1.015000000000000000e+03
9.840000000000000000e+02
1.053000000000000000e+03
9.760000000000000000e+02
1.029000000000000000e+03
9.510000000000000000e+02
9.700000000000000000e+02
9.290000000000000000e+02
9.680000000000000000e+02
1.026000000000000000e+03
9.280000000000000000e+02
9.870000000000000000e+02
9.510000000000000000e+02
9.820000000000000000e+02
1.023000000000000000e+03
9.550000000000000000e+02
1.004000000000000000e+03
1.012000000000000000e+03
1.064000000000000000e+03
1.158000000000000000e+03
1.230000000000000000e+03
1.244000000000000000e+03
1.374000000000000000e+03
1.342000000000000000e+03
1.364000000000000000e+03
1.319000000000000000e+03
1.379000000000000000e+03
1.352000000000000000e+03
1.283000000000000000e+03
1.332000000000000000e+03
1.329000000000000000e+03
1.308000000000000000e+03
1.301000000000000000e+03
1.282000000000000000e+03
1.262000000000000000e+03
1.158000000000000000e+03
1.144000000000000000e+03
1.151000000000000000e+03
1.136000000000000000e+03
1.119000000000000000e+03
1.217000000000000000e+03
1.177000000000000000e+03
1.309000000000000000e+03
1.363000000000000000e+03
1.518000000000000000e+03
1.259000000000000000e+03
1.324000000000000000e+03
1.067000000000000000e+03
9.940000000000000000e+02
9.850000000000000000e+02
8.670000000000000000e+02
8.870000000000000000e+02
9.430000000000000000e+02
9.240000000000000000e+02
9.470000000000000000e+02
8.420000000000000000e+02
8.200000000000000000e+02
7.660000000000000000e+02
7.900000000000000000e+02
6.990000000000000000e+02
7.280000000000000000e+02
7.620000000000000000e+02
6.760000000000000000e+02
6.580000000000000000e+02
6.850000000000000000e+02
6.450000000000000000e+02
6.500000000000000000e+02
6.550000000000000000e+02
6.800000000000000000e+02
6.220000000000000000e+02
6.260000000000000000e+02
5.880000000000000000e+02
5.720000000000000000e+02
5.800000000000000000e+02
5.710000000000000000e+02
5.360000000000000000e+02
5.380000000000000000e+02
5.860000000000000000e+02
5.170000000000000000e+02
4.820000000000000000e+02
4.670000000000000000e+02
4.040000000000000000e+02
3.970000000000000000e+02
3.600000000000000000e+02
3.470000000000000000e+02
3.530000000000000000e+02
3.440000000000000000e+02
2.830000000000000000e+02
2.890000000000000000e+02
2.780000000000000000e+02
2.480000000000000000e+02
2.530000000000000000e+02
2.760000000000000000e+02
2.160000000000000000e+02
2.220000000000000000e+02
2.220000000000000000e+02
2.220000000000000000e+02
2.130000000000000000e+02
2.280000000000000000e+02
2.490000000000000000e+02
2.220000000000000000e+02
1.950000000000000000e+02
1.770000000000000000e+02
1.910000000000000000e+02
2.000000000000000000e+02
1.770000000000000000e+02
1.650000000000000000e+02
1.920000000000000000e+02
1.860000000000000000e+02
1.600000000000000000e+02
1.680000000000000000e+02
1.730000000000000000e+02
2.120000000000000000e+02
1.780000000000000000e+02
1.370000000000000000e+02
1.350000000000000000e+02
1.150000000000000000e+02
1.090000000000000000e+02
1.170000000000000000e+02
1.050000000000000000e+02
1.060000000000000000e+02
9.200000000000000000e+01
1.330000000000000000e+02
1.450000000000000000e+02
1.510000000000000000e+02
1.440000000000000000e+02
1.980000000000000000e+02
2.750000000000000000e+02
3.120000000000000000e+02
3.850000000000000000e+02
4.900000000000000000e+02
5.780000000000000000e+02
8.000000000000000000e+02
5.404000000000000000e+03
2.146000000000000000e+03
2.129000000000000000e+03
1.907000000000000000e+03
1.992000000000000000e+03
1.803000000000000000e+03
1.711000000000000000e+03
1.701000000000000000e+03
1.618000000000000000e+03
1.632000000000000000e+03
1.571000000000000000e+03
1.511000000000000000e+03
1.530000000000000000e+03
1.575000000000000000e+03
1.510000000000000000e+03
1.462000000000000000e+03
1.489000000000000000e+03
1.432000000000000000e+03
1.473000000000000000e+03
1.486000000000000000e+03
1.537000000000000000e+03
1.507000000000000000e+03
1.416000000000000000e+03
1.514000000000000000e+03
1.570000000000000000e+03
1.503000000000000000e+03
1.550000000000000000e+03
1.546000000000000000e+03
1.590000000000000000e+03
1.569000000000000000e+03
1.538000000000000000e+03
1.573000000000000000e+03
1.544000000000000000e+03
1.522000000000000000e+03
1.544000000000000000e+03
1.552000000000000000e+03
1.527000000000000000e+03
1.568000000000000000e+03
1.586000000000000000e+03
1.607000000000000000e+03
1.540000000000000000e+03
1.595000000000000000e+03
1.567000000000000000e+03
1.483000000000000000e+03
1.496000000000000000e+03
1.508000000000000000e+03
1.421000000000000000e+03
1.374000000000000000e+03
1.376000000000000000e+03
1.365000000000000000e+03
1.267000000000000000e+03
1.362000000000000000e+03
1.226000000000000000e+03
1.256000000000000000e+03
1.117000000000000000e+03
1.130000000000000000e+03
1.104000000000000000e+03
1.108000000000000000e+03
1.078000000000000000e+03
1.025000000000000000e+03
1.002000000000000000e+03
1.006000000000000000e+03
1.070000000000000000e+03
1.022000000000000000e+03
1.039000000000000000e+03
1.036000000000000000e+03
1.025000000000000000e+03
1.049000000000000000e+03
1.094000000000000000e+03
1.108000000000000000e+03
1.009000000000000000e+03
1.075000000000000000e+03
1.055000000000000000e+03
1.099000000000000000e+03
1.138000000000000000e+03
1.109000000000000000e+03
1.098000000000000000e+03
1.065000000000000000e+03
1.135000000000000000e+03
1.151000000000000000e+03
1.104000000000000000e+03
1.126000000000000000e+03
1.114000000000000000e+03
1.124000000000000000e+03
1.065000000000000000e+03
1.137000000000000000e+03
1.190000000000000000e+03
1.080000000000000000e+03
1.025000000000000000e+03
1.079000000000000000e+03
1.071000000000000000e+03
1.058000000000000000e+03
1.182000000000000000e+03
1.112000000000000000e+03
1.106000000000000000e+03
1.030000000000000000e+03
1.067000000000000000e+03
1.069000000000000000e+03
1.063000000000000000e+03
1.108000000000000000e+03
1.085000000000000000e+03
1.123000000000000000e+03
1.048000000000000000e+03
1.119000000000000000e+03
1.116000000000000000e+03
1.045000000000000000e+03
1.069000000000000000e+03
1.022000000000000000e+03
1.002000000000000000e+03
1.026000000000000000e+03
1.008000000000000000e+03
1.026000000000000000e+03
9.440000000000000000e+02
9.380000000000000000e+02
8.570000000000000000e+02
9.630000000000000000e+02
9.230000000000000000e+02
8.700000000000000000e+02
8.810000000000000000e+02
8.840000000000000000e+02
8.290000000000000000e+02
7.970000000000000000e+02
8.300000000000000000e+02
9.040000000000000000e+02
8.320000000000000000e+02
8.340000000000000000e+02
8.840000000000000000e+02
8.270000000000000000e+02
8.280000000000000000e+02
8.720000000000000000e+02
8.470000000000000000e+02
8.580000000000000000e+02
8.680000000000000000e+02
8.880000000000000000e+02
8.900000000000000000e+02
9.660000000000000000e+02
1.063000000000000000e+03
1.058000000000000000e+03
1.052000000000000000e+03
1.129000000000000000e+03
1.136000000000000000e+03
1.107000000000000000e+03
1.099000000000000000e+03
1.160000000000000000e+03
1.096000000000000000e+03
1.160000000000000000e+03
1.067000000000000000e+03
1.090000000000000000e+03
1.115000000000000000e+03
1.123000000000000000e+03
1.066000000000000000e+03
1.051000000000000000e+03
9.310000000000000000e+02
9.740000000000000000e+02
9.830000000000000000e+02
9.510000000000000000e+02
8.550000000000000000e+02
8.720000000000000000e+02
9.330000000000000000e+02
9.030000000000000000e+02
1.153000000000000000e+03
9.290000000000000000e+02
9.540000000000000000e+02
9.630000000000000000e+02
9.770000000000000000e+02
1.027000000000000000e+03
1.001000000000000000e+03
9.680000000000000000e+02
8.610000000000000000e+02
8.640000000000000000e+02
8.490000000000000000e+02
8.350000000000000000e+02
8.150000000000000000e+02
8.480000000000000000e+02
9.090000000000000000e+02
8.220000000000000000e+02
7.380000000000000000e+02
7.360000000000000000e+02
6.260000000000000000e+02
6.310000000000000000e+02
6.110000000000000000e+02
6.330000000000000000e+02
5.400000000000000000e+02
5.690000000000000000e+02
6.110000000000000000e+02
5.890000000000000000e+02
5.280000000000000000e+02
5.670000000000000000e+02
5.540000000000000000e+02
4.920000000000000000e+02
5.550000000000000000e+02
5.060000000000000000e+02
5.480000000000000000e+02
5.510000000000000000e+02
6.040000000000000000e+02
5.830000000000000000e+02
5.690000000000000000e+02
5.580000000000000000e+02
4.730000000000000000e+02
5.130000000000000000e+02
4.610000000000000000e+02
4.230000000000000000e+02
4.730000000000000000e+02
4.730000000000000000e+02
4.570000000000000000e+02
4.780000000000000000e+02
4.900000000000000000e+02
4.240000000000000000e+02
4.030000000000000000e+02
3.420000000000000000e+02
2.760000000000000000e+02
3.060000000000000000e+02
2.920000000000000000e+02
3.020000000000000000e+02
2.690000000000000000e+02
2.650000000000000000e+02
2.610000000000000000e+02
2.520000000000000000e+02
2.290000000000000000e+02
2.350000000000000000e+02
2.160000000000000000e+02
2.170000000000000000e+02
2.180000000000000000e+02
2.090000000000000000e+02
1.970000000000000000e+02
1.960000000000000000e+02
1.780000000000000000e+02
2.070000000000000000e+02
2.410000000000000000e+02
2.010000000000000000e+02
1.810000000000000000e+02
1.900000000000000000e+02
1.860000000000000000e+02
2.200000000000000000e+02
1.820000000000000000e+02
2.030000000000000000e+02
2.130000000000000000e+02
2.030000000000000000e+02
2.330000000000000000e+02
2.110000000000000000e+02
2.590000000000000000e+02
2.800000000000000000e+02
3.010000000000000000e+02
2.970000000000000000e+02
2.830000000000000000e+02
2.500000000000000000e+02
2.630000000000000000e+02
2.650000000000000000e+02
2.890000000000000000e+02
2.380000000000000000e+02
2.460000000000000000e+02
2.540000000000000000e+02
1.470000000000000000e+02
1.430000000000000000e+02
8.000000000000000000e+01
2.170000000000000000e+02
8.380000000000000000e+03
1.800000000000000000e+01
6.210000000000000000e+02
1.664000000000000000e+03
5.600000000000000000e+01
1.161500000000000000e+04
3.935000000000000000e+03
2.920000000000000000e+02
8.661000000000000000e+03
5.637000000000000000e+03
1.158700000000000000e+04
3.057000000000000000e+04
2.547500000000000000e+04
3.786700000000000000e+04
1.477500000000000000e+04
1.494500000000000000e+04
4.391000000000000000e+03
2.845000000000000000e+03
1.076000000000000000e+03
1.677000000000000000e+03
2.748000000000000000e+03
9.780000000000000000e+02
7.760000000000000000e+02
4.320000000000000000e+02
1.311000000000000000e+03
4.700000000000000000e+02
8.630000000000000000e+02
2.430000000000000000e+02
3.170000000000000000e+02
3.010000000000000000e+02
2.614000000000000000e+03
2.150000000000000000e+02
4.160000000000000000e+02
4.200000000000000000e+02
4.980000000000000000e+02
1.004000000000000000e+03
1.145000000000000000e+03
2.500000000000000000e+02
6.140000000000000000e+02
4.460000000000000000e+02
2.510000000000000000e+02
8.700000000000000000e+01
1.140000000000000000e+02
8.000000000000000000e+01
1.600000000000000000e+01
3.700000000000000000e+01
2.100000000000000000e+01
6.000000000000000000e+00
2.200000000000000000e+01
2.000000000000000000e+00
2.110000000000000000e+02
1.400000000000000000e+01
4.000000000000000000e+00
2.000000000000000000e+00
3.000000000000000000e+00
1.800000000000000000e+01
1.000000000000000000e+00
4.000000000000000000e+00
3.000000000000000000e+00
0.000000000000000000e+00
9.100000000000000000e+01
0.000000000000000000e+00
0.000000000000000000e+00
2.000000000000000000e+00
0.000000000000000000e+00
0.000000000000000000e+00
1.900000000000000000e+01
0.000000000000000000e+00
4.000000000000000000e+00
0.000000000000000000e+00
6.000000000000000000e+00
0.000000000000000000e+00
0.000000000000000000e+00
1.000000000000000000e+00
3.000000000000000000e+00
6.590000000000000000e+02
0.000000000000000000e+00
0.000000000000000000e+00
0.000000000000000000e+00
2.000000000000000000e+00
1.800000000000000000e+01
0.000000000000000000e+00
0.000000000000000000e+00
3.400000000000000000e+01
3.000000000000000000e+00
1.000000000000000000e+00
0.000000000000000000e+00
4.000000000000000000e+00
0.000000000000000000e+00
0.000000000000000000e+00
3.900000000000000000e+01
0.000000000000000000e+00
0.000000000000000000e+00
1.000000000000000000e+00
1.000000000000000000e+00
1.100000000000000000e+01
1.220000000000000000e+02
3.000000000000000000e+00
4.700000000000000000e+01
1.100000000000000000e+01
1.500000000000000000e+01
9.600000000000000000e+01
3.900000000000000000e+01
7.580000000000000000e+02
1.660000000000000000e+02
2.080000000000000000e+02
1.179000000000000000e+03
1.070000000000000000e+02
1.960000000000000000e+02
9.040000000000000000e+02
9.990000000000000000e+02
2.112000000000000000e+03
2.330000000000000000e+02
7.380000000000000000e+02
1.056000000000000000e+03
1.559000000000000000e+03
3.070000000000000000e+02
3.000000000000000000e+00
0.000000000000000000e+00
1.000000000000000000e+00
4.131000000000000000e+03
0.000000000000000000e+00
1.700000000000000000e+01
1.000000000000000000e+00
1.147000000000000000e+03
1.496000000000000000e+03
1.493000000000000000e+03
0.000000000000000000e+00
3.200000000000000000e+01
4.000000000000000000e+00
2.510000000000000000e+02
0.000000000000000000e+00
1.982000000000000000e+03
1.710000000000000000e+03
0.000000000000000000e+00
5.700000000000000000e+01
2.000000000000000000e+00
0.000000000000000000e+00
4.300000000000000000e+01
0.000000000000000000e+00
1.793000000000000000e+03
4.040000000000000000e+02
1.200000000000000000e+01
3.000000000000000000e+00
1.000000000000000000e+00
8.540000000000000000e+02
1.250000000000000000e+02
7.000000000000000000e+00
0.000000000000000000e+00
0.000000000000000000e+00
4.600000000000000000e+02
0.000000000000000000e+00
0.000000000000000000e+00
1.100000000000000000e+01
1.000000000000000000e+00
0.000000000000000000e+00
1.146000000000000000e+03
0.000000000000000000e+00
8.000000000000000000e+00
0.000000000000000000e+00
5.990000000000000000e+02
1.000000000000000000e+00
0.000000000000000000e+00
2.190000000000000000e+02
3.200000000000000000e+01
2.383000000000000000e+03
5.000000000000000000e+00
0.000000000000000000e+00
0.000000000000000000e+00
1.330000000000000000e+02
1.530000000000000000e+03
1.000000000000000000e+00
0.000000000000000000e+00
1.246000000000000000e+03
3.400000000000000000e+01
1.500000000000000000e+02
3.000000000000000000e+00
1.621000000000000000e+03
3.500000000000000000e+01
1.500000000000000000e+01
4.584000000000000000e+03
6.000000000000000000e+01
4.990000000000000000e+02
1.025000000000000000e+03
1.103000000000000000e+03
1.267000000000000000e+03
2.522000000000000000e+03
3.181000000000000000e+03
3.290000000000000000e+03
3.199000000000000000e+03
2.743000000000000000e+03
2.412000000000000000e+03
2.579000000000000000e+03
2.045000000000000000e+03
2.134000000000000000e+03
2.191000000000000000e+03
2.116000000000000000e+03
2.543000000000000000e+03
4.480000000000000000e+03
2.954000000000000000e+03
2.770000000000000000e+03
2.118000000000000000e+03
1.594000000000000000e+03
2.260000000000000000e+03
1.417000000000000000e+03
1.259000000000000000e+03
1.935000000000000000e+03
1.804000000000000000e+03
1.874000000000000000e+03
1.921000000000000000e+03
1.714000000000000000e+03
1.699000000000000000e+03
2.017000000000000000e+03
2.022000000000000000e+03
2.115000000000000000e+03
1.981000000000000000e+03
2.290000000000000000e+03
1.674000000000000000e+03
2.071000000000000000e+03
1.890000000000000000e+03
1.813000000000000000e+03
1.672000000000000000e+03
1.782000000000000000e+03
1.992000000000000000e+03
1.800000000000000000e+03
1.832000000000000000e+03
1.928000000000000000e+03
1.908000000000000000e+03
2.145000000000000000e+03
1.897000000000000000e+03
1.837000000000000000e+03
2.418000000000000000e+03
1.874000000000000000e+03
2.033000000000000000e+03
1.835000000000000000e+03
1.870000000000000000e+03
1.797000000000000000e+03
1.650000000000000000e+03
1.764000000000000000e+03
1.492000000000000000e+03
1.473000000000000000e+03
1.439000000000000000e+03
1.332000000000000000e+03
1.236000000000000000e+03
1.729000000000000000e+03
1.151000000000000000e+03
1.109000000000000000e+03
1.280000000000000000e+03
1.229000000000000000e+03
1.052000000000000000e+03
1.347000000000000000e+03
1.222000000000000000e+03
1.095000000000000000e+03
1.399000000000000000e+03
1.127000000000000000e+03
1.196000000000000000e+03
1.247000000000000000e+03
1.240000000000000000e+03
1.319000000000000000e+03
1.084000000000000000e+03
1.234000000000000000e+03
1.278000000000000000e+03
1.112000000000000000e+03
1.301000000000000000e+03
1.096000000000000000e+03
1.794000000000000000e+03
1.119000000000000000e+03
1.058000000000000000e+03
1.095000000000000000e+03
1.154000000000000000e+03
1.194000000000000000e+03
1.157000000000000000e+03
1.115000000000000000e+03
9.760000000000000000e+02
1.214000000000000000e+03
1.092000000000000000e+03
1.213000000000000000e+03
1.095000000000000000e+03
1.244000000000000000e+03
9.990000000000000000e+02
1.145000000000000000e+03
1.100000000000000000e+03
1.294000000000000000e+03
1.132000000000000000e+03
9.800000000000000000e+02
1.010000000000000000e+03
1.257000000000000000e+03
9.460000000000000000e+02
1.099000000000000000e+03
1.223000000000000000e+03
9.600000000000000000e+02
8.990000000000000000e+02
9.370000000000000000e+02
1.092000000000000000e+03
9.320000000000000000e+02
8.770000000000000000e+02
9.280000000000000000e+02
9.680000000000000000e+02
8.400000000000000000e+02
9.200000000000000000e+02
9.750000000000000000e+02
8.110000000000000000e+02
8.860000000000000000e+02
7.630000000000000000e+02
8.720000000000000000e+02
8.260000000000000000e+02
6.820000000000000000e+02
8.630000000000000000e+02
1.743000000000000000e+03
5.810000000000000000e+02
8.250000000000000000e+02
7.340000000000000000e+02
6.670000000000000000e+02
6.100000000000000000e+02
7.690000000000000000e+02
6.650000000000000000e+02
7.070000000000000000e+02
6.540000000000000000e+02
7.060000000000000000e+02
5.970000000000000000e+02
6.590000000000000000e+02
5.280000000000000000e+02
7.040000000000000000e+02
6.620000000000000000e+02
4.460000000000000000e+02
4.640000000000000000e+02
6.570000000000000000e+02
3.930000000000000000e+02
5.220000000000000000e+02
4.930000000000000000e+02
4.060000000000000000e+02
4.240000000000000000e+02
3.670000000000000000e+02
7.190000000000000000e+02
3.430000000000000000e+02
3.710000000000000000e+02
4.870000000000000000e+02
4.030000000000000000e+02
3.510000000000000000e+02
6.290000000000000000e+02
2.900000000000000000e+02
3.380000000000000000e+02
3.990000000000000000e+02
3.000000000000000000e+02
3.730000000000000000e+02
3.180000000000000000e+02
2.630000000000000000e+02
3.210000000000000000e+02
3.090000000000000000e+02
1.150000000000000000e+02
1.138000000000000000e+03
1.070000000000000000e+02
2.690000000000000000e+02
2.790000000000000000e+02
3.090000000000000000e+02
2.610000000000000000e+02
2.080000000000000000e+02
3.730000000000000000e+02
1.030000000000000000e+02
3.700000000000000000e+02
2.360000000000000000e+02
2.410000000000000000e+02
4.800000000000000000e+02
1.540000000000000000e+02
2.250000000000000000e+02
3.110000000000000000e+02
1.890000000000000000e+02
2.300000000000000000e+02
2.350000000000000000e+02
1.260000000000000000e+02
1.590000000000000000e+02
6.760000000000000000e+02
4.900000000000000000e+01
1.680000000000000000e+02
1.610000000000000000e+02
1.870000000000000000e+02
1.720000000000000000e+02
1.500000000000000000e+02
2.270000000000000000e+02
9.100000000000000000e+01
2.820000000000000000e+02
9.400000000000000000e+01
1.390000000000000000e+02
1.050000000000000000e+02
3.290000000000000000e+02
7.500000000000000000e+01
1.650000000000000000e+02
9.900000000000000000e+01
8.900000000000000000e+01
2.000000000000000000e+02
7.600000000000000000e+01
1.410000000000000000e+02
3.300000000000000000e+01
4.320000000000000000e+02
6.700000000000000000e+01
1.060000000000000000e+02
1.580000000000000000e+02
8.200000000000000000e+01
5.100000000000000000e+01
1.750000000000000000e+02
9.700000000000000000e+01
1.070000000000000000e+02
8.200000000000000000e+01
1.590000000000000000e+02
8.300000000000000000e+01
5.000000000000000000e+01
5.500000000000000000e+01
2.110000000000000000e+02
1.030000000000000000e+02
2.400000000000000000e+01
1.470000000000000000e+02
8.400000000000000000e+01
8.800000000000000000e+01
7.400000000000000000e+01
1.250000000000000000e+02
7.200000000000000000e+01
5.000000000000000000e+01
9.400000000000000000e+01
4.600000000000000000e+01
7.200000000000000000e+01
6.400000000000000000e+01
5.600000000000000000e+01
7.000000000000000000e+01
4.300000000000000000e+01
5.200000000000000000e+01
5.100000000000000000e+01
3.800000000000000000e+01
4.500000000000000000e+01
3.000000000000000000e+01
2.800000000000000000e+01
1.700000000000000000e+01
1.000000000000000000e+00
0.000000000000000000e+00
0.000000000000000000e+00
0.000000000000000000e+00
5.834000000000000000e+03
5.860000000000000000e+02
1.262000000000000000e+03
1.124000000000000000e+03
1.098000000000000000e+03
1.162000000000000000e+03
1.131000000000000000e+03
1.135000000000000000e+03
1.142000000000000000e+03
1.099000000000000000e+03
1.025000000000000000e+03
1.000000000000000000e+03
1.011000000000000000e+03
9.440000000000000000e+02
9.240000000000000000e+02
9.310000000000000000e+02
9.560000000000000000e+02
8.300000000000000000e+02
8.600000000000000000e+02
9.180000000000000000e+02
8.860000000000000000e+02
9.110000000000000000e+02
8.810000000000000000e+02
8.940000000000000000e+02
9.170000000000000000e+02
8.960000000000000000e+02
8.480000000000000000e+02
8.410000000000000000e+02
8.170000000000000000e+02
8.370000000000000000e+02
8.350000000000000000e+02
8.170000000000000000e+02
8.310000000000000000e+02
8.660000000000000000e+02
8.580000000000000000e+02
8.340000000000000000e+02
9.200000000000000000e+02
8.730000000000000000e+02
9.090000000000000000e+02
9.040000000000000000e+02
9.110000000000000000e+02
9.280000000000000000e+02
9.190000000000000000e+02
9.180000000000000000e+02
9.620000000000000000e+02
9.490000000000000000e+02
9.740000000000000000e+02
1.034000000000000000e+03
9.780000000000000000e+02
1.018000000000000000e+03
1.111000000000000000e+03
1.065000000000000000e+03
1.136000000000000000e+03
1.147000000000000000e+03
1.130000000000000000e+03
1.123000000000000000e+03
1.187000000000000000e+03
1.131000000000000000e+03
1.204000000000000000e+03
1.176000000000000000e+03
1.198000000000000000e+03
1.254000000000000000e+03
1.284000000000000000e+03
1.284000000000000000e+03
1.243000000000000000e+03
1.277000000000000000e+03
1.246000000000000000e+03
1.282000000000000000e+03
1.325000000000000000e+03
1.395000000000000000e+03
1.281000000000000000e+03
1.363000000000000000e+03
1.248000000000000000e+03
1.203000000000000000e+03
1.221000000000000000e+03
1.219000000000000000e+03
1.196000000000000000e+03
1.190000000000000000e+03
1.203000000000000000e+03
1.181000000000000000e+03
1.094000000000000000e+03
1.186000000000000000e+03
1.114000000000000000e+03
1.083000000000000000e+03
1.075000000000000000e+03
1.034000000000000000e+03
9.850000000000000000e+02
1.022000000000000000e+03
1.027000000000000000e+03
1.008000000000000000e+03
9.590000000000000000e+02
1.038000000000000000e+03
9.970000000000000000e+02
9.340000000000000000e+02
9.590000000000000000e+02
9.820000000000000000e+02
9.340000000000000000e+02
9.950000000000000000e+02
9.730000000000000000e+02
1.021000000000000000e+03
9.620000000000000000e+02
9.680000000000000000e+02
9.760000000000000000e+02
9.830000000000000000e+02
1.012000000000000000e+03
1.013000000000000000e+03
1.008000000000000000e+03
1.010000000000000000e+03
1.012000000000000000e+03
1.017000000000000000e+03
1.054000000000000000e+03
1.045000000000000000e+03
1.036000000000000000e+03
1.096000000000000000e+03
1.004000000000000000e+03
1.034000000000000000e+03
1.023000000000000000e+03
1.063000000000000000e+03
1.124000000000000000e+03
1.073000000000000000e+03
1.123000000000000000e+03
1.036000000000000000e+03
1.123000000000000000e+03
1.133000000000000000e+03
1.105000000000000000e+03
1.138000000000000000e+03
1.095000000000000000e+03
1.159000000000000000e+03
1.153000000000000000e+03
1.120000000000000000e+03
1.092000000000000000e+03
1.124000000000000000e+03
1.128000000000000000e+03
1.110000000000000000e+03
1.158000000000000000e+03
1.093000000000000000e+03
1.093000000000000000e+03
1.119000000000000000e+03
1.097000000000000000e+03
1.079000000000000000e+03
1.076000000000000000e+03
1.023000000000000000e+03
1.035000000000000000e+03
1.091000000000000000e+03
1.062000000000000000e+03
1.043000000000000000e+03
1.023000000000000000e+03
1.066000000000000000e+03
1.091000000000000000e+03
1.115000000000000000e+03
1.087000000000000000e+03
1.130000000000000000e+03
1.192000000000000000e+03
1.298000000000000000e+03
1.374000000000000000e+03
1.331000000000000000e+03
1.426000000000000000e+03
1.438000000000000000e+03
1.460000000000000000e+03
1.408000000000000000e+03
1.398000000000000000e+03
1.400000000000000000e+03
1.471000000000000000e+03
1.326000000000000000e+03
1.416000000000000000e+03
1.468000000000000000e+03
1.462000000000000000e+03
1.454000000000000000e+03
1.391000000000000000e+03
1.359000000000000000e+03
1.300000000000000000e+03
1.384000000000000000e+03
1.392000000000000000e+03
1.460000000000000000e+03
1.415000000000000000e+03
1.440000000000000000e+03
1.518000000000000000e+03
1.785000000000000000e+03
1.441000000000000000e+03
1.392000000000000000e+03
1.350000000000000000e+03
1.435000000000000000e+03
1.254000000000000000e+03
1.134000000000000000e+03
1.113000000000000000e+03
1.021000000000000000e+03
1.051000000000000000e+03
1.082000000000000000e+03
1.074000000000000000e+03
1.022000000000000000e+03
9.290000000000000000e+02
9.880000000000000000e+02
9.420000000000000000e+02
9.080000000000000000e+02
9.060000000000000000e+02
8.940000000000000000e+02
8.240000000000000000e+02
7.500000000000000000e+02
7.500000000000000000e+02
7.090000000000000000e+02
6.670000000000000000e+02
6.070000000000000000e+02
5.770000000000000000e+02
5.910000000000000000e+02
6.310000000000000000e+02
5.770000000000000000e+02
5.750000000000000000e+02
6.340000000000000000e+02
5.670000000000000000e+02
5.620000000000000000e+02
4.930000000000000000e+02
4.860000000000000000e+02
4.660000000000000000e+02
4.620000000000000000e+02
4.490000000000000000e+02
4.170000000000000000e+02
4.190000000000000000e+02
4.190000000000000000e+02
4.050000000000000000e+02
3.610000000000000000e+02
3.860000000000000000e+02
3.310000000000000000e+02
3.340000000000000000e+02
3.320000000000000000e+02
3.080000000000000000e+02
3.050000000000000000e+02
2.950000000000000000e+02
2.500000000000000000e+02
2.860000000000000000e+02
3.180000000000000000e+02
2.690000000000000000e+02
2.170000000000000000e+02
2.470000000000000000e+02
2.330000000000000000e+02
2.180000000000000000e+02
2.290000000000000000e+02
2.210000000000000000e+02
2.240000000000000000e+02
2.010000000000000000e+02
2.030000000000000000e+02
1.870000000000000000e+02
2.220000000000000000e+02
2.030000000000000000e+02
2.170000000000000000e+02
2.020000000000000000e+02
1.580000000000000000e+02
1.570000000000000000e+02
1.610000000000000000e+02
1.730000000000000000e+02
1.580000000000000000e+02
1.750000000000000000e+02
2.010000000000000000e+02
1.840000000000000000e+02
2.620000000000000000e+02
3.590000000000000000e+02
5.570000000000000000e+02
2.257000000000000000e+03
