9.240000000000000000e+02
4.330000000000000000e+02
6.010000000000000000e+02
7.410000000000000000e+02
5.780000000000000000e+02
5.460000000000000000e+02
5.540000000000000000e+02
5.420000000000000000e+02
5.300000000000000000e+02
5.290000000000000000e+02
5.350000000000000000e+02
5.140000000000000000e+02
4.650000000000000000e+02
4.250000000000000000e+02
4.160000000000000000e+02
4.540000000000000000e+02
4.070000000000000000e+02
3.570000000000000000e+02
3.640000000000000000e+02
3.610000000000000000e+02
3.520000000000000000e+02
3.450000000000000000e+02
3.650000000000000000e+02
3.180000000000000000e+02
3.280000000000000000e+02
3.650000000000000000e+02
3.630000000000000000e+02
3.490000000000000000e+02
3.630000000000000000e+02
3.680000000000000000e+02
3.690000000000000000e+02
3.490000000000000000e+02
3.690000000000000000e+02
3.680000000000000000e+02
3.600000000000000000e+02
3.500000000000000000e+02
3.410000000000000000e+02
3.410000000000000000e+02
3.310000000000000000e+02
3.530000000000000000e+02
3.530000000000000000e+02
3.780000000000000000e+02
3.650000000000000000e+02
3.950000000000000000e+02
4.030000000000000000e+02
4.500000000000000000e+02
4.190000000000000000e+02
4.140000000000000000e+02
3.820000000000000000e+02
3.600000000000000000e+02
3.410000000000000000e+02
3.440000000000000000e+02
3.840000000000000000e+02
3.600000000000000000e+02
3.490000000000000000e+02
3.700000000000000000e+02
3.800000000000000000e+02
3.860000000000000000e+02
3.930000000000000000e+02
4.130000000000000000e+02
3.960000000000000000e+02
4.240000000000000000e+02
4.020000000000000000e+02
4.250000000000000000e+02
4.540000000000000000e+02
4.790000000000000000e+02
5.490000000000000000e+02
5.170000000000000000e+02
5.020000000000000000e+02
5.560000000000000000e+02
5.750000000000000000e+02
6.230000000000000000e+02
8.170000000000000000e+02
9.630000000000000000e+02
1.110000000000000000e+03
1.254000000000000000e+03
1.403000000000000000e+03
1.429000000000000000e+03
1.336000000000000000e+03
1.430000000000000000e+03
1.486000000000000000e+03
1.647000000000000000e+03
1.769000000000000000e+03
1.973000000000000000e+03
2.009000000000000000e+03
2.105000000000000000e+03
2.156000000000000000e+03
2.312000000000000000e+03
2.331000000000000000e+03
2.528000000000000000e+03
2.589000000000000000e+03
2.667000000000000000e+03
2.639000000000000000e+03
2.682000000000000000e+03
2.670000000000000000e+03
2.690000000000000000e+03
2.520000000000000000e+03
2.257000000000000000e+03
1.856000000000000000e+03
1.491000000000000000e+03
1.103000000000000000e+03
8.100000000000000000e+02
6.420000000000000000e+02
5.710000000000000000e+02
5.690000000000000000e+02
4.980000000000000000e+02
5.420000000000000000e+02
4.930000000000000000e+02
4.820000000000000000e+02
4.780000000000000000e+02
4.790000000000000000e+02
5.140000000000000000e+02
5.120000000000000000e+02
5.860000000000000000e+02
6.250000000000000000e+02
6.160000000000000000e+02
6.310000000000000000e+02
6.500000000000000000e+02
6.200000000000000000e+02
6.550000000000000000e+02
7.150000000000000000e+02
7.170000000000000000e+02
7.020000000000000000e+02
6.210000000000000000e+02
6.140000000000000000e+02
5.840000000000000000e+02
5.590000000000000000e+02
5.020000000000000000e+02
5.210000000000000000e+02
5.180000000000000000e+02
4.770000000000000000e+02
4.790000000000000000e+02
4.900000000000000000e+02
4.540000000000000000e+02
4.730000000000000000e+02
4.460000000000000000e+02
4.310000000000000000e+02
4.750000000000000000e+02
4.210000000000000000e+02
4.170000000000000000e+02
3.720000000000000000e+02
3.650000000000000000e+02
3.760000000000000000e+02
3.360000000000000000e+02
3.270000000000000000e+02
3.530000000000000000e+02
3.450000000000000000e+02
3.400000000000000000e+02
3.590000000000000000e+02
3.690000000000000000e+02
3.760000000000000000e+02
4.110000000000000000e+02
3.900000000000000000e+02
3.950000000000000000e+02
4.310000000000000000e+02
5.110000000000000000e+02
4.460000000000000000e+02
5.010000000000000000e+02
5.050000000000000000e+02
5.110000000000000000e+02
5.140000000000000000e+02
5.300000000000000000e+02
5.220000000000000000e+02
5.410000000000000000e+02
5.300000000000000000e+02
5.200000000000000000e+02
4.910000000000000000e+02
5.450000000000000000e+02
5.530000000000000000e+02
5.220000000000000000e+02
5.190000000000000000e+02
5.300000000000000000e+02
5.070000000000000000e+02
5.440000000000000000e+02
4.770000000000000000e+02
5.030000000000000000e+02
4.670000000000000000e+02
4.510000000000000000e+02
4.410000000000000000e+02
4.610000000000000000e+02
4.570000000000000000e+02
4.650000000000000000e+02
4.390000000000000000e+02
4.560000000000000000e+02
5.020000000000000000e+02
4.380000000000000000e+02
5.100000000000000000e+02
4.990000000000000000e+02
5.310000000000000000e+02
5.540000000000000000e+02
5.340000000000000000e+02
5.520000000000000000e+02
6.020000000000000000e+02
6.040000000000000000e+02
5.720000000000000000e+02
5.680000000000000000e+02
6.150000000000000000e+02
5.820000000000000000e+02
6.680000000000000000e+02
6.660000000000000000e+02
6.670000000000000000e+02
7.090000000000000000e+02
7.410000000000000000e+02
7.170000000000000000e+02
7.150000000000000000e+02
7.430000000000000000e+02
8.150000000000000000e+02
8.170000000000000000e+02
8.890000000000000000e+02
8.570000000000000000e+02
9.170000000000000000e+02
8.740000000000000000e+02
9.290000000000000000e+02
8.960000000000000000e+02
9.250000000000000000e+02
9.870000000000000000e+02
9.740000000000000000e+02
9.310000000000000000e+02
1.036000000000000000e+03
1.061000000000000000e+03
1.103000000000000000e+03
1.057000000000000000e+03
1.190000000000000000e+03
1.195000000000000000e+03
1.234000000000000000e+03
1.256000000000000000e+03
1.370000000000000000e+03
1.344000000000000000e+03
1.410000000000000000e+03
1.468000000000000000e+03
1.509000000000000000e+03
1.522000000000000000e+03
1.575000000000000000e+03
1.642000000000000000e+03
1.659000000000000000e+03
1.713000000000000000e+03
1.819000000000000000e+03
1.958000000000000000e+03
2.950000000000000000e+03
2.819000000000000000e+03
2.922000000000000000e+03
2.761000000000000000e+03
2.391000000000000000e+03
2.700000000000000000e+03
2.507000000000000000e+03
2.477000000000000000e+03
2.335000000000000000e+03
2.382000000000000000e+03
2.601000000000000000e+03
3.315000000000000000e+03
3.125000000000000000e+03
4.059000000000000000e+03
4.501000000000000000e+03
3.394000000000000000e+03
2.923000000000000000e+03
9.938000000000000000e+03
6.160000000000000000e+02
4.160000000000000000e+02
6.160000000000000000e+02
6.640000000000000000e+02
5.700000000000000000e+02
5.430000000000000000e+02
4.790000000000000000e+02
4.570000000000000000e+02
4.780000000000000000e+02
5.010000000000000000e+02
4.340000000000000000e+02
4.260000000000000000e+02
4.930000000000000000e+02
4.550000000000000000e+02
3.850000000000000000e+02
3.740000000000000000e+02
3.780000000000000000e+02
3.760000000000000000e+02
4.190000000000000000e+02
3.670000000000000000e+02
3.820000000000000000e+02
3.320000000000000000e+02
3.270000000000000000e+02
3.480000000000000000e+02
3.000000000000000000e+02
3.340000000000000000e+02
3.380000000000000000e+02
2.840000000000000000e+02
3.260000000000000000e+02
3.410000000000000000e+02
3.300000000000000000e+02
3.380000000000000000e+02
3.550000000000000000e+02
3.680000000000000000e+02
3.820000000000000000e+02
3.520000000000000000e+02
3.440000000000000000e+02
3.050000000000000000e+02
3.330000000000000000e+02
3.140000000000000000e+02
3.670000000000000000e+02
3.530000000000000000e+02
3.330000000000000000e+02
3.360000000000000000e+02
3.090000000000000000e+02
3.030000000000000000e+02
3.380000000000000000e+02
3.680000000000000000e+02
3.980000000000000000e+02
4.310000000000000000e+02
4.270000000000000000e+02
4.430000000000000000e+02
3.720000000000000000e+02
3.440000000000000000e+02
3.410000000000000000e+02
3.380000000000000000e+02
3.430000000000000000e+02
3.130000000000000000e+02
3.480000000000000000e+02
3.710000000000000000e+02
3.490000000000000000e+02
3.650000000000000000e+02
3.800000000000000000e+02
3.820000000000000000e+02
3.900000000000000000e+02
4.170000000000000000e+02
3.960000000000000000e+02
3.830000000000000000e+02
4.280000000000000000e+02
3.960000000000000000e+02
4.560000000000000000e+02
4.560000000000000000e+02
4.900000000000000000e+02
5.040000000000000000e+02
5.640000000000000000e+02
5.400000000000000000e+02
6.180000000000000000e+02
8.180000000000000000e+02
8.810000000000000000e+02
1.147000000000000000e+03
1.260000000000000000e+03
1.391000000000000000e+03
1.361000000000000000e+03
1.280000000000000000e+03
1.323000000000000000e+03
1.263000000000000000e+03
1.335000000000000000e+03
1.419000000000000000e+03
1.580000000000000000e+03
1.817000000000000000e+03
1.917000000000000000e+03
1.993000000000000000e+03
2.159000000000000000e+03
2.178000000000000000e+03
2.321000000000000000e+03
2.392000000000000000e+03
2.456000000000000000e+03
2.535000000000000000e+03
2.525000000000000000e+03
2.520000000000000000e+03
2.476000000000000000e+03
2.474000000000000000e+03
2.520000000000000000e+03
2.390000000000000000e+03
2.248000000000000000e+03
1.762000000000000000e+03
1.401000000000000000e+03
1.097000000000000000e+03
8.250000000000000000e+02
6.620000000000000000e+02
5.610000000000000000e+02
5.300000000000000000e+02
5.070000000000000000e+02
5.020000000000000000e+02
5.670000000000000000e+02
4.930000000000000000e+02
4.540000000000000000e+02
4.930000000000000000e+02
5.160000000000000000e+02
5.360000000000000000e+02
6.040000000000000000e+02
6.440000000000000000e+02
6.550000000000000000e+02
6.810000000000000000e+02
7.410000000000000000e+02
7.370000000000000000e+02
8.250000000000000000e+02
8.790000000000000000e+02
8.840000000000000000e+02
8.250000000000000000e+02
7.580000000000000000e+02
6.760000000000000000e+02
5.830000000000000000e+02
5.540000000000000000e+02
5.010000000000000000e+02
4.920000000000000000e+02
4.930000000000000000e+02
5.070000000000000000e+02
4.980000000000000000e+02
5.430000000000000000e+02
5.310000000000000000e+02
4.920000000000000000e+02
4.210000000000000000e+02
4.010000000000000000e+02
3.840000000000000000e+02
3.780000000000000000e+02
3.210000000000000000e+02
3.270000000000000000e+02
3.190000000000000000e+02
3.330000000000000000e+02
3.450000000000000000e+02
3.670000000000000000e+02
3.380000000000000000e+02
3.990000000000000000e+02
3.820000000000000000e+02
4.190000000000000000e+02
4.850000000000000000e+02
4.760000000000000000e+02
5.240000000000000000e+02
5.030000000000000000e+02
5.720000000000000000e+02
5.570000000000000000e+02
5.390000000000000000e+02
5.800000000000000000e+02
5.690000000000000000e+02
5.410000000000000000e+02
5.660000000000000000e+02
6.170000000000000000e+02
6.310000000000000000e+02
6.150000000000000000e+02
6.130000000000000000e+02
6.400000000000000000e+02
6.120000000000000000e+02
6.610000000000000000e+02
6.660000000000000000e+02
6.670000000000000000e+02
6.590000000000000000e+02
6.260000000000000000e+02
6.340000000000000000e+02
6.090000000000000000e+02
6.100000000000000000e+02
6.460000000000000000e+02
6.620000000000000000e+02
6.810000000000000000e+02
6.820000000000000000e+02
7.030000000000000000e+02
7.610000000000000000e+02
8.250000000000000000e+02
6.960000000000000000e+02
7.550000000000000000e+02
7.260000000000000000e+02
7.270000000000000000e+02
7.110000000000000000e+02
8.110000000000000000e+02
8.070000000000000000e+02
8.360000000000000000e+02
9.160000000000000000e+02
8.650000000000000000e+02
8.520000000000000000e+02
8.900000000000000000e+02
8.900000000000000000e+02
9.150000000000000000e+02
8.880000000000000000e+02
9.750000000000000000e+02
1.040000000000000000e+03
1.029000000000000000e+03
1.100000000000000000e+03
1.138000000000000000e+03
1.134000000000000000e+03
1.184000000000000000e+03
1.218000000000000000e+03
1.177000000000000000e+03
1.256000000000000000e+03
1.225000000000000000e+03
1.268000000000000000e+03
1.298000000000000000e+03
1.444000000000000000e+03
1.534000000000000000e+03
1.537000000000000000e+03
1.580000000000000000e+03
1.587000000000000000e+03
1.590000000000000000e+03
1.680000000000000000e+03
1.809000000000000000e+03
1.783000000000000000e+03
1.758000000000000000e+03
1.712000000000000000e+03
1.711000000000000000e+03
1.717000000000000000e+03
1.626000000000000000e+03
1.523000000000000000e+03
1.538000000000000000e+03
1.484000000000000000e+03
1.449000000000000000e+03
1.459000000000000000e+03
1.576000000000000000e+03
1.523000000000000000e+03
1.730000000000000000e+03
2.660000000000000000e+03
2.508000000000000000e+03
2.437000000000000000e+03
2.472000000000000000e+03
1.914000000000000000e+03
2.197000000000000000e+03
1.996000000000000000e+03
1.889000000000000000e+03
1.858000000000000000e+03
1.991000000000000000e+03
2.218000000000000000e+03
3.241000000000000000e+03
2.837000000000000000e+03
3.779000000000000000e+03
4.125000000000000000e+03
2.641000000000000000e+03
1.899000000000000000e+03
1.937000000000000000e+03
3.270000000000000000e+02
9.000000000000000000e+01
1.750000000000000000e+02
1.160000000000000000e+02
2.420000000000000000e+02
2.680000000000000000e+02
2.610000000000000000e+02
3.740000000000000000e+02
4.180000000000000000e+02
4.100000000000000000e+02
3.820000000000000000e+02
4.790000000000000000e+02
4.340000000000000000e+02
4.770000000000000000e+02
5.080000000000000000e+02
4.320000000000000000e+02
4.240000000000000000e+02
4.030000000000000000e+02
3.590000000000000000e+02
3.110000000000000000e+02
3.340000000000000000e+02
3.200000000000000000e+02
2.920000000000000000e+02
3.040000000000000000e+02
2.910000000000000000e+02
2.820000000000000000e+02
2.910000000000000000e+02
3.130000000000000000e+02
2.560000000000000000e+02
3.150000000000000000e+02
3.280000000000000000e+02
3.250000000000000000e+02
3.230000000000000000e+02
2.890000000000000000e+02
3.070000000000000000e+02
3.250000000000000000e+02
2.950000000000000000e+02
3.060000000000000000e+02
3.120000000000000000e+02
3.010000000000000000e+02
3.230000000000000000e+02
2.910000000000000000e+02
3.410000000000000000e+02
3.180000000000000000e+02
3.490000000000000000e+02
3.820000000000000000e+02
3.960000000000000000e+02
3.770000000000000000e+02
3.730000000000000000e+02
3.650000000000000000e+02
3.450000000000000000e+02
3.420000000000000000e+02
3.660000000000000000e+02
3.630000000000000000e+02
3.830000000000000000e+02
3.600000000000000000e+02
3.530000000000000000e+02
3.800000000000000000e+02
4.160000000000000000e+02
4.010000000000000000e+02
4.790000000000000000e+02
5.170000000000000000e+02
4.750000000000000000e+02
4.390000000000000000e+02
4.780000000000000000e+02
4.600000000000000000e+02
4.660000000000000000e+02
3.790000000000000000e+02
4.280000000000000000e+02
4.690000000000000000e+02
5.290000000000000000e+02
4.950000000000000000e+02
4.910000000000000000e+02
5.030000000000000000e+02
5.180000000000000000e+02
5.370000000000000000e+02
5.830000000000000000e+02
5.870000000000000000e+02
5.260000000000000000e+02
5.880000000000000000e+02
5.820000000000000000e+02
5.450000000000000000e+02
6.020000000000000000e+02
5.920000000000000000e+02
6.130000000000000000e+02
6.810000000000000000e+02
6.620000000000000000e+02
6.220000000000000000e+02
6.780000000000000000e+02
6.880000000000000000e+02
6.970000000000000000e+02
7.270000000000000000e+02
7.050000000000000000e+02
6.920000000000000000e+02
7.190000000000000000e+02
7.670000000000000000e+02
8.550000000000000000e+02
9.470000000000000000e+02
1.072000000000000000e+03
1.260000000000000000e+03
1.435000000000000000e+03
1.568000000000000000e+03
1.559000000000000000e+03
1.534000000000000000e+03
1.537000000000000000e+03
1.546000000000000000e+03
1.573000000000000000e+03
1.559000000000000000e+03
1.630000000000000000e+03
1.653000000000000000e+03
1.604000000000000000e+03
1.620000000000000000e+03
1.606000000000000000e+03
1.542000000000000000e+03
1.586000000000000000e+03
1.680000000000000000e+03
1.787000000000000000e+03
2.014000000000000000e+03
2.173000000000000000e+03
2.235000000000000000e+03
2.294000000000000000e+03
2.324000000000000000e+03
2.360000000000000000e+03
2.234000000000000000e+03
2.144000000000000000e+03
2.172000000000000000e+03
2.276000000000000000e+03
2.305000000000000000e+03
2.384000000000000000e+03
2.473000000000000000e+03
2.515000000000000000e+03
2.441000000000000000e+03
2.355000000000000000e+03
2.113000000000000000e+03
1.867000000000000000e+03
1.647000000000000000e+03
1.430000000000000000e+03
1.278000000000000000e+03
1.224000000000000000e+03
1.205000000000000000e+03
1.140000000000000000e+03
1.200000000000000000e+03
1.204000000000000000e+03
1.177000000000000000e+03
1.271000000000000000e+03
1.321000000000000000e+03
1.394000000000000000e+03
1.432000000000000000e+03
1.525000000000000000e+03
1.462000000000000000e+03
1.531000000000000000e+03
1.488000000000000000e+03
1.523000000000000000e+03
1.436000000000000000e+03
1.312000000000000000e+03
1.308000000000000000e+03
1.195000000000000000e+03
1.130000000000000000e+03
1.044000000000000000e+03
1.007000000000000000e+03
9.500000000000000000e+02
9.700000000000000000e+02
8.900000000000000000e+02
8.750000000000000000e+02
8.580000000000000000e+02
8.330000000000000000e+02
8.560000000000000000e+02
8.050000000000000000e+02
8.450000000000000000e+02
8.580000000000000000e+02
8.830000000000000000e+02
8.420000000000000000e+02
8.420000000000000000e+02
8.770000000000000000e+02
9.080000000000000000e+02
8.800000000000000000e+02
8.550000000000000000e+02
8.570000000000000000e+02
8.180000000000000000e+02
8.310000000000000000e+02
8.450000000000000000e+02
8.570000000000000000e+02
8.770000000000000000e+02
8.580000000000000000e+02
8.780000000000000000e+02
9.380000000000000000e+02
8.950000000000000000e+02
9.570000000000000000e+02
9.230000000000000000e+02
9.110000000000000000e+02
9.810000000000000000e+02
9.400000000000000000e+02
9.470000000000000000e+02
9.350000000000000000e+02
9.620000000000000000e+02
9.640000000000000000e+02
1.003000000000000000e+03
9.480000000000000000e+02
9.360000000000000000e+02
9.230000000000000000e+02
8.960000000000000000e+02
9.180000000000000000e+02
9.330000000000000000e+02
8.450000000000000000e+02
8.280000000000000000e+02
8.440000000000000000e+02
8.020000000000000000e+02
7.940000000000000000e+02
8.530000000000000000e+02
8.510000000000000000e+02
7.860000000000000000e+02
8.470000000000000000e+02
7.910000000000000000e+02
8.500000000000000000e+02
8.100000000000000000e+02
7.830000000000000000e+02
8.400000000000000000e+02
8.060000000000000000e+02
8.300000000000000000e+02
7.600000000000000000e+02
8.150000000000000000e+02
8.580000000000000000e+02
8.300000000000000000e+02
8.650000000000000000e+02
8.580000000000000000e+02
9.170000000000000000e+02
8.530000000000000000e+02
8.740000000000000000e+02
8.210000000000000000e+02
8.080000000000000000e+02
7.680000000000000000e+02
7.930000000000000000e+02
8.540000000000000000e+02
8.170000000000000000e+02
8.450000000000000000e+02
8.040000000000000000e+02
8.670000000000000000e+02
1.083000000000000000e+03
2.060000000000000000e+03
1.932000000000000000e+03
1.817000000000000000e+03
1.661000000000000000e+03
1.186000000000000000e+03
1.410000000000000000e+03
1.114000000000000000e+03
1.005000000000000000e+03
1.053000000000000000e+03
1.215000000000000000e+03
1.266000000000000000e+03
1.974000000000000000e+03
1.619000000000000000e+03
1.968000000000000000e+03
1.965000000000000000e+03
9.770000000000000000e+02
7.770000000000000000e+02
1.735000000000000000e+03
9.737000000000000000e+03
1.400000000000000000e+01
1.300000000000000000e+01
1.000000000000000000e+01
6.000000000000000000e+00
5.200000000000000000e+01
2.910000000000000000e+02
6.000000000000000000e+00
1.060000000000000000e+02
2.100000000000000000e+01
2.200000000000000000e+01
1.790000000000000000e+02
4.000000000000000000e+01
7.600000000000000000e+02
1.910000000000000000e+02
2.960000000000000000e+02
6.180000000000000000e+02
4.670000000000000000e+02
6.100000000000000000e+02
1.798000000000000000e+03
3.745000000000000000e+03
4.623000000000000000e+03
8.631000000000000000e+03
1.100100000000000000e+04
1.409500000000000000e+04
1.136600000000000000e+04
1.203200000000000000e+04
7.370000000000000000e+03
6.955000000000000000e+03
3.489000000000000000e+03
5.539000000000000000e+03
2.210000000000000000e+02
8.100000000000000000e+02
8.230000000000000000e+02
8.500000000000000000e+02
1.957000000000000000e+03
1.510000000000000000e+03
7.490000000000000000e+02
5.070000000000000000e+02
4.320000000000000000e+02
7.080000000000000000e+02
3.130000000000000000e+02
5.580000000000000000e+02
6.380000000000000000e+02
1.020000000000000000e+02
1.350000000000000000e+02
1.730000000000000000e+02
1.400000000000000000e+01
1.570000000000000000e+02
1.400000000000000000e+01
6.860000000000000000e+02
1.340000000000000000e+02
7.200000000000000000e+01
6.000000000000000000e+00
3.500000000000000000e+01
1.710000000000000000e+02
6.400000000000000000e+01
1.700000000000000000e+01
3.000000000000000000e+00
0.000000000000000000e+00
9.400000000000000000e+01
0.000000000000000000e+00
1.000000000000000000e+00
2.200000000000000000e+01
0.000000000000000000e+00
7.000000000000000000e+00
1.460000000000000000e+02
2.000000000000000000e+00
2.200000000000000000e+01
6.000000000000000000e+00
5.500000000000000000e+01
0.000000000000000000e+00
2.000000000000000000e+00
1.300000000000000000e+01
1.800000000000000000e+01
8.330000000000000000e+02
2.000000000000000000e+00
0.000000000000000000e+00
0.000000000000000000e+00
1.500000000000000000e+01
1.330000000000000000e+02
0.000000000000000000e+00
0.000000000000000000e+00
2.140000000000000000e+02
5.000000000000000000e+00
1.100000000000000000e+01
0.000000000000000000e+00
7.400000000000000000e+01
0.000000000000000000e+00
0.000000000000000000e+00
3.390000000000000000e+02
1.000000000000000000e+00
2.100000000000000000e+01
5.800000000000000000e+01
8.000000000000000000e+00
1.050000000000000000e+02
4.650000000000000000e+02
9.000000000000000000e+00
2.080000000000000000e+02
4.800000000000000000e+01
3.800000000000000000e+01
4.300000000000000000e+02
1.200000000000000000e+02
1.200000000000000000e+03
4.330000000000000000e+02
8.250000000000000000e+02
1.400000000000000000e+03
1.670000000000000000e+03
2.161000000000000000e+03
4.401000000000000000e+03
6.614000000000000000e+03
9.759000000000000000e+03
1.395300000000000000e+04
4.839000000000000000e+03
5.210800000000000000e+04
5.051000000000000000e+03
4.541000000000000000e+03
3.710000000000000000e+02
2.510000000000000000e+02
1.180000000000000000e+02
3.643000000000000000e+03
1.100000000000000000e+01
2.310000000000000000e+02
5.500000000000000000e+01
2.800000000000000000e+02
9.880000000000000000e+02
1.020000000000000000e+03
3.100000000000000000e+01
8.500000000000000000e+01
1.700000000000000000e+01
8.700000000000000000e+01
2.000000000000000000e+01
2.390000000000000000e+02
1.390000000000000000e+02
2.100000000000000000e+01
1.060000000000000000e+02
3.900000000000000000e+01
1.300000000000000000e+01
6.000000000000000000e+01
2.300000000000000000e+01
5.800000000000000000e+02
5.100000000000000000e+01
2.500000000000000000e+01
4.400000000000000000e+01
2.300000000000000000e+01
6.600000000000000000e+01
3.600000000000000000e+01
2.500000000000000000e+01
3.400000000000000000e+01
3.100000000000000000e+01
1.660000000000000000e+02
2.100000000000000000e+01
1.800000000000000000e+01
2.800000000000000000e+01
3.300000000000000000e+01
3.100000000000000000e+01
1.250000000000000000e+02
3.200000000000000000e+01
3.500000000000000000e+01
5.500000000000000000e+01
5.100000000000000000e+01
4.100000000000000000e+01
4.000000000000000000e+01
5.000000000000000000e+01
6.800000000000000000e+01
9.550000000000000000e+02
4.900000000000000000e+01
6.500000000000000000e+01
6.400000000000000000e+01
6.700000000000000000e+01
1.330000000000000000e+02
3.800000000000000000e+01
5.600000000000000000e+01
1.760000000000000000e+02
6.600000000000000000e+01
8.900000000000000000e+01
9.800000000000000000e+01
9.200000000000000000e+01
3.800000000000000000e+01
3.500000000000000000e+01
9.596000000000000000e+03
1.560000000000000000e+02
4.354000000000000000e+03
2.759000000000000000e+03
8.870000000000000000e+02
3.108000000000000000e+03
2.031000000000000000e+03
1.338000000000000000e+03
1.871000000000000000e+03
1.112000000000000000e+03
1.402000000000000000e+03
1.227000000000000000e+03
1.354000000000000000e+03
1.117000000000000000e+03
1.321000000000000000e+03
1.293000000000000000e+03
1.169000000000000000e+03
1.119000000000000000e+03
1.231000000000000000e+03
1.093000000000000000e+03
1.175000000000000000e+03
1.143000000000000000e+03
1.227000000000000000e+03
1.260000000000000000e+03
1.249000000000000000e+03
1.339000000000000000e+03
1.544000000000000000e+03
1.423000000000000000e+03
1.407000000000000000e+03
1.393000000000000000e+03
1.391000000000000000e+03
1.386000000000000000e+03
1.506000000000000000e+03
1.485000000000000000e+03
1.456000000000000000e+03
1.521000000000000000e+03
1.734000000000000000e+03
1.568000000000000000e+03
1.684000000000000000e+03
1.670000000000000000e+03
1.663000000000000000e+03
1.838000000000000000e+03
1.906000000000000000e+03
1.935000000000000000e+03
1.710000000000000000e+03
1.614000000000000000e+03
1.676000000000000000e+03
1.618000000000000000e+03
1.569000000000000000e+03
1.617000000000000000e+03
1.623000000000000000e+03
1.712000000000000000e+03
1.657000000000000000e+03
1.951000000000000000e+03
2.335000000000000000e+03
2.970000000000000000e+03
3.635000000000000000e+03
4.249000000000000000e+03
4.741000000000000000e+03
4.326000000000000000e+03
5.015000000000000000e+03
5.042000000000000000e+03
4.186000000000000000e+03
4.844000000000000000e+03
4.545000000000000000e+03
3.830000000000000000e+03
4.101000000000000000e+03
4.227000000000000000e+03
4.785000000000000000e+03
4.170000000000000000e+03
3.782000000000000000e+03
3.439000000000000000e+03
3.013000000000000000e+03
3.772000000000000000e+03
3.035000000000000000e+03
2.247000000000000000e+03
2.222000000000000000e+03
1.617000000000000000e+03
1.482000000000000000e+03
1.135000000000000000e+03
1.251000000000000000e+03
1.282000000000000000e+03
1.152000000000000000e+03
1.135000000000000000e+03
1.077000000000000000e+03
1.539000000000000000e+03
1.014000000000000000e+03
1.084000000000000000e+03
1.115000000000000000e+03
1.137000000000000000e+03
1.162000000000000000e+03
1.173000000000000000e+03
1.002000000000000000e+03
1.046000000000000000e+03
1.111000000000000000e+03
9.460000000000000000e+02
1.175000000000000000e+03
9.320000000000000000e+02
1.052000000000000000e+03
8.600000000000000000e+02
9.990000000000000000e+02
7.720000000000000000e+02
1.410000000000000000e+03
7.540000000000000000e+02
8.920000000000000000e+02
8.130000000000000000e+02
8.790000000000000000e+02
8.720000000000000000e+02
7.170000000000000000e+02
1.027000000000000000e+03
6.550000000000000000e+02
7.150000000000000000e+02
6.540000000000000000e+02
7.890000000000000000e+02
5.310000000000000000e+02
5.760000000000000000e+02
7.330000000000000000e+02
5.370000000000000000e+02
7.490000000000000000e+02
4.970000000000000000e+02
5.960000000000000000e+02
5.280000000000000000e+02
4.390000000000000000e+02
5.510000000000000000e+02
4.580000000000000000e+02
3.440000000000000000e+02
3.260000000000000000e+02
3.310000000000000000e+02
1.092000000000000000e+03
2.830000000000000000e+02
2.740000000000000000e+02
3.170000000000000000e+02
3.370000000000000000e+02
3.120000000000000000e+02
3.310000000000000000e+02
2.710000000000000000e+02
2.790000000000000000e+02
2.600000000000000000e+02
2.280000000000000000e+02
4.380000000000000000e+02
1.890000000000000000e+02
1.920000000000000000e+02
3.730000000000000000e+02
2.020000000000000000e+02
1.710000000000000000e+02
1.410000000000000000e+02
2.820000000000000000e+02
1.630000000000000000e+02
1.480000000000000000e+02
1.660000000000000000e+02
1.380000000000000000e+02
1.500000000000000000e+02
1.210000000000000000e+02
3.480000000000000000e+02
1.260000000000000000e+02
1.270000000000000000e+02
1.060000000000000000e+02
1.840000000000000000e+02
1.170000000000000000e+02
3.220000000000000000e+02
9.300000000000000000e+01
1.120000000000000000e+02
1.120000000000000000e+02
8.600000000000000000e+01
6.500000000000000000e+01
8.200000000000000000e+01
9.300000000000000000e+01
7.600000000000000000e+01
7.200000000000000000e+01
5.100000000000000000e+01
4.280000000000000000e+02
5.200000000000000000e+01
5.000000000000000000e+01
7.300000000000000000e+01
8.500000000000000000e+01
5.200000000000000000e+01
4.000000000000000000e+01
6.200000000000000000e+01
4.000000000000000000e+01
4.900000000000000000e+01
7.500000000000000000e+01
3.800000000000000000e+01
2.720000000000000000e+02
3.600000000000000000e+01
4.300000000000000000e+01
1.170000000000000000e+02
2.700000000000000000e+01
3.700000000000000000e+01
3.600000000000000000e+01
3.200000000000000000e+01
3.000000000000000000e+01
2.680000000000000000e+02
2.100000000000000000e+01
2.400000000000000000e+01
3.300000000000000000e+01
3.400000000000000000e+01
7.200000000000000000e+01
2.900000000000000000e+01
4.500000000000000000e+01
2.100000000000000000e+01
3.200000000000000000e+01
3.100000000000000000e+01
1.900000000000000000e+01
1.600000000000000000e+01
1.090000000000000000e+02
1.900000000000000000e+01
2.200000000000000000e+01
2.600000000000000000e+01
1.700000000000000000e+01
2.900000000000000000e+01
1.900000000000000000e+01
1.800000000000000000e+01
1.200000000000000000e+01
1.650000000000000000e+02
1.800000000000000000e+01
2.400000000000000000e+01
2.200000000000000000e+01
2.800000000000000000e+01
8.000000000000000000e+00
1.140000000000000000e+02
1.200000000000000000e+01
1.800000000000000000e+01
1.600000000000000000e+01
2.100000000000000000e+01
1.000000000000000000e+01
2.100000000000000000e+01
1.100000000000000000e+01
4.600000000000000000e+01
2.600000000000000000e+01
5.000000000000000000e+00
1.900000000000000000e+01
6.000000000000000000e+00
4.000000000000000000e+01
1.000000000000000000e+01
2.000000000000000000e+01
3.000000000000000000e+01
6.000000000000000000e+00
1.400000000000000000e+01
1.500000000000000000e+01
1.500000000000000000e+01
1.500000000000000000e+01
1.200000000000000000e+01
1.900000000000000000e+01
1.700000000000000000e+01
9.000000000000000000e+00
8.000000000000000000e+00
6.000000000000000000e+00
6.000000000000000000e+00
7.000000000000000000e+00
4.000000000000000000e+00
1.000000000000000000e+00
5.000000000000000000e+00
1.000000000000000000e+00
4.000000000000000000e+00
0.000000000000000000e+00
1.204000000000000000e+03
1.080000000000000000e+02
9.100000000000000000e+01
1.360000000000000000e+02
1.360000000000000000e+02
2.300000000000000000e+02
2.630000000000000000e+02
2.390000000000000000e+02
3.450000000000000000e+02
3.950000000000000000e+02
3.920000000000000000e+02
3.630000000000000000e+02
4.510000000000000000e+02
4.040000000000000000e+02
4.630000000000000000e+02
4.940000000000000000e+02
4.050000000000000000e+02
3.960000000000000000e+02
4.020000000000000000e+02
3.480000000000000000e+02
3.100000000000000000e+02
3.170000000000000000e+02
3.240000000000000000e+02
2.760000000000000000e+02
2.820000000000000000e+02
2.670000000000000000e+02
2.760000000000000000e+02
2.740000000000000000e+02
3.100000000000000000e+02
2.410000000000000000e+02
2.980000000000000000e+02
3.130000000000000000e+02
3.010000000000000000e+02
2.940000000000000000e+02
2.600000000000000000e+02
2.930000000000000000e+02
2.870000000000000000e+02
2.570000000000000000e+02
2.740000000000000000e+02
2.940000000000000000e+02
2.740000000000000000e+02
2.920000000000000000e+02
2.690000000000000000e+02
2.960000000000000000e+02
2.810000000000000000e+02
3.090000000000000000e+02
3.370000000000000000e+02
3.530000000000000000e+02
3.520000000000000000e+02
3.450000000000000000e+02
3.110000000000000000e+02
2.910000000000000000e+02
3.010000000000000000e+02
2.930000000000000000e+02
3.120000000000000000e+02
3.300000000000000000e+02
3.270000000000000000e+02
3.090000000000000000e+02
3.190000000000000000e+02
3.420000000000000000e+02
3.240000000000000000e+02
3.860000000000000000e+02
4.420000000000000000e+02
3.720000000000000000e+02
3.350000000000000000e+02
3.570000000000000000e+02
3.450000000000000000e+02
3.350000000000000000e+02
2.680000000000000000e+02
2.960000000000000000e+02
3.230000000000000000e+02
3.700000000000000000e+02
3.460000000000000000e+02
3.330000000000000000e+02
3.420000000000000000e+02
3.510000000000000000e+02
3.630000000000000000e+02
4.160000000000000000e+02
4.080000000000000000e+02
3.520000000000000000e+02
4.110000000000000000e+02
3.920000000000000000e+02
3.750000000000000000e+02
3.920000000000000000e+02
3.930000000000000000e+02
4.000000000000000000e+02
4.250000000000000000e+02
4.280000000000000000e+02
4.040000000000000000e+02
4.340000000000000000e+02
4.520000000000000000e+02
4.750000000000000000e+02
4.960000000000000000e+02
4.850000000000000000e+02
4.630000000000000000e+02
4.830000000000000000e+02
5.140000000000000000e+02
6.180000000000000000e+02
7.510000000000000000e+02
8.310000000000000000e+02
1.007000000000000000e+03
1.168000000000000000e+03
1.305000000000000000e+03
1.348000000000000000e+03
1.308000000000000000e+03
1.345000000000000000e+03
1.267000000000000000e+03
1.300000000000000000e+03
1.298000000000000000e+03
1.339000000000000000e+03
1.373000000000000000e+03
1.301000000000000000e+03
1.321000000000000000e+03
1.289000000000000000e+03
1.186000000000000000e+03
1.244000000000000000e+03
1.347000000000000000e+03
1.472000000000000000e+03
1.626000000000000000e+03
1.775000000000000000e+03
1.872000000000000000e+03
1.970000000000000000e+03
1.916000000000000000e+03
1.941000000000000000e+03
1.821000000000000000e+03
1.711000000000000000e+03
1.719000000000000000e+03
1.776000000000000000e+03
1.833000000000000000e+03
1.894000000000000000e+03
1.964000000000000000e+03
2.033000000000000000e+03
1.910000000000000000e+03
1.831000000000000000e+03
1.536000000000000000e+03
1.295000000000000000e+03
1.054000000000000000e+03
8.390000000000000000e+02
7.340000000000000000e+02
6.370000000000000000e+02
6.380000000000000000e+02
5.990000000000000000e+02
6.390000000000000000e+02
6.380000000000000000e+02
6.180000000000000000e+02
7.090000000000000000e+02
7.550000000000000000e+02
7.870000000000000000e+02
8.370000000000000000e+02
9.430000000000000000e+02
9.260000000000000000e+02
9.540000000000000000e+02
1.007000000000000000e+03
9.940000000000000000e+02
8.750000000000000000e+02
8.050000000000000000e+02
7.050000000000000000e+02
6.450000000000000000e+02
5.730000000000000000e+02
5.320000000000000000e+02
4.560000000000000000e+02
3.750000000000000000e+02
4.150000000000000000e+02
3.610000000000000000e+02
3.320000000000000000e+02
3.430000000000000000e+02
3.380000000000000000e+02
3.090000000000000000e+02
3.190000000000000000e+02
3.470000000000000000e+02
3.470000000000000000e+02
3.930000000000000000e+02
3.930000000000000000e+02
3.460000000000000000e+02
3.840000000000000000e+02
4.050000000000000000e+02
4.310000000000000000e+02
4.090000000000000000e+02
4.340000000000000000e+02
4.230000000000000000e+02
4.380000000000000000e+02
4.620000000000000000e+02
4.460000000000000000e+02
4.750000000000000000e+02
4.920000000000000000e+02
4.890000000000000000e+02
5.740000000000000000e+02
5.750000000000000000e+02
5.720000000000000000e+02
6.150000000000000000e+02
5.760000000000000000e+02
6.740000000000000000e+02
6.560000000000000000e+02
6.970000000000000000e+02
7.290000000000000000e+02
7.240000000000000000e+02
6.870000000000000000e+02
7.440000000000000000e+02
7.010000000000000000e+02
8.000000000000000000e+02
8.070000000000000000e+02
7.770000000000000000e+02
8.040000000000000000e+02
8.510000000000000000e+02
7.840000000000000000e+02
7.820000000000000000e+02
7.990000000000000000e+02
8.140000000000000000e+02
7.920000000000000000e+02
8.770000000000000000e+02
8.670000000000000000e+02
9.420000000000000000e+02
9.220000000000000000e+02
9.750000000000000000e+02
1.005000000000000000e+03
1.024000000000000000e+03
1.150000000000000000e+03
1.106000000000000000e+03
1.100000000000000000e+03
1.174000000000000000e+03
1.183000000000000000e+03
1.262000000000000000e+03
1.300000000000000000e+03
1.371000000000000000e+03
1.437000000000000000e+03
1.466000000000000000e+03
1.550000000000000000e+03
1.606000000000000000e+03
1.573000000000000000e+03
1.612000000000000000e+03
1.646000000000000000e+03
1.644000000000000000e+03
1.657000000000000000e+03
1.729000000000000000e+03
1.771000000000000000e+03
1.807000000000000000e+03
1.807000000000000000e+03
1.867000000000000000e+03
2.054000000000000000e+03
3.056000000000000000e+03
2.862000000000000000e+03
2.970000000000000000e+03
2.773000000000000000e+03
2.462000000000000000e+03
2.761000000000000000e+03
2.586000000000000000e+03
2.538000000000000000e+03
2.425000000000000000e+03
2.396000000000000000e+03
2.489000000000000000e+03
3.228000000000000000e+03
3.061000000000000000e+03
3.822000000000000000e+03
4.323000000000000000e+03
3.676000000000000000e+03
3.427000000000000000e+03
1.194300000000000000e+04
