9.628000000000000000e+03
5.921000000000000000e+03
4.668000000000000000e+03
3.650000000000000000e+03
3.054000000000000000e+03
2.853000000000000000e+03
2.661000000000000000e+03
2.522000000000000000e+03
2.309000000000000000e+03
2.271000000000000000e+03
2.062000000000000000e+03
1.936000000000000000e+03
1.778000000000000000e+03
1.789000000000000000e+03
1.726000000000000000e+03
1.752000000000000000e+03
1.726000000000000000e+03
1.736000000000000000e+03
1.604000000000000000e+03
1.605000000000000000e+03
1.565000000000000000e+03
1.502000000000000000e+03
1.599000000000000000e+03
1.631000000000000000e+03
1.609000000000000000e+03
1.758000000000000000e+03
1.813000000000000000e+03
1.951000000000000000e+03
1.938000000000000000e+03
2.076000000000000000e+03
2.112000000000000000e+03
2.069000000000000000e+03
2.180000000000000000e+03
2.199000000000000000e+03
2.408000000000000000e+03
2.380000000000000000e+03
2.447000000000000000e+03
2.464000000000000000e+03
2.414000000000000000e+03
2.451000000000000000e+03
2.314000000000000000e+03
2.346000000000000000e+03
2.213000000000000000e+03
2.193000000000000000e+03
2.108000000000000000e+03
1.929000000000000000e+03
1.908000000000000000e+03
1.787000000000000000e+03
1.656000000000000000e+03
1.681000000000000000e+03
1.503000000000000000e+03
1.467000000000000000e+03
1.414000000000000000e+03
1.259000000000000000e+03
1.155000000000000000e+03
1.079000000000000000e+03
1.016000000000000000e+03
9.420000000000000000e+02
8.460000000000000000e+02
8.310000000000000000e+02
8.160000000000000000e+02
7.080000000000000000e+02
7.320000000000000000e+02
6.610000000000000000e+02
6.530000000000000000e+02
6.690000000000000000e+02
6.570000000000000000e+02
5.850000000000000000e+02
5.590000000000000000e+02
5.860000000000000000e+02
6.130000000000000000e+02
5.590000000000000000e+02
5.330000000000000000e+02
5.700000000000000000e+02
5.290000000000000000e+02
5.820000000000000000e+02
5.720000000000000000e+02
5.630000000000000000e+02
5.510000000000000000e+02
6.040000000000000000e+02
6.160000000000000000e+02
5.890000000000000000e+02
6.200000000000000000e+02
6.430000000000000000e+02
5.690000000000000000e+02
6.500000000000000000e+02
5.860000000000000000e+02
5.910000000000000000e+02
6.170000000000000000e+02
5.750000000000000000e+02
5.840000000000000000e+02
6.720000000000000000e+02
6.160000000000000000e+02
6.340000000000000000e+02
6.270000000000000000e+02
6.210000000000000000e+02
6.330000000000000000e+02
5.920000000000000000e+02
6.020000000000000000e+02
6.610000000000000000e+02
6.490000000000000000e+02
6.180000000000000000e+02
6.240000000000000000e+02
6.080000000000000000e+02
6.220000000000000000e+02
5.930000000000000000e+02
6.760000000000000000e+02
6.690000000000000000e+02
6.670000000000000000e+02
6.630000000000000000e+02
6.000000000000000000e+02
6.270000000000000000e+02
6.080000000000000000e+02
6.360000000000000000e+02
6.070000000000000000e+02
6.380000000000000000e+02
6.470000000000000000e+02
6.150000000000000000e+02
6.040000000000000000e+02
6.520000000000000000e+02
6.050000000000000000e+02
5.930000000000000000e+02
6.290000000000000000e+02
5.970000000000000000e+02
5.960000000000000000e+02
6.280000000000000000e+02
6.670000000000000000e+02
6.080000000000000000e+02
5.980000000000000000e+02
5.980000000000000000e+02
6.470000000000000000e+02
6.060000000000000000e+02
6.080000000000000000e+02
5.580000000000000000e+02
6.080000000000000000e+02
6.310000000000000000e+02
5.640000000000000000e+02
6.070000000000000000e+02
5.900000000000000000e+02
6.240000000000000000e+02
6.190000000000000000e+02
6.240000000000000000e+02
6.800000000000000000e+02
6.230000000000000000e+02
6.280000000000000000e+02
6.340000000000000000e+02
6.180000000000000000e+02
5.830000000000000000e+02
6.220000000000000000e+02
5.830000000000000000e+02
5.930000000000000000e+02
5.790000000000000000e+02
5.980000000000000000e+02
6.220000000000000000e+02
6.070000000000000000e+02
6.210000000000000000e+02
6.320000000000000000e+02
6.500000000000000000e+02
6.020000000000000000e+02
5.720000000000000000e+02
6.350000000000000000e+02
6.180000000000000000e+02
5.860000000000000000e+02
6.450000000000000000e+02
6.180000000000000000e+02
6.520000000000000000e+02
6.360000000000000000e+02
6.050000000000000000e+02
6.110000000000000000e+02
5.900000000000000000e+02
5.970000000000000000e+02
5.980000000000000000e+02
5.950000000000000000e+02
6.030000000000000000e+02
5.530000000000000000e+02
5.970000000000000000e+02
5.890000000000000000e+02
5.560000000000000000e+02
5.870000000000000000e+02
5.480000000000000000e+02
5.430000000000000000e+02
5.140000000000000000e+02
5.420000000000000000e+02
4.970000000000000000e+02
4.740000000000000000e+02
4.570000000000000000e+02
5.070000000000000000e+02
4.880000000000000000e+02
5.050000000000000000e+02
4.790000000000000000e+02
4.500000000000000000e+02
4.710000000000000000e+02
4.170000000000000000e+02
4.440000000000000000e+02
4.400000000000000000e+02
4.310000000000000000e+02
4.440000000000000000e+02
3.930000000000000000e+02
3.650000000000000000e+02
3.630000000000000000e+02
3.410000000000000000e+02
3.210000000000000000e+02
3.250000000000000000e+02
3.350000000000000000e+02
3.630000000000000000e+02
3.140000000000000000e+02
2.880000000000000000e+02
3.200000000000000000e+02
2.680000000000000000e+02
2.780000000000000000e+02
2.650000000000000000e+02
2.730000000000000000e+02
2.600000000000000000e+02
2.380000000000000000e+02
2.120000000000000000e+02
2.560000000000000000e+02
1.850000000000000000e+02
2.090000000000000000e+02
1.860000000000000000e+02
1.950000000000000000e+02
1.670000000000000000e+02
1.540000000000000000e+02
1.630000000000000000e+02
1.400000000000000000e+02
1.420000000000000000e+02
1.570000000000000000e+02
1.520000000000000000e+02
1.860000000000000000e+02
2.630000000000000000e+02
2.250000000000000000e+02
3.570000000000000000e+02
7.130000000000000000e+02
2.423000000000000000e+03
3.342000000000000000e+03
1.555000000000000000e+03
6.630000000000000000e+03
1.455000000000000000e+03
2.460000000000000000e+03
7.030000000000000000e+02
3.600000000000000000e+02
1.730000000000000000e+02
1.090000000000000000e+02
5.700000000000000000e+01
3.500000000000000000e+01
1.700000000000000000e+01
6.000000000000000000e+00
9.000000000000000000e+00
1.300000000000000000e+01
1.000000000000000000e+01
1.000000000000000000e+00
2.000000000000000000e+00
1.000000000000000000e+00
0.000000000000000000e+00
2.000000000000000000e+00
2.000000000000000000e+00
2.000000000000000000e+00
8.100000000000000000e+01
1.680000000000000000e+02
5.590000000000000000e+02
1.085000000000000000e+03
9.930000000000000000e+02
7.440000000000000000e+02
5.880000000000000000e+02
4.940000000000000000e+02
4.730000000000000000e+02
5.800000000000000000e+02
7.170000000000000000e+02
7.620000000000000000e+02
7.610000000000000000e+02
9.530000000000000000e+02
1.077000000000000000e+03
1.413000000000000000e+03
1.607000000000000000e+03
1.949000000000000000e+03
2.486000000000000000e+03
2.625000000000000000e+03
2.820000000000000000e+03
2.515000000000000000e+03
2.539000000000000000e+03
2.435000000000000000e+03
2.156000000000000000e+03
2.078000000000000000e+03
1.880000000000000000e+03
1.852000000000000000e+03
1.928000000000000000e+03
1.888000000000000000e+03
1.910000000000000000e+03
1.836000000000000000e+03
1.790000000000000000e+03
1.911000000000000000e+03
1.798000000000000000e+03
1.817000000000000000e+03
1.730000000000000000e+03
1.764000000000000000e+03
1.923000000000000000e+03
1.852000000000000000e+03
1.749000000000000000e+03
1.772000000000000000e+03
1.778000000000000000e+03
1.838000000000000000e+03
1.860000000000000000e+03
1.829000000000000000e+03
1.977000000000000000e+03
1.977000000000000000e+03
2.065000000000000000e+03
2.169000000000000000e+03
2.108000000000000000e+03
2.199000000000000000e+03
2.320000000000000000e+03
2.250000000000000000e+03
2.253000000000000000e+03
2.209000000000000000e+03
2.150000000000000000e+03
2.069000000000000000e+03
2.055000000000000000e+03
2.011000000000000000e+03
2.003000000000000000e+03
2.004000000000000000e+03
1.916000000000000000e+03
1.874000000000000000e+03
1.762000000000000000e+03
1.739000000000000000e+03
1.803000000000000000e+03
1.628000000000000000e+03
1.526000000000000000e+03
1.512000000000000000e+03
1.400000000000000000e+03
1.269000000000000000e+03
1.216000000000000000e+03
1.122000000000000000e+03
1.066000000000000000e+03
9.500000000000000000e+02
1.021000000000000000e+03
9.200000000000000000e+02
9.220000000000000000e+02
8.970000000000000000e+02
8.770000000000000000e+02
7.530000000000000000e+02
8.060000000000000000e+02
7.670000000000000000e+02
7.590000000000000000e+02
7.190000000000000000e+02
6.570000000000000000e+02
6.800000000000000000e+02
6.900000000000000000e+02
7.110000000000000000e+02
6.460000000000000000e+02
6.800000000000000000e+02
7.110000000000000000e+02
7.160000000000000000e+02
7.320000000000000000e+02
6.940000000000000000e+02
7.020000000000000000e+02
7.090000000000000000e+02
7.130000000000000000e+02
6.810000000000000000e+02
7.440000000000000000e+02
7.120000000000000000e+02
7.730000000000000000e+02
7.820000000000000000e+02
7.830000000000000000e+02
7.580000000000000000e+02
7.650000000000000000e+02
7.930000000000000000e+02
8.090000000000000000e+02
7.460000000000000000e+02
8.350000000000000000e+02
7.780000000000000000e+02
7.740000000000000000e+02
7.390000000000000000e+02
8.160000000000000000e+02
7.530000000000000000e+02
7.530000000000000000e+02
7.920000000000000000e+02
7.850000000000000000e+02
8.370000000000000000e+02
7.810000000000000000e+02
8.200000000000000000e+02
8.120000000000000000e+02
7.870000000000000000e+02
7.750000000000000000e+02
8.110000000000000000e+02
7.810000000000000000e+02
7.710000000000000000e+02
7.270000000000000000e+02
7.480000000000000000e+02
7.930000000000000000e+02
7.280000000000000000e+02
7.980000000000000000e+02
7.290000000000000000e+02
7.160000000000000000e+02
7.350000000000000000e+02
7.240000000000000000e+02
7.190000000000000000e+02
7.670000000000000000e+02
8.220000000000000000e+02
7.750000000000000000e+02
7.060000000000000000e+02
7.560000000000000000e+02
7.070000000000000000e+02
7.070000000000000000e+02
7.340000000000000000e+02
7.320000000000000000e+02
7.130000000000000000e+02
7.150000000000000000e+02
6.870000000000000000e+02
7.540000000000000000e+02
7.170000000000000000e+02
7.360000000000000000e+02
7.490000000000000000e+02
7.320000000000000000e+02
7.340000000000000000e+02
7.150000000000000000e+02
7.190000000000000000e+02
7.120000000000000000e+02
7.450000000000000000e+02
6.980000000000000000e+02
7.590000000000000000e+02
6.760000000000000000e+02
7.400000000000000000e+02
6.860000000000000000e+02
7.050000000000000000e+02
7.040000000000000000e+02
7.180000000000000000e+02
7.230000000000000000e+02
6.610000000000000000e+02
6.690000000000000000e+02
7.340000000000000000e+02
6.900000000000000000e+02
6.780000000000000000e+02
6.710000000000000000e+02
6.540000000000000000e+02
6.870000000000000000e+02
6.650000000000000000e+02
6.410000000000000000e+02
6.310000000000000000e+02
5.890000000000000000e+02
6.130000000000000000e+02
6.080000000000000000e+02
5.180000000000000000e+02
5.700000000000000000e+02
5.640000000000000000e+02
5.490000000000000000e+02
5.740000000000000000e+02
5.660000000000000000e+02
4.820000000000000000e+02
5.020000000000000000e+02
4.540000000000000000e+02
4.490000000000000000e+02
4.150000000000000000e+02
4.010000000000000000e+02
4.120000000000000000e+02
3.920000000000000000e+02
3.680000000000000000e+02
3.680000000000000000e+02
3.740000000000000000e+02
3.210000000000000000e+02
3.420000000000000000e+02
3.100000000000000000e+02
2.890000000000000000e+02
2.950000000000000000e+02
3.000000000000000000e+02
2.450000000000000000e+02
2.570000000000000000e+02
2.720000000000000000e+02
2.600000000000000000e+02
2.300000000000000000e+02
2.320000000000000000e+02
2.090000000000000000e+02
1.950000000000000000e+02
1.810000000000000000e+02
1.820000000000000000e+02
1.590000000000000000e+02
1.540000000000000000e+02
1.620000000000000000e+02
1.230000000000000000e+02
1.190000000000000000e+02
1.360000000000000000e+02
1.020000000000000000e+02
9.700000000000000000e+01
9.700000000000000000e+01
8.700000000000000000e+01
9.300000000000000000e+01
8.400000000000000000e+01
8.000000000000000000e+01
1.060000000000000000e+02
7.300000000000000000e+01
7.400000000000000000e+01
6.000000000000000000e+01
7.400000000000000000e+01
6.000000000000000000e+01
6.600000000000000000e+01
6.700000000000000000e+01
5.800000000000000000e+01
8.600000000000000000e+01
1.630000000000000000e+02
6.970000000000000000e+02
3.250000000000000000e+03
3.092000000000000000e+03
6.495000000000000000e+03
1.632000000000000000e+03
2.533000000000000000e+03
1.203000000000000000e+03
5.160000000000000000e+02
3.590000000000000000e+02
2.180000000000000000e+02
1.890000000000000000e+02
8.600000000000000000e+01
4.800000000000000000e+01
3.400000000000000000e+01
1.900000000000000000e+01
2.700000000000000000e+01
7.400000000000000000e+01
6.400000000000000000e+01
1.240000000000000000e+02
1.530000000000000000e+02
6.370000000000000000e+02
5.920000000000000000e+02
4.400000000000000000e+02
5.670000000000000000e+02
5.920000000000000000e+02
6.450000000000000000e+02
6.360000000000000000e+02
6.590000000000000000e+02
7.290000000000000000e+02
8.360000000000000000e+02
8.850000000000000000e+02
8.250000000000000000e+02
9.080000000000000000e+02
9.180000000000000000e+02
9.860000000000000000e+02
1.061000000000000000e+03
1.069000000000000000e+03
1.095000000000000000e+03
1.167000000000000000e+03
1.210000000000000000e+03
1.240000000000000000e+03
1.205000000000000000e+03
1.268000000000000000e+03
1.153000000000000000e+03
1.107000000000000000e+03
1.015000000000000000e+03
1.004000000000000000e+03
9.890000000000000000e+02
1.012000000000000000e+03
1.040000000000000000e+03
1.165000000000000000e+03
1.125000000000000000e+03
1.232000000000000000e+03
1.482000000000000000e+03
1.350000000000000000e+03
1.390000000000000000e+03
1.312000000000000000e+03
1.389000000000000000e+03
1.474000000000000000e+03
1.662000000000000000e+03
2.106000000000000000e+03
2.503000000000000000e+03
2.515000000000000000e+03
2.544000000000000000e+03
2.425000000000000000e+03
2.616000000000000000e+03
2.555000000000000000e+03
2.742000000000000000e+03
2.681000000000000000e+03
2.780000000000000000e+03
2.796000000000000000e+03
2.774000000000000000e+03
2.789000000000000000e+03
2.680000000000000000e+03
2.727000000000000000e+03
2.760000000000000000e+03
2.696000000000000000e+03
2.593000000000000000e+03
2.486000000000000000e+03
2.467000000000000000e+03
2.238000000000000000e+03
2.187000000000000000e+03
2.117000000000000000e+03
1.957000000000000000e+03
1.945000000000000000e+03
1.936000000000000000e+03
1.840000000000000000e+03
1.840000000000000000e+03
1.648000000000000000e+03
1.587000000000000000e+03
1.569000000000000000e+03
1.474000000000000000e+03
1.475000000000000000e+03
1.389000000000000000e+03
1.252000000000000000e+03
1.206000000000000000e+03
1.148000000000000000e+03
1.111000000000000000e+03
1.094000000000000000e+03
1.034000000000000000e+03
9.410000000000000000e+02
1.037000000000000000e+03
1.048000000000000000e+03
9.680000000000000000e+02
1.013000000000000000e+03
9.520000000000000000e+02
9.390000000000000000e+02
8.910000000000000000e+02
9.000000000000000000e+02
8.240000000000000000e+02
8.390000000000000000e+02
7.870000000000000000e+02
8.110000000000000000e+02
7.950000000000000000e+02
8.420000000000000000e+02
7.730000000000000000e+02
7.630000000000000000e+02
7.910000000000000000e+02
8.060000000000000000e+02
7.560000000000000000e+02
8.070000000000000000e+02
7.210000000000000000e+02
7.620000000000000000e+02
7.150000000000000000e+02
7.770000000000000000e+02
7.460000000000000000e+02
7.860000000000000000e+02
7.730000000000000000e+02
7.570000000000000000e+02
8.250000000000000000e+02
8.500000000000000000e+02
8.250000000000000000e+02
8.180000000000000000e+02
8.160000000000000000e+02
8.500000000000000000e+02
8.080000000000000000e+02
8.830000000000000000e+02
8.480000000000000000e+02
8.290000000000000000e+02
8.600000000000000000e+02
8.200000000000000000e+02
8.270000000000000000e+02
8.180000000000000000e+02
8.750000000000000000e+02
8.860000000000000000e+02
9.350000000000000000e+02
9.320000000000000000e+02
9.270000000000000000e+02
9.070000000000000000e+02
9.120000000000000000e+02
9.140000000000000000e+02
8.760000000000000000e+02
9.240000000000000000e+02
9.110000000000000000e+02
9.890000000000000000e+02
9.370000000000000000e+02
8.770000000000000000e+02
8.980000000000000000e+02
8.820000000000000000e+02
8.970000000000000000e+02
8.450000000000000000e+02
9.170000000000000000e+02
8.510000000000000000e+02
8.860000000000000000e+02
8.120000000000000000e+02
9.030000000000000000e+02
8.650000000000000000e+02
8.620000000000000000e+02
8.060000000000000000e+02
7.790000000000000000e+02
7.860000000000000000e+02
8.490000000000000000e+02
8.310000000000000000e+02
8.060000000000000000e+02
8.010000000000000000e+02
7.880000000000000000e+02
8.420000000000000000e+02
7.810000000000000000e+02
7.740000000000000000e+02
7.810000000000000000e+02
7.980000000000000000e+02
8.010000000000000000e+02
7.830000000000000000e+02
7.630000000000000000e+02
7.480000000000000000e+02
7.380000000000000000e+02
7.810000000000000000e+02
7.770000000000000000e+02
6.830000000000000000e+02
6.650000000000000000e+02
6.860000000000000000e+02
7.120000000000000000e+02
6.910000000000000000e+02
6.850000000000000000e+02
6.620000000000000000e+02
6.290000000000000000e+02
6.010000000000000000e+02
5.700000000000000000e+02
6.360000000000000000e+02
5.680000000000000000e+02
5.660000000000000000e+02
5.510000000000000000e+02
5.850000000000000000e+02
5.020000000000000000e+02
4.710000000000000000e+02
5.190000000000000000e+02
4.460000000000000000e+02
4.460000000000000000e+02
4.740000000000000000e+02
3.630000000000000000e+02
3.820000000000000000e+02
3.430000000000000000e+02
3.400000000000000000e+02
3.490000000000000000e+02
2.980000000000000000e+02
3.210000000000000000e+02
3.210000000000000000e+02
2.680000000000000000e+02
2.660000000000000000e+02
2.420000000000000000e+02
2.020000000000000000e+02
2.000000000000000000e+02
1.870000000000000000e+02
1.790000000000000000e+02
1.850000000000000000e+02
1.540000000000000000e+02
1.460000000000000000e+02
1.510000000000000000e+02
1.280000000000000000e+02
1.120000000000000000e+02
1.130000000000000000e+02
1.150000000000000000e+02
1.230000000000000000e+02
7.700000000000000000e+01
9.400000000000000000e+01
8.500000000000000000e+01
8.400000000000000000e+01
8.900000000000000000e+01
8.800000000000000000e+01
7.300000000000000000e+01
5.400000000000000000e+01
6.800000000000000000e+01
6.200000000000000000e+01
7.300000000000000000e+01
5.700000000000000000e+01
5.500000000000000000e+01
6.400000000000000000e+01
6.400000000000000000e+01
6.800000000000000000e+01
6.700000000000000000e+01
6.400000000000000000e+01
7.100000000000000000e+01
8.000000000000000000e+01
7.600000000000000000e+01
8.200000000000000000e+01
8.600000000000000000e+01
1.120000000000000000e+02
1.440000000000000000e+02
2.180000000000000000e+02
9.650000000000000000e+02
4.776000000000000000e+03
1.479000000000000000e+03
7.165000000000000000e+03
1.471000000000000000e+03
2.761000000000000000e+03
7.210000000000000000e+02
3.040000000000000000e+02
1.480000000000000000e+02
4.800000000000000000e+01
3.500000000000000000e+01
3.000000000000000000e+01
1.080000000000000000e+02
1.550000000000000000e+02
5.000000000000000000e+00
9.000000000000000000e+00
5.000000000000000000e+00
4.000000000000000000e+00
1.500000000000000000e+01
2.900000000000000000e+01
2.000000000000000000e+00
7.100000000000000000e+01
1.700000000000000000e+01
1.300000000000000000e+01
2.790000000000000000e+02
1.750000000000000000e+02
9.600000000000000000e+02
9.170000000000000000e+02
2.588000000000000000e+03
3.732000000000000000e+03
2.022000000000000000e+03
2.818000000000000000e+03
1.962000000000000000e+03
2.210000000000000000e+03
5.124000000000000000e+03
2.581000000000000000e+03
3.238000000000000000e+03
4.610000000000000000e+02
1.511000000000000000e+03
1.544000000000000000e+03
2.000000000000000000e+00
7.000000000000000000e+00
3.000000000000000000e+00
3.271000000000000000e+03
0.000000000000000000e+00
1.120000000000000000e+02
1.000000000000000000e+00
5.240000000000000000e+02
1.224000000000000000e+03
7.410000000000000000e+02
0.000000000000000000e+00
5.000000000000000000e+01
1.700000000000000000e+01
1.790000000000000000e+02
0.000000000000000000e+00
7.120000000000000000e+02
3.940000000000000000e+02
4.000000000000000000e+00
6.800000000000000000e+01
1.380000000000000000e+02
3.200000000000000000e+02
2.920000000000000000e+02
4.410000000000000000e+02
1.223000000000000000e+03
6.960000000000000000e+02
6.550000000000000000e+02
1.033000000000000000e+03
3.410000000000000000e+02
1.357000000000000000e+03
8.930000000000000000e+02
5.140000000000000000e+02
5.360000000000000000e+02
7.330000000000000000e+02
4.430000000000000000e+02
5.010000000000000000e+02
3.080000000000000000e+02
4.390000000000000000e+02
4.200000000000000000e+02
3.240000000000000000e+02
9.570000000000000000e+02
3.330000000000000000e+02
1.670000000000000000e+02
4.070000000000000000e+02
3.590000000000000000e+02
1.520000000000000000e+02
2.540000000000000000e+02
1.870000000000000000e+02
2.900000000000000000e+02
5.540000000000000000e+02
2.030000000000000000e+02
1.390000000000000000e+02
5.900000000000000000e+01
2.730000000000000000e+02
1.298000000000000000e+03
4.400000000000000000e+01
5.900000000000000000e+01
9.820000000000000000e+02
2.260000000000000000e+02
2.630000000000000000e+02
6.600000000000000000e+01
1.654000000000000000e+03
6.800000000000000000e+01
1.170000000000000000e+02
2.224000000000000000e+03
1.750000000000000000e+02
5.010000000000000000e+02
1.953000000000000000e+03
2.180000000000000000e+02
1.016600000000000000e+04
3.538000000000000000e+03
1.081000000000000000e+03
2.107700000000000000e+04
1.662300000000000000e+04
1.809700000000000000e+04
3.803000000000000000e+04
3.937000000000000000e+03
8.989000000000000000e+03
1.186400000000000000e+04
1.137500000000000000e+04
8.014000000000000000e+03
8.791000000000000000e+03
6.100000000000000000e+03
2.860000000000000000e+03
1.183000000000000000e+03
6.530000000000000000e+02
2.410000000000000000e+02
2.290000000000000000e+02
3.460000000000000000e+02
3.980000000000000000e+02
1.070000000000000000e+02
1.200000000000000000e+01
1.800000000000000000e+01
4.000000000000000000e+00
3.100000000000000000e+02
0.000000000000000000e+00
5.000000000000000000e+00
4.000000000000000000e+00
2.600000000000000000e+01
5.300000000000000000e+01
2.900000000000000000e+01
2.000000000000000000e+00
4.000000000000000000e+00
0.000000000000000000e+00
5.000000000000000000e+00
0.000000000000000000e+00
7.000000000000000000e+00
2.000000000000000000e+00
1.000000000000000000e+00
0.000000000000000000e+00
1.000000000000000000e+00
0.000000000000000000e+00
5.000000000000000000e+00
1.000000000000000000e+00
1.000000000000000000e+01
4.000000000000000000e+00
0.000000000000000000e+00
0.000000000000000000e+00
1.000000000000000000e+00
1.000000000000000000e+00
2.000000000000000000e+00
1.000000000000000000e+00
0.000000000000000000e+00
0.000000000000000000e+00
1.000000000000000000e+00
0.000000000000000000e+00
2.000000000000000000e+00
1.000000000000000000e+00
0.000000000000000000e+00
0.000000000000000000e+00
3.000000000000000000e+00
1.000000000000000000e+00
2.000000000000000000e+00
2.000000000000000000e+00
2.000000000000000000e+00
2.000000000000000000e+00
3.000000000000000000e+00
0.000000000000000000e+00
5.000000000000000000e+00
2.100000000000000000e+01
3.000000000000000000e+00
3.000000000000000000e+00
1.000000000000000000e+00
3.000000000000000000e+00
1.700000000000000000e+01
5.000000000000000000e+00
3.000000000000000000e+00
9.000000000000000000e+00
1.500000000000000000e+01
1.800000000000000000e+01
1.900000000000000000e+01
5.500000000000000000e+01
3.800000000000000000e+01
1.400000000000000000e+01
1.410000000000000000e+02
0.000000000000000000e+00
1.400000000000000000e+01
1.250000000000000000e+02
1.780000000000000000e+02
2.280000000000000000e+02
3.060000000000000000e+02
4.900000000000000000e+02
7.590000000000000000e+02
1.553000000000000000e+03
2.173000000000000000e+03
1.318000000000000000e+04
3.774000000000000000e+03
4.178000000000000000e+03
1.952000000000000000e+03
1.925000000000000000e+03
2.026000000000000000e+03
1.863000000000000000e+03
2.012000000000000000e+03
2.178000000000000000e+03
2.413000000000000000e+03
2.614000000000000000e+03
2.716000000000000000e+03
2.774000000000000000e+03
2.759000000000000000e+03
2.561000000000000000e+03
2.773000000000000000e+03
2.590000000000000000e+03
2.503000000000000000e+03
2.700000000000000000e+03
2.407000000000000000e+03
2.314000000000000000e+03
2.205000000000000000e+03
2.280000000000000000e+03
1.939000000000000000e+03
1.953000000000000000e+03
2.090000000000000000e+03
1.557000000000000000e+03
1.702000000000000000e+03
1.409000000000000000e+03
1.335000000000000000e+03
1.317000000000000000e+03
1.245000000000000000e+03
1.262000000000000000e+03
1.122000000000000000e+03
1.058000000000000000e+03
1.076000000000000000e+03
1.026000000000000000e+03
1.029000000000000000e+03
9.890000000000000000e+02
7.950000000000000000e+02
8.750000000000000000e+02
6.610000000000000000e+02
8.400000000000000000e+02
7.030000000000000000e+02
6.890000000000000000e+02
6.420000000000000000e+02
5.980000000000000000e+02
6.640000000000000000e+02
5.230000000000000000e+02
4.800000000000000000e+02
6.010000000000000000e+02
5.010000000000000000e+02
3.290000000000000000e+02
6.700000000000000000e+02
5.240000000000000000e+02
4.450000000000000000e+02
6.150000000000000000e+02
6.210000000000000000e+02
5.170000000000000000e+02
9.050000000000000000e+02
7.190000000000000000e+02
8.290000000000000000e+02
9.610000000000000000e+02
8.480000000000000000e+02
1.027000000000000000e+03
1.096000000000000000e+03
1.297000000000000000e+03
1.446000000000000000e+03
1.400000000000000000e+03
1.227000000000000000e+03
1.764000000000000000e+03
1.322000000000000000e+03
1.394000000000000000e+03
1.735000000000000000e+03
2.319000000000000000e+03
1.783000000000000000e+03
1.244000000000000000e+03
1.748000000000000000e+03
1.945000000000000000e+03
1.612000000000000000e+03
1.627000000000000000e+03
1.666000000000000000e+03
1.115000000000000000e+03
2.031000000000000000e+03
1.204000000000000000e+03
1.544000000000000000e+03
2.045000000000000000e+03
1.221000000000000000e+03
1.404000000000000000e+03
1.668000000000000000e+03
1.168000000000000000e+03
1.375000000000000000e+03
1.161000000000000000e+03
1.364000000000000000e+03
9.620000000000000000e+02
1.292000000000000000e+03
9.780000000000000000e+02
1.177000000000000000e+03
1.141000000000000000e+03
8.530000000000000000e+02
6.330000000000000000e+02
1.107000000000000000e+03
8.300000000000000000e+02
8.840000000000000000e+02
7.640000000000000000e+02
6.440000000000000000e+02
7.450000000000000000e+02
7.590000000000000000e+02
7.840000000000000000e+02
5.120000000000000000e+02
5.950000000000000000e+02
8.550000000000000000e+02
4.600000000000000000e+02
5.000000000000000000e+02
7.890000000000000000e+02
2.120000000000000000e+02
7.380000000000000000e+02
9.750000000000000000e+02
2.120000000000000000e+02
5.330000000000000000e+02
5.190000000000000000e+02
3.380000000000000000e+02
4.700000000000000000e+02
5.750000000000000000e+02
4.570000000000000000e+02
3.710000000000000000e+02
4.380000000000000000e+02
3.610000000000000000e+02
4.850000000000000000e+02
4.870000000000000000e+02
3.360000000000000000e+02
4.300000000000000000e+02
4.890000000000000000e+02
3.650000000000000000e+02
3.250000000000000000e+02
5.170000000000000000e+02
3.680000000000000000e+02
4.470000000000000000e+02
4.110000000000000000e+02
2.980000000000000000e+02
3.990000000000000000e+02
2.860000000000000000e+02
7.260000000000000000e+02
2.330000000000000000e+02
3.680000000000000000e+02
4.180000000000000000e+02
3.120000000000000000e+02
4.160000000000000000e+02
4.550000000000000000e+02
2.420000000000000000e+02
4.040000000000000000e+02
4.000000000000000000e+02
2.660000000000000000e+02
3.690000000000000000e+02
3.970000000000000000e+02
3.230000000000000000e+02
3.320000000000000000e+02
2.360000000000000000e+02
1.260000000000000000e+02
1.045000000000000000e+03
1.190000000000000000e+02
2.420000000000000000e+02
3.690000000000000000e+02
3.490000000000000000e+02
3.670000000000000000e+02
1.810000000000000000e+02
5.130000000000000000e+02
1.330000000000000000e+02
5.000000000000000000e+02
3.000000000000000000e+02
3.070000000000000000e+02
4.590000000000000000e+02
1.970000000000000000e+02
3.650000000000000000e+02
5.510000000000000000e+02
3.270000000000000000e+02
3.590000000000000000e+02
3.760000000000000000e+02
2.480000000000000000e+02
2.300000000000000000e+02
9.020000000000000000e+02
1.650000000000000000e+02
3.000000000000000000e+02
4.200000000000000000e+02
2.280000000000000000e+02
3.240000000000000000e+02
2.930000000000000000e+02
4.490000000000000000e+02
2.150000000000000000e+02
6.230000000000000000e+02
2.950000000000000000e+02
3.650000000000000000e+02
2.230000000000000000e+02
7.350000000000000000e+02
2.370000000000000000e+02
3.370000000000000000e+02
3.130000000000000000e+02
2.470000000000000000e+02
4.880000000000000000e+02
2.600000000000000000e+02
3.850000000000000000e+02
2.490000000000000000e+02
5.690000000000000000e+02
2.640000000000000000e+02
3.750000000000000000e+02
4.360000000000000000e+02
3.530000000000000000e+02
1.770000000000000000e+02
5.520000000000000000e+02
3.350000000000000000e+02
3.580000000000000000e+02
2.930000000000000000e+02
4.520000000000000000e+02
3.750000000000000000e+02
2.920000000000000000e+02
2.630000000000000000e+02
5.900000000000000000e+02
3.400000000000000000e+02
2.370000000000000000e+02
4.720000000000000000e+02
3.590000000000000000e+02
3.520000000000000000e+02
3.170000000000000000e+02
4.960000000000000000e+02
5.180000000000000000e+02
3.660000000000000000e+02
3.430000000000000000e+02
4.610000000000000000e+02
5.520000000000000000e+02
6.290000000000000000e+02
4.770000000000000000e+02
3.930000000000000000e+02
5.680000000000000000e+02
9.780000000000000000e+02
8.460000000000000000e+02
5.570000000000000000e+02
6.350000000000000000e+02
1.026000000000000000e+03
1.422000000000000000e+03
1.566000000000000000e+03
1.003000000000000000e+03
4.250000000000000000e+02
2.890000000000000000e+02
1.800000000000000000e+01
9.672000000000000000e+03
0.000000000000000000e+00
1.000000000000000000e+01
5.200000000000000000e+01
9.900000000000000000e+01
6.360000000000000000e+02
5.670000000000000000e+02
3.950000000000000000e+02
5.040000000000000000e+02
5.280000000000000000e+02
5.540000000000000000e+02
5.550000000000000000e+02
5.320000000000000000e+02
5.860000000000000000e+02
6.300000000000000000e+02
7.030000000000000000e+02
6.610000000000000000e+02
7.310000000000000000e+02
6.980000000000000000e+02
8.490000000000000000e+02
8.890000000000000000e+02
1.002000000000000000e+03
1.024000000000000000e+03
1.169000000000000000e+03
1.219000000000000000e+03
1.199000000000000000e+03
1.225000000000000000e+03
1.212000000000000000e+03
1.073000000000000000e+03
9.940000000000000000e+02
9.200000000000000000e+02
8.960000000000000000e+02
8.930000000000000000e+02
8.750000000000000000e+02
9.420000000000000000e+02
1.055000000000000000e+03
1.005000000000000000e+03
1.125000000000000000e+03
1.326000000000000000e+03
1.275000000000000000e+03
1.286000000000000000e+03
1.182000000000000000e+03
1.288000000000000000e+03
1.358000000000000000e+03
1.606000000000000000e+03
1.994000000000000000e+03
2.394000000000000000e+03
2.447000000000000000e+03
2.442000000000000000e+03
2.340000000000000000e+03
2.536000000000000000e+03
2.496000000000000000e+03
2.677000000000000000e+03
2.607000000000000000e+03
2.760000000000000000e+03
2.751000000000000000e+03
2.683000000000000000e+03
2.731000000000000000e+03
2.621000000000000000e+03
2.703000000000000000e+03
2.704000000000000000e+03
2.667000000000000000e+03
2.515000000000000000e+03
2.438000000000000000e+03
2.454000000000000000e+03
2.214000000000000000e+03
2.202000000000000000e+03
2.126000000000000000e+03
1.933000000000000000e+03
1.925000000000000000e+03
1.961000000000000000e+03
1.819000000000000000e+03
1.844000000000000000e+03
1.611000000000000000e+03
1.574000000000000000e+03
1.593000000000000000e+03
1.451000000000000000e+03
1.468000000000000000e+03
1.378000000000000000e+03
1.267000000000000000e+03
1.200000000000000000e+03
1.141000000000000000e+03
1.047000000000000000e+03
1.092000000000000000e+03
1.039000000000000000e+03
9.330000000000000000e+02
1.005000000000000000e+03
1.034000000000000000e+03
9.360000000000000000e+02
9.890000000000000000e+02
9.440000000000000000e+02
9.270000000000000000e+02
9.170000000000000000e+02
8.770000000000000000e+02
8.610000000000000000e+02
8.690000000000000000e+02
8.390000000000000000e+02
8.410000000000000000e+02
8.030000000000000000e+02
8.490000000000000000e+02
7.910000000000000000e+02
8.110000000000000000e+02
8.070000000000000000e+02
8.500000000000000000e+02
7.760000000000000000e+02
8.200000000000000000e+02
7.670000000000000000e+02
8.090000000000000000e+02
7.640000000000000000e+02
7.990000000000000000e+02
7.550000000000000000e+02
8.470000000000000000e+02
8.290000000000000000e+02
7.680000000000000000e+02
7.790000000000000000e+02
8.660000000000000000e+02
8.260000000000000000e+02
8.090000000000000000e+02
8.230000000000000000e+02
8.480000000000000000e+02
8.290000000000000000e+02
8.690000000000000000e+02
8.570000000000000000e+02
8.600000000000000000e+02
8.570000000000000000e+02
8.060000000000000000e+02
8.770000000000000000e+02
8.660000000000000000e+02
8.250000000000000000e+02
8.750000000000000000e+02
9.040000000000000000e+02
9.140000000000000000e+02
8.840000000000000000e+02
9.020000000000000000e+02
8.580000000000000000e+02
8.620000000000000000e+02
8.810000000000000000e+02
8.720000000000000000e+02
8.880000000000000000e+02
9.180000000000000000e+02
8.530000000000000000e+02
8.350000000000000000e+02
8.590000000000000000e+02
8.660000000000000000e+02
8.510000000000000000e+02
8.280000000000000000e+02
8.570000000000000000e+02
8.270000000000000000e+02
8.350000000000000000e+02
7.700000000000000000e+02
7.490000000000000000e+02
7.220000000000000000e+02
7.850000000000000000e+02
7.430000000000000000e+02
7.230000000000000000e+02
7.890000000000000000e+02
7.770000000000000000e+02
7.730000000000000000e+02
7.790000000000000000e+02
7.520000000000000000e+02
7.170000000000000000e+02
7.600000000000000000e+02
7.440000000000000000e+02
7.150000000000000000e+02
7.720000000000000000e+02
7.560000000000000000e+02
7.930000000000000000e+02
7.250000000000000000e+02
7.610000000000000000e+02
7.830000000000000000e+02
7.450000000000000000e+02
7.650000000000000000e+02
7.520000000000000000e+02
7.390000000000000000e+02
7.190000000000000000e+02
7.200000000000000000e+02
7.180000000000000000e+02
7.300000000000000000e+02
6.930000000000000000e+02
7.300000000000000000e+02
7.120000000000000000e+02
6.950000000000000000e+02
6.460000000000000000e+02
6.940000000000000000e+02
6.590000000000000000e+02
6.510000000000000000e+02
6.170000000000000000e+02
6.870000000000000000e+02
6.210000000000000000e+02
6.370000000000000000e+02
6.210000000000000000e+02
5.850000000000000000e+02
5.830000000000000000e+02
5.370000000000000000e+02
5.140000000000000000e+02
5.370000000000000000e+02
5.280000000000000000e+02
5.100000000000000000e+02
4.750000000000000000e+02
4.340000000000000000e+02
4.330000000000000000e+02
4.180000000000000000e+02
3.790000000000000000e+02
4.010000000000000000e+02
3.930000000000000000e+02
3.910000000000000000e+02
3.620000000000000000e+02
3.260000000000000000e+02
3.730000000000000000e+02
3.190000000000000000e+02
3.030000000000000000e+02
2.930000000000000000e+02
3.040000000000000000e+02
2.870000000000000000e+02
2.530000000000000000e+02
2.390000000000000000e+02
2.740000000000000000e+02
2.260000000000000000e+02
2.150000000000000000e+02
2.050000000000000000e+02
2.010000000000000000e+02
1.760000000000000000e+02
1.670000000000000000e+02
1.630000000000000000e+02
1.440000000000000000e+02
1.520000000000000000e+02
1.470000000000000000e+02
1.250000000000000000e+02
1.260000000000000000e+02
1.270000000000000000e+02
1.330000000000000000e+02
9.900000000000000000e+01
1.090000000000000000e+02
1.030000000000000000e+02
1.160000000000000000e+02
1.000000000000000000e+02
1.090000000000000000e+02
9.300000000000000000e+01
9.100000000000000000e+01
8.800000000000000000e+01
9.400000000000000000e+01
1.060000000000000000e+02
1.490000000000000000e+02
1.930000000000000000e+02
9.390000000000000000e+02
4.723000000000000000e+03
1.451000000000000000e+03
7.206000000000000000e+03
1.498000000000000000e+03
2.888000000000000000e+03
8.000000000000000000e+02
4.240000000000000000e+02
1.880000000000000000e+02
7.000000000000000000e+01
5.400000000000000000e+01
3.700000000000000000e+01
1.190000000000000000e+02
