4.900000000000000000e+01
5.400000000000000000e+01
9.500000000000000000e+01
2.620000000000000000e+02
4.850000000000000000e+02
4.660000000000000000e+02
7.950000000000000000e+02
1.459000000000000000e+03
1.257000000000000000e+03
1.169000000000000000e+03
1.121000000000000000e+03
1.056000000000000000e+03
1.000000000000000000e+03
1.135000000000000000e+03
1.101000000000000000e+03
9.800000000000000000e+02
9.600000000000000000e+02
9.610000000000000000e+02
9.160000000000000000e+02
9.370000000000000000e+02
9.640000000000000000e+02
9.390000000000000000e+02
9.030000000000000000e+02
7.580000000000000000e+02
6.920000000000000000e+02
6.920000000000000000e+02
6.580000000000000000e+02
6.350000000000000000e+02
5.960000000000000000e+02
6.610000000000000000e+02
5.760000000000000000e+02
6.700000000000000000e+02
6.230000000000000000e+02
6.690000000000000000e+02
6.080000000000000000e+02
6.500000000000000000e+02
7.150000000000000000e+02
6.000000000000000000e+02
6.390000000000000000e+02
6.700000000000000000e+02
6.870000000000000000e+02
6.530000000000000000e+02
6.400000000000000000e+02
6.380000000000000000e+02
7.450000000000000000e+02
6.770000000000000000e+02
7.490000000000000000e+02
8.250000000000000000e+02
7.730000000000000000e+02
8.030000000000000000e+02
8.190000000000000000e+02
9.030000000000000000e+02
8.780000000000000000e+02
9.010000000000000000e+02
9.060000000000000000e+02
9.070000000000000000e+02
8.450000000000000000e+02
9.120000000000000000e+02
9.450000000000000000e+02
9.320000000000000000e+02
9.370000000000000000e+02
8.960000000000000000e+02
8.850000000000000000e+02
8.350000000000000000e+02
8.050000000000000000e+02
8.220000000000000000e+02
8.410000000000000000e+02
7.720000000000000000e+02
8.110000000000000000e+02
7.060000000000000000e+02
7.040000000000000000e+02
6.960000000000000000e+02
6.780000000000000000e+02
6.490000000000000000e+02
6.210000000000000000e+02
6.270000000000000000e+02
6.010000000000000000e+02
5.800000000000000000e+02
5.460000000000000000e+02
5.240000000000000000e+02
5.680000000000000000e+02
5.410000000000000000e+02
5.690000000000000000e+02
5.800000000000000000e+02
5.610000000000000000e+02
5.490000000000000000e+02
5.930000000000000000e+02
5.480000000000000000e+02
5.760000000000000000e+02
5.580000000000000000e+02
5.800000000000000000e+02
5.890000000000000000e+02
5.860000000000000000e+02
6.180000000000000000e+02
5.990000000000000000e+02
5.670000000000000000e+02
5.830000000000000000e+02
5.740000000000000000e+02
5.310000000000000000e+02
5.330000000000000000e+02
5.120000000000000000e+02
5.140000000000000000e+02
5.240000000000000000e+02
5.070000000000000000e+02
5.100000000000000000e+02
4.650000000000000000e+02
4.470000000000000000e+02
4.460000000000000000e+02
4.500000000000000000e+02
4.690000000000000000e+02
4.640000000000000000e+02
4.910000000000000000e+02
4.580000000000000000e+02
4.650000000000000000e+02
5.270000000000000000e+02
5.200000000000000000e+02
5.140000000000000000e+02
5.540000000000000000e+02
5.540000000000000000e+02
5.590000000000000000e+02
6.330000000000000000e+02
6.520000000000000000e+02
6.140000000000000000e+02
6.930000000000000000e+02
6.430000000000000000e+02
6.590000000000000000e+02
6.650000000000000000e+02
6.410000000000000000e+02
6.640000000000000000e+02
6.250000000000000000e+02
6.030000000000000000e+02
6.380000000000000000e+02
6.270000000000000000e+02
6.640000000000000000e+02
6.830000000000000000e+02
6.550000000000000000e+02
6.620000000000000000e+02
6.430000000000000000e+02
6.330000000000000000e+02
6.230000000000000000e+02
6.220000000000000000e+02
6.960000000000000000e+02
6.730000000000000000e+02
6.710000000000000000e+02
6.810000000000000000e+02
7.070000000000000000e+02
7.100000000000000000e+02
7.750000000000000000e+02
7.220000000000000000e+02
7.580000000000000000e+02
7.840000000000000000e+02
7.700000000000000000e+02
7.610000000000000000e+02
7.690000000000000000e+02
7.380000000000000000e+02
8.150000000000000000e+02
7.820000000000000000e+02
8.050000000000000000e+02
7.960000000000000000e+02
7.630000000000000000e+02
8.080000000000000000e+02
8.210000000000000000e+02
8.380000000000000000e+02
8.640000000000000000e+02
9.190000000000000000e+02
8.440000000000000000e+02
8.530000000000000000e+02
8.060000000000000000e+02
8.950000000000000000e+02
8.250000000000000000e+02
8.210000000000000000e+02
8.350000000000000000e+02
8.580000000000000000e+02
8.530000000000000000e+02
8.340000000000000000e+02
8.780000000000000000e+02
8.540000000000000000e+02
9.510000000000000000e+02
9.570000000000000000e+02
8.880000000000000000e+02
1.004000000000000000e+03
1.104000000000000000e+03
9.620000000000000000e+02
1.168000000000000000e+03
1.166000000000000000e+03
1.002000000000000000e+03
1.026000000000000000e+03
1.100000000000000000e+03
9.910000000000000000e+02
1.124000000000000000e+03
1.058000000000000000e+03
1.045000000000000000e+03
1.143000000000000000e+03
1.141000000000000000e+03
1.079000000000000000e+03
1.140000000000000000e+03
1.552000000000000000e+03
1.753000000000000000e+03
2.028000000000000000e+03
1.935000000000000000e+03
1.766000000000000000e+03
2.189000000000000000e+03
2.469000000000000000e+03
2.277000000000000000e+03
3.028000000000000000e+03
2.353000000000000000e+03
1.907000000000000000e+03
2.243000000000000000e+03
2.315000000000000000e+03
1.946000000000000000e+03
2.009000000000000000e+03
2.049000000000000000e+03
1.758000000000000000e+03
1.899000000000000000e+03
2.172000000000000000e+03
1.861000000000000000e+03
2.193000000000000000e+03
2.646000000000000000e+03
2.010000000000000000e+03
2.482000000000000000e+03
3.458000000000000000e+03
2.655000000000000000e+03
2.688000000000000000e+03
3.270000000000000000e+03
2.268000000000000000e+03
2.360000000000000000e+03
2.059000000000000000e+03
1.859000000000000000e+03
2.112000000000000000e+03
2.379000000000000000e+03
1.959000000000000000e+03
2.486000000000000000e+03
1.853000000000000000e+03
1.189000000000000000e+03
9.480000000000000000e+02
1.210000000000000000e+03
8.130000000000000000e+02
8.800000000000000000e+02
1.212000000000000000e+03
1.012000000000000000e+03
1.521000000000000000e+03
1.542000000000000000e+03
8.380000000000000000e+02
6.300000000000000000e+02
5.060000000000000000e+02
3.270000000000000000e+02
2.170000000000000000e+02
1.760000000000000000e+02
7.500000000000000000e+01
6.400000000000000000e+01
5.400000000000000000e+01
3.500000000000000000e+01
3.700000000000000000e+01
3.000000000000000000e+01
3.000000000000000000e+01
3.200000000000000000e+01
8.000000000000000000e+01
8.300000000000000000e+01
1.460000000000000000e+02
3.370000000000000000e+02
5.280000000000000000e+02
5.700000000000000000e+02
8.500000000000000000e+02
1.499000000000000000e+03
1.319000000000000000e+03
1.263000000000000000e+03
1.169000000000000000e+03
1.154000000000000000e+03
1.201000000000000000e+03
1.125000000000000000e+03
9.710000000000000000e+02
1.000000000000000000e+03
9.580000000000000000e+02
9.460000000000000000e+02
9.560000000000000000e+02
9.280000000000000000e+02
1.012000000000000000e+03
9.340000000000000000e+02
9.090000000000000000e+02
7.960000000000000000e+02
6.590000000000000000e+02
6.930000000000000000e+02
6.330000000000000000e+02
6.770000000000000000e+02
6.540000000000000000e+02
6.270000000000000000e+02
6.370000000000000000e+02
6.610000000000000000e+02
6.050000000000000000e+02
6.820000000000000000e+02
6.770000000000000000e+02
6.190000000000000000e+02
6.710000000000000000e+02
6.370000000000000000e+02
6.630000000000000000e+02
6.930000000000000000e+02
6.760000000000000000e+02
6.570000000000000000e+02
6.790000000000000000e+02
7.770000000000000000e+02
7.740000000000000000e+02
7.430000000000000000e+02
7.250000000000000000e+02
7.780000000000000000e+02
7.790000000000000000e+02
7.630000000000000000e+02
8.530000000000000000e+02
8.750000000000000000e+02
8.730000000000000000e+02
9.210000000000000000e+02
8.890000000000000000e+02
8.910000000000000000e+02
9.070000000000000000e+02
8.870000000000000000e+02
9.300000000000000000e+02
8.520000000000000000e+02
8.940000000000000000e+02
8.520000000000000000e+02
8.410000000000000000e+02
8.050000000000000000e+02
7.880000000000000000e+02
7.610000000000000000e+02
7.190000000000000000e+02
7.050000000000000000e+02
7.100000000000000000e+02
7.030000000000000000e+02
7.540000000000000000e+02
7.230000000000000000e+02
7.280000000000000000e+02
7.530000000000000000e+02
7.360000000000000000e+02
7.380000000000000000e+02
6.920000000000000000e+02
7.030000000000000000e+02
6.830000000000000000e+02
7.380000000000000000e+02
7.540000000000000000e+02
7.000000000000000000e+02
7.240000000000000000e+02
6.980000000000000000e+02
6.280000000000000000e+02
6.370000000000000000e+02
6.440000000000000000e+02
6.350000000000000000e+02
6.480000000000000000e+02
5.730000000000000000e+02
6.160000000000000000e+02
6.460000000000000000e+02
5.820000000000000000e+02
5.550000000000000000e+02
5.670000000000000000e+02
6.330000000000000000e+02
5.880000000000000000e+02
5.770000000000000000e+02
5.490000000000000000e+02
6.040000000000000000e+02
6.100000000000000000e+02
6.230000000000000000e+02
5.920000000000000000e+02
6.440000000000000000e+02
6.660000000000000000e+02
6.410000000000000000e+02
6.460000000000000000e+02
6.540000000000000000e+02
7.020000000000000000e+02
7.650000000000000000e+02
6.650000000000000000e+02
6.810000000000000000e+02
6.560000000000000000e+02
6.180000000000000000e+02
6.800000000000000000e+02
6.320000000000000000e+02
6.420000000000000000e+02
6.740000000000000000e+02
6.070000000000000000e+02
6.620000000000000000e+02
6.610000000000000000e+02
6.310000000000000000e+02
6.100000000000000000e+02
6.440000000000000000e+02
6.300000000000000000e+02
6.010000000000000000e+02
6.430000000000000000e+02
5.950000000000000000e+02
6.440000000000000000e+02
6.050000000000000000e+02
6.640000000000000000e+02
6.830000000000000000e+02
6.360000000000000000e+02
6.900000000000000000e+02
6.620000000000000000e+02
6.290000000000000000e+02
6.570000000000000000e+02
6.640000000000000000e+02
6.740000000000000000e+02
6.300000000000000000e+02
6.960000000000000000e+02
6.800000000000000000e+02
7.090000000000000000e+02
6.950000000000000000e+02
7.740000000000000000e+02
7.060000000000000000e+02
7.620000000000000000e+02
7.650000000000000000e+02
7.590000000000000000e+02
7.890000000000000000e+02
8.100000000000000000e+02
8.040000000000000000e+02
7.610000000000000000e+02
8.130000000000000000e+02
7.370000000000000000e+02
7.990000000000000000e+02
7.330000000000000000e+02
7.050000000000000000e+02
6.770000000000000000e+02
6.680000000000000000e+02
6.760000000000000000e+02
6.950000000000000000e+02
6.660000000000000000e+02
7.050000000000000000e+02
6.730000000000000000e+02
7.270000000000000000e+02
7.170000000000000000e+02
7.660000000000000000e+02
7.730000000000000000e+02
8.060000000000000000e+02
8.040000000000000000e+02
7.520000000000000000e+02
7.930000000000000000e+02
8.180000000000000000e+02
7.880000000000000000e+02
7.760000000000000000e+02
7.720000000000000000e+02
7.670000000000000000e+02
7.980000000000000000e+02
7.960000000000000000e+02
7.980000000000000000e+02
8.450000000000000000e+02
7.940000000000000000e+02
8.650000000000000000e+02
8.050000000000000000e+02
8.790000000000000000e+02
8.620000000000000000e+02
9.440000000000000000e+02
9.090000000000000000e+02
7.950000000000000000e+02
9.180000000000000000e+02
9.300000000000000000e+02
9.010000000000000000e+02
1.072000000000000000e+03
9.460000000000000000e+02
9.550000000000000000e+02
1.099000000000000000e+03
9.210000000000000000e+02
8.850000000000000000e+02
1.137000000000000000e+03
1.064000000000000000e+03
1.070000000000000000e+03
1.358000000000000000e+03
1.275000000000000000e+03
1.450000000000000000e+03
2.428000000000000000e+03
2.341000000000000000e+03
2.006000000000000000e+03
2.246000000000000000e+03
2.365000000000000000e+03
2.154000000000000000e+03
2.802000000000000000e+03
3.133000000000000000e+03
2.233000000000000000e+03
2.370000000000000000e+03
2.063000000000000000e+03
2.169000000000000000e+03
3.045000000000000000e+03
2.225000000000000000e+03
1.941000000000000000e+03
2.977000000000000000e+03
2.429000000000000000e+03
2.558000000000000000e+03
3.686000000000000000e+03
2.500000000000000000e+03
2.534000000000000000e+03
3.758000000000000000e+03
2.819000000000000000e+03
2.195000000000000000e+03
2.664000000000000000e+03
1.931000000000000000e+03
2.142000000000000000e+03
2.935000000000000000e+03
1.240000000000000000e+03
1.167000000000000000e+03
1.321000000000000000e+03
8.500000000000000000e+02
7.900000000000000000e+02
1.335000000000000000e+03
1.036000000000000000e+03
1.374000000000000000e+03
1.667000000000000000e+03
7.410000000000000000e+02
5.940000000000000000e+02
5.990000000000000000e+02
4.020000000000000000e+02
2.710000000000000000e+02
2.030000000000000000e+02
9.100000000000000000e+01
8.500000000000000000e+01
6.000000000000000000e+01
5.000000000000000000e+01
5.400000000000000000e+01
3.400000000000000000e+01
3.000000000000000000e+01
2.200000000000000000e+01
1.530000000000000000e+02
1.110000000000000000e+02
1.790000000000000000e+02
3.260000000000000000e+02
5.750000000000000000e+02
5.450000000000000000e+02
8.570000000000000000e+02
1.409000000000000000e+03
1.273000000000000000e+03
1.173000000000000000e+03
1.340000000000000000e+03
1.213000000000000000e+03
1.038000000000000000e+03
9.730000000000000000e+02
9.280000000000000000e+02
9.170000000000000000e+02
8.800000000000000000e+02
8.890000000000000000e+02
8.390000000000000000e+02
9.020000000000000000e+02
8.950000000000000000e+02
8.460000000000000000e+02
8.210000000000000000e+02
7.320000000000000000e+02
6.960000000000000000e+02
6.540000000000000000e+02
6.420000000000000000e+02
6.020000000000000000e+02
5.960000000000000000e+02
5.800000000000000000e+02
5.780000000000000000e+02
5.780000000000000000e+02
5.850000000000000000e+02
5.660000000000000000e+02
5.700000000000000000e+02
6.030000000000000000e+02
6.410000000000000000e+02
6.370000000000000000e+02
6.030000000000000000e+02
6.330000000000000000e+02
6.020000000000000000e+02
6.650000000000000000e+02
6.740000000000000000e+02
6.800000000000000000e+02
6.960000000000000000e+02
7.080000000000000000e+02
7.040000000000000000e+02
7.570000000000000000e+02
7.540000000000000000e+02
8.090000000000000000e+02
7.600000000000000000e+02
7.480000000000000000e+02
8.290000000000000000e+02
8.220000000000000000e+02
8.240000000000000000e+02
8.890000000000000000e+02
8.900000000000000000e+02
9.010000000000000000e+02
9.620000000000000000e+02
8.630000000000000000e+02
9.150000000000000000e+02
9.330000000000000000e+02
8.980000000000000000e+02
1.017000000000000000e+03
9.460000000000000000e+02
8.530000000000000000e+02
8.060000000000000000e+02
8.210000000000000000e+02
8.300000000000000000e+02
7.460000000000000000e+02
7.420000000000000000e+02
7.440000000000000000e+02
7.620000000000000000e+02
7.240000000000000000e+02
6.830000000000000000e+02
7.050000000000000000e+02
7.740000000000000000e+02
7.130000000000000000e+02
7.690000000000000000e+02
7.810000000000000000e+02
7.530000000000000000e+02
7.770000000000000000e+02
7.330000000000000000e+02
7.020000000000000000e+02
6.710000000000000000e+02
7.300000000000000000e+02
7.420000000000000000e+02
7.190000000000000000e+02
7.420000000000000000e+02
7.340000000000000000e+02
7.210000000000000000e+02
7.060000000000000000e+02
7.190000000000000000e+02
7.590000000000000000e+02
7.370000000000000000e+02
7.540000000000000000e+02
7.740000000000000000e+02
7.190000000000000000e+02
7.710000000000000000e+02
7.550000000000000000e+02
8.060000000000000000e+02
7.270000000000000000e+02
7.030000000000000000e+02
7.180000000000000000e+02
6.800000000000000000e+02
6.610000000000000000e+02
6.590000000000000000e+02
7.260000000000000000e+02
7.240000000000000000e+02
7.220000000000000000e+02
6.880000000000000000e+02
6.980000000000000000e+02
6.580000000000000000e+02
6.470000000000000000e+02
6.150000000000000000e+02
6.410000000000000000e+02
6.700000000000000000e+02
6.190000000000000000e+02
6.580000000000000000e+02
6.220000000000000000e+02
6.110000000000000000e+02
6.510000000000000000e+02
6.460000000000000000e+02
6.440000000000000000e+02
6.190000000000000000e+02
6.530000000000000000e+02
6.270000000000000000e+02
6.400000000000000000e+02
6.190000000000000000e+02
6.600000000000000000e+02
6.460000000000000000e+02
6.740000000000000000e+02
6.600000000000000000e+02
6.960000000000000000e+02
6.890000000000000000e+02
6.480000000000000000e+02
6.470000000000000000e+02
6.400000000000000000e+02
6.430000000000000000e+02
5.890000000000000000e+02
6.240000000000000000e+02
6.070000000000000000e+02
5.630000000000000000e+02
6.230000000000000000e+02
6.240000000000000000e+02
6.130000000000000000e+02
6.200000000000000000e+02
5.990000000000000000e+02
6.370000000000000000e+02
6.440000000000000000e+02
6.950000000000000000e+02
6.650000000000000000e+02
6.310000000000000000e+02
6.100000000000000000e+02
6.270000000000000000e+02
6.620000000000000000e+02
6.200000000000000000e+02
6.320000000000000000e+02
6.800000000000000000e+02
6.450000000000000000e+02
6.710000000000000000e+02
6.420000000000000000e+02
6.740000000000000000e+02
6.290000000000000000e+02
6.330000000000000000e+02
6.570000000000000000e+02
6.850000000000000000e+02
7.640000000000000000e+02
7.080000000000000000e+02
6.540000000000000000e+02
6.920000000000000000e+02
6.670000000000000000e+02
6.260000000000000000e+02
6.430000000000000000e+02
6.390000000000000000e+02
6.520000000000000000e+02
6.160000000000000000e+02
6.000000000000000000e+02
5.990000000000000000e+02
5.610000000000000000e+02
6.510000000000000000e+02
5.950000000000000000e+02
6.330000000000000000e+02
6.390000000000000000e+02
6.150000000000000000e+02
6.070000000000000000e+02
5.970000000000000000e+02
6.590000000000000000e+02
6.060000000000000000e+02
6.390000000000000000e+02
7.410000000000000000e+02
7.560000000000000000e+02
7.920000000000000000e+02
7.750000000000000000e+02
7.410000000000000000e+02
8.600000000000000000e+02
9.040000000000000000e+02
8.050000000000000000e+02
8.610000000000000000e+02
8.910000000000000000e+02
1.010000000000000000e+03
9.880000000000000000e+02
1.076000000000000000e+03
1.050000000000000000e+03
1.132000000000000000e+03
1.146000000000000000e+03
1.239000000000000000e+03
1.131000000000000000e+03
1.232000000000000000e+03
1.577000000000000000e+03
1.525000000000000000e+03
1.506000000000000000e+03
1.698000000000000000e+03
1.839000000000000000e+03
1.670000000000000000e+03
1.977000000000000000e+03
2.454000000000000000e+03
2.438000000000000000e+03
2.815000000000000000e+03
3.384000000000000000e+03
2.912000000000000000e+03
3.100000000000000000e+03
3.513000000000000000e+03
3.821000000000000000e+03
2.959000000000000000e+03
3.489000000000000000e+03
3.010000000000000000e+03
3.622000000000000000e+03
3.948000000000000000e+03
3.480000000000000000e+03
3.129000000000000000e+03
3.398000000000000000e+03
3.084000000000000000e+03
2.733000000000000000e+03
2.368000000000000000e+03
2.095000000000000000e+03
2.159000000000000000e+03
1.545000000000000000e+03
1.410000000000000000e+03
1.063000000000000000e+03
1.491000000000000000e+03
1.412000000000000000e+03
6.860000000000000000e+02
7.710000000000000000e+02
6.110000000000000000e+02
5.910000000000000000e+02
5.800000000000000000e+02
4.200000000000000000e+02
2.950000000000000000e+02
2.500000000000000000e+02
1.520000000000000000e+02
1.170000000000000000e+02
7.100000000000000000e+01
6.300000000000000000e+01
5.300000000000000000e+01
1.730000000000000000e+02
2.013300000000000000e+04
0.000000000000000000e+00
1.000000000000000000e+01
1.190000000000000000e+02
1.000000000000000000e+00
2.232000000000000000e+03
2.494000000000000000e+03
1.900000000000000000e+01
5.129000000000000000e+03
3.452000000000000000e+03
1.076600000000000000e+04
2.295300000000000000e+04
8.382000000000000000e+03
4.101000000000000000e+03
5.750000000000000000e+02
1.530000000000000000e+02
1.580000000000000000e+02
9.000000000000000000e+00
1.000000000000000000e+01
1.540000000000000000e+02
4.223000000000000000e+03
7.000000000000000000e+01
4.000000000000000000e+01
3.700000000000000000e+01
4.140000000000000000e+02
6.800000000000000000e+01
4.700000000000000000e+01
7.000000000000000000e+00
1.000000000000000000e+01
1.400000000000000000e+01
1.674000000000000000e+03
7.000000000000000000e+00
4.300000000000000000e+01
4.200000000000000000e+01
3.800000000000000000e+01
1.080000000000000000e+02
1.430000000000000000e+02
4.000000000000000000e+00
3.100000000000000000e+01
2.000000000000000000e+01
2.500000000000000000e+01
1.000000000000000000e+00
3.300000000000000000e+01
3.000000000000000000e+01
0.000000000000000000e+00
5.000000000000000000e+00
6.000000000000000000e+00
0.000000000000000000e+00
1.800000000000000000e+01
0.000000000000000000e+00
1.400000000000000000e+02
8.000000000000000000e+00
8.000000000000000000e+00
0.000000000000000000e+00
4.000000000000000000e+00
1.900000000000000000e+01
3.000000000000000000e+00
1.000000000000000000e+00
0.000000000000000000e+00
0.000000000000000000e+00
1.600000000000000000e+01
0.000000000000000000e+00
0.000000000000000000e+00
1.000000000000000000e+00
0.000000000000000000e+00
0.000000000000000000e+00
4.000000000000000000e+01
0.000000000000000000e+00
0.000000000000000000e+00
0.000000000000000000e+00
1.100000000000000000e+01
0.000000000000000000e+00
0.000000000000000000e+00
0.000000000000000000e+00
0.000000000000000000e+00
7.500000000000000000e+02
0.000000000000000000e+00
0.000000000000000000e+00
0.000000000000000000e+00
0.000000000000000000e+00
1.900000000000000000e+01
0.000000000000000000e+00
0.000000000000000000e+00
4.000000000000000000e+01
0.000000000000000000e+00
0.000000000000000000e+00
0.000000000000000000e+00
0.000000000000000000e+00
0.000000000000000000e+00
0.000000000000000000e+00
5.300000000000000000e+01
0.000000000000000000e+00
0.000000000000000000e+00
4.000000000000000000e+00
0.000000000000000000e+00
6.700000000000000000e+01
2.180000000000000000e+02
2.000000000000000000e+00
9.700000000000000000e+01
1.800000000000000000e+01
9.000000000000000000e+00
2.110000000000000000e+02
3.100000000000000000e+01
2.806000000000000000e+03
2.360000000000000000e+02
1.306000000000000000e+03
8.785000000000000000e+03
6.668000000000000000e+03
5.980000000000000000e+03
1.747600000000000000e+04
1.212100000000000000e+04
1.725300000000000000e+04
4.389000000000000000e+03
4.710000000000000000e+03
1.317800000000000000e+04
4.808000000000000000e+03
3.215000000000000000e+03
1.030000000000000000e+02
1.310000000000000000e+02
6.600000000000000000e+01
1.991800000000000000e+04
3.000000000000000000e+00
2.930000000000000000e+02
1.800000000000000000e+01
4.890000000000000000e+02
3.193000000000000000e+03
8.052000000000000000e+03
2.800000000000000000e+01
5.300000000000000000e+01
1.500000000000000000e+01
7.800000000000000000e+01
1.000000000000000000e+00
3.177000000000000000e+03
3.180000000000000000e+02
0.000000000000000000e+00
9.000000000000000000e+00
2.000000000000000000e+00
1.000000000000000000e+00
6.000000000000000000e+00
4.000000000000000000e+00
4.045000000000000000e+03
6.200000000000000000e+01
2.000000000000000000e+00
0.000000000000000000e+00
0.000000000000000000e+00
2.000000000000000000e+02
1.000000000000000000e+00
2.000000000000000000e+00
0.000000000000000000e+00
0.000000000000000000e+00
3.600000000000000000e+01
0.000000000000000000e+00
0.000000000000000000e+00
0.000000000000000000e+00
0.000000000000000000e+00
0.000000000000000000e+00
7.570000000000000000e+02
0.000000000000000000e+00
0.000000000000000000e+00
0.000000000000000000e+00
7.800000000000000000e+01
0.000000000000000000e+00
0.000000000000000000e+00
1.200000000000000000e+01
0.000000000000000000e+00
4.664000000000000000e+03
0.000000000000000000e+00
0.000000000000000000e+00
0.000000000000000000e+00
8.000000000000000000e+00
3.020000000000000000e+02
0.000000000000000000e+00
0.000000000000000000e+00
1.012000000000000000e+03
0.000000000000000000e+00
2.000000000000000000e+00
0.000000000000000000e+00
1.500000000000000000e+02
0.000000000000000000e+00
0.000000000000000000e+00
1.945700000000000000e+04
2.100000000000000000e+01
1.344800000000000000e+04
7.535000000000000000e+03
1.361000000000000000e+03
5.177000000000000000e+03
8.669000000000000000e+03
2.360000000000000000e+03
3.678000000000000000e+03
1.211100000000000000e+04
3.267000000000000000e+03
2.688000000000000000e+03
6.000000000000000000e+03
4.979000000000000000e+03
2.829000000000000000e+03
4.587000000000000000e+03
4.519000000000000000e+03
3.843000000000000000e+03
2.428000000000000000e+03
3.589000000000000000e+03
5.000000000000000000e+03
3.706000000000000000e+03
7.597000000000000000e+03
3.798000000000000000e+03
4.666000000000000000e+03
3.120000000000000000e+03
3.355000000000000000e+03
2.789000000000000000e+03
2.981000000000000000e+03
2.538000000000000000e+03
3.239000000000000000e+03
2.604000000000000000e+03
3.110000000000000000e+03
2.798000000000000000e+03
3.156000000000000000e+03
2.856000000000000000e+03
3.626000000000000000e+03
2.451000000000000000e+03
3.580000000000000000e+03
3.605000000000000000e+03
3.633000000000000000e+03
3.396000000000000000e+03
3.653000000000000000e+03
3.992000000000000000e+03
3.483000000000000000e+03
3.664000000000000000e+03
3.529000000000000000e+03
3.066000000000000000e+03
3.205000000000000000e+03
2.277000000000000000e+03
1.853000000000000000e+03
2.471000000000000000e+03
1.106000000000000000e+03
1.176000000000000000e+03
8.760000000000000000e+02
1.226000000000000000e+03
5.270000000000000000e+02
8.500000000000000000e+02
5.430000000000000000e+02
7.100000000000000000e+02
2.900000000000000000e+02
2.830000000000000000e+02
2.160000000000000000e+02
9.100000000000000000e+01
8.530000000000000000e+02
1.310000000000000000e+02
1.670000000000000000e+02
2.450000000000000000e+02
1.580000000000000000e+02
1.390000000000000000e+02
4.330000000000000000e+02
2.630000000000000000e+02
1.680000000000000000e+02
4.640000000000000000e+02
2.750000000000000000e+02
3.480000000000000000e+02
2.360000000000000000e+02
5.200000000000000000e+02
3.880000000000000000e+02
2.490000000000000000e+02
3.780000000000000000e+02
3.700000000000000000e+02
3.040000000000000000e+02
2.710000000000000000e+02
1.850000000000000000e+02
6.300000000000000000e+02
1.180000000000000000e+02
1.370000000000000000e+02
1.290000000000000000e+02
1.280000000000000000e+02
1.320000000000000000e+02
1.250000000000000000e+02
8.800000000000000000e+01
6.900000000000000000e+01
5.200000000000000000e+01
2.800000000000000000e+01
1.940000000000000000e+02
4.300000000000000000e+01
1.230000000000000000e+02
3.800000000000000000e+01
2.900000000000000000e+01
1.400000000000000000e+01
1.700000000000000000e+02
1.800000000000000000e+01
2.700000000000000000e+01
4.300000000000000000e+01
9.600000000000000000e+01
3.400000000000000000e+01
1.800000000000000000e+01
1.400000000000000000e+02
7.000000000000000000e+00
2.800000000000000000e+01
2.200000000000000000e+01
4.200000000000000000e+01
1.000000000000000000e+01
1.100000000000000000e+01
8.500000000000000000e+01
8.000000000000000000e+00
2.900000000000000000e+01
1.900000000000000000e+01
2.500000000000000000e+01
1.600000000000000000e+01
7.000000000000000000e+00
1.300000000000000000e+01
1.300000000000000000e+01
6.000000000000000000e+00
1.000000000000000000e+00
1.500000000000000000e+01
2.940000000000000000e+02
0.000000000000000000e+00
6.000000000000000000e+00
1.300000000000000000e+01
6.000000000000000000e+00
8.000000000000000000e+00
1.100000000000000000e+01
1.200000000000000000e+01
1.400000000000000000e+01
3.400000000000000000e+01
3.000000000000000000e+00
1.000000000000000000e+01
3.000000000000000000e+00
3.000000000000000000e+00
5.000000000000000000e+01
6.000000000000000000e+00
3.000000000000000000e+00
5.000000000000000000e+00
2.200000000000000000e+01
9.000000000000000000e+00
7.000000000000000000e+00
2.000000000000000000e+01
3.000000000000000000e+00
6.000000000000000000e+00
2.000000000000000000e+00
7.500000000000000000e+01
0.000000000000000000e+00
7.000000000000000000e+00
1.000000000000000000e+00
1.700000000000000000e+01
5.000000000000000000e+00
4.800000000000000000e+01
1.000000000000000000e+00
7.000000000000000000e+00
1.700000000000000000e+01
1.000000000000000000e+00
2.000000000000000000e+00
8.000000000000000000e+00
7.000000000000000000e+00
1.000000000000000000e+00
0.000000000000000000e+00
0.000000000000000000e+00
6.800000000000000000e+01
0.000000000000000000e+00
2.000000000000000000e+00
2.000000000000000000e+00
2.000000000000000000e+00
4.000000000000000000e+00
3.000000000000000000e+00
9.000000000000000000e+00
0.000000000000000000e+00
1.300000000000000000e+01
3.000000000000000000e+00
5.000000000000000000e+00
2.200000000000000000e+01
0.000000000000000000e+00
2.000000000000000000e+00
8.000000000000000000e+00
0.000000000000000000e+00
1.000000000000000000e+00
6.000000000000000000e+00
3.000000000000000000e+00
0.000000000000000000e+00
5.500000000000000000e+01
0.000000000000000000e+00
1.000000000000000000e+00
0.000000000000000000e+00
0.000000000000000000e+00
1.000000000000000000e+00
1.000000000000000000e+00
1.200000000000000000e+01
0.000000000000000000e+00
3.000000000000000000e+00
1.000000000000000000e+00
2.000000000000000000e+00
0.000000000000000000e+00
1.000000000000000000e+01
1.000000000000000000e+00
2.000000000000000000e+00
0.000000000000000000e+00
0.000000000000000000e+00
3.000000000000000000e+00
1.000000000000000000e+00
1.000000000000000000e+00
0.000000000000000000e+00
2.400000000000000000e+01
0.000000000000000000e+00
0.000000000000000000e+00
3.000000000000000000e+00
0.000000000000000000e+00
0.000000000000000000e+00
5.000000000000000000e+00
1.000000000000000000e+00
1.000000000000000000e+00
0.000000000000000000e+00
1.100000000000000000e+01
0.000000000000000000e+00
1.000000000000000000e+00
0.000000000000000000e+00
6.000000000000000000e+00
0.000000000000000000e+00
0.000000000000000000e+00
3.000000000000000000e+00
0.000000000000000000e+00
1.000000000000000000e+00
1.000000000000000000e+00
1.000000000000000000e+00
1.000000000000000000e+00
1.000000000000000000e+00
1.000000000000000000e+00
2.000000000000000000e+00
0.000000000000000000e+00
1.000000000000000000e+00
0.000000000000000000e+00
0.000000000000000000e+00
1.000000000000000000e+00
0.000000000000000000e+00
0.000000000000000000e+00
0.000000000000000000e+00
0.000000000000000000e+00
0.000000000000000000e+00
0.000000000000000000e+00
0.000000000000000000e+00
0.000000000000000000e+00
0.000000000000000000e+00
0.000000000000000000e+00
0.000000000000000000e+00
1.790000000000000000e+02
1.900000000000000000e+01
3.400000000000000000e+01
6.800000000000000000e+01
2.130000000000000000e+02
4.260000000000000000e+02
3.790000000000000000e+02
6.810000000000000000e+02
1.277000000000000000e+03
1.127000000000000000e+03
1.069000000000000000e+03
1.115000000000000000e+03
1.079000000000000000e+03
1.014000000000000000e+03
1.172000000000000000e+03
1.101000000000000000e+03
9.530000000000000000e+02
9.230000000000000000e+02
8.980000000000000000e+02
8.660000000000000000e+02
9.010000000000000000e+02
9.020000000000000000e+02
8.680000000000000000e+02
8.730000000000000000e+02
8.000000000000000000e+02
6.980000000000000000e+02
6.850000000000000000e+02
6.550000000000000000e+02
6.240000000000000000e+02
5.660000000000000000e+02
5.700000000000000000e+02
5.630000000000000000e+02
5.520000000000000000e+02
5.620000000000000000e+02
5.940000000000000000e+02
5.530000000000000000e+02
5.590000000000000000e+02
6.550000000000000000e+02
6.090000000000000000e+02
5.320000000000000000e+02
5.660000000000000000e+02
5.600000000000000000e+02
5.870000000000000000e+02
6.130000000000000000e+02
6.110000000000000000e+02
6.280000000000000000e+02
6.330000000000000000e+02
6.580000000000000000e+02
6.950000000000000000e+02
6.830000000000000000e+02
7.070000000000000000e+02
6.890000000000000000e+02
6.590000000000000000e+02
6.900000000000000000e+02
7.640000000000000000e+02
6.860000000000000000e+02
7.770000000000000000e+02
7.470000000000000000e+02
7.610000000000000000e+02
8.410000000000000000e+02
7.820000000000000000e+02
8.560000000000000000e+02
8.290000000000000000e+02
7.710000000000000000e+02
8.830000000000000000e+02
8.150000000000000000e+02
8.040000000000000000e+02
7.630000000000000000e+02
7.470000000000000000e+02
7.750000000000000000e+02
6.630000000000000000e+02
6.150000000000000000e+02
6.410000000000000000e+02
6.630000000000000000e+02
6.190000000000000000e+02
5.500000000000000000e+02
5.720000000000000000e+02
6.240000000000000000e+02
5.830000000000000000e+02
6.200000000000000000e+02
6.320000000000000000e+02
6.180000000000000000e+02
6.220000000000000000e+02
6.050000000000000000e+02
6.280000000000000000e+02
5.660000000000000000e+02
6.320000000000000000e+02
6.710000000000000000e+02
6.630000000000000000e+02
6.790000000000000000e+02
6.210000000000000000e+02
6.430000000000000000e+02
6.830000000000000000e+02
6.440000000000000000e+02
6.670000000000000000e+02
6.350000000000000000e+02
6.410000000000000000e+02
6.410000000000000000e+02
6.270000000000000000e+02
5.890000000000000000e+02
6.080000000000000000e+02
5.740000000000000000e+02
5.520000000000000000e+02
5.270000000000000000e+02
5.330000000000000000e+02
5.450000000000000000e+02
4.690000000000000000e+02
4.760000000000000000e+02
4.880000000000000000e+02
4.950000000000000000e+02
5.160000000000000000e+02
4.820000000000000000e+02
5.340000000000000000e+02
4.940000000000000000e+02
4.740000000000000000e+02
5.280000000000000000e+02
5.500000000000000000e+02
5.630000000000000000e+02
5.690000000000000000e+02
5.870000000000000000e+02
5.420000000000000000e+02
6.190000000000000000e+02
6.320000000000000000e+02
6.010000000000000000e+02
6.730000000000000000e+02
6.190000000000000000e+02
6.270000000000000000e+02
6.390000000000000000e+02
6.020000000000000000e+02
5.970000000000000000e+02
5.860000000000000000e+02
5.480000000000000000e+02
5.820000000000000000e+02
5.320000000000000000e+02
5.990000000000000000e+02
6.030000000000000000e+02
6.000000000000000000e+02
5.860000000000000000e+02
6.010000000000000000e+02
5.540000000000000000e+02
5.710000000000000000e+02
5.690000000000000000e+02
6.040000000000000000e+02
5.720000000000000000e+02
6.040000000000000000e+02
6.210000000000000000e+02
6.180000000000000000e+02
6.420000000000000000e+02
6.440000000000000000e+02
6.160000000000000000e+02
6.400000000000000000e+02
6.990000000000000000e+02
6.690000000000000000e+02
6.520000000000000000e+02
6.760000000000000000e+02
6.770000000000000000e+02
7.550000000000000000e+02
6.880000000000000000e+02
7.020000000000000000e+02
7.250000000000000000e+02
6.570000000000000000e+02
7.090000000000000000e+02
7.690000000000000000e+02
7.880000000000000000e+02
7.560000000000000000e+02
8.450000000000000000e+02
7.530000000000000000e+02
7.840000000000000000e+02
8.080000000000000000e+02
8.200000000000000000e+02
7.270000000000000000e+02
7.880000000000000000e+02
7.550000000000000000e+02
7.100000000000000000e+02
6.980000000000000000e+02
7.180000000000000000e+02
7.330000000000000000e+02
7.430000000000000000e+02
7.890000000000000000e+02
7.540000000000000000e+02
7.330000000000000000e+02
8.220000000000000000e+02
8.620000000000000000e+02
8.300000000000000000e+02
8.980000000000000000e+02
8.500000000000000000e+02
8.390000000000000000e+02
8.380000000000000000e+02
9.250000000000000000e+02
8.850000000000000000e+02
9.000000000000000000e+02
9.790000000000000000e+02
9.930000000000000000e+02
1.011000000000000000e+03
1.028000000000000000e+03
9.700000000000000000e+02
1.069000000000000000e+03
1.107000000000000000e+03
9.710000000000000000e+02
1.024000000000000000e+03
1.081000000000000000e+03
1.179000000000000000e+03
1.165000000000000000e+03
1.273000000000000000e+03
1.260000000000000000e+03
1.253000000000000000e+03
1.306000000000000000e+03
1.419000000000000000e+03
1.308000000000000000e+03
1.405000000000000000e+03
1.758000000000000000e+03
1.673000000000000000e+03
1.697000000000000000e+03
1.886000000000000000e+03
1.996000000000000000e+03
1.828000000000000000e+03
2.152000000000000000e+03
2.617000000000000000e+03
2.567000000000000000e+03
2.959000000000000000e+03
3.483000000000000000e+03
2.997000000000000000e+03
3.185000000000000000e+03
3.602000000000000000e+03
3.895000000000000000e+03
3.028000000000000000e+03
3.534000000000000000e+03
3.080000000000000000e+03
3.691000000000000000e+03
3.964000000000000000e+03
3.487000000000000000e+03
3.164000000000000000e+03
3.428000000000000000e+03
3.083000000000000000e+03
2.759000000000000000e+03
2.366000000000000000e+03
2.094000000000000000e+03
2.140000000000000000e+03
1.521000000000000000e+03
1.386000000000000000e+03
1.006000000000000000e+03
1.481000000000000000e+03
1.451000000000000000e+03
8.030000000000000000e+02
8.490000000000000000e+02
6.300000000000000000e+02
6.290000000000000000e+02
5.860000000000000000e+02
4.310000000000000000e+02
2.970000000000000000e+02
2.560000000000000000e+02
1.530000000000000000e+02
1.150000000000000000e+02
7.400000000000000000e+01
6.300000000000000000e+01
5.900000000000000000e+01
1.880000000000000000e+02
