0.000000000000000000e+00
0.000000000000000000e+00
0.000000000000000000e+00
0.000000000000000000e+00
2.000000000000000000e+00
6.000000000000000000e+00
7.000000000000000000e+00
1.100000000000000000e+01
1.400000000000000000e+01
1.400000000000000000e+01
1.500000000000000000e+01
2.200000000000000000e+01
2.200000000000000000e+01
3.500000000000000000e+01
3.700000000000000000e+01
5.800000000000000000e+01
6.300000000000000000e+01
7.200000000000000000e+01
7.900000000000000000e+01
1.120000000000000000e+02
1.330000000000000000e+02
1.910000000000000000e+02
2.720000000000000000e+02
3.660000000000000000e+02
4.480000000000000000e+02
6.290000000000000000e+02
7.340000000000000000e+02
8.850000000000000000e+02
8.610000000000000000e+02
8.870000000000000000e+02
1.001000000000000000e+03
1.047000000000000000e+03
1.012000000000000000e+03
1.044000000000000000e+03
1.049000000000000000e+03
1.095000000000000000e+03
1.202000000000000000e+03
1.269000000000000000e+03
1.347000000000000000e+03
1.517000000000000000e+03
1.623000000000000000e+03
1.587000000000000000e+03
1.628000000000000000e+03
1.656000000000000000e+03
1.611000000000000000e+03
1.603000000000000000e+03
1.582000000000000000e+03
1.451000000000000000e+03
1.470000000000000000e+03
1.452000000000000000e+03
1.421000000000000000e+03
1.531000000000000000e+03
1.554000000000000000e+03
1.476000000000000000e+03
1.519000000000000000e+03
1.478000000000000000e+03
1.433000000000000000e+03
1.512000000000000000e+03
1.562000000000000000e+03
1.490000000000000000e+03
1.358000000000000000e+03
1.252000000000000000e+03
1.296000000000000000e+03
1.352000000000000000e+03
1.366000000000000000e+03
1.434000000000000000e+03
1.503000000000000000e+03
1.478000000000000000e+03
1.461000000000000000e+03
1.482000000000000000e+03
1.545000000000000000e+03
1.438000000000000000e+03
1.383000000000000000e+03
1.248000000000000000e+03
1.277000000000000000e+03
1.201000000000000000e+03
1.090000000000000000e+03
1.119000000000000000e+03
1.039000000000000000e+03
8.960000000000000000e+02
8.200000000000000000e+02
7.710000000000000000e+02
7.340000000000000000e+02
6.810000000000000000e+02
6.300000000000000000e+02
6.050000000000000000e+02
6.590000000000000000e+02
6.570000000000000000e+02
6.700000000000000000e+02
7.620000000000000000e+02
6.780000000000000000e+02
6.900000000000000000e+02
6.670000000000000000e+02
6.550000000000000000e+02
6.260000000000000000e+02
6.120000000000000000e+02
6.260000000000000000e+02
6.420000000000000000e+02
6.300000000000000000e+02
6.250000000000000000e+02
5.700000000000000000e+02
5.550000000000000000e+02
5.810000000000000000e+02
5.710000000000000000e+02
5.250000000000000000e+02
5.440000000000000000e+02
5.230000000000000000e+02
6.050000000000000000e+02
5.730000000000000000e+02
5.920000000000000000e+02
6.190000000000000000e+02
6.690000000000000000e+02
7.710000000000000000e+02
8.330000000000000000e+02
1.055000000000000000e+03
1.266000000000000000e+03
1.349000000000000000e+03
1.348000000000000000e+03
1.507000000000000000e+03
1.388000000000000000e+03
1.485000000000000000e+03
1.583000000000000000e+03
1.533000000000000000e+03
1.536000000000000000e+03
1.561000000000000000e+03
1.569000000000000000e+03
1.660000000000000000e+03
1.628000000000000000e+03
1.665000000000000000e+03
1.463000000000000000e+03
1.510000000000000000e+03
1.426000000000000000e+03
1.369000000000000000e+03
1.399000000000000000e+03
1.322000000000000000e+03
1.317000000000000000e+03
1.220000000000000000e+03
1.192000000000000000e+03
1.201000000000000000e+03
1.132000000000000000e+03
1.236000000000000000e+03
1.238000000000000000e+03
1.134000000000000000e+03
1.163000000000000000e+03
1.084000000000000000e+03
1.084000000000000000e+03
9.250000000000000000e+02
9.300000000000000000e+02
9.100000000000000000e+02
9.230000000000000000e+02
8.660000000000000000e+02
9.360000000000000000e+02
8.810000000000000000e+02
9.670000000000000000e+02
9.060000000000000000e+02
9.210000000000000000e+02
9.210000000000000000e+02
9.670000000000000000e+02
8.840000000000000000e+02
8.320000000000000000e+02
8.620000000000000000e+02
8.370000000000000000e+02
8.480000000000000000e+02
8.030000000000000000e+02
8.370000000000000000e+02
7.640000000000000000e+02
8.110000000000000000e+02
7.930000000000000000e+02
7.440000000000000000e+02
7.720000000000000000e+02
7.720000000000000000e+02
7.630000000000000000e+02
7.100000000000000000e+02
7.200000000000000000e+02
6.790000000000000000e+02
6.420000000000000000e+02
6.180000000000000000e+02
6.370000000000000000e+02
6.360000000000000000e+02
5.990000000000000000e+02
6.660000000000000000e+02
6.110000000000000000e+02
6.490000000000000000e+02
7.000000000000000000e+02
7.270000000000000000e+02
8.190000000000000000e+02
8.640000000000000000e+02
9.110000000000000000e+02
1.093000000000000000e+03
1.281000000000000000e+03
1.442000000000000000e+03
1.591000000000000000e+03
1.742000000000000000e+03
1.952000000000000000e+03
1.954000000000000000e+03
2.006000000000000000e+03
2.122000000000000000e+03
2.042000000000000000e+03
2.062000000000000000e+03
1.998000000000000000e+03
1.931000000000000000e+03
1.827000000000000000e+03
1.686000000000000000e+03
1.570000000000000000e+03
1.472000000000000000e+03
1.517000000000000000e+03
1.468000000000000000e+03
1.588000000000000000e+03
1.636000000000000000e+03
1.790000000000000000e+03
1.834000000000000000e+03
1.933000000000000000e+03
1.949000000000000000e+03
1.889000000000000000e+03
1.836000000000000000e+03
1.873000000000000000e+03
1.817000000000000000e+03
1.764000000000000000e+03
1.644000000000000000e+03
1.518000000000000000e+03
1.434000000000000000e+03
1.324000000000000000e+03
1.129000000000000000e+03
9.670000000000000000e+02
8.830000000000000000e+02
7.450000000000000000e+02
6.220000000000000000e+02
4.640000000000000000e+02
3.590000000000000000e+02
2.960000000000000000e+02
2.090000000000000000e+02
1.650000000000000000e+02
1.290000000000000000e+02
9.100000000000000000e+01
8.600000000000000000e+01
7.200000000000000000e+01
5.000000000000000000e+01
6.300000000000000000e+01
5.100000000000000000e+01
3.600000000000000000e+01
7.000000000000000000e+01
3.900000000000000000e+01
5.300000000000000000e+01
7.200000000000000000e+01
7.500000000000000000e+01
8.300000000000000000e+01
9.700000000000000000e+01
8.100000000000000000e+01
9.800000000000000000e+01
1.030000000000000000e+02
1.090000000000000000e+02
1.440000000000000000e+02
1.700000000000000000e+02
1.210000000000000000e+02
7.400000000000000000e+01
3.700000000000000000e+01
0.000000000000000000e+00
0.000000000000000000e+00
0.000000000000000000e+00
0.000000000000000000e+00
0.000000000000000000e+00
0.000000000000000000e+00
0.000000000000000000e+00
0.000000000000000000e+00
0.000000000000000000e+00
1.000000000000000000e+00
2.000000000000000000e+00
6.000000000000000000e+00
7.000000000000000000e+00
1.100000000000000000e+01
2.700000000000000000e+01
3.200000000000000000e+01
3.700000000000000000e+01
4.900000000000000000e+01
5.700000000000000000e+01
6.100000000000000000e+01
7.800000000000000000e+01
9.400000000000000000e+01
1.260000000000000000e+02
1.920000000000000000e+02
2.970000000000000000e+02
3.620000000000000000e+02
5.010000000000000000e+02
6.180000000000000000e+02
6.890000000000000000e+02
6.840000000000000000e+02
7.430000000000000000e+02
7.870000000000000000e+02
8.380000000000000000e+02
9.380000000000000000e+02
9.590000000000000000e+02
1.021000000000000000e+03
9.820000000000000000e+02
9.690000000000000000e+02
9.080000000000000000e+02
8.950000000000000000e+02
8.960000000000000000e+02
8.740000000000000000e+02
9.820000000000000000e+02
1.008000000000000000e+03
1.062000000000000000e+03
1.270000000000000000e+03
1.376000000000000000e+03
1.415000000000000000e+03
1.535000000000000000e+03
1.436000000000000000e+03
1.466000000000000000e+03
1.548000000000000000e+03
1.557000000000000000e+03
1.541000000000000000e+03
1.498000000000000000e+03
1.532000000000000000e+03
1.535000000000000000e+03
1.565000000000000000e+03
1.506000000000000000e+03
1.395000000000000000e+03
1.341000000000000000e+03
1.204000000000000000e+03
1.262000000000000000e+03
1.256000000000000000e+03
1.270000000000000000e+03
1.146000000000000000e+03
1.204000000000000000e+03
1.203000000000000000e+03
1.146000000000000000e+03
1.201000000000000000e+03
1.178000000000000000e+03
1.192000000000000000e+03
1.140000000000000000e+03
1.185000000000000000e+03
1.286000000000000000e+03
1.278000000000000000e+03
1.213000000000000000e+03
1.228000000000000000e+03
1.234000000000000000e+03
1.284000000000000000e+03
1.262000000000000000e+03
1.284000000000000000e+03
1.284000000000000000e+03
1.203000000000000000e+03
1.228000000000000000e+03
1.154000000000000000e+03
1.163000000000000000e+03
1.088000000000000000e+03
1.075000000000000000e+03
1.086000000000000000e+03
9.610000000000000000e+02
9.010000000000000000e+02
8.400000000000000000e+02
8.040000000000000000e+02
7.770000000000000000e+02
7.860000000000000000e+02
7.710000000000000000e+02
6.990000000000000000e+02
6.780000000000000000e+02
6.370000000000000000e+02
5.850000000000000000e+02
5.990000000000000000e+02
5.620000000000000000e+02
6.180000000000000000e+02
6.090000000000000000e+02
5.760000000000000000e+02
5.830000000000000000e+02
5.690000000000000000e+02
6.360000000000000000e+02
6.220000000000000000e+02
6.890000000000000000e+02
6.330000000000000000e+02
7.370000000000000000e+02
7.760000000000000000e+02
7.560000000000000000e+02
8.210000000000000000e+02
8.410000000000000000e+02
9.000000000000000000e+02
8.780000000000000000e+02
8.980000000000000000e+02
9.570000000000000000e+02
8.800000000000000000e+02
9.180000000000000000e+02
9.190000000000000000e+02
8.640000000000000000e+02
7.880000000000000000e+02
8.170000000000000000e+02
7.490000000000000000e+02
7.830000000000000000e+02
7.790000000000000000e+02
7.570000000000000000e+02
7.390000000000000000e+02
7.350000000000000000e+02
8.240000000000000000e+02
8.230000000000000000e+02
8.190000000000000000e+02
8.270000000000000000e+02
8.440000000000000000e+02
8.970000000000000000e+02
9.990000000000000000e+02
9.880000000000000000e+02
1.055000000000000000e+03
1.051000000000000000e+03
1.048000000000000000e+03
1.024000000000000000e+03
1.001000000000000000e+03
1.004000000000000000e+03
1.010000000000000000e+03
1.034000000000000000e+03
1.117000000000000000e+03
1.020000000000000000e+03
1.032000000000000000e+03
9.850000000000000000e+02
8.920000000000000000e+02
9.540000000000000000e+02
1.071000000000000000e+03
1.168000000000000000e+03
1.290000000000000000e+03
1.639000000000000000e+03
1.773000000000000000e+03
1.815000000000000000e+03
1.901000000000000000e+03
1.792000000000000000e+03
1.972000000000000000e+03
2.075000000000000000e+03
2.165000000000000000e+03
1.878000000000000000e+03
1.767000000000000000e+03
1.561000000000000000e+03
1.313000000000000000e+03
1.217000000000000000e+03
1.127000000000000000e+03
9.530000000000000000e+02
8.850000000000000000e+02
8.770000000000000000e+02
8.030000000000000000e+02
8.440000000000000000e+02
8.150000000000000000e+02
8.070000000000000000e+02
7.500000000000000000e+02
7.830000000000000000e+02
7.510000000000000000e+02
6.940000000000000000e+02
7.050000000000000000e+02
6.920000000000000000e+02
7.440000000000000000e+02
7.420000000000000000e+02
7.810000000000000000e+02
8.420000000000000000e+02
8.790000000000000000e+02
1.003000000000000000e+03
1.099000000000000000e+03
1.240000000000000000e+03
1.301000000000000000e+03
1.475000000000000000e+03
1.608000000000000000e+03
1.720000000000000000e+03
1.982000000000000000e+03
2.211000000000000000e+03
2.431000000000000000e+03
2.572000000000000000e+03
2.871000000000000000e+03
2.905000000000000000e+03
3.020000000000000000e+03
2.933000000000000000e+03
2.965000000000000000e+03
2.983000000000000000e+03
3.027000000000000000e+03
2.881000000000000000e+03
2.794000000000000000e+03
2.533000000000000000e+03
2.391000000000000000e+03
2.191000000000000000e+03
1.895000000000000000e+03
1.777000000000000000e+03
1.570000000000000000e+03
1.309000000000000000e+03
1.172000000000000000e+03
1.072000000000000000e+03
8.400000000000000000e+02
7.980000000000000000e+02
6.350000000000000000e+02
4.940000000000000000e+02
3.700000000000000000e+02
3.410000000000000000e+02
2.310000000000000000e+02
2.070000000000000000e+02
1.560000000000000000e+02
1.300000000000000000e+02
1.120000000000000000e+02
1.150000000000000000e+02
1.040000000000000000e+02
1.020000000000000000e+02
9.400000000000000000e+01
9.200000000000000000e+01
7.100000000000000000e+01
6.800000000000000000e+01
7.100000000000000000e+01
6.400000000000000000e+01
6.700000000000000000e+01
8.500000000000000000e+01
6.100000000000000000e+01
6.300000000000000000e+01
9.500000000000000000e+01
7.500000000000000000e+01
7.200000000000000000e+01
8.100000000000000000e+01
8.200000000000000000e+01
1.040000000000000000e+02
1.090000000000000000e+02
1.330000000000000000e+02
1.630000000000000000e+02
2.140000000000000000e+02
2.910000000000000000e+02
2.470000000000000000e+02
2.400000000000000000e+02
0.000000000000000000e+00
0.000000000000000000e+00
0.000000000000000000e+00
0.000000000000000000e+00
0.000000000000000000e+00
0.000000000000000000e+00
0.000000000000000000e+00
0.000000000000000000e+00
0.000000000000000000e+00
0.000000000000000000e+00
0.000000000000000000e+00
0.000000000000000000e+00
0.000000000000000000e+00
1.000000000000000000e+00
0.000000000000000000e+00
4.000000000000000000e+00
5.000000000000000000e+00
2.000000000000000000e+00
1.300000000000000000e+01
1.600000000000000000e+01
3.100000000000000000e+01
3.200000000000000000e+01
5.000000000000000000e+01
7.400000000000000000e+01
9.800000000000000000e+01
1.260000000000000000e+02
1.910000000000000000e+02
2.120000000000000000e+02
2.630000000000000000e+02
3.130000000000000000e+02
4.010000000000000000e+02
4.990000000000000000e+02
6.430000000000000000e+02
5.990000000000000000e+02
6.320000000000000000e+02
7.610000000000000000e+02
7.040000000000000000e+02
8.070000000000000000e+02
8.130000000000000000e+02
8.910000000000000000e+02
8.430000000000000000e+02
8.570000000000000000e+02
8.570000000000000000e+02
9.430000000000000000e+02
8.610000000000000000e+02
8.430000000000000000e+02
8.540000000000000000e+02
8.800000000000000000e+02
9.390000000000000000e+02
9.580000000000000000e+02
9.970000000000000000e+02
1.050000000000000000e+03
9.970000000000000000e+02
1.035000000000000000e+03
1.160000000000000000e+03
1.073000000000000000e+03
1.210000000000000000e+03
1.221000000000000000e+03
1.379000000000000000e+03
1.465000000000000000e+03
1.407000000000000000e+03
1.377000000000000000e+03
1.302000000000000000e+03
1.385000000000000000e+03
1.422000000000000000e+03
1.393000000000000000e+03
1.430000000000000000e+03
1.386000000000000000e+03
1.296000000000000000e+03
1.323000000000000000e+03
1.324000000000000000e+03
1.366000000000000000e+03
1.324000000000000000e+03
1.258000000000000000e+03
1.296000000000000000e+03
1.332000000000000000e+03
1.287000000000000000e+03
1.115000000000000000e+03
1.115000000000000000e+03
1.116000000000000000e+03
1.121000000000000000e+03
1.023000000000000000e+03
9.520000000000000000e+02
9.180000000000000000e+02
8.410000000000000000e+02
8.760000000000000000e+02
8.340000000000000000e+02
8.600000000000000000e+02
8.730000000000000000e+02
9.530000000000000000e+02
8.790000000000000000e+02
8.630000000000000000e+02
9.540000000000000000e+02
1.000000000000000000e+03
9.490000000000000000e+02
9.410000000000000000e+02
9.750000000000000000e+02
1.020000000000000000e+03
1.046000000000000000e+03
1.019000000000000000e+03
1.101000000000000000e+03
1.260000000000000000e+03
1.190000000000000000e+03
1.293000000000000000e+03
1.396000000000000000e+03
1.399000000000000000e+03
1.449000000000000000e+03
1.312000000000000000e+03
1.311000000000000000e+03
1.239000000000000000e+03
1.192000000000000000e+03
1.253000000000000000e+03
1.163000000000000000e+03
1.049000000000000000e+03
9.370000000000000000e+02
8.700000000000000000e+02
8.600000000000000000e+02
8.010000000000000000e+02
8.030000000000000000e+02
8.440000000000000000e+02
7.550000000000000000e+02
8.560000000000000000e+02
7.900000000000000000e+02
7.610000000000000000e+02
8.670000000000000000e+02
8.320000000000000000e+02
8.770000000000000000e+02
8.780000000000000000e+02
9.110000000000000000e+02
9.120000000000000000e+02
1.013000000000000000e+03
9.240000000000000000e+02
9.130000000000000000e+02
9.440000000000000000e+02
9.660000000000000000e+02
1.031000000000000000e+03
1.047000000000000000e+03
1.013000000000000000e+03
1.064000000000000000e+03
1.066000000000000000e+03
9.410000000000000000e+02
9.750000000000000000e+02
9.050000000000000000e+02
8.680000000000000000e+02
8.040000000000000000e+02
8.000000000000000000e+02
8.250000000000000000e+02
8.470000000000000000e+02
8.560000000000000000e+02
8.070000000000000000e+02
7.880000000000000000e+02
7.660000000000000000e+02
8.300000000000000000e+02
8.620000000000000000e+02
8.240000000000000000e+02
8.190000000000000000e+02
8.810000000000000000e+02
8.380000000000000000e+02
8.430000000000000000e+02
8.760000000000000000e+02
8.830000000000000000e+02
8.730000000000000000e+02
8.510000000000000000e+02
8.550000000000000000e+02
7.910000000000000000e+02
8.320000000000000000e+02
8.460000000000000000e+02
8.720000000000000000e+02
8.910000000000000000e+02
8.780000000000000000e+02
9.600000000000000000e+02
1.028000000000000000e+03
1.064000000000000000e+03
1.112000000000000000e+03
1.190000000000000000e+03
1.179000000000000000e+03
1.293000000000000000e+03
1.313000000000000000e+03
1.418000000000000000e+03
1.553000000000000000e+03
1.625000000000000000e+03
1.793000000000000000e+03
1.934000000000000000e+03
2.118000000000000000e+03
2.302000000000000000e+03
2.443000000000000000e+03
2.634000000000000000e+03
2.655000000000000000e+03
2.958000000000000000e+03
3.137000000000000000e+03
3.262000000000000000e+03
3.791000000000000000e+03
3.925000000000000000e+03
4.168000000000000000e+03
4.047000000000000000e+03
3.679000000000000000e+03
3.260000000000000000e+03
2.934000000000000000e+03
2.466000000000000000e+03
2.158000000000000000e+03
1.897000000000000000e+03
1.640000000000000000e+03
1.501000000000000000e+03
1.393000000000000000e+03
1.320000000000000000e+03
1.350000000000000000e+03
1.275000000000000000e+03
1.328000000000000000e+03
1.391000000000000000e+03
1.348000000000000000e+03
1.259000000000000000e+03
1.231000000000000000e+03
1.198000000000000000e+03
1.143000000000000000e+03
1.042000000000000000e+03
9.440000000000000000e+02
7.980000000000000000e+02
7.020000000000000000e+02
5.850000000000000000e+02
5.780000000000000000e+02
4.820000000000000000e+02
3.970000000000000000e+02
3.520000000000000000e+02
3.190000000000000000e+02
2.320000000000000000e+02
1.880000000000000000e+02
1.770000000000000000e+02
1.770000000000000000e+02
1.510000000000000000e+02
1.780000000000000000e+02
1.590000000000000000e+02
1.580000000000000000e+02
1.130000000000000000e+02
1.040000000000000000e+02
9.800000000000000000e+01
9.600000000000000000e+01
8.300000000000000000e+01
8.500000000000000000e+01
8.500000000000000000e+01
9.700000000000000000e+01
8.800000000000000000e+01
8.100000000000000000e+01
7.200000000000000000e+01
7.100000000000000000e+01
6.500000000000000000e+01
7.400000000000000000e+01
1.060000000000000000e+02
1.310000000000000000e+02
1.770000000000000000e+02
1.640000000000000000e+02
2.050000000000000000e+02
2.180000000000000000e+02
2.340000000000000000e+02
2.020000000000000000e+02
1.620000000000000000e+02
4.740000000000000000e+02
2.204000000000000000e+03
7.900000000000000000e+01
8.500000000000000000e+01
8.800000000000000000e+01
1.880000000000000000e+02
1.890000000000000000e+02
7.460000000000000000e+02
4.700000000000000000e+01
1.990000000000000000e+02
1.160000000000000000e+02
1.390000000000000000e+02
3.800000000000000000e+02
1.830000000000000000e+02
1.234000000000000000e+03
3.510000000000000000e+02
8.390000000000000000e+02
2.307000000000000000e+03
2.551000000000000000e+03
8.770000000000000000e+02
7.455000000000000000e+03
4.505000000000000000e+03
1.150700000000000000e+04
7.045000000000000000e+03
8.112000000000000000e+03
1.969000000000000000e+03
3.051000000000000000e+03
1.002800000000000000e+04
1.710000000000000000e+02
2.700000000000000000e+02
1.110000000000000000e+02
5.452000000000000000e+03
3.000000000000000000e+00
1.049000000000000000e+03
1.800000000000000000e+01
2.774000000000000000e+03
3.528000000000000000e+03
8.490000000000000000e+02
4.000000000000000000e+00
2.480000000000000000e+02
9.700000000000000000e+01
3.580000000000000000e+02
0.000000000000000000e+00
2.770000000000000000e+02
2.150000000000000000e+02
0.000000000000000000e+00
2.500000000000000000e+01
1.100000000000000000e+01
0.000000000000000000e+00
1.080000000000000000e+02
2.000000000000000000e+00
7.410000000000000000e+02
1.040000000000000000e+02
2.600000000000000000e+01
5.000000000000000000e+00
1.600000000000000000e+01
8.400000000000000000e+01
6.600000000000000000e+01
4.000000000000000000e+01
1.800000000000000000e+01
0.000000000000000000e+00
7.500000000000000000e+01
0.000000000000000000e+00
2.900000000000000000e+01
5.600000000000000000e+01
0.000000000000000000e+00
4.100000000000000000e+01
2.590000000000000000e+02
9.000000000000000000e+00
5.100000000000000000e+01
2.200000000000000000e+01
1.310000000000000000e+02
9.000000000000000000e+00
1.000000000000000000e+00
4.600000000000000000e+01
9.500000000000000000e+01
1.633000000000000000e+03
9.000000000000000000e+00
0.000000000000000000e+00
0.000000000000000000e+00
9.500000000000000000e+01
7.360000000000000000e+02
4.000000000000000000e+00
0.000000000000000000e+00
8.740000000000000000e+02
1.210000000000000000e+02
1.640000000000000000e+02
1.000000000000000000e+00
5.630000000000000000e+02
2.890000000000000000e+02
3.800000000000000000e+01
3.125000000000000000e+03
1.030000000000000000e+02
2.537000000000000000e+03
8.020000000000000000e+02
1.870000000000000000e+02
6.943000000000000000e+03
2.858000000000000000e+03
4.370000000000000000e+02
7.466000000000000000e+03
4.665000000000000000e+03
2.960000000000000000e+03
1.062700000000000000e+04
5.369000000000000000e+03
1.650200000000000000e+04
7.785000000000000000e+03
9.701000000000000000e+03
8.363000000000000000e+03
6.912000000000000000e+03
5.461000000000000000e+03
8.307000000000000000e+03
7.007000000000000000e+03
6.615000000000000000e+03
3.201000000000000000e+03
1.248000000000000000e+03
4.491000000000000000e+03
2.620000000000000000e+03
5.430000000000000000e+02
2.300000000000000000e+01
2.100000000000000000e+01
2.400000000000000000e+01
3.919000000000000000e+03
4.000000000000000000e+00
3.100000000000000000e+01
1.500000000000000000e+01
2.970000000000000000e+02
1.327000000000000000e+03
3.286000000000000000e+03
2.000000000000000000e+01
3.400000000000000000e+01
2.000000000000000000e+01
8.700000000000000000e+01
6.000000000000000000e+00
4.650000000000000000e+02
1.320000000000000000e+02
7.000000000000000000e+00
2.800000000000000000e+01
1.700000000000000000e+01
3.000000000000000000e+00
5.600000000000000000e+01
6.000000000000000000e+00
5.800000000000000000e+02
5.200000000000000000e+01
3.900000000000000000e+01
7.000000000000000000e+00
2.600000000000000000e+01
8.000000000000000000e+01
4.900000000000000000e+01
2.300000000000000000e+01
2.000000000000000000e+01
9.000000000000000000e+00
7.200000000000000000e+01
6.000000000000000000e+00
3.000000000000000000e+01
4.400000000000000000e+01
8.000000000000000000e+00
3.700000000000000000e+01
2.200000000000000000e+02
5.900000000000000000e+01
4.300000000000000000e+01
8.500000000000000000e+01
7.000000000000000000e+01
4.700000000000000000e+01
7.400000000000000000e+01
5.300000000000000000e+01
1.320000000000000000e+02
7.050000000000000000e+02
1.090000000000000000e+02
1.490000000000000000e+02
1.090000000000000000e+02
7.200000000000000000e+01
4.180000000000000000e+02
1.620000000000000000e+02
1.490000000000000000e+02
5.330000000000000000e+02
2.050000000000000000e+02
1.090000000000000000e+02
4.800000000000000000e+01
9.900000000000000000e+01
5.900000000000000000e+01
5.100000000000000000e+01
1.950000000000000000e+03
6.000000000000000000e+00
2.820000000000000000e+02
9.690000000000000000e+02
8.340000000000000000e+02
8.520000000000000000e+02
1.563000000000000000e+03
1.917000000000000000e+03
2.410000000000000000e+03
2.731000000000000000e+03
3.762000000000000000e+03
2.902000000000000000e+03
2.575000000000000000e+03
3.360000000000000000e+03
3.464000000000000000e+03
4.415000000000000000e+03
5.088000000000000000e+03
4.827000000000000000e+03
7.523000000000000000e+03
6.059000000000000000e+03
5.786000000000000000e+03
5.922000000000000000e+03
5.601000000000000000e+03
6.544000000000000000e+03
6.651000000000000000e+03
6.420000000000000000e+03
6.571000000000000000e+03
6.979000000000000000e+03
6.458000000000000000e+03
4.990000000000000000e+03
4.610000000000000000e+03
4.325000000000000000e+03
3.822000000000000000e+03
3.469000000000000000e+03
3.251000000000000000e+03
2.660000000000000000e+03
2.778000000000000000e+03
2.005000000000000000e+03
2.378000000000000000e+03
2.018000000000000000e+03
2.127000000000000000e+03
2.045000000000000000e+03
1.993000000000000000e+03
2.129000000000000000e+03
1.804000000000000000e+03
1.669000000000000000e+03
1.718000000000000000e+03
1.545000000000000000e+03
1.495000000000000000e+03
1.500000000000000000e+03
1.356000000000000000e+03
1.396000000000000000e+03
1.312000000000000000e+03
1.214000000000000000e+03
1.220000000000000000e+03
1.119000000000000000e+03
9.970000000000000000e+02
1.101000000000000000e+03
1.094000000000000000e+03
9.910000000000000000e+02
1.087000000000000000e+03
1.095000000000000000e+03
1.082000000000000000e+03
9.590000000000000000e+02
1.286000000000000000e+03
1.206000000000000000e+03
1.148000000000000000e+03
1.061000000000000000e+03
1.232000000000000000e+03
1.029000000000000000e+03
1.151000000000000000e+03
1.157000000000000000e+03
1.154000000000000000e+03
1.253000000000000000e+03
1.119000000000000000e+03
1.332000000000000000e+03
1.264000000000000000e+03
1.289000000000000000e+03
1.522000000000000000e+03
1.161000000000000000e+03
1.126000000000000000e+03
1.444000000000000000e+03
1.302000000000000000e+03
1.420000000000000000e+03
1.350000000000000000e+03
1.499000000000000000e+03
1.439000000000000000e+03
1.528000000000000000e+03
1.281000000000000000e+03
1.281000000000000000e+03
1.282000000000000000e+03
1.260000000000000000e+03
1.428000000000000000e+03
1.109000000000000000e+03
1.253000000000000000e+03
9.690000000000000000e+02
1.327000000000000000e+03
1.128000000000000000e+03
1.275000000000000000e+03
1.297000000000000000e+03
1.248000000000000000e+03
1.223000000000000000e+03
1.002000000000000000e+03
1.005000000000000000e+03
9.650000000000000000e+02
6.050000000000000000e+02
4.810000000000000000e+02
4.780000000000000000e+02
3.170000000000000000e+02
3.120000000000000000e+02
2.420000000000000000e+02
1.870000000000000000e+02
2.190000000000000000e+02
1.690000000000000000e+02
1.240000000000000000e+02
1.170000000000000000e+02
1.070000000000000000e+02
7.500000000000000000e+01
9.700000000000000000e+01
6.700000000000000000e+01
5.500000000000000000e+01
4.100000000000000000e+01
5.900000000000000000e+01
4.000000000000000000e+01
5.900000000000000000e+01
5.100000000000000000e+01
1.400000000000000000e+01
2.900000000000000000e+01
2.300000000000000000e+01
3.000000000000000000e+00
2.800000000000000000e+01
1.900000000000000000e+01
1.800000000000000000e+01
9.000000000000000000e+00
1.600000000000000000e+01
1.500000000000000000e+01
8.000000000000000000e+00
1.600000000000000000e+01
1.600000000000000000e+01
1.300000000000000000e+01
2.300000000000000000e+01
9.000000000000000000e+00
1.100000000000000000e+01
8.000000000000000000e+00
1.000000000000000000e+00
1.100000000000000000e+01
1.400000000000000000e+01
8.000000000000000000e+00
9.000000000000000000e+00
7.000000000000000000e+00
1.400000000000000000e+01
9.000000000000000000e+00
4.000000000000000000e+00
4.000000000000000000e+00
4.000000000000000000e+00
7.000000000000000000e+00
3.000000000000000000e+00
6.000000000000000000e+00
7.000000000000000000e+00
1.400000000000000000e+01
4.000000000000000000e+00
0.000000000000000000e+00
9.000000000000000000e+00
6.000000000000000000e+00
4.000000000000000000e+00
6.000000000000000000e+00
2.000000000000000000e+00
1.000000000000000000e+00
5.000000000000000000e+00
0.000000000000000000e+00
1.100000000000000000e+01
1.000000000000000000e+00
3.000000000000000000e+00
3.000000000000000000e+00
0.000000000000000000e+00
1.000000000000000000e+00
3.000000000000000000e+00
4.000000000000000000e+00
1.000000000000000000e+00
1.000000000000000000e+00
1.000000000000000000e+00
0.000000000000000000e+00
4.000000000000000000e+00
5.000000000000000000e+00
0.000000000000000000e+00
6.000000000000000000e+00
1.000000000000000000e+00
3.000000000000000000e+00
0.000000000000000000e+00
4.000000000000000000e+00
0.000000000000000000e+00
8.000000000000000000e+00
0.000000000000000000e+00
2.000000000000000000e+00
1.000000000000000000e+00
1.000000000000000000e+00
3.000000000000000000e+00
1.000000000000000000e+00
1.000000000000000000e+00
0.000000000000000000e+00
2.000000000000000000e+00
0.000000000000000000e+00
1.000000000000000000e+00
0.000000000000000000e+00
3.000000000000000000e+00
0.000000000000000000e+00
0.000000000000000000e+00
0.000000000000000000e+00
2.000000000000000000e+00
1.000000000000000000e+00
0.000000000000000000e+00
1.000000000000000000e+00
0.000000000000000000e+00
0.000000000000000000e+00
0.000000000000000000e+00
0.000000000000000000e+00
0.000000000000000000e+00
1.000000000000000000e+00
0.000000000000000000e+00
1.000000000000000000e+00
0.000000000000000000e+00
0.000000000000000000e+00
0.000000000000000000e+00
0.000000000000000000e+00
0.000000000000000000e+00
0.000000000000000000e+00
0.000000000000000000e+00
0.000000000000000000e+00
0.000000000000000000e+00
0.000000000000000000e+00
0.000000000000000000e+00
0.000000000000000000e+00
0.000000000000000000e+00
0.000000000000000000e+00
0.000000000000000000e+00
0.000000000000000000e+00
0.000000000000000000e+00
0.000000000000000000e+00
0.000000000000000000e+00
0.000000000000000000e+00
0.000000000000000000e+00
0.000000000000000000e+00
0.000000000000000000e+00
0.000000000000000000e+00
0.000000000000000000e+00
0.000000000000000000e+00
0.000000000000000000e+00
0.000000000000000000e+00
0.000000000000000000e+00
0.000000000000000000e+00
0.000000000000000000e+00
0.000000000000000000e+00
0.000000000000000000e+00
0.000000000000000000e+00
0.000000000000000000e+00
0.000000000000000000e+00
0.000000000000000000e+00
0.000000000000000000e+00
0.000000000000000000e+00
0.000000000000000000e+00
0.000000000000000000e+00
0.000000000000000000e+00
0.000000000000000000e+00
0.000000000000000000e+00
0.000000000000000000e+00
0.000000000000000000e+00
0.000000000000000000e+00
0.000000000000000000e+00
0.000000000000000000e+00
1.000000000000000000e+00
0.000000000000000000e+00
4.000000000000000000e+00
5.000000000000000000e+00
2.000000000000000000e+00
1.100000000000000000e+01
1.600000000000000000e+01
2.900000000000000000e+01
2.900000000000000000e+01
3.900000000000000000e+01
6.300000000000000000e+01
8.300000000000000000e+01
1.230000000000000000e+02
1.780000000000000000e+02
2.140000000000000000e+02
2.730000000000000000e+02
3.060000000000000000e+02
3.970000000000000000e+02
4.710000000000000000e+02
6.280000000000000000e+02
5.880000000000000000e+02
6.280000000000000000e+02
7.370000000000000000e+02
6.880000000000000000e+02
8.080000000000000000e+02
8.010000000000000000e+02
9.080000000000000000e+02
8.350000000000000000e+02
8.360000000000000000e+02
8.570000000000000000e+02
9.250000000000000000e+02
8.670000000000000000e+02
8.350000000000000000e+02
8.380000000000000000e+02
8.490000000000000000e+02
9.300000000000000000e+02
9.320000000000000000e+02
9.600000000000000000e+02
1.011000000000000000e+03
9.540000000000000000e+02
9.710000000000000000e+02
1.155000000000000000e+03
1.049000000000000000e+03
1.188000000000000000e+03
1.158000000000000000e+03
1.351000000000000000e+03
1.394000000000000000e+03
1.314000000000000000e+03
1.271000000000000000e+03
1.236000000000000000e+03
1.288000000000000000e+03
1.314000000000000000e+03
1.319000000000000000e+03
1.364000000000000000e+03
1.349000000000000000e+03
1.277000000000000000e+03
1.301000000000000000e+03
1.331000000000000000e+03
1.338000000000000000e+03
1.288000000000000000e+03
1.193000000000000000e+03
1.215000000000000000e+03
1.238000000000000000e+03
1.157000000000000000e+03
1.014000000000000000e+03
1.025000000000000000e+03
1.061000000000000000e+03
1.022000000000000000e+03
9.560000000000000000e+02
8.880000000000000000e+02
8.560000000000000000e+02
7.800000000000000000e+02
8.070000000000000000e+02
8.040000000000000000e+02
8.600000000000000000e+02
8.960000000000000000e+02
1.004000000000000000e+03
9.190000000000000000e+02
8.820000000000000000e+02
9.330000000000000000e+02
9.640000000000000000e+02
8.840000000000000000e+02
8.710000000000000000e+02
9.100000000000000000e+02
9.490000000000000000e+02
9.730000000000000000e+02
9.410000000000000000e+02
9.930000000000000000e+02
1.073000000000000000e+03
1.010000000000000000e+03
1.053000000000000000e+03
1.126000000000000000e+03
1.097000000000000000e+03
1.140000000000000000e+03
1.001000000000000000e+03
9.470000000000000000e+02
9.000000000000000000e+02
8.380000000000000000e+02
8.990000000000000000e+02
8.320000000000000000e+02
7.580000000000000000e+02
7.360000000000000000e+02
7.050000000000000000e+02
7.670000000000000000e+02
7.090000000000000000e+02
7.770000000000000000e+02
8.610000000000000000e+02
8.480000000000000000e+02
9.360000000000000000e+02
8.920000000000000000e+02
8.840000000000000000e+02
9.040000000000000000e+02
9.080000000000000000e+02
8.890000000000000000e+02
8.990000000000000000e+02
8.980000000000000000e+02
8.680000000000000000e+02
9.930000000000000000e+02
9.170000000000000000e+02
9.240000000000000000e+02
9.220000000000000000e+02
9.630000000000000000e+02
1.070000000000000000e+03
1.011000000000000000e+03
9.950000000000000000e+02
1.037000000000000000e+03
1.059000000000000000e+03
1.054000000000000000e+03
1.079000000000000000e+03
1.017000000000000000e+03
1.050000000000000000e+03
9.730000000000000000e+02
9.550000000000000000e+02
9.660000000000000000e+02
9.730000000000000000e+02
9.810000000000000000e+02
1.017000000000000000e+03
9.470000000000000000e+02
9.610000000000000000e+02
9.990000000000000000e+02
1.064000000000000000e+03
9.810000000000000000e+02
1.052000000000000000e+03
1.105000000000000000e+03
1.038000000000000000e+03
1.024000000000000000e+03
9.770000000000000000e+02
9.750000000000000000e+02
9.660000000000000000e+02
9.550000000000000000e+02
8.710000000000000000e+02
8.250000000000000000e+02
8.070000000000000000e+02
7.730000000000000000e+02
8.100000000000000000e+02
7.750000000000000000e+02
7.770000000000000000e+02
7.830000000000000000e+02
8.790000000000000000e+02
8.610000000000000000e+02
8.450000000000000000e+02
8.950000000000000000e+02
8.570000000000000000e+02
8.790000000000000000e+02
8.610000000000000000e+02
8.550000000000000000e+02
9.700000000000000000e+02
9.170000000000000000e+02
9.090000000000000000e+02
8.820000000000000000e+02
9.490000000000000000e+02
9.260000000000000000e+02
9.480000000000000000e+02
9.840000000000000000e+02
9.650000000000000000e+02
1.121000000000000000e+03
1.259000000000000000e+03
1.568000000000000000e+03
1.947000000000000000e+03
2.337000000000000000e+03
2.805000000000000000e+03
2.887000000000000000e+03
2.855000000000000000e+03
2.545000000000000000e+03
2.474000000000000000e+03
2.312000000000000000e+03
2.108000000000000000e+03
2.129000000000000000e+03
1.997000000000000000e+03
2.048000000000000000e+03
2.005000000000000000e+03
1.961000000000000000e+03
2.108000000000000000e+03
2.098000000000000000e+03
2.304000000000000000e+03
2.449000000000000000e+03
2.575000000000000000e+03
2.680000000000000000e+03
2.797000000000000000e+03
2.792000000000000000e+03
2.720000000000000000e+03
2.614000000000000000e+03
2.622000000000000000e+03
2.442000000000000000e+03
2.337000000000000000e+03
2.109000000000000000e+03
1.983000000000000000e+03
1.825000000000000000e+03
1.642000000000000000e+03
1.390000000000000000e+03
1.198000000000000000e+03
1.036000000000000000e+03
8.750000000000000000e+02
7.090000000000000000e+02
5.620000000000000000e+02
4.580000000000000000e+02
3.910000000000000000e+02
3.030000000000000000e+02
2.560000000000000000e+02
1.860000000000000000e+02
1.370000000000000000e+02
1.360000000000000000e+02
1.100000000000000000e+02
9.300000000000000000e+01
9.000000000000000000e+01
8.200000000000000000e+01
1.020000000000000000e+02
9.400000000000000000e+01
8.000000000000000000e+01
6.900000000000000000e+01
7.500000000000000000e+01
6.000000000000000000e+01
6.400000000000000000e+01
8.700000000000000000e+01
9.600000000000000000e+01
1.150000000000000000e+02
9.900000000000000000e+01
1.320000000000000000e+02
1.700000000000000000e+02
2.420000000000000000e+02
2.810000000000000000e+02
3.000000000000000000e+02
5.990000000000000000e+02
