8.080000000000000000e+02
8.200000000000000000e+02
7.220000000000000000e+02
9.180000000000000000e+02
7.700000000000000000e+02
6.570000000000000000e+02
6.810000000000000000e+02
6.640000000000000000e+02
6.480000000000000000e+02
5.520000000000000000e+02
5.080000000000000000e+02
4.630000000000000000e+02
4.610000000000000000e+02
4.330000000000000000e+02
4.280000000000000000e+02
4.040000000000000000e+02
4.280000000000000000e+02
4.450000000000000000e+02
4.780000000000000000e+02
4.410000000000000000e+02
4.410000000000000000e+02
4.300000000000000000e+02
4.910000000000000000e+02
4.820000000000000000e+02
4.840000000000000000e+02
4.740000000000000000e+02
4.450000000000000000e+02
4.230000000000000000e+02
5.010000000000000000e+02
5.010000000000000000e+02
4.610000000000000000e+02
4.540000000000000000e+02
4.990000000000000000e+02
4.650000000000000000e+02
4.640000000000000000e+02
4.550000000000000000e+02
4.450000000000000000e+02
3.940000000000000000e+02
3.890000000000000000e+02
4.170000000000000000e+02
3.980000000000000000e+02
3.880000000000000000e+02
3.590000000000000000e+02
3.880000000000000000e+02
3.330000000000000000e+02
3.590000000000000000e+02
3.160000000000000000e+02
3.150000000000000000e+02
2.980000000000000000e+02
2.650000000000000000e+02
2.500000000000000000e+02
2.710000000000000000e+02
2.630000000000000000e+02
2.820000000000000000e+02
2.720000000000000000e+02
2.580000000000000000e+02
3.070000000000000000e+02
2.660000000000000000e+02
2.660000000000000000e+02
2.880000000000000000e+02
2.650000000000000000e+02
2.820000000000000000e+02
2.850000000000000000e+02
2.530000000000000000e+02
2.740000000000000000e+02
2.390000000000000000e+02
2.520000000000000000e+02
2.440000000000000000e+02
2.300000000000000000e+02
2.300000000000000000e+02
2.420000000000000000e+02
2.160000000000000000e+02
2.420000000000000000e+02
2.460000000000000000e+02
2.190000000000000000e+02
2.160000000000000000e+02
2.480000000000000000e+02
2.120000000000000000e+02
2.110000000000000000e+02
2.010000000000000000e+02
2.510000000000000000e+02
1.910000000000000000e+02
2.090000000000000000e+02
2.020000000000000000e+02
1.840000000000000000e+02
2.110000000000000000e+02
2.060000000000000000e+02
2.160000000000000000e+02
1.990000000000000000e+02
1.940000000000000000e+02
2.290000000000000000e+02
2.340000000000000000e+02
2.430000000000000000e+02
2.670000000000000000e+02
2.780000000000000000e+02
2.940000000000000000e+02
3.000000000000000000e+02
2.970000000000000000e+02
3.520000000000000000e+02
3.790000000000000000e+02
3.780000000000000000e+02
4.510000000000000000e+02
4.510000000000000000e+02
5.070000000000000000e+02
5.620000000000000000e+02
6.110000000000000000e+02
6.520000000000000000e+02
6.820000000000000000e+02
6.870000000000000000e+02
6.840000000000000000e+02
7.210000000000000000e+02
6.480000000000000000e+02
6.900000000000000000e+02
6.520000000000000000e+02
6.130000000000000000e+02
6.060000000000000000e+02
6.580000000000000000e+02
6.010000000000000000e+02
6.400000000000000000e+02
6.230000000000000000e+02
6.430000000000000000e+02
6.100000000000000000e+02
7.070000000000000000e+02
7.290000000000000000e+02
7.800000000000000000e+02
7.850000000000000000e+02
8.750000000000000000e+02
9.340000000000000000e+02
9.790000000000000000e+02
1.057000000000000000e+03
1.127000000000000000e+03
1.192000000000000000e+03
1.311000000000000000e+03
1.364000000000000000e+03
1.433000000000000000e+03
1.531000000000000000e+03
1.537000000000000000e+03
1.609000000000000000e+03
1.725000000000000000e+03
1.820000000000000000e+03
1.826000000000000000e+03
1.931000000000000000e+03
1.889000000000000000e+03
2.068000000000000000e+03
2.027000000000000000e+03
2.037000000000000000e+03
2.112000000000000000e+03
2.152000000000000000e+03
2.222000000000000000e+03
2.281000000000000000e+03
2.318000000000000000e+03
2.627000000000000000e+03
3.115000000000000000e+03
3.761000000000000000e+03
4.245000000000000000e+03
4.179000000000000000e+03
3.564000000000000000e+03
3.374000000000000000e+03
3.321000000000000000e+03
3.094000000000000000e+03
2.751000000000000000e+03
2.385000000000000000e+03
2.208000000000000000e+03
2.031000000000000000e+03
1.911000000000000000e+03
1.925000000000000000e+03
2.027000000000000000e+03
1.883000000000000000e+03
1.833000000000000000e+03
1.929000000000000000e+03
1.937000000000000000e+03
1.923000000000000000e+03
2.052000000000000000e+03
2.042000000000000000e+03
1.911000000000000000e+03
2.099000000000000000e+03
2.299000000000000000e+03
2.393000000000000000e+03
2.381000000000000000e+03
2.345000000000000000e+03
2.338000000000000000e+03
2.290000000000000000e+03
2.354000000000000000e+03
2.298000000000000000e+03
2.185000000000000000e+03
2.289000000000000000e+03
2.227000000000000000e+03
2.367000000000000000e+03
2.116000000000000000e+03
2.200000000000000000e+03
2.108000000000000000e+03
1.928000000000000000e+03
1.835000000000000000e+03
1.998000000000000000e+03
2.073000000000000000e+03
2.013000000000000000e+03
1.948000000000000000e+03
1.761000000000000000e+03
1.827000000000000000e+03
2.004000000000000000e+03
1.766000000000000000e+03
1.629000000000000000e+03
1.656000000000000000e+03
1.491000000000000000e+03
1.588000000000000000e+03
1.324000000000000000e+03
1.176000000000000000e+03
1.398000000000000000e+03
1.256000000000000000e+03
1.496000000000000000e+03
1.857000000000000000e+03
1.464000000000000000e+03
2.111000000000000000e+03
1.423000000000000000e+03
1.391000000000000000e+03
1.454000000000000000e+03
1.155000000000000000e+03
1.592000000000000000e+03
7.760000000000000000e+02
5.090000000000000000e+02
1.830000000000000000e+02
1.140000000000000000e+02
1.240000000000000000e+02
9.600000000000000000e+01
8.500000000000000000e+01
7.400000000000000000e+01
6.200000000000000000e+01
4.600000000000000000e+01
4.200000000000000000e+01
3.800000000000000000e+01
3.300000000000000000e+01
2.600000000000000000e+01
3.500000000000000000e+01
3.000000000000000000e+01
2.500000000000000000e+01
2.300000000000000000e+01
2.000000000000000000e+01
1.700000000000000000e+01
8.000000000000000000e+00
1.400000000000000000e+01
6.000000000000000000e+00
1.000000000000000000e+01
8.000000000000000000e+00
1.700000000000000000e+01
1.300000000000000000e+01
1.500000000000000000e+01
4.000000000000000000e+00
8.000000000000000000e+00
7.000000000000000000e+00
1.900000000000000000e+01
1.300000000000000000e+01
3.000000000000000000e+00
1.500000000000000000e+01
1.000000000000000000e+01
1.100000000000000000e+01
7.300000000000000000e+01
1.448000000000000000e+03
9.670000000000000000e+02
1.090000000000000000e+03
1.041000000000000000e+03
9.700000000000000000e+02
7.890000000000000000e+02
7.480000000000000000e+02
7.040000000000000000e+02
6.050000000000000000e+02
5.720000000000000000e+02
5.010000000000000000e+02
4.840000000000000000e+02
4.610000000000000000e+02
4.760000000000000000e+02
4.740000000000000000e+02
4.600000000000000000e+02
5.050000000000000000e+02
4.680000000000000000e+02
5.110000000000000000e+02
5.170000000000000000e+02
5.030000000000000000e+02
5.310000000000000000e+02
5.440000000000000000e+02
5.100000000000000000e+02
5.300000000000000000e+02
5.590000000000000000e+02
5.280000000000000000e+02
5.330000000000000000e+02
5.110000000000000000e+02
4.560000000000000000e+02
4.590000000000000000e+02
4.550000000000000000e+02
4.260000000000000000e+02
4.080000000000000000e+02
4.230000000000000000e+02
3.770000000000000000e+02
3.440000000000000000e+02
3.280000000000000000e+02
3.210000000000000000e+02
3.020000000000000000e+02
2.890000000000000000e+02
2.690000000000000000e+02
2.460000000000000000e+02
2.850000000000000000e+02
2.690000000000000000e+02
2.760000000000000000e+02
3.080000000000000000e+02
2.780000000000000000e+02
2.600000000000000000e+02
2.910000000000000000e+02
2.500000000000000000e+02
2.520000000000000000e+02
2.520000000000000000e+02
2.880000000000000000e+02
2.670000000000000000e+02
2.400000000000000000e+02
2.660000000000000000e+02
2.910000000000000000e+02
2.990000000000000000e+02
2.610000000000000000e+02
2.860000000000000000e+02
2.580000000000000000e+02
3.000000000000000000e+02
2.660000000000000000e+02
2.720000000000000000e+02
2.760000000000000000e+02
3.090000000000000000e+02
2.900000000000000000e+02
2.810000000000000000e+02
3.000000000000000000e+02
2.640000000000000000e+02
2.490000000000000000e+02
2.740000000000000000e+02
2.940000000000000000e+02
2.630000000000000000e+02
2.720000000000000000e+02
2.830000000000000000e+02
2.970000000000000000e+02
3.030000000000000000e+02
3.010000000000000000e+02
3.070000000000000000e+02
3.090000000000000000e+02
3.430000000000000000e+02
3.380000000000000000e+02
3.530000000000000000e+02
3.430000000000000000e+02
3.240000000000000000e+02
3.830000000000000000e+02
3.990000000000000000e+02
4.110000000000000000e+02
3.900000000000000000e+02
4.920000000000000000e+02
4.990000000000000000e+02
4.980000000000000000e+02
5.990000000000000000e+02
5.800000000000000000e+02
6.510000000000000000e+02
7.170000000000000000e+02
7.370000000000000000e+02
7.630000000000000000e+02
7.740000000000000000e+02
7.780000000000000000e+02
7.740000000000000000e+02
7.670000000000000000e+02
7.580000000000000000e+02
7.680000000000000000e+02
7.470000000000000000e+02
7.840000000000000000e+02
8.020000000000000000e+02
8.390000000000000000e+02
8.310000000000000000e+02
9.840000000000000000e+02
9.520000000000000000e+02
1.002000000000000000e+03
1.049000000000000000e+03
1.120000000000000000e+03
1.189000000000000000e+03
1.226000000000000000e+03
1.235000000000000000e+03
1.450000000000000000e+03
1.422000000000000000e+03
1.502000000000000000e+03
1.690000000000000000e+03
1.760000000000000000e+03
1.791000000000000000e+03
1.863000000000000000e+03
1.887000000000000000e+03
1.963000000000000000e+03
2.007000000000000000e+03
1.961000000000000000e+03
2.018000000000000000e+03
2.072000000000000000e+03
2.184000000000000000e+03
2.067000000000000000e+03
2.196000000000000000e+03
2.253000000000000000e+03
2.214000000000000000e+03
2.221000000000000000e+03
2.338000000000000000e+03
2.400000000000000000e+03
2.450000000000000000e+03
2.506000000000000000e+03
2.448000000000000000e+03
2.811000000000000000e+03
3.135000000000000000e+03
3.747000000000000000e+03
4.502000000000000000e+03
4.550000000000000000e+03
3.757000000000000000e+03
3.115000000000000000e+03
2.497000000000000000e+03
2.075000000000000000e+03
1.834000000000000000e+03
1.797000000000000000e+03
1.713000000000000000e+03
1.675000000000000000e+03
1.614000000000000000e+03
1.573000000000000000e+03
1.574000000000000000e+03
1.674000000000000000e+03
1.719000000000000000e+03
1.723000000000000000e+03
1.759000000000000000e+03
1.774000000000000000e+03
1.728000000000000000e+03
1.788000000000000000e+03
1.774000000000000000e+03
1.876000000000000000e+03
1.772000000000000000e+03
1.646000000000000000e+03
1.696000000000000000e+03
1.806000000000000000e+03
1.747000000000000000e+03
1.697000000000000000e+03
1.748000000000000000e+03
1.843000000000000000e+03
1.866000000000000000e+03
1.912000000000000000e+03
1.917000000000000000e+03
1.999000000000000000e+03
2.034000000000000000e+03
2.412000000000000000e+03
2.344000000000000000e+03
1.942000000000000000e+03
1.911000000000000000e+03
1.941000000000000000e+03
1.979000000000000000e+03
1.840000000000000000e+03
1.741000000000000000e+03
1.547000000000000000e+03
1.624000000000000000e+03
1.843000000000000000e+03
1.861000000000000000e+03
1.854000000000000000e+03
1.513000000000000000e+03
1.690000000000000000e+03
2.265000000000000000e+03
2.942000000000000000e+03
2.066000000000000000e+03
1.791000000000000000e+03
1.722000000000000000e+03
1.851000000000000000e+03
2.183000000000000000e+03
2.104000000000000000e+03
1.053000000000000000e+03
7.750000000000000000e+02
5.440000000000000000e+02
4.300000000000000000e+02
2.450000000000000000e+02
1.660000000000000000e+02
1.180000000000000000e+02
9.200000000000000000e+01
8.400000000000000000e+01
5.600000000000000000e+01
5.500000000000000000e+01
4.800000000000000000e+01
4.200000000000000000e+01
2.900000000000000000e+01
2.500000000000000000e+01
2.000000000000000000e+01
2.200000000000000000e+01
1.300000000000000000e+01
1.600000000000000000e+01
2.300000000000000000e+01
2.100000000000000000e+01
2.400000000000000000e+01
1.100000000000000000e+01
1.400000000000000000e+01
7.000000000000000000e+00
1.000000000000000000e+01
5.000000000000000000e+00
8.000000000000000000e+00
9.000000000000000000e+00
8.000000000000000000e+00
5.000000000000000000e+00
6.000000000000000000e+00
5.000000000000000000e+00
2.000000000000000000e+00
9.000000000000000000e+00
1.100000000000000000e+01
6.000000000000000000e+00
5.000000000000000000e+00
4.000000000000000000e+00
7.000000000000000000e+00
4.000000000000000000e+00
1.200000000000000000e+01
1.100000000000000000e+01
1.100000000000000000e+01
7.000000000000000000e+00
1.800000000000000000e+01
1.400000000000000000e+01
1.200000000000000000e+01
1.500000000000000000e+01
1.100000000000000000e+01
1.400000000000000000e+01
1.300000000000000000e+01
4.529000000000000000e+03
1.172000000000000000e+03
1.163000000000000000e+03
1.070000000000000000e+03
1.001000000000000000e+03
9.750000000000000000e+02
9.130000000000000000e+02
7.560000000000000000e+02
7.360000000000000000e+02
6.560000000000000000e+02
5.830000000000000000e+02
5.630000000000000000e+02
5.510000000000000000e+02
5.360000000000000000e+02
4.750000000000000000e+02
4.810000000000000000e+02
4.530000000000000000e+02
4.770000000000000000e+02
4.740000000000000000e+02
5.140000000000000000e+02
4.750000000000000000e+02
4.960000000000000000e+02
4.830000000000000000e+02
4.870000000000000000e+02
4.480000000000000000e+02
4.270000000000000000e+02
3.790000000000000000e+02
3.520000000000000000e+02
3.400000000000000000e+02
3.420000000000000000e+02
3.220000000000000000e+02
2.750000000000000000e+02
2.910000000000000000e+02
3.340000000000000000e+02
2.870000000000000000e+02
2.500000000000000000e+02
2.930000000000000000e+02
2.860000000000000000e+02
3.140000000000000000e+02
2.910000000000000000e+02
2.880000000000000000e+02
2.700000000000000000e+02
2.490000000000000000e+02
2.910000000000000000e+02
2.880000000000000000e+02
2.700000000000000000e+02
3.050000000000000000e+02
2.880000000000000000e+02
2.740000000000000000e+02
2.940000000000000000e+02
3.240000000000000000e+02
3.570000000000000000e+02
3.310000000000000000e+02
3.150000000000000000e+02
3.390000000000000000e+02
3.350000000000000000e+02
3.430000000000000000e+02
3.240000000000000000e+02
3.820000000000000000e+02
3.080000000000000000e+02
3.690000000000000000e+02
3.600000000000000000e+02
3.390000000000000000e+02
3.410000000000000000e+02
3.510000000000000000e+02
3.740000000000000000e+02
3.900000000000000000e+02
3.750000000000000000e+02
3.840000000000000000e+02
4.160000000000000000e+02
4.510000000000000000e+02
4.470000000000000000e+02
5.050000000000000000e+02
5.720000000000000000e+02
6.600000000000000000e+02
6.660000000000000000e+02
6.750000000000000000e+02
7.460000000000000000e+02
7.290000000000000000e+02
7.280000000000000000e+02
7.350000000000000000e+02
7.090000000000000000e+02
7.280000000000000000e+02
6.940000000000000000e+02
7.190000000000000000e+02
7.120000000000000000e+02
7.210000000000000000e+02
8.010000000000000000e+02
8.070000000000000000e+02
7.820000000000000000e+02
8.080000000000000000e+02
8.210000000000000000e+02
9.220000000000000000e+02
9.210000000000000000e+02
9.350000000000000000e+02
1.025000000000000000e+03
1.015000000000000000e+03
1.082000000000000000e+03
1.187000000000000000e+03
1.255000000000000000e+03
1.306000000000000000e+03
1.431000000000000000e+03
1.510000000000000000e+03
1.598000000000000000e+03
1.555000000000000000e+03
1.734000000000000000e+03
1.769000000000000000e+03
1.881000000000000000e+03
1.963000000000000000e+03
2.021000000000000000e+03
2.010000000000000000e+03
2.137000000000000000e+03
2.167000000000000000e+03
2.207000000000000000e+03
2.333000000000000000e+03
2.300000000000000000e+03
2.259000000000000000e+03
2.371000000000000000e+03
2.390000000000000000e+03
2.437000000000000000e+03
2.367000000000000000e+03
2.326000000000000000e+03
2.447000000000000000e+03
2.400000000000000000e+03
2.566000000000000000e+03
2.483000000000000000e+03
2.416000000000000000e+03
2.514000000000000000e+03
2.358000000000000000e+03
2.416000000000000000e+03
2.411000000000000000e+03
2.421000000000000000e+03
2.570000000000000000e+03
2.794000000000000000e+03
3.177000000000000000e+03
3.613000000000000000e+03
3.764000000000000000e+03
3.471000000000000000e+03
3.108000000000000000e+03
2.794000000000000000e+03
2.286000000000000000e+03
1.963000000000000000e+03
1.877000000000000000e+03
1.869000000000000000e+03
1.683000000000000000e+03
1.614000000000000000e+03
1.536000000000000000e+03
1.661000000000000000e+03
1.527000000000000000e+03
1.535000000000000000e+03
1.470000000000000000e+03
1.544000000000000000e+03
1.528000000000000000e+03
1.442000000000000000e+03
1.448000000000000000e+03
1.372000000000000000e+03
1.480000000000000000e+03
1.592000000000000000e+03
1.581000000000000000e+03
1.423000000000000000e+03
1.457000000000000000e+03
1.656000000000000000e+03
1.728000000000000000e+03
1.792000000000000000e+03
1.810000000000000000e+03
1.759000000000000000e+03
1.664000000000000000e+03
1.623000000000000000e+03
1.448000000000000000e+03
1.427000000000000000e+03
1.225000000000000000e+03
1.169000000000000000e+03
1.371000000000000000e+03
1.630000000000000000e+03
1.539000000000000000e+03
1.634000000000000000e+03
2.302000000000000000e+03
2.421000000000000000e+03
3.074000000000000000e+03
2.552000000000000000e+03
1.825000000000000000e+03
1.059000000000000000e+03
6.930000000000000000e+02
3.940000000000000000e+02
3.710000000000000000e+02
3.960000000000000000e+02
3.380000000000000000e+02
4.060000000000000000e+02
4.410000000000000000e+02
4.860000000000000000e+02
5.700000000000000000e+02
4.950000000000000000e+02
4.410000000000000000e+02
3.800000000000000000e+02
4.130000000000000000e+02
4.340000000000000000e+02
4.410000000000000000e+02
3.910000000000000000e+02
2.750000000000000000e+02
3.590000000000000000e+02
3.310000000000000000e+02
3.720000000000000000e+02
3.660000000000000000e+02
2.930000000000000000e+02
3.090000000000000000e+02
3.000000000000000000e+02
2.490000000000000000e+02
2.190000000000000000e+02
2.330000000000000000e+02
2.140000000000000000e+02
1.990000000000000000e+02
2.290000000000000000e+02
2.100000000000000000e+02
2.190000000000000000e+02
2.270000000000000000e+02
1.970000000000000000e+02
1.990000000000000000e+02
2.010000000000000000e+02
1.660000000000000000e+02
1.730000000000000000e+02
2.110000000000000000e+02
2.270000000000000000e+02
1.900000000000000000e+02
1.900000000000000000e+02
1.980000000000000000e+02
2.140000000000000000e+02
2.250000000000000000e+02
1.780000000000000000e+02
1.990000000000000000e+02
1.540000000000000000e+02
1.460000000000000000e+02
1.360000000000000000e+02
1.240000000000000000e+02
1.020000000000000000e+02
1.150000000000000000e+02
1.090000000000000000e+02
9.600000000000000000e+01
9.000000000000000000e+01
9.700000000000000000e+01
9.600000000000000000e+01
1.120000000000000000e+02
1.080000000000000000e+02
1.400000000000000000e+02
1.100000000000000000e+02
1.220000000000000000e+02
1.200000000000000000e+02
1.280000000000000000e+02
9.300000000000000000e+01
7.100000000000000000e+01
4.800000000000000000e+01
4.200000000000000000e+01
1.800000000000000000e+01
2.000000000000000000e+01
6.000000000000000000e+00
7.000000000000000000e+00
5.500000000000000000e+01
2.939000000000000000e+03
0.000000000000000000e+00
9.000000000000000000e+00
6.900000000000000000e+01
2.500000000000000000e+01
2.310000000000000000e+02
1.052000000000000000e+03
4.100000000000000000e+01
5.750000000000000000e+02
1.850000000000000000e+02
3.640000000000000000e+02
2.243000000000000000e+03
3.897000000000000000e+03
1.521800000000000000e+04
1.207900000000000000e+04
3.847500000000000000e+04
1.498400000000000000e+04
2.852800000000000000e+04
1.006100000000000000e+04
1.079100000000000000e+04
1.929100000000000000e+04
1.804100000000000000e+04
2.327000000000000000e+04
1.876000000000000000e+03
5.501000000000000000e+03
9.690000000000000000e+02
5.750000000000000000e+02
3.800000000000000000e+01
2.300000000000000000e+01
8.000000000000000000e+00
2.269000000000000000e+03
9.000000000000000000e+00
3.200000000000000000e+01
2.600000000000000000e+01
2.400000000000000000e+02
3.610000000000000000e+02
6.040000000000000000e+02
5.000000000000000000e+00
1.510000000000000000e+02
3.000000000000000000e+00
2.920000000000000000e+02
0.000000000000000000e+00
3.670000000000000000e+02
1.930000000000000000e+02
2.000000000000000000e+00
1.600000000000000000e+02
1.400000000000000000e+01
0.000000000000000000e+00
1.280000000000000000e+02
1.500000000000000000e+01
1.732000000000000000e+03
1.200000000000000000e+02
1.120000000000000000e+02
3.000000000000000000e+01
6.600000000000000000e+01
3.240000000000000000e+02
1.410000000000000000e+02
4.800000000000000000e+01
3.120000000000000000e+02
0.000000000000000000e+00
3.160000000000000000e+02
0.000000000000000000e+00
1.600000000000000000e+02
2.100000000000000000e+01
0.000000000000000000e+00
3.700000000000000000e+01
1.700000000000000000e+02
4.000000000000000000e+00
7.000000000000000000e+00
0.000000000000000000e+00
1.600000000000000000e+01
0.000000000000000000e+00
0.000000000000000000e+00
2.100000000000000000e+01
1.000000000000000000e+00
8.180000000000000000e+02
0.000000000000000000e+00
0.000000000000000000e+00
0.000000000000000000e+00
0.000000000000000000e+00
4.600000000000000000e+01
0.000000000000000000e+00
0.000000000000000000e+00
1.580000000000000000e+02
0.000000000000000000e+00
0.000000000000000000e+00
0.000000000000000000e+00
8.000000000000000000e+00
0.000000000000000000e+00
0.000000000000000000e+00
3.400000000000000000e+01
0.000000000000000000e+00
0.000000000000000000e+00
0.000000000000000000e+00
1.000000000000000000e+00
1.000000000000000000e+00
1.350000000000000000e+02
0.000000000000000000e+00
2.100000000000000000e+01
1.000000000000000000e+00
4.000000000000000000e+00
5.100000000000000000e+01
1.000000000000000000e+00
1.410000000000000000e+02
0.000000000000000000e+00
6.000000000000000000e+00
3.000000000000000000e+00
3.000000000000000000e+00
5.000000000000000000e+00
8.500000000000000000e+01
3.700000000000000000e+02
1.750000000000000000e+02
2.460000000000000000e+02
1.400000000000000000e+02
1.709000000000000000e+03
3.570000000000000000e+02
4.142000000000000000e+03
1.838000000000000000e+03
1.265000000000000000e+03
1.099000000000000000e+03
1.758000000000000000e+03
1.000000000000000000e+01
8.110000000000000000e+02
1.910000000000000000e+02
3.340000000000000000e+02
8.400000000000000000e+02
2.660000000000000000e+02
1.700000000000000000e+01
6.500000000000000000e+01
2.400000000000000000e+01
9.400000000000000000e+01
1.000000000000000000e+00
2.310000000000000000e+02
1.870000000000000000e+02
0.000000000000000000e+00
3.900000000000000000e+01
1.400000000000000000e+01
0.000000000000000000e+00
2.800000000000000000e+01
0.000000000000000000e+00
3.110000000000000000e+02
7.000000000000000000e+01
1.300000000000000000e+01
0.000000000000000000e+00
1.000000000000000000e+00
1.430000000000000000e+02
1.400000000000000000e+01
3.000000000000000000e+00
0.000000000000000000e+00
0.000000000000000000e+00
3.200000000000000000e+01
0.000000000000000000e+00
0.000000000000000000e+00
2.000000000000000000e+00
0.000000000000000000e+00
3.000000000000000000e+00
1.790000000000000000e+02
0.000000000000000000e+00
4.000000000000000000e+00
0.000000000000000000e+00
8.700000000000000000e+01
1.000000000000000000e+00
0.000000000000000000e+00
1.400000000000000000e+01
2.000000000000000000e+00
7.430000000000000000e+02
0.000000000000000000e+00
0.000000000000000000e+00
0.000000000000000000e+00
6.000000000000000000e+00
2.890000000000000000e+02
0.000000000000000000e+00
0.000000000000000000e+00
2.620000000000000000e+02
7.000000000000000000e+00
6.000000000000000000e+00
0.000000000000000000e+00
1.670000000000000000e+02
1.000000000000000000e+00
0.000000000000000000e+00
1.651000000000000000e+03
0.000000000000000000e+00
2.100000000000000000e+01
4.430000000000000000e+02
1.270000000000000000e+02
2.430000000000000000e+02
1.780000000000000000e+02
4.110000000000000000e+02
5.420000000000000000e+02
1.036000000000000000e+03
4.890000000000000000e+02
5.590000000000000000e+02
5.320000000000000000e+02
5.250000000000000000e+02
7.050000000000000000e+02
8.210000000000000000e+02
7.200000000000000000e+02
7.620000000000000000e+02
8.330000000000000000e+02
7.020000000000000000e+02
1.026000000000000000e+03
1.630000000000000000e+03
1.884000000000000000e+03
2.674000000000000000e+03
2.310000000000000000e+03
3.253000000000000000e+03
2.043000000000000000e+03
1.797000000000000000e+03
2.714000000000000000e+03
2.339000000000000000e+03
3.590000000000000000e+03
5.886000000000000000e+03
5.228000000000000000e+03
3.705000000000000000e+03
2.643000000000000000e+03
2.925000000000000000e+03
3.605000000000000000e+03
3.003000000000000000e+03
4.705000000000000000e+03
4.912000000000000000e+03
3.224000000000000000e+03
4.178000000000000000e+03
3.340000000000000000e+03
4.395000000000000000e+03
4.603000000000000000e+03
4.778000000000000000e+03
4.348000000000000000e+03
5.322000000000000000e+03
5.384000000000000000e+03
4.501000000000000000e+03
4.028000000000000000e+03
5.069000000000000000e+03
4.538000000000000000e+03
4.364000000000000000e+03
4.423000000000000000e+03
4.147000000000000000e+03
4.216000000000000000e+03
4.419000000000000000e+03
4.033000000000000000e+03
4.430000000000000000e+03
4.142000000000000000e+03
4.115000000000000000e+03
3.834000000000000000e+03
4.032000000000000000e+03
3.724000000000000000e+03
3.283000000000000000e+03
3.157000000000000000e+03
2.873000000000000000e+03
2.595000000000000000e+03
2.494000000000000000e+03
2.490000000000000000e+03
2.008000000000000000e+03
1.873000000000000000e+03
1.829000000000000000e+03
1.520000000000000000e+03
1.507000000000000000e+03
1.177000000000000000e+03
1.206000000000000000e+03
1.110000000000000000e+03
9.220000000000000000e+02
9.440000000000000000e+02
1.010000000000000000e+03
8.280000000000000000e+02
8.170000000000000000e+02
7.720000000000000000e+02
9.270000000000000000e+02
6.130000000000000000e+02
6.020000000000000000e+02
4.930000000000000000e+02
4.820000000000000000e+02
4.490000000000000000e+02
3.840000000000000000e+02
3.530000000000000000e+02
3.670000000000000000e+02
3.790000000000000000e+02
2.820000000000000000e+02
4.700000000000000000e+02
3.110000000000000000e+02
3.710000000000000000e+02
2.840000000000000000e+02
2.850000000000000000e+02
2.420000000000000000e+02
4.360000000000000000e+02
2.120000000000000000e+02
2.110000000000000000e+02
1.900000000000000000e+02
2.860000000000000000e+02
1.850000000000000000e+02
1.260000000000000000e+02
2.710000000000000000e+02
8.900000000000000000e+01
8.700000000000000000e+01
1.090000000000000000e+02
1.530000000000000000e+02
7.100000000000000000e+01
6.300000000000000000e+01
1.660000000000000000e+02
7.000000000000000000e+01
8.600000000000000000e+01
8.000000000000000000e+01
1.090000000000000000e+02
8.000000000000000000e+01
6.600000000000000000e+01
7.000000000000000000e+01
7.500000000000000000e+01
4.000000000000000000e+01
3.500000000000000000e+01
7.200000000000000000e+01
6.760000000000000000e+02
1.900000000000000000e+01
5.600000000000000000e+01
6.000000000000000000e+01
5.900000000000000000e+01
4.700000000000000000e+01
7.700000000000000000e+01
8.600000000000000000e+01
7.400000000000000000e+01
9.700000000000000000e+01
5.900000000000000000e+01
5.600000000000000000e+01
6.300000000000000000e+01
3.100000000000000000e+01
1.710000000000000000e+02
8.400000000000000000e+01
5.000000000000000000e+01
3.500000000000000000e+01
1.110000000000000000e+02
5.900000000000000000e+01
7.700000000000000000e+01
1.010000000000000000e+02
5.100000000000000000e+01
6.700000000000000000e+01
3.400000000000000000e+01
2.930000000000000000e+02
4.100000000000000000e+01
6.300000000000000000e+01
6.100000000000000000e+01
7.200000000000000000e+01
7.600000000000000000e+01
2.150000000000000000e+02
4.300000000000000000e+01
5.300000000000000000e+01
8.100000000000000000e+01
5.700000000000000000e+01
8.800000000000000000e+01
6.500000000000000000e+01
8.800000000000000000e+01
7.200000000000000000e+01
4.600000000000000000e+01
1.300000000000000000e+01
5.370000000000000000e+02
2.200000000000000000e+01
5.100000000000000000e+01
8.800000000000000000e+01
9.700000000000000000e+01
8.100000000000000000e+01
3.500000000000000000e+01
1.180000000000000000e+02
4.100000000000000000e+01
1.200000000000000000e+02
5.800000000000000000e+01
8.300000000000000000e+01
2.240000000000000000e+02
3.100000000000000000e+01
9.000000000000000000e+01
1.470000000000000000e+02
4.800000000000000000e+01
7.400000000000000000e+01
6.700000000000000000e+01
5.000000000000000000e+01
6.100000000000000000e+01
4.070000000000000000e+02
1.000000000000000000e+01
7.900000000000000000e+01
7.400000000000000000e+01
6.300000000000000000e+01
6.500000000000000000e+01
7.400000000000000000e+01
9.900000000000000000e+01
4.400000000000000000e+01
1.050000000000000000e+02
5.300000000000000000e+01
5.600000000000000000e+01
6.200000000000000000e+01
1.290000000000000000e+02
3.600000000000000000e+01
6.300000000000000000e+01
5.500000000000000000e+01
2.700000000000000000e+01
1.020000000000000000e+02
2.800000000000000000e+01
8.700000000000000000e+01
3.000000000000000000e+01
2.540000000000000000e+02
3.800000000000000000e+01
6.300000000000000000e+01
6.500000000000000000e+01
3.500000000000000000e+01
4.300000000000000000e+01
1.260000000000000000e+02
5.500000000000000000e+01
7.500000000000000000e+01
5.800000000000000000e+01
1.050000000000000000e+02
5.900000000000000000e+01
5.100000000000000000e+01
2.600000000000000000e+01
1.160000000000000000e+02
2.400000000000000000e+01
2.400000000000000000e+01
7.000000000000000000e+01
4.500000000000000000e+01
4.500000000000000000e+01
4.600000000000000000e+01
6.000000000000000000e+01
2.300000000000000000e+01
1.600000000000000000e+01
6.500000000000000000e+01
2.500000000000000000e+01
4.600000000000000000e+01
2.900000000000000000e+01
2.900000000000000000e+01
6.200000000000000000e+01
3.000000000000000000e+01
2.400000000000000000e+01
2.900000000000000000e+01
3.500000000000000000e+01
3.700000000000000000e+01
1.500000000000000000e+01
8.000000000000000000e+00
4.000000000000000000e+00
0.000000000000000000e+00
0.000000000000000000e+00
0.000000000000000000e+00
0.000000000000000000e+00
4.536000000000000000e+03
3.650000000000000000e+02
7.350000000000000000e+02
7.810000000000000000e+02
9.040000000000000000e+02
8.560000000000000000e+02
7.380000000000000000e+02
7.380000000000000000e+02
6.750000000000000000e+02
6.440000000000000000e+02
5.480000000000000000e+02
5.040000000000000000e+02
4.380000000000000000e+02
4.470000000000000000e+02
4.240000000000000000e+02
4.240000000000000000e+02
3.810000000000000000e+02
3.920000000000000000e+02
3.960000000000000000e+02
4.370000000000000000e+02
4.140000000000000000e+02
4.170000000000000000e+02
4.290000000000000000e+02
4.790000000000000000e+02
4.660000000000000000e+02
4.920000000000000000e+02
5.280000000000000000e+02
4.870000000000000000e+02
4.670000000000000000e+02
4.970000000000000000e+02
5.030000000000000000e+02
5.050000000000000000e+02
4.900000000000000000e+02
5.060000000000000000e+02
4.910000000000000000e+02
4.820000000000000000e+02
4.280000000000000000e+02
4.580000000000000000e+02
3.950000000000000000e+02
3.640000000000000000e+02
4.110000000000000000e+02
3.630000000000000000e+02
3.560000000000000000e+02
3.240000000000000000e+02
3.630000000000000000e+02
3.300000000000000000e+02
3.450000000000000000e+02
3.310000000000000000e+02
3.310000000000000000e+02
3.160000000000000000e+02
3.130000000000000000e+02
2.600000000000000000e+02
2.970000000000000000e+02
2.800000000000000000e+02
2.800000000000000000e+02
2.820000000000000000e+02
2.680000000000000000e+02
3.020000000000000000e+02
2.730000000000000000e+02
2.790000000000000000e+02
2.890000000000000000e+02
2.680000000000000000e+02
2.750000000000000000e+02
2.730000000000000000e+02
2.420000000000000000e+02
2.780000000000000000e+02
2.510000000000000000e+02
2.640000000000000000e+02
2.640000000000000000e+02
2.680000000000000000e+02
2.440000000000000000e+02
2.400000000000000000e+02
2.330000000000000000e+02
2.600000000000000000e+02
2.410000000000000000e+02
2.270000000000000000e+02
2.270000000000000000e+02
2.440000000000000000e+02
2.140000000000000000e+02
2.160000000000000000e+02
1.980000000000000000e+02
2.570000000000000000e+02
2.000000000000000000e+02
2.170000000000000000e+02
2.110000000000000000e+02
1.940000000000000000e+02
2.140000000000000000e+02
2.150000000000000000e+02
2.200000000000000000e+02
1.900000000000000000e+02
1.960000000000000000e+02
2.240000000000000000e+02
2.260000000000000000e+02
2.420000000000000000e+02
2.630000000000000000e+02
2.770000000000000000e+02
3.010000000000000000e+02
2.980000000000000000e+02
2.980000000000000000e+02
3.480000000000000000e+02
3.670000000000000000e+02
3.730000000000000000e+02
4.250000000000000000e+02
4.290000000000000000e+02
4.580000000000000000e+02
4.910000000000000000e+02
5.270000000000000000e+02
5.600000000000000000e+02
5.830000000000000000e+02
5.930000000000000000e+02
5.890000000000000000e+02
6.390000000000000000e+02
6.000000000000000000e+02
6.680000000000000000e+02
6.310000000000000000e+02
6.040000000000000000e+02
6.150000000000000000e+02
6.830000000000000000e+02
6.460000000000000000e+02
7.000000000000000000e+02
7.130000000000000000e+02
7.330000000000000000e+02
6.930000000000000000e+02
8.070000000000000000e+02
8.380000000000000000e+02
8.670000000000000000e+02
8.440000000000000000e+02
9.070000000000000000e+02
9.690000000000000000e+02
9.880000000000000000e+02
1.071000000000000000e+03
1.127000000000000000e+03
1.204000000000000000e+03
1.317000000000000000e+03
1.370000000000000000e+03
1.439000000000000000e+03
1.535000000000000000e+03
1.533000000000000000e+03
1.613000000000000000e+03
1.728000000000000000e+03
1.816000000000000000e+03
1.826000000000000000e+03
1.931000000000000000e+03
1.890000000000000000e+03
2.076000000000000000e+03
2.027000000000000000e+03
2.036000000000000000e+03
2.109000000000000000e+03
2.153000000000000000e+03
2.226000000000000000e+03
2.281000000000000000e+03
2.320000000000000000e+03
2.625000000000000000e+03
3.107000000000000000e+03
3.758000000000000000e+03
4.233000000000000000e+03
4.161000000000000000e+03
3.543000000000000000e+03
3.362000000000000000e+03
3.290000000000000000e+03
3.039000000000000000e+03
2.655000000000000000e+03
2.303000000000000000e+03
2.098000000000000000e+03
1.939000000000000000e+03
1.817000000000000000e+03
1.797000000000000000e+03
1.897000000000000000e+03
1.748000000000000000e+03
1.687000000000000000e+03
1.766000000000000000e+03
1.748000000000000000e+03
1.635000000000000000e+03
1.773000000000000000e+03
1.658000000000000000e+03
1.638000000000000000e+03
1.729000000000000000e+03
1.749000000000000000e+03
1.901000000000000000e+03
1.961000000000000000e+03
1.969000000000000000e+03
1.932000000000000000e+03
1.973000000000000000e+03
2.100000000000000000e+03
2.122000000000000000e+03
1.999000000000000000e+03
2.175000000000000000e+03
2.075000000000000000e+03
2.332000000000000000e+03
2.050000000000000000e+03
2.124000000000000000e+03
2.128000000000000000e+03
1.949000000000000000e+03
1.864000000000000000e+03
1.970000000000000000e+03
1.932000000000000000e+03
1.899000000000000000e+03
1.826000000000000000e+03
1.756000000000000000e+03
1.767000000000000000e+03
1.996000000000000000e+03
1.743000000000000000e+03
1.758000000000000000e+03
1.791000000000000000e+03
1.608000000000000000e+03
1.736000000000000000e+03
1.508000000000000000e+03
1.335000000000000000e+03
1.532000000000000000e+03
1.442000000000000000e+03
1.676000000000000000e+03
2.016000000000000000e+03
1.667000000000000000e+03
2.307000000000000000e+03
1.633000000000000000e+03
1.599000000000000000e+03
1.636000000000000000e+03
1.339000000000000000e+03
1.772000000000000000e+03
9.330000000000000000e+02
6.680000000000000000e+02
3.840000000000000000e+02
3.200000000000000000e+02
3.000000000000000000e+02
2.770000000000000000e+02
2.690000000000000000e+02
2.780000000000000000e+02
2.810000000000000000e+02
2.140000000000000000e+02
2.340000000000000000e+02
1.860000000000000000e+02
1.750000000000000000e+02
1.600000000000000000e+02
1.560000000000000000e+02
1.230000000000000000e+02
1.310000000000000000e+02
1.250000000000000000e+02
1.120000000000000000e+02
1.040000000000000000e+02
1.020000000000000000e+02
1.020000000000000000e+02
1.130000000000000000e+02
1.120000000000000000e+02
1.410000000000000000e+02
1.110000000000000000e+02
1.270000000000000000e+02
1.240000000000000000e+02
1.150000000000000000e+02
8.500000000000000000e+01
6.800000000000000000e+01
5.300000000000000000e+01
4.900000000000000000e+01
2.000000000000000000e+01
2.700000000000000000e+01
1.400000000000000000e+01
1.800000000000000000e+01
1.320000000000000000e+02
