3.800000000000000000e+01
3.400000000000000000e+01
9.700000000000000000e+01
1.830000000000000000e+02
3.950000000000000000e+02
5.330000000000000000e+02
5.000000000000000000e+02
4.460000000000000000e+02
5.120000000000000000e+02
4.930000000000000000e+02
5.240000000000000000e+02
5.650000000000000000e+02
6.220000000000000000e+02
6.440000000000000000e+02
7.550000000000000000e+02
6.930000000000000000e+02
7.340000000000000000e+02
7.780000000000000000e+02
6.870000000000000000e+02
6.970000000000000000e+02
7.160000000000000000e+02
6.560000000000000000e+02
6.730000000000000000e+02
6.590000000000000000e+02
6.150000000000000000e+02
6.350000000000000000e+02
6.590000000000000000e+02
6.410000000000000000e+02
6.080000000000000000e+02
6.130000000000000000e+02
6.380000000000000000e+02
6.180000000000000000e+02
6.040000000000000000e+02
6.350000000000000000e+02
5.850000000000000000e+02
6.130000000000000000e+02
5.910000000000000000e+02
5.530000000000000000e+02
5.720000000000000000e+02
6.070000000000000000e+02
6.160000000000000000e+02
5.960000000000000000e+02
6.580000000000000000e+02
6.270000000000000000e+02
6.430000000000000000e+02
6.490000000000000000e+02
7.300000000000000000e+02
6.680000000000000000e+02
6.430000000000000000e+02
6.190000000000000000e+02
6.780000000000000000e+02
6.160000000000000000e+02
6.210000000000000000e+02
6.090000000000000000e+02
5.310000000000000000e+02
5.590000000000000000e+02
5.700000000000000000e+02
5.380000000000000000e+02
5.080000000000000000e+02
5.660000000000000000e+02
4.660000000000000000e+02
5.100000000000000000e+02
5.080000000000000000e+02
5.160000000000000000e+02
4.950000000000000000e+02
4.810000000000000000e+02
4.800000000000000000e+02
5.110000000000000000e+02
5.010000000000000000e+02
5.490000000000000000e+02
5.780000000000000000e+02
5.310000000000000000e+02
5.680000000000000000e+02
5.810000000000000000e+02
6.140000000000000000e+02
6.130000000000000000e+02
5.410000000000000000e+02
6.000000000000000000e+02
5.680000000000000000e+02
5.200000000000000000e+02
5.030000000000000000e+02
5.190000000000000000e+02
4.710000000000000000e+02
4.480000000000000000e+02
4.650000000000000000e+02
4.810000000000000000e+02
3.970000000000000000e+02
3.870000000000000000e+02
3.540000000000000000e+02
3.700000000000000000e+02
3.450000000000000000e+02
3.570000000000000000e+02
3.390000000000000000e+02
4.010000000000000000e+02
3.860000000000000000e+02
4.340000000000000000e+02
4.680000000000000000e+02
5.420000000000000000e+02
6.060000000000000000e+02
6.170000000000000000e+02
7.060000000000000000e+02
8.000000000000000000e+02
7.360000000000000000e+02
9.110000000000000000e+02
8.940000000000000000e+02
1.002000000000000000e+03
1.081000000000000000e+03
1.098000000000000000e+03
1.074000000000000000e+03
1.015000000000000000e+03
9.350000000000000000e+02
8.600000000000000000e+02
7.880000000000000000e+02
6.970000000000000000e+02
7.060000000000000000e+02
7.340000000000000000e+02
7.040000000000000000e+02
7.000000000000000000e+02
6.780000000000000000e+02
6.160000000000000000e+02
5.440000000000000000e+02
5.310000000000000000e+02
4.630000000000000000e+02
4.920000000000000000e+02
4.910000000000000000e+02
5.340000000000000000e+02
6.130000000000000000e+02
5.980000000000000000e+02
6.010000000000000000e+02
6.130000000000000000e+02
6.490000000000000000e+02
6.540000000000000000e+02
7.320000000000000000e+02
7.800000000000000000e+02
8.420000000000000000e+02
8.810000000000000000e+02
8.660000000000000000e+02
1.008000000000000000e+03
1.062000000000000000e+03
1.208000000000000000e+03
1.341000000000000000e+03
1.386000000000000000e+03
1.340000000000000000e+03
1.627000000000000000e+03
1.581000000000000000e+03
1.395000000000000000e+03
1.320000000000000000e+03
9.570000000000000000e+02
6.260000000000000000e+02
5.630000000000000000e+02
5.520000000000000000e+02
6.550000000000000000e+02
7.590000000000000000e+02
9.060000000000000000e+02
1.114000000000000000e+03
1.666000000000000000e+03
2.008000000000000000e+03
2.672000000000000000e+03
3.391000000000000000e+03
4.641000000000000000e+03
5.497000000000000000e+03
6.799000000000000000e+03
8.715000000000000000e+03
9.885000000000000000e+03
8.298000000000000000e+03
7.370000000000000000e+03
6.923000000000000000e+03
7.194000000000000000e+03
7.675000000000000000e+03
6.728000000000000000e+03
5.947000000000000000e+03
5.564000000000000000e+03
5.358000000000000000e+03
3.159000000000000000e+03
1.809000000000000000e+03
1.552000000000000000e+03
1.580000000000000000e+03
1.458000000000000000e+03
1.241000000000000000e+03
1.201000000000000000e+03
1.097000000000000000e+03
9.560000000000000000e+02
9.420000000000000000e+02
8.410000000000000000e+02
7.360000000000000000e+02
6.620000000000000000e+02
5.150000000000000000e+02
4.630000000000000000e+02
4.180000000000000000e+02
3.400000000000000000e+02
3.680000000000000000e+02
3.350000000000000000e+02
3.030000000000000000e+02
3.360000000000000000e+02
2.940000000000000000e+02
2.600000000000000000e+02
2.620000000000000000e+02
2.480000000000000000e+02
2.680000000000000000e+02
2.750000000000000000e+02
2.390000000000000000e+02
2.440000000000000000e+02
2.760000000000000000e+02
3.010000000000000000e+02
2.530000000000000000e+02
2.570000000000000000e+02
2.820000000000000000e+02
2.670000000000000000e+02
2.910000000000000000e+02
3.010000000000000000e+02
2.890000000000000000e+02
3.040000000000000000e+02
3.920000000000000000e+02
3.400000000000000000e+02
4.110000000000000000e+02
3.700000000000000000e+02
4.050000000000000000e+02
4.120000000000000000e+02
3.070000000000000000e+02
2.750000000000000000e+02
2.360000000000000000e+02
2.510000000000000000e+02
2.330000000000000000e+02
2.190000000000000000e+02
2.100000000000000000e+02
1.810000000000000000e+02
1.990000000000000000e+02
2.160000000000000000e+02
1.930000000000000000e+02
2.620000000000000000e+02
1.890000000000000000e+02
2.620000000000000000e+02
2.520000000000000000e+02
1.680000000000000000e+02
1.840000000000000000e+02
1.180000000000000000e+02
1.060000000000000000e+02
7.500000000000000000e+01
6.900000000000000000e+01
5.000000000000000000e+01
4.700000000000000000e+01
5.200000000000000000e+01
6.300000000000000000e+01
6.100000000000000000e+01
5.900000000000000000e+01
4.700000000000000000e+01
3.900000000000000000e+01
5.000000000000000000e+01
3.100000000000000000e+01
2.800000000000000000e+01
1.900000000000000000e+01
1.700000000000000000e+01
1.700000000000000000e+01
1.100000000000000000e+01
1.200000000000000000e+01
2.000000000000000000e+00
5.000000000000000000e+00
1.000000000000000000e+01
4.400000000000000000e+01
1.270000000000000000e+02
2.610000000000000000e+02
4.780000000000000000e+02
4.610000000000000000e+02
4.410000000000000000e+02
5.010000000000000000e+02
4.790000000000000000e+02
5.670000000000000000e+02
5.810000000000000000e+02
6.490000000000000000e+02
5.660000000000000000e+02
5.900000000000000000e+02
6.470000000000000000e+02
6.400000000000000000e+02
6.530000000000000000e+02
7.040000000000000000e+02
6.980000000000000000e+02
7.730000000000000000e+02
7.540000000000000000e+02
6.580000000000000000e+02
6.650000000000000000e+02
5.590000000000000000e+02
6.360000000000000000e+02
6.940000000000000000e+02
6.970000000000000000e+02
6.930000000000000000e+02
6.710000000000000000e+02
6.560000000000000000e+02
6.430000000000000000e+02
6.140000000000000000e+02
6.580000000000000000e+02
6.720000000000000000e+02
6.880000000000000000e+02
7.030000000000000000e+02
6.470000000000000000e+02
5.890000000000000000e+02
6.120000000000000000e+02
5.430000000000000000e+02
5.310000000000000000e+02
5.050000000000000000e+02
4.700000000000000000e+02
4.890000000000000000e+02
4.770000000000000000e+02
5.240000000000000000e+02
4.380000000000000000e+02
4.680000000000000000e+02
4.330000000000000000e+02
4.700000000000000000e+02
4.720000000000000000e+02
4.660000000000000000e+02
5.710000000000000000e+02
5.670000000000000000e+02
5.480000000000000000e+02
5.760000000000000000e+02
6.420000000000000000e+02
6.150000000000000000e+02
5.760000000000000000e+02
5.860000000000000000e+02
5.810000000000000000e+02
5.580000000000000000e+02
5.410000000000000000e+02
5.430000000000000000e+02
5.330000000000000000e+02
5.410000000000000000e+02
5.470000000000000000e+02
5.370000000000000000e+02
5.210000000000000000e+02
5.230000000000000000e+02
4.740000000000000000e+02
4.580000000000000000e+02
4.660000000000000000e+02
4.240000000000000000e+02
4.150000000000000000e+02
4.560000000000000000e+02
4.420000000000000000e+02
4.690000000000000000e+02
4.300000000000000000e+02
4.250000000000000000e+02
4.110000000000000000e+02
4.470000000000000000e+02
4.380000000000000000e+02
4.710000000000000000e+02
4.180000000000000000e+02
4.230000000000000000e+02
4.310000000000000000e+02
3.890000000000000000e+02
3.870000000000000000e+02
3.630000000000000000e+02
3.540000000000000000e+02
3.720000000000000000e+02
3.880000000000000000e+02
3.990000000000000000e+02
4.310000000000000000e+02
3.830000000000000000e+02
3.760000000000000000e+02
3.590000000000000000e+02
3.280000000000000000e+02
3.250000000000000000e+02
3.040000000000000000e+02
3.170000000000000000e+02
3.350000000000000000e+02
3.090000000000000000e+02
2.820000000000000000e+02
3.230000000000000000e+02
3.290000000000000000e+02
3.520000000000000000e+02
3.380000000000000000e+02
3.450000000000000000e+02
3.510000000000000000e+02
3.590000000000000000e+02
3.250000000000000000e+02
4.000000000000000000e+02
4.140000000000000000e+02
4.330000000000000000e+02
3.590000000000000000e+02
4.460000000000000000e+02
4.780000000000000000e+02
4.730000000000000000e+02
5.260000000000000000e+02
5.190000000000000000e+02
5.560000000000000000e+02
6.340000000000000000e+02
7.250000000000000000e+02
8.310000000000000000e+02
9.090000000000000000e+02
1.105000000000000000e+03
1.154000000000000000e+03
1.376000000000000000e+03
1.380000000000000000e+03
1.625000000000000000e+03
1.783000000000000000e+03
2.231000000000000000e+03
2.552000000000000000e+03
2.718000000000000000e+03
2.882000000000000000e+03
3.120000000000000000e+03
2.992000000000000000e+03
3.240000000000000000e+03
3.533000000000000000e+03
3.506000000000000000e+03
3.328000000000000000e+03
3.229000000000000000e+03
2.907000000000000000e+03
2.599000000000000000e+03
2.431000000000000000e+03
2.226000000000000000e+03
2.118000000000000000e+03
1.947000000000000000e+03
1.767000000000000000e+03
1.585000000000000000e+03
1.318000000000000000e+03
1.279000000000000000e+03
1.080000000000000000e+03
9.460000000000000000e+02
8.290000000000000000e+02
7.230000000000000000e+02
6.500000000000000000e+02
5.830000000000000000e+02
4.940000000000000000e+02
4.630000000000000000e+02
4.490000000000000000e+02
3.680000000000000000e+02
3.410000000000000000e+02
3.090000000000000000e+02
3.000000000000000000e+02
2.960000000000000000e+02
3.040000000000000000e+02
3.300000000000000000e+02
3.800000000000000000e+02
4.370000000000000000e+02
7.890000000000000000e+02
1.035000000000000000e+03
2.234000000000000000e+03
2.851000000000000000e+03
2.865000000000000000e+03
3.524000000000000000e+03
4.754000000000000000e+03
5.715000000000000000e+03
6.250000000000000000e+03
5.277000000000000000e+03
4.808000000000000000e+03
6.045000000000000000e+03
8.658000000000000000e+03
8.769000000000000000e+03
6.818000000000000000e+03
5.058000000000000000e+03
5.514000000000000000e+03
6.042000000000000000e+03
5.888000000000000000e+03
2.640000000000000000e+03
4.020000000000000000e+02
1.400000000000000000e+02
1.910000000000000000e+02
1.930000000000000000e+02
2.350000000000000000e+02
2.430000000000000000e+02
1.870000000000000000e+02
2.180000000000000000e+02
2.330000000000000000e+02
2.630000000000000000e+02
2.190000000000000000e+02
2.290000000000000000e+02
1.990000000000000000e+02
2.810000000000000000e+02
3.140000000000000000e+02
3.200000000000000000e+02
2.580000000000000000e+02
3.590000000000000000e+02
3.540000000000000000e+02
3.740000000000000000e+02
3.590000000000000000e+02
3.190000000000000000e+02
3.730000000000000000e+02
3.350000000000000000e+02
2.300000000000000000e+02
2.320000000000000000e+02
2.100000000000000000e+02
2.090000000000000000e+02
2.220000000000000000e+02
1.980000000000000000e+02
1.410000000000000000e+02
1.740000000000000000e+02
1.860000000000000000e+02
1.860000000000000000e+02
1.730000000000000000e+02
1.830000000000000000e+02
1.730000000000000000e+02
1.910000000000000000e+02
1.950000000000000000e+02
1.620000000000000000e+02
1.450000000000000000e+02
1.070000000000000000e+02
5.900000000000000000e+01
4.300000000000000000e+01
2.700000000000000000e+01
2.800000000000000000e+01
6.000000000000000000e+00
6.000000000000000000e+00
1.300000000000000000e+01
6.000000000000000000e+00
1.200000000000000000e+01
5.000000000000000000e+00
8.000000000000000000e+00
1.000000000000000000e+01
2.000000000000000000e+00
5.000000000000000000e+00
4.000000000000000000e+00
2.000000000000000000e+00
2.000000000000000000e+00
0.000000000000000000e+00
0.000000000000000000e+00
0.000000000000000000e+00
0.000000000000000000e+00
4.600000000000000000e+01
3.900000000000000000e+01
8.600000000000000000e+01
1.650000000000000000e+02
2.300000000000000000e+02
3.610000000000000000e+02
3.240000000000000000e+02
3.720000000000000000e+02
4.360000000000000000e+02
4.850000000000000000e+02
5.120000000000000000e+02
5.290000000000000000e+02
5.220000000000000000e+02
5.000000000000000000e+02
5.030000000000000000e+02
5.150000000000000000e+02
5.450000000000000000e+02
5.280000000000000000e+02
5.630000000000000000e+02
5.610000000000000000e+02
5.400000000000000000e+02
5.050000000000000000e+02
5.900000000000000000e+02
5.130000000000000000e+02
4.920000000000000000e+02
5.420000000000000000e+02
5.390000000000000000e+02
5.350000000000000000e+02
5.440000000000000000e+02
5.770000000000000000e+02
6.310000000000000000e+02
5.880000000000000000e+02
6.020000000000000000e+02
6.620000000000000000e+02
7.110000000000000000e+02
6.520000000000000000e+02
6.930000000000000000e+02
6.970000000000000000e+02
7.520000000000000000e+02
7.450000000000000000e+02
7.640000000000000000e+02
7.420000000000000000e+02
6.650000000000000000e+02
6.480000000000000000e+02
6.400000000000000000e+02
6.130000000000000000e+02
5.920000000000000000e+02
5.430000000000000000e+02
5.640000000000000000e+02
5.400000000000000000e+02
5.160000000000000000e+02
5.770000000000000000e+02
5.720000000000000000e+02
5.830000000000000000e+02
5.440000000000000000e+02
5.890000000000000000e+02
6.130000000000000000e+02
5.930000000000000000e+02
6.310000000000000000e+02
6.190000000000000000e+02
6.670000000000000000e+02
6.200000000000000000e+02
5.890000000000000000e+02
5.700000000000000000e+02
5.680000000000000000e+02
5.910000000000000000e+02
5.840000000000000000e+02
5.580000000000000000e+02
5.260000000000000000e+02
4.580000000000000000e+02
4.840000000000000000e+02
4.640000000000000000e+02
4.930000000000000000e+02
4.620000000000000000e+02
3.980000000000000000e+02
4.140000000000000000e+02
4.090000000000000000e+02
3.870000000000000000e+02
3.810000000000000000e+02
4.030000000000000000e+02
4.230000000000000000e+02
3.680000000000000000e+02
3.820000000000000000e+02
3.970000000000000000e+02
4.210000000000000000e+02
3.830000000000000000e+02
3.810000000000000000e+02
3.890000000000000000e+02
4.040000000000000000e+02
3.880000000000000000e+02
3.850000000000000000e+02
4.090000000000000000e+02
4.600000000000000000e+02
4.460000000000000000e+02
4.210000000000000000e+02
4.710000000000000000e+02
4.930000000000000000e+02
5.080000000000000000e+02
5.350000000000000000e+02
5.110000000000000000e+02
5.060000000000000000e+02
5.180000000000000000e+02
4.860000000000000000e+02
4.950000000000000000e+02
5.240000000000000000e+02
5.960000000000000000e+02
5.930000000000000000e+02
6.150000000000000000e+02
7.090000000000000000e+02
7.110000000000000000e+02
7.840000000000000000e+02
8.950000000000000000e+02
9.360000000000000000e+02
1.028000000000000000e+03
1.095000000000000000e+03
1.228000000000000000e+03
1.234000000000000000e+03
1.344000000000000000e+03
1.334000000000000000e+03
1.403000000000000000e+03
1.486000000000000000e+03
1.565000000000000000e+03
1.588000000000000000e+03
1.692000000000000000e+03
1.610000000000000000e+03
1.626000000000000000e+03
1.658000000000000000e+03
1.657000000000000000e+03
1.587000000000000000e+03
1.460000000000000000e+03
1.400000000000000000e+03
1.342000000000000000e+03
1.240000000000000000e+03
1.135000000000000000e+03
1.001000000000000000e+03
1.023000000000000000e+03
9.070000000000000000e+02
9.340000000000000000e+02
8.460000000000000000e+02
8.390000000000000000e+02
9.600000000000000000e+02
1.097000000000000000e+03
1.032000000000000000e+03
1.064000000000000000e+03
1.064000000000000000e+03
1.038000000000000000e+03
1.015000000000000000e+03
1.079000000000000000e+03
1.065000000000000000e+03
9.940000000000000000e+02
9.810000000000000000e+02
9.590000000000000000e+02
9.790000000000000000e+02
1.031000000000000000e+03
1.058000000000000000e+03
1.085000000000000000e+03
1.013000000000000000e+03
1.030000000000000000e+03
9.110000000000000000e+02
8.780000000000000000e+02
8.540000000000000000e+02
9.220000000000000000e+02
1.004000000000000000e+03
1.116000000000000000e+03
1.132000000000000000e+03
1.230000000000000000e+03
1.214000000000000000e+03
1.197000000000000000e+03
1.135000000000000000e+03
1.096000000000000000e+03
1.034000000000000000e+03
9.420000000000000000e+02
9.070000000000000000e+02
8.410000000000000000e+02
7.500000000000000000e+02
7.020000000000000000e+02
6.360000000000000000e+02
6.700000000000000000e+02
6.240000000000000000e+02
5.430000000000000000e+02
5.070000000000000000e+02
5.020000000000000000e+02
4.210000000000000000e+02
3.650000000000000000e+02
3.020000000000000000e+02
2.820000000000000000e+02
2.590000000000000000e+02
2.430000000000000000e+02
2.330000000000000000e+02
2.210000000000000000e+02
1.980000000000000000e+02
5.080000000000000000e+02
7.350000000000000000e+02
7.030000000000000000e+02
7.580000000000000000e+02
9.150000000000000000e+02
1.482000000000000000e+03
2.969000000000000000e+03
4.152000000000000000e+03
4.548000000000000000e+03
4.259000000000000000e+03
4.901000000000000000e+03
5.852000000000000000e+03
6.660000000000000000e+03
5.816000000000000000e+03
5.303000000000000000e+03
5.401000000000000000e+03
6.900000000000000000e+03
9.508000000000000000e+03
8.925000000000000000e+03
8.009000000000000000e+03
6.388000000000000000e+03
2.942000000000000000e+03
8.700000000000000000e+02
3.840000000000000000e+02
3.730000000000000000e+02
4.630000000000000000e+02
2.990000000000000000e+02
2.330000000000000000e+02
2.280000000000000000e+02
2.080000000000000000e+02
1.980000000000000000e+02
1.850000000000000000e+02
2.060000000000000000e+02
1.880000000000000000e+02
2.070000000000000000e+02
2.280000000000000000e+02
2.200000000000000000e+02
1.940000000000000000e+02
1.710000000000000000e+02
1.390000000000000000e+02
1.680000000000000000e+02
1.550000000000000000e+02
1.040000000000000000e+02
5.500000000000000000e+01
3.800000000000000000e+01
3.200000000000000000e+01
1.300000000000000000e+01
7.000000000000000000e+00
1.300000000000000000e+01
1.000000000000000000e+01
1.200000000000000000e+01
1.100000000000000000e+01
8.000000000000000000e+00
6.000000000000000000e+00
6.000000000000000000e+00
5.000000000000000000e+00
1.000000000000000000e+00
1.000000000000000000e+00
0.000000000000000000e+00
0.000000000000000000e+00
0.000000000000000000e+00
1.000000000000000000e+00
0.000000000000000000e+00
0.000000000000000000e+00
0.000000000000000000e+00
5.313000000000000000e+03
1.500000000000000000e+01
1.510000000000000000e+02
3.990000000000000000e+02
5.300000000000000000e+01
1.839000000000000000e+03
2.497000000000000000e+03
5.400000000000000000e+01
2.424000000000000000e+03
7.490000000000000000e+02
9.210000000000000000e+02
5.951000000000000000e+03
5.327000000000000000e+03
2.559800000000000000e+04
5.285000000000000000e+03
1.681000000000000000e+03
1.912000000000000000e+03
5.800000000000000000e+02
5.980000000000000000e+02
1.309000000000000000e+03
2.478000000000000000e+03
3.010000000000000000e+02
2.300000000000000000e+01
1.700000000000000000e+01
8.570000000000000000e+02
2.320000000000000000e+02
3.000000000000000000e+00
0.000000000000000000e+00
0.000000000000000000e+00
0.000000000000000000e+00
8.130000000000000000e+02
0.000000000000000000e+00
0.000000000000000000e+00
0.000000000000000000e+00
2.300000000000000000e+01
1.270000000000000000e+02
2.190000000000000000e+02
0.000000000000000000e+00
1.000000000000000000e+00
0.000000000000000000e+00
0.000000000000000000e+00
0.000000000000000000e+00
1.300000000000000000e+01
8.000000000000000000e+00
0.000000000000000000e+00
1.000000000000000000e+00
0.000000000000000000e+00
0.000000000000000000e+00
0.000000000000000000e+00
0.000000000000000000e+00
1.010000000000000000e+02
5.000000000000000000e+00
0.000000000000000000e+00
1.000000000000000000e+00
1.100000000000000000e+01
8.000000000000000000e+00
1.000000000000000000e+00
5.000000000000000000e+00
1.000000000000000000e+01
0.000000000000000000e+00
4.000000000000000000e+00
0.000000000000000000e+00
5.000000000000000000e+00
3.000000000000000000e+00
0.000000000000000000e+00
2.000000000000000000e+00
1.700000000000000000e+01
7.000000000000000000e+00
6.000000000000000000e+00
7.000000000000000000e+00
6.000000000000000000e+00
2.000000000000000000e+00
1.200000000000000000e+01
1.700000000000000000e+01
3.000000000000000000e+01
4.010000000000000000e+02
2.800000000000000000e+01
1.900000000000000000e+01
1.000000000000000000e+00
7.000000000000000000e+01
2.210000000000000000e+02
2.700000000000000000e+01
3.500000000000000000e+01
7.300000000000000000e+01
1.130000000000000000e+02
8.900000000000000000e+01
7.700000000000000000e+01
2.590000000000000000e+02
5.700000000000000000e+01
9.100000000000000000e+01
2.980000000000000000e+02
1.100000000000000000e+02
1.240000000000000000e+02
1.840000000000000000e+02
1.740000000000000000e+02
5.640000000000000000e+02
5.310000000000000000e+02
3.500000000000000000e+02
7.000000000000000000e+02
1.021000000000000000e+03
9.320000000000000000e+02
9.300000000000000000e+02
6.600000000000000000e+02
6.466000000000000000e+03
2.599500000000000000e+04
4.110500000000000000e+04
1.480400000000000000e+04
2.038200000000000000e+04
5.734000000000000000e+03
2.007000000000000000e+03
1.620000000000000000e+03
2.962000000000000000e+03
2.759000000000000000e+03
1.381000000000000000e+03
3.122000000000000000e+03
2.185000000000000000e+03
2.864000000000000000e+03
3.480000000000000000e+02
4.840000000000000000e+02
2.780000000000000000e+02
5.639000000000000000e+03
6.000000000000000000e+00
9.100000000000000000e+02
6.900000000000000000e+01
1.267000000000000000e+03
2.918000000000000000e+03
1.683000000000000000e+03
1.100000000000000000e+01
2.910000000000000000e+02
1.160000000000000000e+02
8.050000000000000000e+02
0.000000000000000000e+00
1.346000000000000000e+03
1.609000000000000000e+03
0.000000000000000000e+00
3.900000000000000000e+01
7.000000000000000000e+00
0.000000000000000000e+00
1.300000000000000000e+02
0.000000000000000000e+00
2.134000000000000000e+03
2.280000000000000000e+02
2.800000000000000000e+01
2.000000000000000000e+00
8.000000000000000000e+00
5.510000000000000000e+02
5.600000000000000000e+01
1.600000000000000000e+01
0.000000000000000000e+00
0.000000000000000000e+00
1.010000000000000000e+02
0.000000000000000000e+00
0.000000000000000000e+00
1.400000000000000000e+01
0.000000000000000000e+00
5.000000000000000000e+00
1.219000000000000000e+03
0.000000000000000000e+00
1.300000000000000000e+01
2.000000000000000000e+00
3.330000000000000000e+02
0.000000000000000000e+00
0.000000000000000000e+00
5.200000000000000000e+01
4.100000000000000000e+01
3.766000000000000000e+03
1.000000000000000000e+00
1.000000000000000000e+00
0.000000000000000000e+00
4.800000000000000000e+01
1.668000000000000000e+03
2.000000000000000000e+00
2.000000000000000000e+00
1.421000000000000000e+03
4.300000000000000000e+01
6.100000000000000000e+01
3.000000000000000000e+00
6.340000000000000000e+02
2.600000000000000000e+01
8.000000000000000000e+00
3.745000000000000000e+03
0.000000000000000000e+00
2.710000000000000000e+03
1.306000000000000000e+03
1.292000000000000000e+03
1.291000000000000000e+03
1.435000000000000000e+03
1.303000000000000000e+03
1.076000000000000000e+03
2.079000000000000000e+03
1.677000000000000000e+03
2.313000000000000000e+03
2.040000000000000000e+03
1.585000000000000000e+03
1.270000000000000000e+03
1.391000000000000000e+03
1.427000000000000000e+03
1.217000000000000000e+03
1.552000000000000000e+03
1.454000000000000000e+03
1.408000000000000000e+03
1.579000000000000000e+03
1.357000000000000000e+03
1.536000000000000000e+03
1.080000000000000000e+03
1.007000000000000000e+03
1.269000000000000000e+03
1.102000000000000000e+03
1.196000000000000000e+03
8.710000000000000000e+02
1.024000000000000000e+03
8.810000000000000000e+02
9.730000000000000000e+02
9.100000000000000000e+02
1.023000000000000000e+03
8.360000000000000000e+02
1.310000000000000000e+03
8.070000000000000000e+02
1.185000000000000000e+03
1.897000000000000000e+03
2.045000000000000000e+03
2.251000000000000000e+03
3.909000000000000000e+03
2.448000000000000000e+03
1.261300000000000000e+04
9.633000000000000000e+03
3.544000000000000000e+03
2.131000000000000000e+03
2.454000000000000000e+03
4.636000000000000000e+03
1.021800000000000000e+04
1.399900000000000000e+04
5.164000000000000000e+03
3.489000000000000000e+03
4.518000000000000000e+03
4.849000000000000000e+03
2.598000000000000000e+03
6.048000000000000000e+03
3.222000000000000000e+03
2.452000000000000000e+03
1.690000000000000000e+03
1.518000000000000000e+03
3.786000000000000000e+03
2.112000000000000000e+03
1.605000000000000000e+03
1.103000000000000000e+03
1.257000000000000000e+03
1.758000000000000000e+03
2.277000000000000000e+03
2.677000000000000000e+03
3.217000000000000000e+03
3.390000000000000000e+03
3.560000000000000000e+03
3.000000000000000000e+03
3.103000000000000000e+03
2.484000000000000000e+03
1.925000000000000000e+03
1.874000000000000000e+03
1.473000000000000000e+03
1.040000000000000000e+03
9.590000000000000000e+02
9.860000000000000000e+02
8.180000000000000000e+02
8.410000000000000000e+02
6.920000000000000000e+02
1.195000000000000000e+03
8.740000000000000000e+02
9.180000000000000000e+02
9.990000000000000000e+02
1.183000000000000000e+03
1.299000000000000000e+03
1.319000000000000000e+03
1.355000000000000000e+03
1.150000000000000000e+03
1.218000000000000000e+03
1.095000000000000000e+03
1.131000000000000000e+03
7.950000000000000000e+02
9.940000000000000000e+02
7.580000000000000000e+02
7.900000000000000000e+02
5.950000000000000000e+02
6.060000000000000000e+02
4.570000000000000000e+02
4.170000000000000000e+02
3.610000000000000000e+02
3.880000000000000000e+02
3.030000000000000000e+02
2.910000000000000000e+02
3.750000000000000000e+02
2.220000000000000000e+02
2.520000000000000000e+02
2.710000000000000000e+02
3.110000000000000000e+02
2.510000000000000000e+02
2.570000000000000000e+02
2.970000000000000000e+02
2.570000000000000000e+02
2.670000000000000000e+02
2.920000000000000000e+02
2.950000000000000000e+02
2.820000000000000000e+02
2.480000000000000000e+02
2.740000000000000000e+02
2.720000000000000000e+02
2.510000000000000000e+02
2.610000000000000000e+02
3.530000000000000000e+02
6.110000000000000000e+02
2.790000000000000000e+02
3.250000000000000000e+02
2.860000000000000000e+02
2.960000000000000000e+02
2.690000000000000000e+02
2.680000000000000000e+02
2.160000000000000000e+02
2.360000000000000000e+02
2.910000000000000000e+02
2.180000000000000000e+02
1.840000000000000000e+02
1.710000000000000000e+02
1.080000000000000000e+02
1.780000000000000000e+02
1.160000000000000000e+02
7.900000000000000000e+01
6.800000000000000000e+01
8.800000000000000000e+01
7.300000000000000000e+01
9.300000000000000000e+01
9.100000000000000000e+01
7.000000000000000000e+01
5.300000000000000000e+01
7.600000000000000000e+01
1.320000000000000000e+02
3.400000000000000000e+01
9.000000000000000000e+01
6.500000000000000000e+01
8.000000000000000000e+01
6.400000000000000000e+01
1.490000000000000000e+02
4.500000000000000000e+01
7.300000000000000000e+01
8.600000000000000000e+01
6.000000000000000000e+01
5.800000000000000000e+01
8.200000000000000000e+01
7.400000000000000000e+01
2.300000000000000000e+01
6.200000000000000000e+01
3.700000000000000000e+01
1.420000000000000000e+02
2.500000000000000000e+01
5.300000000000000000e+01
4.900000000000000000e+01
5.600000000000000000e+01
4.100000000000000000e+01
3.600000000000000000e+01
5.600000000000000000e+01
3.100000000000000000e+01
6.500000000000000000e+01
3.700000000000000000e+01
2.800000000000000000e+01
6.400000000000000000e+01
2.400000000000000000e+01
4.100000000000000000e+01
5.500000000000000000e+01
1.800000000000000000e+01
2.700000000000000000e+01
3.400000000000000000e+01
2.900000000000000000e+01
2.300000000000000000e+01
7.300000000000000000e+01
1.900000000000000000e+01
2.100000000000000000e+01
2.400000000000000000e+01
1.800000000000000000e+01
1.700000000000000000e+01
2.400000000000000000e+01
3.400000000000000000e+01
1.000000000000000000e+01
1.500000000000000000e+01
8.000000000000000000e+00
9.000000000000000000e+00
7.000000000000000000e+00
2.600000000000000000e+01
6.000000000000000000e+00
9.000000000000000000e+00
7.000000000000000000e+00
4.000000000000000000e+00
1.500000000000000000e+01
5.000000000000000000e+00
9.000000000000000000e+00
5.000000000000000000e+00
2.200000000000000000e+01
2.000000000000000000e+00
1.000000000000000000e+00
7.000000000000000000e+00
5.000000000000000000e+00
0.000000000000000000e+00
5.000000000000000000e+00
8.000000000000000000e+00
7.000000000000000000e+00
1.000000000000000000e+00
9.000000000000000000e+00
0.000000000000000000e+00
3.000000000000000000e+00
1.000000000000000000e+00
5.000000000000000000e+00
2.000000000000000000e+00
3.000000000000000000e+00
3.000000000000000000e+00
1.000000000000000000e+00
0.000000000000000000e+00
2.000000000000000000e+00
1.000000000000000000e+00
1.000000000000000000e+00
0.000000000000000000e+00
2.000000000000000000e+00
1.000000000000000000e+00
1.000000000000000000e+00
1.000000000000000000e+00
0.000000000000000000e+00
2.000000000000000000e+00
2.000000000000000000e+00
2.000000000000000000e+00
0.000000000000000000e+00
0.000000000000000000e+00
0.000000000000000000e+00
2.000000000000000000e+00
0.000000000000000000e+00
0.000000000000000000e+00
0.000000000000000000e+00
0.000000000000000000e+00
0.000000000000000000e+00
0.000000000000000000e+00
8.300000000000000000e+01
1.000000000000000000e+00
0.000000000000000000e+00
8.000000000000000000e+00
5.600000000000000000e+01
1.620000000000000000e+02
2.870000000000000000e+02
3.100000000000000000e+02
3.410000000000000000e+02
3.970000000000000000e+02
3.990000000000000000e+02
4.330000000000000000e+02
4.790000000000000000e+02
4.940000000000000000e+02
4.780000000000000000e+02
4.810000000000000000e+02
5.090000000000000000e+02
5.210000000000000000e+02
5.180000000000000000e+02
4.990000000000000000e+02
5.250000000000000000e+02
4.970000000000000000e+02
5.000000000000000000e+02
5.460000000000000000e+02
5.180000000000000000e+02
4.610000000000000000e+02
5.460000000000000000e+02
5.400000000000000000e+02
5.290000000000000000e+02
4.950000000000000000e+02
5.210000000000000000e+02
5.630000000000000000e+02
5.240000000000000000e+02
5.380000000000000000e+02
5.990000000000000000e+02
6.280000000000000000e+02
6.220000000000000000e+02
6.330000000000000000e+02
6.320000000000000000e+02
6.970000000000000000e+02
7.230000000000000000e+02
7.050000000000000000e+02
6.650000000000000000e+02
6.670000000000000000e+02
6.110000000000000000e+02
6.000000000000000000e+02
5.880000000000000000e+02
5.810000000000000000e+02
4.970000000000000000e+02
4.640000000000000000e+02
4.340000000000000000e+02
4.160000000000000000e+02
3.990000000000000000e+02
4.060000000000000000e+02
4.010000000000000000e+02
3.950000000000000000e+02
3.940000000000000000e+02
4.140000000000000000e+02
4.040000000000000000e+02
4.360000000000000000e+02
4.310000000000000000e+02
4.560000000000000000e+02
4.400000000000000000e+02
4.580000000000000000e+02
4.560000000000000000e+02
4.950000000000000000e+02
4.550000000000000000e+02
4.630000000000000000e+02
4.450000000000000000e+02
4.540000000000000000e+02
4.470000000000000000e+02
5.160000000000000000e+02
4.730000000000000000e+02
4.880000000000000000e+02
4.840000000000000000e+02
4.440000000000000000e+02
4.710000000000000000e+02
4.340000000000000000e+02
4.410000000000000000e+02
4.460000000000000000e+02
4.340000000000000000e+02
4.590000000000000000e+02
4.650000000000000000e+02
3.910000000000000000e+02
4.140000000000000000e+02
4.040000000000000000e+02
4.060000000000000000e+02
3.560000000000000000e+02
3.670000000000000000e+02
3.500000000000000000e+02
3.440000000000000000e+02
3.230000000000000000e+02
3.200000000000000000e+02
3.620000000000000000e+02
3.330000000000000000e+02
3.240000000000000000e+02
3.760000000000000000e+02
3.560000000000000000e+02
3.860000000000000000e+02
4.030000000000000000e+02
3.670000000000000000e+02
3.870000000000000000e+02
3.790000000000000000e+02
3.350000000000000000e+02
3.390000000000000000e+02
3.470000000000000000e+02
3.720000000000000000e+02
3.890000000000000000e+02
3.700000000000000000e+02
3.790000000000000000e+02
3.610000000000000000e+02
3.450000000000000000e+02
4.040000000000000000e+02
3.930000000000000000e+02
3.240000000000000000e+02
3.400000000000000000e+02
3.720000000000000000e+02
3.770000000000000000e+02
3.490000000000000000e+02
3.680000000000000000e+02
3.430000000000000000e+02
3.760000000000000000e+02
3.710000000000000000e+02
3.320000000000000000e+02
3.510000000000000000e+02
3.280000000000000000e+02
3.240000000000000000e+02
3.850000000000000000e+02
3.080000000000000000e+02
3.000000000000000000e+02
3.410000000000000000e+02
3.370000000000000000e+02
3.550000000000000000e+02
4.000000000000000000e+02
4.020000000000000000e+02
3.770000000000000000e+02
4.850000000000000000e+02
4.520000000000000000e+02
5.300000000000000000e+02
5.670000000000000000e+02
5.840000000000000000e+02
7.520000000000000000e+02
9.670000000000000000e+02
9.910000000000000000e+02
1.115000000000000000e+03
1.290000000000000000e+03
1.181000000000000000e+03
1.174000000000000000e+03
1.198000000000000000e+03
1.143000000000000000e+03
1.115000000000000000e+03
1.038000000000000000e+03
1.122000000000000000e+03
1.168000000000000000e+03
1.327000000000000000e+03
1.406000000000000000e+03
1.447000000000000000e+03
1.418000000000000000e+03
1.454000000000000000e+03
1.393000000000000000e+03
1.442000000000000000e+03
1.454000000000000000e+03
1.584000000000000000e+03
1.747000000000000000e+03
1.865000000000000000e+03
1.915000000000000000e+03
2.153000000000000000e+03
2.134000000000000000e+03
2.169000000000000000e+03
2.267000000000000000e+03
2.285000000000000000e+03
2.243000000000000000e+03
2.245000000000000000e+03
2.188000000000000000e+03
2.195000000000000000e+03
2.069000000000000000e+03
2.007000000000000000e+03
1.938000000000000000e+03
1.913000000000000000e+03
1.707000000000000000e+03
1.584000000000000000e+03
1.465000000000000000e+03
1.284000000000000000e+03
1.211000000000000000e+03
1.075000000000000000e+03
8.830000000000000000e+02
8.260000000000000000e+02
6.570000000000000000e+02
5.850000000000000000e+02
5.140000000000000000e+02
4.380000000000000000e+02
4.510000000000000000e+02
7.180000000000000000e+02
9.040000000000000000e+02
8.910000000000000000e+02
9.240000000000000000e+02
1.029000000000000000e+03
1.596000000000000000e+03
3.052000000000000000e+03
4.269000000000000000e+03
4.658000000000000000e+03
4.307000000000000000e+03
4.967000000000000000e+03
5.900000000000000000e+03
6.716000000000000000e+03
5.840000000000000000e+03
5.305000000000000000e+03
5.426000000000000000e+03
6.892000000000000000e+03
9.504000000000000000e+03
8.936000000000000000e+03
7.996000000000000000e+03
6.321000000000000000e+03
2.980000000000000000e+03
8.400000000000000000e+02
4.540000000000000000e+02
4.130000000000000000e+02
4.780000000000000000e+02
4.390000000000000000e+02
3.460000000000000000e+02
2.900000000000000000e+02
2.560000000000000000e+02
2.660000000000000000e+02
2.460000000000000000e+02
2.370000000000000000e+02
2.100000000000000000e+02
1.850000000000000000e+02
2.130000000000000000e+02
2.250000000000000000e+02
2.090000000000000000e+02
2.670000000000000000e+02
2.070000000000000000e+02
2.620000000000000000e+02
2.600000000000000000e+02
1.770000000000000000e+02
1.850000000000000000e+02
1.290000000000000000e+02
1.140000000000000000e+02
7.800000000000000000e+01
7.300000000000000000e+01
5.400000000000000000e+01
4.700000000000000000e+01
5.400000000000000000e+01
6.200000000000000000e+01
6.200000000000000000e+01
6.000000000000000000e+01
4.600000000000000000e+01
4.200000000000000000e+01
4.900000000000000000e+01
3.200000000000000000e+01
2.800000000000000000e+01
2.000000000000000000e+01
1.700000000000000000e+01
1.800000000000000000e+01
1.100000000000000000e+01
1.200000000000000000e+01
2.000000000000000000e+00
