7.688000000000000000e+03
2.338000000000000000e+03
2.920000000000000000e+03
3.893000000000000000e+03
5.063000000000000000e+03
5.703000000000000000e+03
8.550000000000000000e+03
6.031000000000000000e+03
5.906000000000000000e+03
6.078000000000000000e+03
6.516000000000000000e+03
8.537000000000000000e+03
6.146000000000000000e+03
5.671000000000000000e+03
5.434000000000000000e+03
5.382000000000000000e+03
5.449000000000000000e+03
6.066000000000000000e+03
7.317000000000000000e+03
6.107000000000000000e+03
5.646000000000000000e+03
5.745000000000000000e+03
6.083000000000000000e+03
6.652000000000000000e+03
6.843000000000000000e+03
7.622000000000000000e+03
8.696000000000000000e+03
6.529000000000000000e+03
5.935000000000000000e+03
5.332000000000000000e+03
5.126000000000000000e+03
5.114000000000000000e+03
5.024000000000000000e+03
5.113000000000000000e+03
5.077000000000000000e+03
5.253000000000000000e+03
5.502000000000000000e+03
5.725000000000000000e+03
6.248000000000000000e+03
5.556000000000000000e+03
5.252000000000000000e+03
5.002000000000000000e+03
4.737000000000000000e+03
4.946000000000000000e+03
5.119000000000000000e+03
5.361000000000000000e+03
5.377000000000000000e+03
5.497000000000000000e+03
5.543000000000000000e+03
5.678000000000000000e+03
5.511000000000000000e+03
5.236000000000000000e+03
5.070000000000000000e+03
5.077000000000000000e+03
5.157000000000000000e+03
5.306000000000000000e+03
5.367000000000000000e+03
5.460000000000000000e+03
5.903000000000000000e+03
6.036000000000000000e+03
6.164000000000000000e+03
6.087000000000000000e+03
5.864000000000000000e+03
5.819000000000000000e+03
5.767000000000000000e+03
6.072000000000000000e+03
5.860000000000000000e+03
5.844000000000000000e+03
5.917000000000000000e+03
5.985000000000000000e+03
6.338000000000000000e+03
6.981000000000000000e+03
7.580000000000000000e+03
8.100000000000000000e+03
8.236000000000000000e+03
8.442000000000000000e+03
8.311000000000000000e+03
7.904000000000000000e+03
7.890000000000000000e+03
8.621000000000000000e+03
1.015700000000000000e+04
1.076300000000000000e+04
1.083800000000000000e+04
1.105800000000000000e+04
1.134200000000000000e+04
1.166800000000000000e+04
1.132900000000000000e+04
1.050200000000000000e+04
9.937000000000000000e+03
9.345000000000000000e+03
8.485000000000000000e+03
7.543000000000000000e+03
7.057000000000000000e+03
7.156000000000000000e+03
7.588000000000000000e+03
7.607000000000000000e+03
7.515000000000000000e+03
7.361000000000000000e+03
7.213000000000000000e+03
7.055000000000000000e+03
6.912000000000000000e+03
6.678000000000000000e+03
6.527000000000000000e+03
6.634000000000000000e+03
6.824000000000000000e+03
7.088000000000000000e+03
7.260000000000000000e+03
7.459000000000000000e+03
7.543000000000000000e+03
7.445000000000000000e+03
7.577000000000000000e+03
7.958000000000000000e+03
8.432000000000000000e+03
9.090000000000000000e+03
9.417000000000000000e+03
9.927000000000000000e+03
1.028300000000000000e+04
1.040700000000000000e+04
1.043000000000000000e+04
1.115000000000000000e+04
1.209300000000000000e+04
1.292900000000000000e+04
1.290800000000000000e+04
1.263000000000000000e+04
1.255900000000000000e+04
1.275400000000000000e+04
1.276900000000000000e+04
1.286400000000000000e+04
1.353100000000000000e+04
1.401200000000000000e+04
1.415500000000000000e+04
1.279000000000000000e+04
1.190600000000000000e+04
1.193500000000000000e+04
1.196300000000000000e+04
1.220000000000000000e+04
1.205700000000000000e+04
1.153200000000000000e+04
1.142500000000000000e+04
1.187300000000000000e+04
1.318300000000000000e+04
1.388000000000000000e+04
1.430800000000000000e+04
1.452200000000000000e+04
1.420400000000000000e+04
1.276100000000000000e+04
1.168100000000000000e+04
1.194600000000000000e+04
1.222100000000000000e+04
1.191600000000000000e+04
1.127300000000000000e+04
1.103300000000000000e+04
1.067200000000000000e+04
1.009700000000000000e+04
1.009700000000000000e+04
9.912000000000000000e+03
1.024400000000000000e+04
1.056600000000000000e+04
1.071400000000000000e+04
1.038800000000000000e+04
1.017400000000000000e+04
9.921000000000000000e+03
9.914000000000000000e+03
9.348000000000000000e+03
9.416000000000000000e+03
9.342000000000000000e+03
9.509000000000000000e+03
9.658000000000000000e+03
9.729000000000000000e+03
9.921000000000000000e+03
1.020100000000000000e+04
1.036100000000000000e+04
1.071500000000000000e+04
1.039000000000000000e+04
1.048300000000000000e+04
1.040200000000000000e+04
1.003200000000000000e+04
9.230000000000000000e+03
9.090000000000000000e+03
9.206000000000000000e+03
9.549000000000000000e+03
9.298000000000000000e+03
9.209000000000000000e+03
9.098000000000000000e+03
8.557000000000000000e+03
8.532000000000000000e+03
8.400000000000000000e+03
8.256000000000000000e+03
7.625000000000000000e+03
7.380000000000000000e+03
7.376000000000000000e+03
7.571000000000000000e+03
7.505000000000000000e+03
7.536000000000000000e+03
7.277000000000000000e+03
7.089000000000000000e+03
6.824000000000000000e+03
6.693000000000000000e+03
6.354000000000000000e+03
6.287000000000000000e+03
6.222000000000000000e+03
6.295000000000000000e+03
6.372000000000000000e+03
6.341000000000000000e+03
6.320000000000000000e+03
6.282000000000000000e+03
6.378000000000000000e+03
6.252000000000000000e+03
6.445000000000000000e+03
6.477000000000000000e+03
6.596000000000000000e+03
6.319000000000000000e+03
5.441000000000000000e+03
5.610000000000000000e+03
6.279000000000000000e+03
6.639000000000000000e+03
6.996000000000000000e+03
7.208000000000000000e+03
8.719000000000000000e+03
6.663000000000000000e+03
6.837000000000000000e+03
7.133000000000000000e+03
7.454000000000000000e+03
6.918000000000000000e+03
6.255000000000000000e+03
5.890000000000000000e+03
5.159000000000000000e+03
4.704000000000000000e+03
4.474000000000000000e+03
4.151000000000000000e+03
4.636000000000000000e+03
3.828000000000000000e+03
3.134000000000000000e+03
2.844000000000000000e+03
2.804000000000000000e+03
2.612000000000000000e+03
2.534000000000000000e+03
2.485000000000000000e+03
2.273000000000000000e+03
2.176000000000000000e+03
1.909000000000000000e+03
1.879000000000000000e+03
1.780000000000000000e+03
1.546000000000000000e+03
1.620000000000000000e+03
1.414000000000000000e+03
1.322000000000000000e+03
1.309000000000000000e+03
1.327000000000000000e+03
1.229000000000000000e+03
1.245000000000000000e+03
1.217000000000000000e+03
1.138000000000000000e+03
1.152000000000000000e+03
1.336000000000000000e+03
7.268000000000000000e+03
6.949000000000000000e+03
2.083000000000000000e+03
3.445000000000000000e+03
8.160000000000000000e+03
6.858000000000000000e+03
6.416000000000000000e+03
6.471000000000000000e+03
6.570000000000000000e+03
9.060000000000000000e+03
6.189000000000000000e+03
5.571000000000000000e+03
5.497000000000000000e+03
5.570000000000000000e+03
5.684000000000000000e+03
6.099000000000000000e+03
7.359000000000000000e+03
5.786000000000000000e+03
5.564000000000000000e+03
5.504000000000000000e+03
5.464000000000000000e+03
5.404000000000000000e+03
5.706000000000000000e+03
5.828000000000000000e+03
6.646000000000000000e+03
5.506000000000000000e+03
5.123000000000000000e+03
5.516000000000000000e+03
6.017000000000000000e+03
5.968000000000000000e+03
5.766000000000000000e+03
5.723000000000000000e+03
5.742000000000000000e+03
5.702000000000000000e+03
5.681000000000000000e+03
5.728000000000000000e+03
6.270000000000000000e+03
6.759000000000000000e+03
6.288000000000000000e+03
5.940000000000000000e+03
5.788000000000000000e+03
5.741000000000000000e+03
5.665000000000000000e+03
5.613000000000000000e+03
5.652000000000000000e+03
5.481000000000000000e+03
5.373000000000000000e+03
5.484000000000000000e+03
5.571000000000000000e+03
5.700000000000000000e+03
5.839000000000000000e+03
5.528000000000000000e+03
5.662000000000000000e+03
5.589000000000000000e+03
5.659000000000000000e+03
5.646000000000000000e+03
5.334000000000000000e+03
5.437000000000000000e+03
5.587000000000000000e+03
5.935000000000000000e+03
5.810000000000000000e+03
5.693000000000000000e+03
5.560000000000000000e+03
5.623000000000000000e+03
5.501000000000000000e+03
5.531000000000000000e+03
5.428000000000000000e+03
5.636000000000000000e+03
5.483000000000000000e+03
5.707000000000000000e+03
5.633000000000000000e+03
5.451000000000000000e+03
5.392000000000000000e+03
5.386000000000000000e+03
5.500000000000000000e+03
5.156000000000000000e+03
5.184000000000000000e+03
5.204000000000000000e+03
5.604000000000000000e+03
6.259000000000000000e+03
6.751000000000000000e+03
6.939000000000000000e+03
7.269000000000000000e+03
7.729000000000000000e+03
8.797000000000000000e+03
1.031100000000000000e+04
1.132700000000000000e+04
1.128000000000000000e+04
9.822000000000000000e+03
8.504000000000000000e+03
7.440000000000000000e+03
6.791000000000000000e+03
7.384000000000000000e+03
8.154000000000000000e+03
8.569000000000000000e+03
8.579000000000000000e+03
8.498000000000000000e+03
8.386000000000000000e+03
8.293000000000000000e+03
7.965000000000000000e+03
7.735000000000000000e+03
7.461000000000000000e+03
8.072000000000000000e+03
8.762000000000000000e+03
9.363000000000000000e+03
9.297000000000000000e+03
9.574000000000000000e+03
9.405000000000000000e+03
9.121000000000000000e+03
8.939000000000000000e+03
9.704000000000000000e+03
1.053100000000000000e+04
1.149300000000000000e+04
1.210400000000000000e+04
1.226300000000000000e+04
1.203900000000000000e+04
1.146200000000000000e+04
1.141500000000000000e+04
1.198900000000000000e+04
1.310300000000000000e+04
1.365200000000000000e+04
1.381900000000000000e+04
1.374400000000000000e+04
1.340800000000000000e+04
1.382000000000000000e+04
1.429400000000000000e+04
1.411500000000000000e+04
1.307600000000000000e+04
1.165200000000000000e+04
1.083800000000000000e+04
9.971000000000000000e+03
9.256000000000000000e+03
8.835000000000000000e+03
8.605000000000000000e+03
8.440000000000000000e+03
8.132000000000000000e+03
7.724000000000000000e+03
7.914000000000000000e+03
7.844000000000000000e+03
8.059000000000000000e+03
8.298000000000000000e+03
8.595000000000000000e+03
8.680000000000000000e+03
8.625000000000000000e+03
8.988000000000000000e+03
9.015000000000000000e+03
9.367000000000000000e+03
9.954000000000000000e+03
1.054300000000000000e+04
1.121300000000000000e+04
1.206700000000000000e+04
1.225100000000000000e+04
1.222900000000000000e+04
1.188700000000000000e+04
1.263100000000000000e+04
1.398300000000000000e+04
1.429800000000000000e+04
1.400600000000000000e+04
1.305000000000000000e+04
1.234200000000000000e+04
1.157500000000000000e+04
1.070500000000000000e+04
9.800000000000000000e+03
9.657000000000000000e+03
9.665000000000000000e+03
1.004800000000000000e+04
1.043800000000000000e+04
1.057800000000000000e+04
1.069600000000000000e+04
1.087200000000000000e+04
1.096000000000000000e+04
1.072500000000000000e+04
1.029000000000000000e+04
1.009100000000000000e+04
9.770000000000000000e+03
9.313000000000000000e+03
8.686000000000000000e+03
8.236000000000000000e+03
8.242000000000000000e+03
8.140000000000000000e+03
8.521000000000000000e+03
8.745000000000000000e+03
8.818000000000000000e+03
8.858000000000000000e+03
9.038000000000000000e+03
9.236000000000000000e+03
9.170000000000000000e+03
9.144000000000000000e+03
9.190000000000000000e+03
9.157000000000000000e+03
9.149000000000000000e+03
8.630000000000000000e+03
8.479000000000000000e+03
8.201000000000000000e+03
7.811000000000000000e+03
7.655000000000000000e+03
7.538000000000000000e+03
7.242000000000000000e+03
7.255000000000000000e+03
7.138000000000000000e+03
7.022000000000000000e+03
7.120000000000000000e+03
6.961000000000000000e+03
6.908000000000000000e+03
6.533000000000000000e+03
6.177000000000000000e+03
5.926000000000000000e+03
5.988000000000000000e+03
5.793000000000000000e+03
5.544000000000000000e+03
5.416000000000000000e+03
5.398000000000000000e+03
5.587000000000000000e+03
5.958000000000000000e+03
6.025000000000000000e+03
5.741000000000000000e+03
5.531000000000000000e+03
6.707000000000000000e+03
5.738000000000000000e+03
5.887000000000000000e+03
6.084000000000000000e+03
6.853000000000000000e+03
7.263000000000000000e+03
7.631000000000000000e+03
7.203000000000000000e+03
6.831000000000000000e+03
6.867000000000000000e+03
6.729000000000000000e+03
6.846000000000000000e+03
8.080000000000000000e+03
5.883000000000000000e+03
5.833000000000000000e+03
6.307000000000000000e+03
5.984000000000000000e+03
6.127000000000000000e+03
5.669000000000000000e+03
5.044000000000000000e+03
4.389000000000000000e+03
4.839000000000000000e+03
3.445000000000000000e+03
3.068000000000000000e+03
2.951000000000000000e+03
2.590000000000000000e+03
2.079000000000000000e+03
1.888000000000000000e+03
1.646000000000000000e+03
1.472000000000000000e+03
1.375000000000000000e+03
1.312000000000000000e+03
1.124000000000000000e+03
1.251000000000000000e+03
1.119000000000000000e+03
1.065000000000000000e+03
1.103000000000000000e+03
1.108000000000000000e+03
1.148000000000000000e+03
7.295000000000000000e+03
6.471000000000000000e+03
1.357000000000000000e+03
1.664000000000000000e+03
2.474000000000000000e+03
3.580000000000000000e+03
7.819000000000000000e+03
7.104000000000000000e+03
6.787000000000000000e+03
6.590000000000000000e+03
6.375000000000000000e+03
6.387000000000000000e+03
6.719000000000000000e+03
8.141000000000000000e+03
6.056000000000000000e+03
5.588000000000000000e+03
5.577000000000000000e+03
5.285000000000000000e+03
4.695000000000000000e+03
4.406000000000000000e+03
4.940000000000000000e+03
5.821000000000000000e+03
7.414000000000000000e+03
6.397000000000000000e+03
6.232000000000000000e+03
6.106000000000000000e+03
5.956000000000000000e+03
6.055000000000000000e+03
5.962000000000000000e+03
5.837000000000000000e+03
5.880000000000000000e+03
6.022000000000000000e+03
6.228000000000000000e+03
6.320000000000000000e+03
7.201000000000000000e+03
6.455000000000000000e+03
6.017000000000000000e+03
5.730000000000000000e+03
5.511000000000000000e+03
5.494000000000000000e+03
5.426000000000000000e+03
5.323000000000000000e+03
5.466000000000000000e+03
5.484000000000000000e+03
5.618000000000000000e+03
5.584000000000000000e+03
5.813000000000000000e+03
5.874000000000000000e+03
5.898000000000000000e+03
5.766000000000000000e+03
5.880000000000000000e+03
5.750000000000000000e+03
5.692000000000000000e+03
5.660000000000000000e+03
5.508000000000000000e+03
5.431000000000000000e+03
5.305000000000000000e+03
5.633000000000000000e+03
5.812000000000000000e+03
5.884000000000000000e+03
6.028000000000000000e+03
6.010000000000000000e+03
6.219000000000000000e+03
6.271000000000000000e+03
6.110000000000000000e+03
6.025000000000000000e+03
6.011000000000000000e+03
6.400000000000000000e+03
6.446000000000000000e+03
6.532000000000000000e+03
6.716000000000000000e+03
6.945000000000000000e+03
6.844000000000000000e+03
6.569000000000000000e+03
6.461000000000000000e+03
6.525000000000000000e+03
7.215000000000000000e+03
7.635000000000000000e+03
7.579000000000000000e+03
7.583000000000000000e+03
7.527000000000000000e+03
7.098000000000000000e+03
6.541000000000000000e+03
6.333000000000000000e+03
6.353000000000000000e+03
6.459000000000000000e+03
6.683000000000000000e+03
6.781000000000000000e+03
6.765000000000000000e+03
7.269000000000000000e+03
7.675000000000000000e+03
7.840000000000000000e+03
8.193000000000000000e+03
9.056000000000000000e+03
1.024300000000000000e+04
1.091500000000000000e+04
1.177700000000000000e+04
1.182300000000000000e+04
1.163800000000000000e+04
1.176200000000000000e+04
1.276800000000000000e+04
1.446100000000000000e+04
1.591500000000000000e+04
1.687200000000000000e+04
1.681200000000000000e+04
1.562300000000000000e+04
1.338800000000000000e+04
1.184100000000000000e+04
1.116200000000000000e+04
1.169400000000000000e+04
1.115300000000000000e+04
1.078000000000000000e+04
9.718000000000000000e+03
9.043000000000000000e+03
8.237000000000000000e+03
7.883000000000000000e+03
8.033000000000000000e+03
8.818000000000000000e+03
9.036000000000000000e+03
8.596000000000000000e+03
8.225000000000000000e+03
8.068000000000000000e+03
8.342000000000000000e+03
8.766000000000000000e+03
8.646000000000000000e+03
8.793000000000000000e+03
8.494000000000000000e+03
7.937000000000000000e+03
7.741000000000000000e+03
7.842000000000000000e+03
8.125000000000000000e+03
8.885000000000000000e+03
9.294000000000000000e+03
9.279000000000000000e+03
8.708000000000000000e+03
9.001000000000000000e+03
9.165000000000000000e+03
9.493000000000000000e+03
9.252000000000000000e+03
9.445000000000000000e+03
9.476000000000000000e+03
9.400000000000000000e+03
9.210000000000000000e+03
9.249000000000000000e+03
9.445000000000000000e+03
9.695000000000000000e+03
1.018000000000000000e+04
1.052800000000000000e+04
1.095100000000000000e+04
1.078300000000000000e+04
1.076800000000000000e+04
1.098100000000000000e+04
1.183000000000000000e+04
1.307300000000000000e+04
1.367400000000000000e+04
1.457700000000000000e+04
1.443900000000000000e+04
1.336100000000000000e+04
1.202300000000000000e+04
1.090900000000000000e+04
9.684000000000000000e+03
9.230000000000000000e+03
9.084000000000000000e+03
8.766000000000000000e+03
8.717000000000000000e+03
8.581000000000000000e+03
8.543000000000000000e+03
8.589000000000000000e+03
8.777000000000000000e+03
8.824000000000000000e+03
8.853000000000000000e+03
8.761000000000000000e+03
8.719000000000000000e+03
8.900000000000000000e+03
8.668000000000000000e+03
8.086000000000000000e+03
7.933000000000000000e+03
7.999000000000000000e+03
8.315000000000000000e+03
8.605000000000000000e+03
8.966000000000000000e+03
9.054000000000000000e+03
9.185000000000000000e+03
8.939000000000000000e+03
8.927000000000000000e+03
8.974000000000000000e+03
8.691000000000000000e+03
8.528000000000000000e+03
8.593000000000000000e+03
8.203000000000000000e+03
8.057000000000000000e+03
8.027000000000000000e+03
8.163000000000000000e+03
7.963000000000000000e+03
8.304000000000000000e+03
8.050000000000000000e+03
8.109000000000000000e+03
7.908000000000000000e+03
8.008000000000000000e+03
7.704000000000000000e+03
6.918000000000000000e+03
6.395000000000000000e+03
6.183000000000000000e+03
6.186000000000000000e+03
6.107000000000000000e+03
5.980000000000000000e+03
5.839000000000000000e+03
5.746000000000000000e+03
5.846000000000000000e+03
6.104000000000000000e+03
6.203000000000000000e+03
6.160000000000000000e+03
6.166000000000000000e+03
6.082000000000000000e+03
5.958000000000000000e+03
5.859000000000000000e+03
7.307000000000000000e+03
5.946000000000000000e+03
5.834000000000000000e+03
5.478000000000000000e+03
5.001000000000000000e+03
4.626000000000000000e+03
4.463000000000000000e+03
4.262000000000000000e+03
4.315000000000000000e+03
4.356000000000000000e+03
4.678000000000000000e+03
5.261000000000000000e+03
6.914000000000000000e+03
4.974000000000000000e+03
4.888000000000000000e+03
5.124000000000000000e+03
5.556000000000000000e+03
6.078000000000000000e+03
6.887000000000000000e+03
8.147000000000000000e+03
1.184700000000000000e+04
5.599000000000000000e+03
4.264000000000000000e+03
4.656000000000000000e+03
5.692000000000000000e+03
5.753000000000000000e+03
5.530000000000000000e+03
6.050000000000000000e+03
8.380000000000000000e+03
5.005000000000000000e+03
3.937000000000000000e+03
3.157000000000000000e+03
2.764000000000000000e+03
2.910000000000000000e+03
2.053000000000000000e+03
1.830000000000000000e+03
1.742000000000000000e+03
1.579000000000000000e+03
1.580000000000000000e+03
1.522000000000000000e+03
9.535000000000000000e+03
7.760800000000000000e+04
8.400000000000000000e+01
1.870000000000000000e+02
6.830000000000000000e+02
1.801000000000000000e+03
9.626000000000000000e+03
1.858800000000000000e+04
2.113000000000000000e+03
3.095000000000000000e+04
1.240600000000000000e+04
9.699700000000000000e+04
1.464800000000000000e+04
3.902700000000000000e+04
1.926400000000000000e+04
1.850900000000000000e+04
2.205310000000000000e+05
7.843000000000000000e+03
1.602700000000000000e+04
4.377200000000000000e+04
1.214500000000000000e+04
9.323200000000000000e+04
1.237700000000000000e+04
8.880000000000000000e+03
3.318900000000000000e+04
3.856300000000000000e+04
3.521100000000000000e+04
2.423400000000000000e+04
3.114800000000000000e+04
8.188000000000000000e+03
4.019000000000000000e+03
3.224000000000000000e+04
6.600000000000000000e+01
2.107000000000000000e+03
5.190000000000000000e+02
1.181000000000000000e+03
7.680000000000000000e+02
7.970000000000000000e+02
4.800000000000000000e+01
1.308000000000000000e+03
2.140000000000000000e+02
3.998000000000000000e+03
1.690000000000000000e+02
2.760000000000000000e+02
4.870000000000000000e+02
8.000000000000000000e+00
4.216000000000000000e+03
1.000000000000000000e+00
1.370000000000000000e+02
2.280000000000000000e+02
2.100000000000000000e+01
8.440000000000000000e+02
2.400000000000000000e+01
0.000000000000000000e+00
3.810000000000000000e+02
2.530000000000000000e+02
6.300000000000000000e+01
6.000000000000000000e+00
0.000000000000000000e+00
0.000000000000000000e+00
0.000000000000000000e+00
3.465000000000000000e+03
0.000000000000000000e+00
0.000000000000000000e+00
1.000000000000000000e+00
1.400000000000000000e+01
5.100000000000000000e+01
1.290000000000000000e+02
6.000000000000000000e+00
7.410000000000000000e+02
5.400000000000000000e+01
8.540000000000000000e+02
7.500000000000000000e+01
2.790000000000000000e+02
1.770000000000000000e+02
3.700000000000000000e+01
1.514000000000000000e+03
3.600000000000000000e+01
4.380000000000000000e+02
7.880000000000000000e+02
7.280000000000000000e+02
2.475000000000000000e+03
1.380000000000000000e+03
3.670000000000000000e+02
3.270000000000000000e+03
5.441000000000000000e+03
7.123000000000000000e+03
3.511000000000000000e+03
1.710700000000000000e+04
1.627000000000000000e+03
1.080000000000000000e+03
2.773100000000000000e+04
4.280000000000000000e+02
1.559000000000000000e+03
6.786000000000000000e+03
3.253000000000000000e+03
3.270000000000000000e+03
4.492000000000000000e+03
7.274000000000000000e+03
1.621600000000000000e+04
1.340100000000000000e+04
1.149300000000000000e+04
1.152200000000000000e+04
1.394600000000000000e+04
2.597500000000000000e+04
6.512000000000000000e+04
1.059000000000000000e+05
7.222200000000000000e+04
8.432500000000000000e+04
8.707400000000000000e+04
3.045900000000000000e+04
2.747700000000000000e+04
1.959200000000000000e+04
6.627000000000000000e+03
1.910500000000000000e+04
1.106400000000000000e+04
7.999000000000000000e+03
1.425500000000000000e+04
5.953000000000000000e+03
3.300000000000000000e+02
2.500000000000000000e+01
4.252500000000000000e+04
5.000000000000000000e+00
3.000000000000000000e+01
3.110000000000000000e+02
8.190000000000000000e+02
9.750000000000000000e+02
2.192000000000000000e+03
9.200000000000000000e+01
3.344000000000000000e+03
1.460000000000000000e+02
7.787000000000000000e+03
5.800000000000000000e+01
9.700000000000000000e+02
2.160000000000000000e+02
3.000000000000000000e+00
1.003000000000000000e+04
1.100000000000000000e+01
7.000000000000000000e+01
1.011000000000000000e+03
1.900000000000000000e+01
5.546000000000000000e+03
1.600000000000000000e+01
4.000000000000000000e+00
1.301000000000000000e+03
3.940000000000000000e+02
2.800000000000000000e+01
5.000000000000000000e+00
8.000000000000000000e+00
4.000000000000000000e+00
3.000000000000000000e+00
3.269200000000000000e+04
3.000000000000000000e+00
3.000000000000000000e+00
5.000000000000000000e+00
6.000000000000000000e+00
1.500000000000000000e+01
2.420000000000000000e+02
3.000000000000000000e+00
3.173000000000000000e+03
1.500000000000000000e+01
8.356000000000000000e+03
1.500000000000000000e+01
3.950000000000000000e+02
2.000000000000000000e+01
8.000000000000000000e+00
3.947500000000000000e+04
7.000000000000000000e+00
3.100000000000000000e+01
3.680000000000000000e+02
2.100000000000000000e+01
6.426000000000000000e+03
4.700000000000000000e+01
2.800000000000000000e+01
2.338000000000000000e+03
1.058000000000000000e+03
2.730000000000000000e+02
2.150000000000000000e+02
2.280000000000000000e+02
7.900000000000000000e+01
8.100000000000000000e+01
1.005200000000000000e+04
7.490000000000000000e+03
2.708300000000000000e+04
4.507700000000000000e+04
1.146450000000000000e+05
7.405500000000000000e+04
8.714300000000000000e+04
8.225900000000000000e+04
6.082500000000000000e+04
4.832000000000000000e+04
3.778400000000000000e+04
3.108100000000000000e+04
2.630300000000000000e+04
2.404300000000000000e+04
2.289700000000000000e+04
2.654200000000000000e+04
2.372500000000000000e+04
2.516700000000000000e+04
3.212100000000000000e+04
2.695300000000000000e+04
2.461100000000000000e+04
2.409300000000000000e+04
2.231400000000000000e+04
2.287300000000000000e+04
2.025200000000000000e+04
1.881600000000000000e+04
2.188900000000000000e+04
2.079900000000000000e+04
2.033400000000000000e+04
1.689500000000000000e+04
1.807400000000000000e+04
1.778400000000000000e+04
1.705200000000000000e+04
1.463000000000000000e+04
1.564000000000000000e+04
1.356100000000000000e+04
1.789200000000000000e+04
1.330200000000000000e+04
1.744000000000000000e+04
1.770400000000000000e+04
1.866800000000000000e+04
1.842300000000000000e+04
1.493200000000000000e+04
2.181700000000000000e+04
1.638000000000000000e+04
1.737700000000000000e+04
1.976000000000000000e+04
1.431700000000000000e+04
1.708100000000000000e+04
1.843600000000000000e+04
1.628100000000000000e+04
2.418100000000000000e+04
1.552600000000000000e+04
2.608000000000000000e+04
2.196300000000000000e+04
1.863700000000000000e+04
1.349400000000000000e+04
1.519800000000000000e+04
1.145300000000000000e+04
1.116900000000000000e+04
1.103400000000000000e+04
1.068100000000000000e+04
1.031600000000000000e+04
9.367000000000000000e+03
1.647600000000000000e+04
9.748000000000000000e+03
9.813000000000000000e+03
1.178500000000000000e+04
1.110900000000000000e+04
8.015000000000000000e+03
1.340500000000000000e+04
1.161000000000000000e+04
9.841000000000000000e+03
1.745600000000000000e+04
1.110500000000000000e+04
1.017100000000000000e+04
7.756000000000000000e+03
8.071000000000000000e+03
7.257000000000000000e+03
4.551000000000000000e+03
4.419000000000000000e+03
4.081000000000000000e+03
3.186000000000000000e+03
3.623000000000000000e+03
2.272000000000000000e+03
8.972000000000000000e+03
1.537000000000000000e+03
2.041000000000000000e+03
2.057000000000000000e+03
1.880000000000000000e+03
2.236000000000000000e+03
1.747000000000000000e+03
1.465000000000000000e+03
2.220000000000000000e+03
1.847000000000000000e+03
1.087000000000000000e+03
3.098000000000000000e+03
1.382000000000000000e+03
1.747000000000000000e+03
1.466000000000000000e+03
1.453000000000000000e+03
9.690000000000000000e+02
4.815000000000000000e+03
8.620000000000000000e+02
1.206000000000000000e+03
1.060000000000000000e+03
1.514000000000000000e+03
1.042000000000000000e+03
8.980000000000000000e+02
3.114000000000000000e+03
6.980000000000000000e+02
9.800000000000000000e+02
1.066000000000000000e+03
1.478000000000000000e+03
8.290000000000000000e+02
8.050000000000000000e+02
1.327000000000000000e+03
7.830000000000000000e+02
1.046000000000000000e+03
8.620000000000000000e+02
8.060000000000000000e+02
9.190000000000000000e+02
8.920000000000000000e+02
7.240000000000000000e+02
5.880000000000000000e+02
5.490000000000000000e+02
4.630000000000000000e+02
6.900000000000000000e+02
6.878000000000000000e+03
4.200000000000000000e+02
4.560000000000000000e+02
5.460000000000000000e+02
5.630000000000000000e+02
5.960000000000000000e+02
7.980000000000000000e+02
6.510000000000000000e+02
6.460000000000000000e+02
7.600000000000000000e+02
5.650000000000000000e+02
7.440000000000000000e+02
5.420000000000000000e+02
4.950000000000000000e+02
1.050000000000000000e+03
7.210000000000000000e+02
4.770000000000000000e+02
4.650000000000000000e+02
1.165000000000000000e+03
4.190000000000000000e+02
5.440000000000000000e+02
7.250000000000000000e+02
5.270000000000000000e+02
4.960000000000000000e+02
3.700000000000000000e+02
2.073000000000000000e+03
3.840000000000000000e+02
4.460000000000000000e+02
4.620000000000000000e+02
4.960000000000000000e+02
4.350000000000000000e+02
9.860000000000000000e+02
3.190000000000000000e+02
4.110000000000000000e+02
6.390000000000000000e+02
3.980000000000000000e+02
5.220000000000000000e+02
4.570000000000000000e+02
4.530000000000000000e+02
3.650000000000000000e+02
3.510000000000000000e+02
3.480000000000000000e+02
1.965000000000000000e+03
3.010000000000000000e+02
3.320000000000000000e+02
4.220000000000000000e+02
4.280000000000000000e+02
3.850000000000000000e+02
2.830000000000000000e+02
4.940000000000000000e+02
2.700000000000000000e+02
5.930000000000000000e+02
2.920000000000000000e+02
2.610000000000000000e+02
7.440000000000000000e+02
2.780000000000000000e+02
3.060000000000000000e+02
4.590000000000000000e+02
2.310000000000000000e+02
3.070000000000000000e+02
2.820000000000000000e+02
2.550000000000000000e+02
2.200000000000000000e+02
1.135000000000000000e+03
1.660000000000000000e+02
2.210000000000000000e+02
2.560000000000000000e+02
2.320000000000000000e+02
2.790000000000000000e+02
1.940000000000000000e+02
3.950000000000000000e+02
1.380000000000000000e+02
2.190000000000000000e+02
1.780000000000000000e+02
1.760000000000000000e+02
1.410000000000000000e+02
8.250000000000000000e+02
1.260000000000000000e+02
1.650000000000000000e+02
1.500000000000000000e+02
1.120000000000000000e+02
2.930000000000000000e+02
1.270000000000000000e+02
1.290000000000000000e+02
7.400000000000000000e+01
5.140000000000000000e+02
1.120000000000000000e+02
1.430000000000000000e+02
1.270000000000000000e+02
1.290000000000000000e+02
8.200000000000000000e+01
2.870000000000000000e+02
1.030000000000000000e+02
1.080000000000000000e+02
9.300000000000000000e+01
3.000000000000000000e+02
1.010000000000000000e+02
1.130000000000000000e+02
8.800000000000000000e+01
2.660000000000000000e+02
9.800000000000000000e+01
7.600000000000000000e+01
2.420000000000000000e+02
8.600000000000000000e+01
1.380000000000000000e+02
8.800000000000000000e+01
1.190000000000000000e+02
1.480000000000000000e+02
6.800000000000000000e+01
9.400000000000000000e+01
8.300000000000000000e+01
9.100000000000000000e+01
8.200000000000000000e+01
6.800000000000000000e+01
9.800000000000000000e+01
8.200000000000000000e+01
8.300000000000000000e+01
8.100000000000000000e+01
7.300000000000000000e+01
5.300000000000000000e+01
6.300000000000000000e+01
6.200000000000000000e+01
7.200000000000000000e+01
7.400000000000000000e+01
2.700000000000000000e+01
4.500000000000000000e+01
1.310000000000000000e+02
7.345000000000000000e+03
3.589000000000000000e+03
7.200000000000000000e+02
9.040000000000000000e+02
1.409000000000000000e+03
2.505000000000000000e+03
5.090000000000000000e+03
7.182000000000000000e+03
6.132000000000000000e+03
5.853000000000000000e+03
5.987000000000000000e+03
6.175000000000000000e+03
7.581000000000000000e+03
6.359000000000000000e+03
5.269000000000000000e+03
5.011000000000000000e+03
5.234000000000000000e+03
5.077000000000000000e+03
5.033000000000000000e+03
5.125000000000000000e+03
4.817000000000000000e+03
5.205000000000000000e+03
6.086000000000000000e+03
5.338000000000000000e+03
5.497000000000000000e+03
5.286000000000000000e+03
5.636000000000000000e+03
6.037000000000000000e+03
5.904000000000000000e+03
5.646000000000000000e+03
5.384000000000000000e+03
5.578000000000000000e+03
5.739000000000000000e+03
5.618000000000000000e+03
6.291000000000000000e+03
5.754000000000000000e+03
5.562000000000000000e+03
5.430000000000000000e+03
5.192000000000000000e+03
5.187000000000000000e+03
4.850000000000000000e+03
4.671000000000000000e+03
4.719000000000000000e+03
4.659000000000000000e+03
4.903000000000000000e+03
4.952000000000000000e+03
5.108000000000000000e+03
5.184000000000000000e+03
5.245000000000000000e+03
5.077000000000000000e+03
5.109000000000000000e+03
4.959000000000000000e+03
4.894000000000000000e+03
4.997000000000000000e+03
4.927000000000000000e+03
4.820000000000000000e+03
4.811000000000000000e+03
5.088000000000000000e+03
5.339000000000000000e+03
5.646000000000000000e+03
5.877000000000000000e+03
5.963000000000000000e+03
6.013000000000000000e+03
5.595000000000000000e+03
5.298000000000000000e+03
5.022000000000000000e+03
4.931000000000000000e+03
5.138000000000000000e+03
4.933000000000000000e+03
4.832000000000000000e+03
4.814000000000000000e+03
4.919000000000000000e+03
4.932000000000000000e+03
4.828000000000000000e+03
4.901000000000000000e+03
4.925000000000000000e+03
5.406000000000000000e+03
5.742000000000000000e+03
5.779000000000000000e+03
6.062000000000000000e+03
6.239000000000000000e+03
6.751000000000000000e+03
6.668000000000000000e+03
6.592000000000000000e+03
6.897000000000000000e+03
7.561000000000000000e+03
8.089000000000000000e+03
8.329000000000000000e+03
7.738000000000000000e+03
7.378000000000000000e+03
6.934000000000000000e+03
6.316000000000000000e+03
5.553000000000000000e+03
5.361000000000000000e+03
5.553000000000000000e+03
5.536000000000000000e+03
5.499000000000000000e+03
5.415000000000000000e+03
5.524000000000000000e+03
5.572000000000000000e+03
5.984000000000000000e+03
6.689000000000000000e+03
7.650000000000000000e+03
8.377000000000000000e+03
8.726000000000000000e+03
8.469000000000000000e+03
8.216000000000000000e+03
8.041000000000000000e+03
8.662000000000000000e+03
9.592000000000000000e+03
1.007500000000000000e+04
1.041600000000000000e+04
1.031300000000000000e+04
1.052900000000000000e+04
1.047500000000000000e+04
1.049400000000000000e+04
1.124000000000000000e+04
1.234900000000000000e+04
1.283200000000000000e+04
1.245000000000000000e+04
1.276300000000000000e+04
1.339600000000000000e+04
1.426700000000000000e+04
1.474500000000000000e+04
1.439900000000000000e+04
1.426600000000000000e+04
1.430500000000000000e+04
1.380600000000000000e+04
1.345300000000000000e+04
1.385100000000000000e+04
1.431000000000000000e+04
1.492600000000000000e+04
1.404300000000000000e+04
1.283600000000000000e+04
1.210200000000000000e+04
1.151900000000000000e+04
1.117700000000000000e+04
1.073900000000000000e+04
9.966000000000000000e+03
9.839000000000000000e+03
9.639000000000000000e+03
9.491000000000000000e+03
9.149000000000000000e+03
9.310000000000000000e+03
9.565000000000000000e+03
9.788000000000000000e+03
1.008200000000000000e+04
1.030200000000000000e+04
1.077800000000000000e+04
1.066100000000000000e+04
1.106100000000000000e+04
1.125300000000000000e+04
1.183200000000000000e+04
1.238500000000000000e+04
1.307000000000000000e+04
1.437100000000000000e+04
1.446200000000000000e+04
1.412100000000000000e+04
1.293800000000000000e+04
1.217100000000000000e+04
1.091500000000000000e+04
1.016500000000000000e+04
9.562000000000000000e+03
9.338000000000000000e+03
9.276000000000000000e+03
9.228000000000000000e+03
9.208000000000000000e+03
9.257000000000000000e+03
9.393000000000000000e+03
9.242000000000000000e+03
9.560000000000000000e+03
9.453000000000000000e+03
9.505000000000000000e+03
9.665000000000000000e+03
9.377000000000000000e+03
8.906000000000000000e+03
8.837000000000000000e+03
8.925000000000000000e+03
8.914000000000000000e+03
9.223000000000000000e+03
9.438000000000000000e+03
9.657000000000000000e+03
9.741000000000000000e+03
9.571000000000000000e+03
9.418000000000000000e+03
9.489000000000000000e+03
9.358000000000000000e+03
9.023000000000000000e+03
9.107000000000000000e+03
8.638000000000000000e+03
8.566000000000000000e+03
8.503000000000000000e+03
8.611000000000000000e+03
8.522000000000000000e+03
8.761000000000000000e+03
8.538000000000000000e+03
8.593000000000000000e+03
8.314000000000000000e+03
8.287000000000000000e+03
7.986000000000000000e+03
7.360000000000000000e+03
6.912000000000000000e+03
6.718000000000000000e+03
6.718000000000000000e+03
6.588000000000000000e+03
6.426000000000000000e+03
6.120000000000000000e+03
6.214000000000000000e+03
6.229000000000000000e+03
6.400000000000000000e+03
6.487000000000000000e+03
6.436000000000000000e+03
6.523000000000000000e+03
6.296000000000000000e+03
6.165000000000000000e+03
6.193000000000000000e+03
7.551000000000000000e+03
6.205000000000000000e+03
6.021000000000000000e+03
5.641000000000000000e+03
5.145000000000000000e+03
4.786000000000000000e+03
4.685000000000000000e+03
4.514000000000000000e+03
4.502000000000000000e+03
4.550000000000000000e+03
4.914000000000000000e+03
5.480000000000000000e+03
7.395000000000000000e+03
5.491000000000000000e+03
5.436000000000000000e+03
5.814000000000000000e+03
6.282000000000000000e+03
6.756000000000000000e+03
7.567000000000000000e+03
8.949000000000000000e+03
1.263500000000000000e+04
6.351000000000000000e+03
5.174000000000000000e+03
5.467000000000000000e+03
6.467000000000000000e+03
6.430000000000000000e+03
6.079000000000000000e+03
6.623000000000000000e+03
8.876000000000000000e+03
5.555000000000000000e+03
4.361000000000000000e+03
3.563000000000000000e+03
3.126000000000000000e+03
3.366000000000000000e+03
2.472000000000000000e+03
2.259000000000000000e+03
2.208000000000000000e+03
1.943000000000000000e+03
1.964000000000000000e+03
2.208000000000000000e+03
1.322300000000000000e+04
