1.304000000000000000e+04
3.993000000000000000e+03
3.293000000000000000e+03
2.846000000000000000e+03
2.557000000000000000e+03
2.254000000000000000e+03
2.060000000000000000e+03
1.740000000000000000e+03
1.739000000000000000e+03
1.615000000000000000e+03
1.634000000000000000e+03
1.738000000000000000e+03
1.763000000000000000e+03
1.745000000000000000e+03
1.907000000000000000e+03
1.852000000000000000e+03
1.739000000000000000e+03
1.713000000000000000e+03
1.548000000000000000e+03
1.414000000000000000e+03
1.196000000000000000e+03
1.063000000000000000e+03
1.014000000000000000e+03
8.820000000000000000e+02
8.800000000000000000e+02
7.660000000000000000e+02
7.480000000000000000e+02
6.530000000000000000e+02
6.300000000000000000e+02
5.620000000000000000e+02
5.270000000000000000e+02
5.060000000000000000e+02
4.830000000000000000e+02
4.680000000000000000e+02
4.830000000000000000e+02
4.560000000000000000e+02
4.680000000000000000e+02
4.590000000000000000e+02
4.660000000000000000e+02
5.040000000000000000e+02
4.320000000000000000e+02
4.510000000000000000e+02
4.990000000000000000e+02
4.910000000000000000e+02
4.990000000000000000e+02
5.420000000000000000e+02
4.800000000000000000e+02
5.120000000000000000e+02
5.360000000000000000e+02
5.810000000000000000e+02
5.950000000000000000e+02
5.870000000000000000e+02
6.310000000000000000e+02
6.870000000000000000e+02
7.510000000000000000e+02
7.320000000000000000e+02
7.050000000000000000e+02
7.420000000000000000e+02
7.940000000000000000e+02
7.560000000000000000e+02
8.330000000000000000e+02
8.450000000000000000e+02
8.600000000000000000e+02
9.460000000000000000e+02
9.820000000000000000e+02
9.790000000000000000e+02
1.090000000000000000e+03
9.480000000000000000e+02
1.017000000000000000e+03
1.119000000000000000e+03
1.132000000000000000e+03
1.173000000000000000e+03
1.334000000000000000e+03
1.513000000000000000e+03
1.560000000000000000e+03
1.534000000000000000e+03
1.559000000000000000e+03
1.553000000000000000e+03
1.641000000000000000e+03
1.568000000000000000e+03
1.576000000000000000e+03
1.530000000000000000e+03
1.468000000000000000e+03
1.395000000000000000e+03
1.297000000000000000e+03
1.305000000000000000e+03
1.204000000000000000e+03
1.167000000000000000e+03
1.034000000000000000e+03
9.880000000000000000e+02
9.070000000000000000e+02
8.300000000000000000e+02
7.440000000000000000e+02
7.200000000000000000e+02
6.330000000000000000e+02
6.190000000000000000e+02
6.540000000000000000e+02
6.570000000000000000e+02
6.260000000000000000e+02
6.290000000000000000e+02
6.500000000000000000e+02
7.010000000000000000e+02
7.000000000000000000e+02
7.730000000000000000e+02
7.240000000000000000e+02
8.080000000000000000e+02
8.480000000000000000e+02
8.930000000000000000e+02
1.043000000000000000e+03
1.187000000000000000e+03
1.133000000000000000e+03
1.144000000000000000e+03
1.127000000000000000e+03
1.137000000000000000e+03
1.064000000000000000e+03
1.050000000000000000e+03
9.730000000000000000e+02
9.380000000000000000e+02
9.340000000000000000e+02
8.340000000000000000e+02
8.360000000000000000e+02
8.260000000000000000e+02
8.600000000000000000e+02
8.400000000000000000e+02
8.160000000000000000e+02
8.940000000000000000e+02
8.070000000000000000e+02
8.290000000000000000e+02
8.810000000000000000e+02
8.160000000000000000e+02
8.480000000000000000e+02
8.050000000000000000e+02
7.930000000000000000e+02
7.620000000000000000e+02
7.500000000000000000e+02
7.800000000000000000e+02
7.180000000000000000e+02
6.980000000000000000e+02
7.390000000000000000e+02
7.030000000000000000e+02
7.490000000000000000e+02
7.530000000000000000e+02
6.660000000000000000e+02
7.540000000000000000e+02
7.820000000000000000e+02
8.040000000000000000e+02
7.950000000000000000e+02
8.270000000000000000e+02
1.053000000000000000e+03
1.018000000000000000e+03
1.171000000000000000e+03
1.075000000000000000e+03
1.121000000000000000e+03
1.171000000000000000e+03
1.375000000000000000e+03
1.554000000000000000e+03
1.886000000000000000e+03
1.891000000000000000e+03
1.904000000000000000e+03
2.026000000000000000e+03
2.131000000000000000e+03
2.218000000000000000e+03
2.193000000000000000e+03
2.604000000000000000e+03
3.001000000000000000e+03
2.798000000000000000e+03
2.781000000000000000e+03
2.851000000000000000e+03
3.169000000000000000e+03
3.086000000000000000e+03
2.747000000000000000e+03
2.657000000000000000e+03
2.768000000000000000e+03
3.153000000000000000e+03
3.445000000000000000e+03
3.130000000000000000e+03
3.132000000000000000e+03
2.737000000000000000e+03
2.575000000000000000e+03
2.482000000000000000e+03
2.421000000000000000e+03
2.349000000000000000e+03
2.338000000000000000e+03
2.271000000000000000e+03
1.929000000000000000e+03
1.706000000000000000e+03
1.687000000000000000e+03
1.637000000000000000e+03
1.720000000000000000e+03
1.872000000000000000e+03
1.703000000000000000e+03
1.606000000000000000e+03
1.311000000000000000e+03
1.170000000000000000e+03
1.101000000000000000e+03
1.003000000000000000e+03
8.830000000000000000e+02
9.270000000000000000e+02
1.037000000000000000e+03
1.034000000000000000e+03
9.710000000000000000e+02
1.000000000000000000e+03
9.470000000000000000e+02
1.067000000000000000e+03
1.111000000000000000e+03
1.261000000000000000e+03
1.023000000000000000e+03
8.480000000000000000e+02
9.220000000000000000e+02
9.150000000000000000e+02
1.020000000000000000e+03
1.135000000000000000e+03
1.646000000000000000e+03
1.037000000000000000e+03
1.010000000000000000e+03
1.032000000000000000e+03
1.048000000000000000e+03
9.110000000000000000e+02
7.450000000000000000e+02
7.390000000000000000e+02
6.960000000000000000e+02
1.189000000000000000e+03
9.550000000000000000e+02
7.270000000000000000e+02
7.500000000000000000e+02
7.640000000000000000e+02
6.370000000000000000e+02
6.590000000000000000e+02
7.400000000000000000e+02
1.053000000000000000e+03
1.077000000000000000e+03
1.066000000000000000e+03
8.780000000000000000e+02
9.370000000000000000e+02
1.489000000000000000e+03
1.256000000000000000e+03
1.292000000000000000e+03
8.890000000000000000e+02
9.260000000000000000e+02
9.590000000000000000e+02
1.217000000000000000e+03
7.610000000000000000e+02
6.920000000000000000e+02
6.600000000000000000e+02
5.500000000000000000e+02
4.380000000000000000e+02
4.060000000000000000e+02
3.780000000000000000e+02
3.840000000000000000e+02
4.620000000000000000e+02
4.960000000000000000e+02
7.540000000000000000e+02
1.149000000000000000e+03
1.106000000000000000e+03
3.130000000000000000e+02
4.310000000000000000e+02
9.160000000000000000e+02
6.940000000000000000e+02
7.020000000000000000e+02
7.730000000000000000e+02
8.260000000000000000e+02
8.580000000000000000e+02
8.980000000000000000e+02
9.640000000000000000e+02
9.260000000000000000e+02
9.990000000000000000e+02
1.066000000000000000e+03
1.254000000000000000e+03
1.383000000000000000e+03
1.367000000000000000e+03
1.490000000000000000e+03
1.466000000000000000e+03
1.529000000000000000e+03
1.630000000000000000e+03
1.553000000000000000e+03
1.473000000000000000e+03
1.173000000000000000e+03
9.280000000000000000e+02
8.980000000000000000e+02
7.770000000000000000e+02
7.350000000000000000e+02
6.890000000000000000e+02
6.720000000000000000e+02
5.840000000000000000e+02
5.280000000000000000e+02
4.670000000000000000e+02
4.880000000000000000e+02
4.510000000000000000e+02
4.010000000000000000e+02
4.360000000000000000e+02
4.130000000000000000e+02
4.020000000000000000e+02
4.180000000000000000e+02
3.780000000000000000e+02
4.090000000000000000e+02
3.640000000000000000e+02
3.850000000000000000e+02
3.750000000000000000e+02
3.830000000000000000e+02
3.840000000000000000e+02
3.630000000000000000e+02
3.380000000000000000e+02
3.700000000000000000e+02
3.660000000000000000e+02
4.000000000000000000e+02
4.360000000000000000e+02
3.900000000000000000e+02
4.480000000000000000e+02
4.490000000000000000e+02
4.890000000000000000e+02
4.440000000000000000e+02
5.280000000000000000e+02
5.600000000000000000e+02
5.060000000000000000e+02
5.610000000000000000e+02
5.570000000000000000e+02
5.890000000000000000e+02
6.170000000000000000e+02
6.700000000000000000e+02
7.210000000000000000e+02
7.540000000000000000e+02
7.640000000000000000e+02
7.970000000000000000e+02
8.630000000000000000e+02
8.870000000000000000e+02
9.120000000000000000e+02
9.530000000000000000e+02
1.060000000000000000e+03
1.125000000000000000e+03
1.256000000000000000e+03
1.261000000000000000e+03
1.346000000000000000e+03
1.383000000000000000e+03
1.276000000000000000e+03
1.331000000000000000e+03
1.463000000000000000e+03
1.479000000000000000e+03
1.583000000000000000e+03
1.704000000000000000e+03
1.700000000000000000e+03
1.683000000000000000e+03
1.666000000000000000e+03
1.693000000000000000e+03
1.624000000000000000e+03
1.599000000000000000e+03
1.685000000000000000e+03
1.684000000000000000e+03
1.708000000000000000e+03
1.647000000000000000e+03
1.625000000000000000e+03
1.628000000000000000e+03
1.485000000000000000e+03
1.467000000000000000e+03
1.410000000000000000e+03
1.408000000000000000e+03
1.380000000000000000e+03
1.419000000000000000e+03
1.485000000000000000e+03
1.504000000000000000e+03
1.515000000000000000e+03
1.483000000000000000e+03
1.432000000000000000e+03
1.404000000000000000e+03
1.312000000000000000e+03
1.339000000000000000e+03
1.283000000000000000e+03
1.302000000000000000e+03
1.215000000000000000e+03
1.262000000000000000e+03
1.362000000000000000e+03
1.360000000000000000e+03
1.356000000000000000e+03
1.395000000000000000e+03
1.530000000000000000e+03
1.567000000000000000e+03
1.662000000000000000e+03
1.618000000000000000e+03
1.655000000000000000e+03
1.699000000000000000e+03
1.593000000000000000e+03
1.483000000000000000e+03
1.475000000000000000e+03
1.453000000000000000e+03
1.318000000000000000e+03
1.418000000000000000e+03
1.364000000000000000e+03
1.429000000000000000e+03
1.367000000000000000e+03
1.351000000000000000e+03
1.374000000000000000e+03
1.404000000000000000e+03
1.366000000000000000e+03
1.441000000000000000e+03
1.314000000000000000e+03
1.406000000000000000e+03
1.535000000000000000e+03
1.559000000000000000e+03
1.539000000000000000e+03
1.671000000000000000e+03
1.726000000000000000e+03
1.696000000000000000e+03
1.836000000000000000e+03
1.887000000000000000e+03
2.077000000000000000e+03
2.148000000000000000e+03
2.128000000000000000e+03
2.243000000000000000e+03
2.310000000000000000e+03
2.471000000000000000e+03
2.496000000000000000e+03
2.622000000000000000e+03
2.725000000000000000e+03
2.755000000000000000e+03
2.797000000000000000e+03
2.798000000000000000e+03
2.793000000000000000e+03
2.691000000000000000e+03
2.673000000000000000e+03
2.500000000000000000e+03
2.362000000000000000e+03
2.091000000000000000e+03
1.960000000000000000e+03
1.824000000000000000e+03
1.656000000000000000e+03
1.402000000000000000e+03
1.275000000000000000e+03
1.163000000000000000e+03
1.026000000000000000e+03
9.170000000000000000e+02
7.980000000000000000e+02
7.060000000000000000e+02
6.030000000000000000e+02
5.630000000000000000e+02
5.350000000000000000e+02
5.420000000000000000e+02
5.090000000000000000e+02
5.090000000000000000e+02
4.740000000000000000e+02
4.460000000000000000e+02
4.500000000000000000e+02
4.270000000000000000e+02
3.970000000000000000e+02
4.400000000000000000e+02
4.240000000000000000e+02
4.180000000000000000e+02
5.070000000000000000e+02
4.540000000000000000e+02
6.030000000000000000e+02
7.360000000000000000e+02
8.390000000000000000e+02
7.800000000000000000e+02
8.460000000000000000e+02
7.180000000000000000e+02
7.730000000000000000e+02
1.223000000000000000e+03
1.548000000000000000e+03
1.464000000000000000e+03
1.277000000000000000e+03
1.540000000000000000e+03
1.636000000000000000e+03
1.458000000000000000e+03
9.240000000000000000e+02
8.970000000000000000e+02
1.280000000000000000e+03
1.597000000000000000e+03
1.951000000000000000e+03
1.831000000000000000e+03
1.639000000000000000e+03
1.654000000000000000e+03
1.655000000000000000e+03
1.617000000000000000e+03
1.538000000000000000e+03
1.492000000000000000e+03
1.326000000000000000e+03
1.492000000000000000e+03
1.718000000000000000e+03
1.756000000000000000e+03
1.719000000000000000e+03
1.452000000000000000e+03
1.322000000000000000e+03
1.377000000000000000e+03
1.524000000000000000e+03
1.537000000000000000e+03
1.744000000000000000e+03
1.450000000000000000e+03
1.655000000000000000e+03
2.149000000000000000e+03
1.594000000000000000e+03
1.288000000000000000e+03
1.193000000000000000e+03
1.240000000000000000e+03
1.539000000000000000e+03
1.405000000000000000e+03
1.246000000000000000e+03
1.422000000000000000e+03
1.981000000000000000e+03
1.679000000000000000e+03
1.454000000000000000e+03
1.270000000000000000e+03
2.140000000000000000e+03
2.055000000000000000e+03
1.776000000000000000e+03
8.750000000000000000e+02
8.140000000000000000e+02
7.670000000000000000e+02
7.020000000000000000e+02
6.920000000000000000e+02
1.013000000000000000e+03
1.193000000000000000e+03
1.233000000000000000e+03
4.460000000000000000e+02
4.810000000000000000e+02
1.569000000000000000e+03
5.830000000000000000e+02
7.720000000000000000e+02
7.310000000000000000e+02
8.760000000000000000e+02
8.180000000000000000e+02
8.340000000000000000e+02
9.320000000000000000e+02
9.420000000000000000e+02
1.038000000000000000e+03
1.017000000000000000e+03
1.195000000000000000e+03
1.257000000000000000e+03
1.288000000000000000e+03
1.398000000000000000e+03
1.301000000000000000e+03
1.284000000000000000e+03
1.190000000000000000e+03
1.211000000000000000e+03
1.192000000000000000e+03
1.088000000000000000e+03
1.102000000000000000e+03
9.110000000000000000e+02
9.720000000000000000e+02
8.500000000000000000e+02
7.270000000000000000e+02
6.920000000000000000e+02
6.640000000000000000e+02
5.920000000000000000e+02
5.740000000000000000e+02
5.710000000000000000e+02
5.480000000000000000e+02
5.290000000000000000e+02
4.960000000000000000e+02
4.740000000000000000e+02
4.890000000000000000e+02
4.390000000000000000e+02
4.890000000000000000e+02
4.190000000000000000e+02
4.610000000000000000e+02
4.190000000000000000e+02
4.660000000000000000e+02
4.640000000000000000e+02
4.450000000000000000e+02
4.710000000000000000e+02
5.090000000000000000e+02
4.740000000000000000e+02
4.630000000000000000e+02
4.600000000000000000e+02
5.160000000000000000e+02
5.600000000000000000e+02
5.410000000000000000e+02
5.230000000000000000e+02
5.730000000000000000e+02
5.780000000000000000e+02
5.870000000000000000e+02
5.510000000000000000e+02
6.240000000000000000e+02
6.570000000000000000e+02
6.800000000000000000e+02
6.520000000000000000e+02
7.000000000000000000e+02
6.930000000000000000e+02
7.340000000000000000e+02
7.950000000000000000e+02
8.010000000000000000e+02
7.620000000000000000e+02
8.100000000000000000e+02
7.930000000000000000e+02
8.480000000000000000e+02
8.620000000000000000e+02
8.520000000000000000e+02
8.860000000000000000e+02
8.970000000000000000e+02
9.100000000000000000e+02
9.530000000000000000e+02
9.410000000000000000e+02
9.850000000000000000e+02
1.016000000000000000e+03
1.021000000000000000e+03
1.060000000000000000e+03
1.024000000000000000e+03
1.109000000000000000e+03
1.116000000000000000e+03
1.129000000000000000e+03
1.331000000000000000e+03
1.273000000000000000e+03
1.386000000000000000e+03
1.525000000000000000e+03
1.487000000000000000e+03
1.609000000000000000e+03
1.540000000000000000e+03
1.698000000000000000e+03
1.745000000000000000e+03
1.881000000000000000e+03
1.990000000000000000e+03
2.076000000000000000e+03
2.076000000000000000e+03
2.108000000000000000e+03
2.020000000000000000e+03
1.972000000000000000e+03
1.901000000000000000e+03
1.846000000000000000e+03
1.837000000000000000e+03
1.653000000000000000e+03
1.582000000000000000e+03
1.428000000000000000e+03
1.384000000000000000e+03
1.289000000000000000e+03
1.227000000000000000e+03
1.225000000000000000e+03
1.228000000000000000e+03
1.138000000000000000e+03
1.158000000000000000e+03
1.186000000000000000e+03
1.141000000000000000e+03
1.184000000000000000e+03
1.279000000000000000e+03
1.318000000000000000e+03
1.298000000000000000e+03
1.343000000000000000e+03
1.366000000000000000e+03
1.437000000000000000e+03
1.423000000000000000e+03
1.475000000000000000e+03
1.477000000000000000e+03
1.599000000000000000e+03
1.703000000000000000e+03
1.753000000000000000e+03
1.909000000000000000e+03
1.919000000000000000e+03
1.992000000000000000e+03
1.981000000000000000e+03
1.987000000000000000e+03
2.034000000000000000e+03
2.078000000000000000e+03
2.101000000000000000e+03
2.138000000000000000e+03
2.325000000000000000e+03
2.303000000000000000e+03
2.234000000000000000e+03
2.342000000000000000e+03
2.278000000000000000e+03
2.409000000000000000e+03
2.392000000000000000e+03
2.458000000000000000e+03
2.423000000000000000e+03
2.444000000000000000e+03
2.500000000000000000e+03
2.470000000000000000e+03
2.350000000000000000e+03
2.290000000000000000e+03
2.203000000000000000e+03
2.048000000000000000e+03
2.007000000000000000e+03
1.873000000000000000e+03
1.803000000000000000e+03
1.610000000000000000e+03
1.488000000000000000e+03
1.283000000000000000e+03
1.278000000000000000e+03
1.225000000000000000e+03
1.097000000000000000e+03
9.160000000000000000e+02
8.720000000000000000e+02
8.260000000000000000e+02
8.510000000000000000e+02
8.260000000000000000e+02
7.720000000000000000e+02
7.740000000000000000e+02
7.790000000000000000e+02
9.060000000000000000e+02
9.300000000000000000e+02
9.110000000000000000e+02
7.860000000000000000e+02
7.320000000000000000e+02
7.020000000000000000e+02
6.460000000000000000e+02
5.430000000000000000e+02
6.210000000000000000e+02
5.360000000000000000e+02
5.080000000000000000e+02
4.570000000000000000e+02
4.380000000000000000e+02
4.240000000000000000e+02
4.450000000000000000e+02
4.610000000000000000e+02
3.880000000000000000e+02
4.180000000000000000e+02
3.790000000000000000e+02
3.500000000000000000e+02
3.720000000000000000e+02
3.350000000000000000e+02
3.170000000000000000e+02
2.740000000000000000e+02
3.410000000000000000e+02
3.430000000000000000e+02
3.120000000000000000e+02
2.970000000000000000e+02
3.280000000000000000e+02
2.960000000000000000e+02
2.700000000000000000e+02
2.830000000000000000e+02
2.800000000000000000e+02
2.640000000000000000e+02
2.990000000000000000e+02
2.990000000000000000e+02
2.800000000000000000e+02
3.080000000000000000e+02
2.710000000000000000e+02
2.730000000000000000e+02
3.260000000000000000e+02
3.410000000000000000e+02
3.690000000000000000e+02
3.530000000000000000e+02
3.130000000000000000e+02
2.860000000000000000e+02
3.100000000000000000e+02
3.070000000000000000e+02
2.770000000000000000e+02
2.730000000000000000e+02
2.880000000000000000e+02
2.710000000000000000e+02
2.470000000000000000e+02
2.700000000000000000e+02
2.580000000000000000e+02
2.180000000000000000e+02
2.280000000000000000e+02
2.610000000000000000e+02
4.040000000000000000e+02
5.940000000000000000e+02
1.038000000000000000e+03
1.526000000000000000e+03
2.175000000000000000e+03
3.205000000000000000e+03
4.673000000000000000e+03
5.342000000000000000e+03
5.696000000000000000e+03
6.190000000000000000e+03
6.243000000000000000e+03
5.640000000000000000e+03
4.478000000000000000e+03
3.999000000000000000e+03
3.647000000000000000e+03
3.985000000000000000e+03
2.935000000000000000e+03
2.908000000000000000e+03
2.776000000000000000e+03
3.545000000000000000e+03
3.182000000000000000e+03
2.096000000000000000e+03
1.694000000000000000e+03
1.457000000000000000e+03
1.421000000000000000e+03
5.170000000000000000e+02
1.407000000000000000e+03
8.416000000000000000e+03
2.000000000000000000e+01
5.600000000000000000e+01
1.150000000000000000e+02
2.000000000000000000e+01
5.210000000000000000e+02
7.860000000000000000e+02
3.400000000000000000e+01
7.580000000000000000e+02
5.750000000000000000e+02
1.089000000000000000e+03
5.757000000000000000e+03
1.069500000000000000e+04
2.090300000000000000e+04
5.596000000000000000e+03
7.499000000000000000e+03
3.516000000000000000e+03
4.415000000000000000e+03
2.551000000000000000e+03
3.278000000000000000e+03
3.972000000000000000e+03
2.728000000000000000e+03
3.419000000000000000e+03
2.939000000000000000e+03
4.728000000000000000e+03
3.359000000000000000e+03
3.551000000000000000e+03
1.813000000000000000e+03
1.104000000000000000e+03
8.870000000000000000e+02
2.945000000000000000e+03
3.340000000000000000e+02
4.230000000000000000e+02
3.020000000000000000e+02
3.900000000000000000e+02
9.260000000000000000e+02
9.930000000000000000e+02
1.100000000000000000e+02
1.910000000000000000e+02
9.300000000000000000e+01
2.300000000000000000e+02
3.000000000000000000e+01
3.670000000000000000e+02
2.640000000000000000e+02
1.000000000000000000e+01
6.000000000000000000e+01
7.000000000000000000e+00
2.000000000000000000e+00
6.700000000000000000e+01
3.000000000000000000e+00
8.590000000000000000e+02
8.600000000000000000e+01
2.500000000000000000e+01
1.000000000000000000e+01
1.200000000000000000e+01
1.700000000000000000e+02
5.400000000000000000e+01
1.100000000000000000e+01
5.000000000000000000e+00
1.000000000000000000e+00
3.510000000000000000e+02
1.000000000000000000e+00
5.000000000000000000e+00
2.000000000000000000e+01
1.000000000000000000e+00
1.000000000000000000e+01
4.210000000000000000e+02
2.000000000000000000e+00
2.800000000000000000e+01
1.500000000000000000e+01
1.370000000000000000e+02
6.000000000000000000e+00
1.100000000000000000e+01
8.100000000000000000e+01
6.100000000000000000e+01
1.304000000000000000e+03
1.600000000000000000e+01
1.800000000000000000e+01
1.100000000000000000e+01
6.900000000000000000e+01
4.100000000000000000e+02
4.000000000000000000e+00
9.000000000000000000e+00
5.890000000000000000e+02
6.500000000000000000e+01
6.400000000000000000e+01
3.500000000000000000e+01
3.080000000000000000e+02
5.200000000000000000e+01
3.900000000000000000e+01
8.940000000000000000e+02
8.700000000000000000e+01
1.840000000000000000e+02
3.340000000000000000e+02
6.110000000000000000e+02
2.063000000000000000e+03
4.550000000000000000e+03
4.983000000000000000e+03
8.859000000000000000e+03
8.740000000000000000e+03
1.032700000000000000e+04
1.639600000000000000e+04
9.905000000000000000e+03
2.764600000000000000e+04
1.952300000000000000e+04
2.414000000000000000e+04
1.206100000000000000e+04
5.836000000000000000e+03
2.314000000000000000e+03
1.239800000000000000e+04
3.382000000000000000e+03
4.538000000000000000e+03
1.514000000000000000e+03
1.077000000000000000e+03
1.621000000000000000e+03
1.137000000000000000e+03
7.160000000000000000e+02
4.900000000000000000e+01
8.300000000000000000e+01
4.400000000000000000e+01
3.705000000000000000e+03
4.000000000000000000e+00
2.080000000000000000e+02
4.600000000000000000e+01
7.210000000000000000e+02
1.024000000000000000e+03
1.103000000000000000e+03
2.000000000000000000e+01
1.410000000000000000e+02
3.300000000000000000e+01
2.270000000000000000e+02
1.200000000000000000e+01
3.870000000000000000e+02
3.760000000000000000e+02
3.000000000000000000e+00
6.400000000000000000e+01
2.400000000000000000e+01
2.000000000000000000e+00
9.600000000000000000e+01
4.000000000000000000e+00
7.290000000000000000e+02
1.070000000000000000e+02
2.900000000000000000e+01
7.000000000000000000e+00
8.000000000000000000e+00
1.880000000000000000e+02
5.000000000000000000e+01
1.900000000000000000e+01
1.000000000000000000e+00
1.000000000000000000e+00
1.730000000000000000e+02
0.000000000000000000e+00
4.000000000000000000e+00
3.200000000000000000e+01
1.000000000000000000e+00
3.000000000000000000e+00
2.690000000000000000e+02
3.000000000000000000e+00
3.000000000000000000e+01
7.000000000000000000e+00
1.090000000000000000e+02
8.000000000000000000e+00
3.000000000000000000e+00
7.900000000000000000e+01
3.600000000000000000e+01
1.132000000000000000e+03
1.200000000000000000e+01
3.000000000000000000e+00
1.000000000000000000e+00
4.700000000000000000e+01
2.940000000000000000e+02
4.000000000000000000e+00
1.000000000000000000e+00
4.410000000000000000e+02
2.400000000000000000e+01
1.800000000000000000e+01
6.000000000000000000e+00
1.650000000000000000e+02
1.300000000000000000e+01
8.000000000000000000e+00
7.758000000000000000e+03
8.600000000000000000e+01
1.176000000000000000e+03
1.270000000000000000e+03
6.920000000000000000e+02
1.558000000000000000e+03
1.084000000000000000e+03
1.783000000000000000e+03
2.477000000000000000e+03
2.521000000000000000e+03
1.153000000000000000e+03
1.601000000000000000e+03
1.169000000000000000e+03
1.541000000000000000e+03
2.982000000000000000e+03
1.795000000000000000e+03
1.613000000000000000e+03
2.395000000000000000e+03
2.057000000000000000e+03
1.657000000000000000e+03
2.267000000000000000e+03
1.253000000000000000e+03
1.633000000000000000e+03
2.038000000000000000e+03
1.818000000000000000e+03
1.249000000000000000e+03
2.373000000000000000e+03
1.612000000000000000e+03
2.552000000000000000e+03
1.865000000000000000e+03
2.617000000000000000e+03
2.852000000000000000e+03
3.011000000000000000e+03
3.980000000000000000e+03
4.669000000000000000e+03
4.481000000000000000e+03
5.535000000000000000e+03
3.801000000000000000e+03
5.347000000000000000e+03
4.066000000000000000e+03
5.077000000000000000e+03
4.205000000000000000e+03
4.078000000000000000e+03
4.601000000000000000e+03
4.189000000000000000e+03
3.720000000000000000e+03
4.202000000000000000e+03
3.550000000000000000e+03
4.256000000000000000e+03
3.806000000000000000e+03
3.388000000000000000e+03
4.635000000000000000e+03
3.301000000000000000e+03
3.809000000000000000e+03
3.085000000000000000e+03
3.185000000000000000e+03
2.499000000000000000e+03
2.223000000000000000e+03
2.488000000000000000e+03
2.014000000000000000e+03
2.349000000000000000e+03
2.212000000000000000e+03
2.363000000000000000e+03
1.990000000000000000e+03
2.563000000000000000e+03
1.735000000000000000e+03
2.198000000000000000e+03
2.757000000000000000e+03
1.862000000000000000e+03
1.451000000000000000e+03
1.687000000000000000e+03
1.720000000000000000e+03
1.817000000000000000e+03
2.135000000000000000e+03
1.920000000000000000e+03
1.870000000000000000e+03
1.856000000000000000e+03
2.085000000000000000e+03
1.939000000000000000e+03
1.154000000000000000e+03
1.492000000000000000e+03
1.676000000000000000e+03
1.390000000000000000e+03
1.244000000000000000e+03
1.412000000000000000e+03
2.595000000000000000e+03
1.527000000000000000e+03
1.430000000000000000e+03
1.268000000000000000e+03
1.501000000000000000e+03
1.585000000000000000e+03
1.606000000000000000e+03
1.300000000000000000e+03
1.269000000000000000e+03
1.197000000000000000e+03
1.181000000000000000e+03
1.333000000000000000e+03
9.860000000000000000e+02
1.239000000000000000e+03
1.094000000000000000e+03
1.024000000000000000e+03
8.580000000000000000e+02
1.287000000000000000e+03
8.740000000000000000e+02
1.053000000000000000e+03
1.017000000000000000e+03
1.193000000000000000e+03
9.370000000000000000e+02
9.420000000000000000e+02
1.162000000000000000e+03
8.330000000000000000e+02
9.670000000000000000e+02
8.550000000000000000e+02
9.510000000000000000e+02
7.660000000000000000e+02
7.840000000000000000e+02
9.020000000000000000e+02
7.420000000000000000e+02
8.300000000000000000e+02
7.650000000000000000e+02
8.170000000000000000e+02
7.250000000000000000e+02
6.920000000000000000e+02
6.290000000000000000e+02
6.130000000000000000e+02
6.090000000000000000e+02
5.690000000000000000e+02
5.610000000000000000e+02
1.181000000000000000e+03
5.690000000000000000e+02
4.670000000000000000e+02
5.180000000000000000e+02
5.190000000000000000e+02
4.580000000000000000e+02
4.830000000000000000e+02
4.650000000000000000e+02
4.980000000000000000e+02
4.550000000000000000e+02
3.900000000000000000e+02
4.500000000000000000e+02
4.140000000000000000e+02
3.560000000000000000e+02
4.840000000000000000e+02
4.030000000000000000e+02
3.340000000000000000e+02
2.920000000000000000e+02
4.090000000000000000e+02
2.570000000000000000e+02
3.380000000000000000e+02
3.170000000000000000e+02
2.830000000000000000e+02
2.690000000000000000e+02
2.250000000000000000e+02
4.600000000000000000e+02
2.180000000000000000e+02
2.100000000000000000e+02
2.230000000000000000e+02
2.010000000000000000e+02
2.390000000000000000e+02
3.630000000000000000e+02
1.720000000000000000e+02
2.070000000000000000e+02
2.150000000000000000e+02
1.410000000000000000e+02
1.870000000000000000e+02
1.800000000000000000e+02
1.880000000000000000e+02
1.690000000000000000e+02
1.430000000000000000e+02
1.010000000000000000e+02
5.430000000000000000e+02
1.130000000000000000e+02
1.400000000000000000e+02
1.490000000000000000e+02
1.680000000000000000e+02
1.390000000000000000e+02
1.230000000000000000e+02
1.420000000000000000e+02
1.010000000000000000e+02
1.890000000000000000e+02
1.380000000000000000e+02
1.310000000000000000e+02
2.910000000000000000e+02
1.170000000000000000e+02
1.540000000000000000e+02
1.740000000000000000e+02
1.150000000000000000e+02
1.270000000000000000e+02
1.310000000000000000e+02
1.290000000000000000e+02
1.310000000000000000e+02
4.200000000000000000e+02
1.010000000000000000e+02
1.160000000000000000e+02
1.240000000000000000e+02
1.420000000000000000e+02
1.320000000000000000e+02
1.330000000000000000e+02
1.680000000000000000e+02
1.150000000000000000e+02
1.930000000000000000e+02
1.330000000000000000e+02
1.340000000000000000e+02
1.440000000000000000e+02
2.110000000000000000e+02
1.390000000000000000e+02
1.480000000000000000e+02
1.560000000000000000e+02
1.290000000000000000e+02
2.000000000000000000e+02
1.610000000000000000e+02
1.560000000000000000e+02
1.460000000000000000e+02
3.710000000000000000e+02
1.520000000000000000e+02
1.830000000000000000e+02
1.950000000000000000e+02
1.900000000000000000e+02
1.520000000000000000e+02
3.040000000000000000e+02
1.930000000000000000e+02
2.280000000000000000e+02
2.070000000000000000e+02
2.340000000000000000e+02
2.110000000000000000e+02
2.430000000000000000e+02
1.960000000000000000e+02
2.700000000000000000e+02
2.380000000000000000e+02
2.230000000000000000e+02
2.980000000000000000e+02
2.340000000000000000e+02
2.960000000000000000e+02
2.760000000000000000e+02
2.840000000000000000e+02
3.160000000000000000e+02
3.070000000000000000e+02
3.520000000000000000e+02
3.630000000000000000e+02
3.880000000000000000e+02
3.890000000000000000e+02
4.380000000000000000e+02
4.420000000000000000e+02
4.820000000000000000e+02
4.890000000000000000e+02
6.330000000000000000e+02
5.860000000000000000e+02
7.990000000000000000e+02
7.800000000000000000e+02
9.350000000000000000e+02
1.278000000000000000e+03
7.660000000000000000e+02
2.082000000000000000e+03
1.582000000000000000e+03
9.790000000000000000e+02
1.389600000000000000e+04
3.030000000000000000e+02
4.350000000000000000e+02
5.430000000000000000e+02
5.850000000000000000e+02
7.250000000000000000e+02
7.120000000000000000e+02
7.440000000000000000e+02
7.760000000000000000e+02
7.810000000000000000e+02
8.710000000000000000e+02
8.100000000000000000e+02
1.026000000000000000e+03
1.160000000000000000e+03
1.140000000000000000e+03
1.300000000000000000e+03
1.274000000000000000e+03
1.317000000000000000e+03
1.422000000000000000e+03
1.435000000000000000e+03
1.511000000000000000e+03
1.263000000000000000e+03
1.249000000000000000e+03
1.012000000000000000e+03
9.770000000000000000e+02
8.680000000000000000e+02
7.310000000000000000e+02
6.690000000000000000e+02
6.260000000000000000e+02
5.820000000000000000e+02
4.950000000000000000e+02
5.330000000000000000e+02
4.880000000000000000e+02
4.380000000000000000e+02
4.070000000000000000e+02
3.800000000000000000e+02
3.900000000000000000e+02
3.360000000000000000e+02
3.710000000000000000e+02
3.110000000000000000e+02
3.260000000000000000e+02
2.840000000000000000e+02
3.330000000000000000e+02
3.420000000000000000e+02
2.870000000000000000e+02
3.150000000000000000e+02
3.260000000000000000e+02
2.890000000000000000e+02
3.110000000000000000e+02
2.790000000000000000e+02
3.030000000000000000e+02
2.900000000000000000e+02
3.010000000000000000e+02
2.870000000000000000e+02
2.960000000000000000e+02
3.050000000000000000e+02
3.350000000000000000e+02
2.950000000000000000e+02
3.290000000000000000e+02
3.520000000000000000e+02
3.490000000000000000e+02
3.780000000000000000e+02
4.130000000000000000e+02
4.000000000000000000e+02
3.840000000000000000e+02
4.170000000000000000e+02
4.890000000000000000e+02
4.370000000000000000e+02
4.370000000000000000e+02
4.710000000000000000e+02
5.170000000000000000e+02
5.310000000000000000e+02
4.680000000000000000e+02
5.180000000000000000e+02
5.920000000000000000e+02
5.580000000000000000e+02
6.170000000000000000e+02
6.220000000000000000e+02
6.330000000000000000e+02
7.050000000000000000e+02
7.380000000000000000e+02
7.740000000000000000e+02
7.290000000000000000e+02
8.050000000000000000e+02
8.520000000000000000e+02
8.720000000000000000e+02
1.073000000000000000e+03
1.001000000000000000e+03
1.166000000000000000e+03
1.250000000000000000e+03
1.229000000000000000e+03
1.333000000000000000e+03
1.267000000000000000e+03
1.409000000000000000e+03
1.515000000000000000e+03
1.622000000000000000e+03
1.766000000000000000e+03
1.828000000000000000e+03
1.859000000000000000e+03
1.876000000000000000e+03
1.783000000000000000e+03
1.707000000000000000e+03
1.671000000000000000e+03
1.609000000000000000e+03
1.581000000000000000e+03
1.441000000000000000e+03
1.368000000000000000e+03
1.206000000000000000e+03
1.090000000000000000e+03
1.053000000000000000e+03
1.000000000000000000e+03
9.730000000000000000e+02
9.630000000000000000e+02
8.680000000000000000e+02
8.770000000000000000e+02
8.830000000000000000e+02
9.240000000000000000e+02
9.210000000000000000e+02
9.080000000000000000e+02
9.920000000000000000e+02
9.950000000000000000e+02
1.036000000000000000e+03
1.023000000000000000e+03
1.053000000000000000e+03
1.022000000000000000e+03
1.032000000000000000e+03
1.085000000000000000e+03
1.111000000000000000e+03
1.203000000000000000e+03
1.277000000000000000e+03
1.292000000000000000e+03
1.343000000000000000e+03
1.314000000000000000e+03
1.292000000000000000e+03
1.214000000000000000e+03
1.195000000000000000e+03
1.234000000000000000e+03
1.169000000000000000e+03
1.126000000000000000e+03
1.197000000000000000e+03
1.138000000000000000e+03
1.129000000000000000e+03
1.118000000000000000e+03
9.890000000000000000e+02
1.097000000000000000e+03
9.900000000000000000e+02
1.040000000000000000e+03
9.600000000000000000e+02
1.036000000000000000e+03
1.092000000000000000e+03
1.104000000000000000e+03
1.227000000000000000e+03
1.216000000000000000e+03
1.290000000000000000e+03
1.313000000000000000e+03
1.518000000000000000e+03
1.626000000000000000e+03
1.903000000000000000e+03
1.890000000000000000e+03
1.980000000000000000e+03
2.029000000000000000e+03
2.312000000000000000e+03
2.411000000000000000e+03
2.369000000000000000e+03
2.374000000000000000e+03
2.547000000000000000e+03
2.485000000000000000e+03
2.545000000000000000e+03
2.661000000000000000e+03
2.826000000000000000e+03
2.860000000000000000e+03
2.937000000000000000e+03
3.042000000000000000e+03
3.135000000000000000e+03
3.139000000000000000e+03
2.958000000000000000e+03
2.814000000000000000e+03
2.794000000000000000e+03
2.609000000000000000e+03
2.390000000000000000e+03
2.378000000000000000e+03
2.195000000000000000e+03
2.050000000000000000e+03
1.819000000000000000e+03
1.669000000000000000e+03
1.492000000000000000e+03
1.421000000000000000e+03
1.325000000000000000e+03
1.083000000000000000e+03
1.017000000000000000e+03
9.040000000000000000e+02
8.050000000000000000e+02
7.990000000000000000e+02
6.970000000000000000e+02
6.530000000000000000e+02
5.880000000000000000e+02
6.200000000000000000e+02
6.070000000000000000e+02
5.840000000000000000e+02
5.240000000000000000e+02
5.350000000000000000e+02
4.950000000000000000e+02
4.810000000000000000e+02
4.650000000000000000e+02
4.550000000000000000e+02
4.210000000000000000e+02
4.350000000000000000e+02
4.640000000000000000e+02
3.890000000000000000e+02
4.610000000000000000e+02
3.840000000000000000e+02
4.020000000000000000e+02
4.280000000000000000e+02
4.380000000000000000e+02
4.640000000000000000e+02
4.650000000000000000e+02
4.010000000000000000e+02
3.760000000000000000e+02
4.030000000000000000e+02
3.820000000000000000e+02
3.450000000000000000e+02
3.290000000000000000e+02
3.320000000000000000e+02
3.330000000000000000e+02
3.030000000000000000e+02
2.990000000000000000e+02
2.900000000000000000e+02
2.510000000000000000e+02
2.520000000000000000e+02
2.890000000000000000e+02
4.200000000000000000e+02
5.970000000000000000e+02
1.044000000000000000e+03
1.523000000000000000e+03
2.187000000000000000e+03
3.191000000000000000e+03
4.644000000000000000e+03
5.329000000000000000e+03
5.686000000000000000e+03
6.153000000000000000e+03
6.249000000000000000e+03
5.659000000000000000e+03
4.501000000000000000e+03
4.006000000000000000e+03
3.613000000000000000e+03
3.980000000000000000e+03
2.926000000000000000e+03
2.866000000000000000e+03
2.743000000000000000e+03
3.497000000000000000e+03
3.178000000000000000e+03
2.049000000000000000e+03
1.747000000000000000e+03
1.595000000000000000e+03
1.519000000000000000e+03
7.520000000000000000e+02
1.844000000000000000e+03
