1.645000000000000000e+03
1.536000000000000000e+03
1.005000000000000000e+03
6.310000000000000000e+02
7.710000000000000000e+02
6.240000000000000000e+02
5.690000000000000000e+02
5.390000000000000000e+02
5.350000000000000000e+02
5.600000000000000000e+02
6.450000000000000000e+02
7.260000000000000000e+02
7.980000000000000000e+02
8.390000000000000000e+02
9.100000000000000000e+02
1.003000000000000000e+03
1.028000000000000000e+03
1.273000000000000000e+03
1.448000000000000000e+03
1.755000000000000000e+03
1.772000000000000000e+03
1.746000000000000000e+03
1.761000000000000000e+03
1.805000000000000000e+03
1.756000000000000000e+03
1.629000000000000000e+03
1.677000000000000000e+03
1.536000000000000000e+03
1.545000000000000000e+03
1.564000000000000000e+03
1.454000000000000000e+03
1.391000000000000000e+03
1.394000000000000000e+03
1.249000000000000000e+03
1.313000000000000000e+03
1.262000000000000000e+03
1.301000000000000000e+03
1.324000000000000000e+03
1.318000000000000000e+03
1.392000000000000000e+03
1.376000000000000000e+03
1.372000000000000000e+03
1.322000000000000000e+03
1.260000000000000000e+03
1.125000000000000000e+03
1.021000000000000000e+03
9.780000000000000000e+02
9.290000000000000000e+02
9.070000000000000000e+02
9.080000000000000000e+02
9.390000000000000000e+02
8.810000000000000000e+02
9.190000000000000000e+02
9.830000000000000000e+02
9.210000000000000000e+02
9.930000000000000000e+02
1.087000000000000000e+03
1.081000000000000000e+03
1.219000000000000000e+03
1.255000000000000000e+03
1.311000000000000000e+03
1.287000000000000000e+03
1.308000000000000000e+03
1.364000000000000000e+03
1.329000000000000000e+03
1.396000000000000000e+03
1.497000000000000000e+03
1.574000000000000000e+03
1.579000000000000000e+03
1.746000000000000000e+03
1.739000000000000000e+03
1.723000000000000000e+03
1.761000000000000000e+03
1.692000000000000000e+03
1.761000000000000000e+03
1.758000000000000000e+03
1.707000000000000000e+03
1.779000000000000000e+03
1.702000000000000000e+03
1.811000000000000000e+03
1.759000000000000000e+03
1.751000000000000000e+03
1.712000000000000000e+03
1.599000000000000000e+03
1.647000000000000000e+03
1.618000000000000000e+03
1.650000000000000000e+03
1.555000000000000000e+03
1.601000000000000000e+03
1.563000000000000000e+03
1.574000000000000000e+03
1.603000000000000000e+03
1.633000000000000000e+03
1.628000000000000000e+03
1.584000000000000000e+03
1.624000000000000000e+03
1.650000000000000000e+03
1.557000000000000000e+03
1.586000000000000000e+03
1.554000000000000000e+03
1.601000000000000000e+03
1.606000000000000000e+03
1.576000000000000000e+03
1.523000000000000000e+03
1.599000000000000000e+03
1.608000000000000000e+03
1.554000000000000000e+03
1.423000000000000000e+03
1.454000000000000000e+03
1.524000000000000000e+03
1.415000000000000000e+03
1.410000000000000000e+03
1.373000000000000000e+03
1.274000000000000000e+03
1.290000000000000000e+03
1.268000000000000000e+03
1.224000000000000000e+03
1.143000000000000000e+03
1.167000000000000000e+03
1.066000000000000000e+03
1.060000000000000000e+03
1.067000000000000000e+03
9.730000000000000000e+02
9.560000000000000000e+02
9.920000000000000000e+02
8.630000000000000000e+02
8.480000000000000000e+02
8.490000000000000000e+02
8.300000000000000000e+02
7.500000000000000000e+02
7.260000000000000000e+02
6.760000000000000000e+02
6.540000000000000000e+02
6.020000000000000000e+02
5.850000000000000000e+02
5.610000000000000000e+02
5.680000000000000000e+02
5.190000000000000000e+02
5.080000000000000000e+02
4.720000000000000000e+02
4.980000000000000000e+02
4.860000000000000000e+02
4.990000000000000000e+02
4.860000000000000000e+02
4.680000000000000000e+02
5.030000000000000000e+02
5.060000000000000000e+02
5.280000000000000000e+02
5.680000000000000000e+02
6.180000000000000000e+02
6.320000000000000000e+02
6.130000000000000000e+02
6.100000000000000000e+02
6.200000000000000000e+02
6.380000000000000000e+02
5.670000000000000000e+02
5.960000000000000000e+02
5.710000000000000000e+02
5.410000000000000000e+02
4.920000000000000000e+02
4.930000000000000000e+02
4.800000000000000000e+02
4.400000000000000000e+02
4.110000000000000000e+02
4.310000000000000000e+02
3.710000000000000000e+02
3.850000000000000000e+02
3.950000000000000000e+02
4.140000000000000000e+02
4.080000000000000000e+02
4.220000000000000000e+02
4.150000000000000000e+02
4.270000000000000000e+02
4.650000000000000000e+02
4.690000000000000000e+02
5.350000000000000000e+02
5.480000000000000000e+02
5.720000000000000000e+02
5.520000000000000000e+02
5.290000000000000000e+02
5.570000000000000000e+02
4.830000000000000000e+02
4.450000000000000000e+02
4.520000000000000000e+02
4.550000000000000000e+02
4.190000000000000000e+02
4.480000000000000000e+02
4.250000000000000000e+02
4.690000000000000000e+02
5.020000000000000000e+02
4.930000000000000000e+02
5.840000000000000000e+02
5.980000000000000000e+02
6.160000000000000000e+02
6.140000000000000000e+02
6.340000000000000000e+02
7.220000000000000000e+02
6.160000000000000000e+02
5.630000000000000000e+02
5.520000000000000000e+02
5.030000000000000000e+02
4.840000000000000000e+02
4.800000000000000000e+02
4.330000000000000000e+02
4.800000000000000000e+02
4.090000000000000000e+02
4.540000000000000000e+02
3.790000000000000000e+02
3.640000000000000000e+02
3.700000000000000000e+02
3.200000000000000000e+02
3.320000000000000000e+02
3.240000000000000000e+02
3.680000000000000000e+02
3.480000000000000000e+02
3.490000000000000000e+02
3.060000000000000000e+02
3.530000000000000000e+02
3.520000000000000000e+02
3.680000000000000000e+02
3.440000000000000000e+02
4.330000000000000000e+02
5.250000000000000000e+02
6.330000000000000000e+02
7.810000000000000000e+02
9.710000000000000000e+02
1.335000000000000000e+03
1.640000000000000000e+03
1.796000000000000000e+03
1.854000000000000000e+03
2.437000000000000000e+03
2.792000000000000000e+03
2.807000000000000000e+03
1.943000000000000000e+03
1.135000000000000000e+03
6.370000000000000000e+02
3.200000000000000000e+02
1.670000000000000000e+02
1.410000000000000000e+02
8.700000000000000000e+01
6.800000000000000000e+01
5.900000000000000000e+01
5.000000000000000000e+01
4.900000000000000000e+01
4.000000000000000000e+01
4.400000000000000000e+01
2.700000000000000000e+01
2.800000000000000000e+01
2.800000000000000000e+01
3.300000000000000000e+01
2.500000000000000000e+01
2.600000000000000000e+01
3.600000000000000000e+01
1.700000000000000000e+01
3.000000000000000000e+01
1.030000000000000000e+02
4.331000000000000000e+03
2.809000000000000000e+03
1.571000000000000000e+03
1.167000000000000000e+03
1.002000000000000000e+03
9.100000000000000000e+02
7.600000000000000000e+02
8.140000000000000000e+02
8.320000000000000000e+02
8.500000000000000000e+02
8.830000000000000000e+02
1.015000000000000000e+03
1.097000000000000000e+03
1.351000000000000000e+03
1.300000000000000000e+03
1.236000000000000000e+03
1.277000000000000000e+03
1.294000000000000000e+03
1.320000000000000000e+03
1.249000000000000000e+03
1.333000000000000000e+03
1.349000000000000000e+03
1.410000000000000000e+03
1.464000000000000000e+03
1.571000000000000000e+03
1.550000000000000000e+03
1.562000000000000000e+03
1.480000000000000000e+03
1.356000000000000000e+03
1.311000000000000000e+03
1.285000000000000000e+03
1.191000000000000000e+03
1.322000000000000000e+03
1.376000000000000000e+03
1.225000000000000000e+03
1.273000000000000000e+03
1.286000000000000000e+03
1.392000000000000000e+03
1.210000000000000000e+03
1.271000000000000000e+03
1.238000000000000000e+03
1.223000000000000000e+03
1.171000000000000000e+03
1.168000000000000000e+03
1.154000000000000000e+03
1.114000000000000000e+03
1.157000000000000000e+03
1.145000000000000000e+03
1.206000000000000000e+03
1.143000000000000000e+03
1.220000000000000000e+03
1.284000000000000000e+03
1.286000000000000000e+03
1.398000000000000000e+03
1.439000000000000000e+03
1.531000000000000000e+03
1.499000000000000000e+03
1.604000000000000000e+03
1.579000000000000000e+03
1.707000000000000000e+03
1.666000000000000000e+03
1.647000000000000000e+03
1.712000000000000000e+03
1.726000000000000000e+03
1.725000000000000000e+03
1.618000000000000000e+03
1.675000000000000000e+03
1.664000000000000000e+03
1.669000000000000000e+03
1.703000000000000000e+03
1.671000000000000000e+03
1.599000000000000000e+03
1.524000000000000000e+03
1.637000000000000000e+03
1.643000000000000000e+03
1.610000000000000000e+03
1.606000000000000000e+03
1.591000000000000000e+03
1.549000000000000000e+03
1.554000000000000000e+03
1.587000000000000000e+03
1.608000000000000000e+03
1.642000000000000000e+03
1.608000000000000000e+03
1.722000000000000000e+03
1.650000000000000000e+03
1.694000000000000000e+03
1.706000000000000000e+03
1.732000000000000000e+03
1.661000000000000000e+03
1.711000000000000000e+03
1.622000000000000000e+03
1.586000000000000000e+03
1.748000000000000000e+03
1.564000000000000000e+03
1.571000000000000000e+03
1.641000000000000000e+03
1.526000000000000000e+03
1.444000000000000000e+03
1.381000000000000000e+03
1.300000000000000000e+03
1.284000000000000000e+03
1.264000000000000000e+03
1.355000000000000000e+03
1.324000000000000000e+03
1.210000000000000000e+03
1.216000000000000000e+03
1.309000000000000000e+03
1.212000000000000000e+03
1.172000000000000000e+03
1.145000000000000000e+03
1.195000000000000000e+03
1.173000000000000000e+03
1.003000000000000000e+03
1.086000000000000000e+03
9.730000000000000000e+02
9.800000000000000000e+02
9.890000000000000000e+02
9.280000000000000000e+02
8.810000000000000000e+02
8.600000000000000000e+02
7.640000000000000000e+02
8.180000000000000000e+02
8.150000000000000000e+02
7.580000000000000000e+02
7.210000000000000000e+02
6.930000000000000000e+02
6.400000000000000000e+02
5.820000000000000000e+02
5.330000000000000000e+02
5.430000000000000000e+02
5.280000000000000000e+02
4.990000000000000000e+02
4.420000000000000000e+02
4.180000000000000000e+02
4.360000000000000000e+02
4.230000000000000000e+02
4.530000000000000000e+02
3.980000000000000000e+02
3.860000000000000000e+02
3.500000000000000000e+02
3.920000000000000000e+02
3.880000000000000000e+02
3.790000000000000000e+02
3.900000000000000000e+02
3.760000000000000000e+02
3.700000000000000000e+02
3.910000000000000000e+02
3.360000000000000000e+02
3.230000000000000000e+02
3.470000000000000000e+02
3.490000000000000000e+02
4.000000000000000000e+02
4.600000000000000000e+02
4.660000000000000000e+02
5.170000000000000000e+02
4.980000000000000000e+02
5.170000000000000000e+02
5.460000000000000000e+02
5.310000000000000000e+02
5.720000000000000000e+02
5.760000000000000000e+02
6.040000000000000000e+02
5.920000000000000000e+02
5.800000000000000000e+02
5.300000000000000000e+02
5.370000000000000000e+02
5.000000000000000000e+02
4.900000000000000000e+02
4.530000000000000000e+02
4.390000000000000000e+02
4.440000000000000000e+02
4.630000000000000000e+02
4.790000000000000000e+02
4.960000000000000000e+02
5.090000000000000000e+02
6.290000000000000000e+02
6.230000000000000000e+02
6.720000000000000000e+02
6.970000000000000000e+02
7.110000000000000000e+02
7.820000000000000000e+02
9.410000000000000000e+02
1.071000000000000000e+03
1.318000000000000000e+03
1.658000000000000000e+03
1.725000000000000000e+03
1.405000000000000000e+03
1.405000000000000000e+03
1.542000000000000000e+03
1.424000000000000000e+03
1.620000000000000000e+03
1.847000000000000000e+03
2.416000000000000000e+03
2.545000000000000000e+03
2.312000000000000000e+03
1.795000000000000000e+03
1.116000000000000000e+03
9.880000000000000000e+02
7.650000000000000000e+02
6.390000000000000000e+02
5.280000000000000000e+02
5.830000000000000000e+02
5.090000000000000000e+02
4.610000000000000000e+02
4.610000000000000000e+02
4.360000000000000000e+02
4.150000000000000000e+02
4.550000000000000000e+02
4.210000000000000000e+02
4.000000000000000000e+02
3.550000000000000000e+02
3.880000000000000000e+02
2.950000000000000000e+02
2.920000000000000000e+02
2.930000000000000000e+02
3.070000000000000000e+02
3.140000000000000000e+02
3.120000000000000000e+02
2.830000000000000000e+02
2.660000000000000000e+02
2.850000000000000000e+02
2.760000000000000000e+02
2.700000000000000000e+02
2.580000000000000000e+02
2.030000000000000000e+02
1.450000000000000000e+02
1.190000000000000000e+02
1.100000000000000000e+02
1.270000000000000000e+02
7.300000000000000000e+01
5.600000000000000000e+01
8.000000000000000000e+01
5.200000000000000000e+01
4.500000000000000000e+01
4.800000000000000000e+01
3.800000000000000000e+01
4.000000000000000000e+01
3.400000000000000000e+01
2.900000000000000000e+01
1.000000000000000000e+01
1.800000000000000000e+01
1.000000000000000000e+01
8.000000000000000000e+00
1.500000000000000000e+01
1.200000000000000000e+01
1.800000000000000000e+01
1.600000000000000000e+01
2.200000000000000000e+01
1.600000000000000000e+01
1.900000000000000000e+01
3.400000000000000000e+01
1.700000000000000000e+01
1.400000000000000000e+01
1.600000000000000000e+01
4.000000000000000000e+00
5.786000000000000000e+03
3.302000000000000000e+03
1.827000000000000000e+03
1.349000000000000000e+03
1.192000000000000000e+03
1.032000000000000000e+03
9.630000000000000000e+02
9.350000000000000000e+02
9.410000000000000000e+02
9.250000000000000000e+02
9.060000000000000000e+02
9.350000000000000000e+02
1.031000000000000000e+03
1.194000000000000000e+03
1.174000000000000000e+03
1.060000000000000000e+03
1.011000000000000000e+03
9.990000000000000000e+02
9.520000000000000000e+02
9.720000000000000000e+02
1.075000000000000000e+03
1.230000000000000000e+03
1.367000000000000000e+03
1.376000000000000000e+03
1.344000000000000000e+03
1.251000000000000000e+03
1.066000000000000000e+03
9.440000000000000000e+02
8.850000000000000000e+02
7.740000000000000000e+02
8.120000000000000000e+02
7.360000000000000000e+02
7.810000000000000000e+02
8.010000000000000000e+02
8.020000000000000000e+02
7.910000000000000000e+02
8.690000000000000000e+02
8.500000000000000000e+02
8.290000000000000000e+02
8.740000000000000000e+02
8.640000000000000000e+02
9.360000000000000000e+02
9.480000000000000000e+02
1.029000000000000000e+03
1.065000000000000000e+03
1.119000000000000000e+03
1.170000000000000000e+03
1.195000000000000000e+03
1.286000000000000000e+03
1.293000000000000000e+03
1.410000000000000000e+03
1.454000000000000000e+03
1.454000000000000000e+03
1.457000000000000000e+03
1.588000000000000000e+03
1.553000000000000000e+03
1.518000000000000000e+03
1.631000000000000000e+03
1.566000000000000000e+03
1.523000000000000000e+03
1.575000000000000000e+03
1.593000000000000000e+03
1.611000000000000000e+03
1.622000000000000000e+03
1.499000000000000000e+03
1.509000000000000000e+03
1.503000000000000000e+03
1.541000000000000000e+03
1.532000000000000000e+03
1.500000000000000000e+03
1.485000000000000000e+03
1.419000000000000000e+03
1.441000000000000000e+03
1.444000000000000000e+03
1.458000000000000000e+03
1.472000000000000000e+03
1.552000000000000000e+03
1.453000000000000000e+03
1.493000000000000000e+03
1.432000000000000000e+03
1.512000000000000000e+03
1.416000000000000000e+03
1.464000000000000000e+03
1.431000000000000000e+03
1.385000000000000000e+03
1.441000000000000000e+03
1.369000000000000000e+03
1.374000000000000000e+03
1.326000000000000000e+03
1.307000000000000000e+03
1.260000000000000000e+03
1.209000000000000000e+03
1.300000000000000000e+03
1.226000000000000000e+03
1.191000000000000000e+03
1.179000000000000000e+03
1.182000000000000000e+03
1.115000000000000000e+03
1.112000000000000000e+03
1.147000000000000000e+03
1.108000000000000000e+03
1.083000000000000000e+03
1.038000000000000000e+03
1.030000000000000000e+03
1.046000000000000000e+03
9.850000000000000000e+02
1.001000000000000000e+03
9.560000000000000000e+02
9.310000000000000000e+02
9.220000000000000000e+02
8.390000000000000000e+02
9.420000000000000000e+02
8.790000000000000000e+02
9.360000000000000000e+02
8.620000000000000000e+02
8.730000000000000000e+02
8.690000000000000000e+02
8.670000000000000000e+02
9.160000000000000000e+02
8.580000000000000000e+02
7.520000000000000000e+02
7.960000000000000000e+02
7.660000000000000000e+02
7.440000000000000000e+02
7.640000000000000000e+02
7.430000000000000000e+02
7.480000000000000000e+02
7.200000000000000000e+02
7.210000000000000000e+02
7.500000000000000000e+02
7.940000000000000000e+02
8.240000000000000000e+02
9.100000000000000000e+02
9.110000000000000000e+02
9.380000000000000000e+02
9.490000000000000000e+02
9.920000000000000000e+02
1.035000000000000000e+03
1.136000000000000000e+03
1.129000000000000000e+03
1.192000000000000000e+03
1.131000000000000000e+03
1.134000000000000000e+03
1.085000000000000000e+03
1.051000000000000000e+03
1.095000000000000000e+03
1.041000000000000000e+03
1.080000000000000000e+03
1.120000000000000000e+03
1.189000000000000000e+03
1.256000000000000000e+03
1.341000000000000000e+03
1.416000000000000000e+03
1.450000000000000000e+03
1.219000000000000000e+03
1.071000000000000000e+03
8.260000000000000000e+02
6.420000000000000000e+02
6.760000000000000000e+02
6.340000000000000000e+02
6.030000000000000000e+02
6.490000000000000000e+02
7.070000000000000000e+02
9.220000000000000000e+02
9.440000000000000000e+02
1.007000000000000000e+03
1.091000000000000000e+03
1.013000000000000000e+03
9.070000000000000000e+02
9.430000000000000000e+02
1.159000000000000000e+03
1.312000000000000000e+03
1.265000000000000000e+03
1.411000000000000000e+03
1.491000000000000000e+03
1.745000000000000000e+03
1.687000000000000000e+03
1.567000000000000000e+03
1.431000000000000000e+03
1.288000000000000000e+03
1.233000000000000000e+03
1.084000000000000000e+03
1.026000000000000000e+03
8.640000000000000000e+02
6.600000000000000000e+02
5.110000000000000000e+02
5.210000000000000000e+02
4.550000000000000000e+02
4.110000000000000000e+02
4.170000000000000000e+02
3.830000000000000000e+02
4.220000000000000000e+02
4.390000000000000000e+02
4.430000000000000000e+02
4.870000000000000000e+02
5.610000000000000000e+02
5.480000000000000000e+02
4.810000000000000000e+02
5.730000000000000000e+02
5.380000000000000000e+02
5.550000000000000000e+02
5.340000000000000000e+02
4.720000000000000000e+02
4.470000000000000000e+02
4.530000000000000000e+02
4.270000000000000000e+02
4.620000000000000000e+02
4.820000000000000000e+02
4.870000000000000000e+02
5.340000000000000000e+02
4.650000000000000000e+02
5.210000000000000000e+02
5.690000000000000000e+02
5.780000000000000000e+02
5.060000000000000000e+02
5.120000000000000000e+02
5.480000000000000000e+02
5.020000000000000000e+02
4.840000000000000000e+02
4.520000000000000000e+02
4.450000000000000000e+02
4.350000000000000000e+02
4.270000000000000000e+02
3.930000000000000000e+02
3.850000000000000000e+02
3.070000000000000000e+02
3.100000000000000000e+02
3.140000000000000000e+02
3.150000000000000000e+02
3.350000000000000000e+02
3.230000000000000000e+02
3.670000000000000000e+02
3.520000000000000000e+02
3.560000000000000000e+02
3.740000000000000000e+02
2.890000000000000000e+02
2.300000000000000000e+02
1.670000000000000000e+02
1.210000000000000000e+02
9.900000000000000000e+01
7.500000000000000000e+01
6.900000000000000000e+01
8.300000000000000000e+01
6.700000000000000000e+01
6.700000000000000000e+01
4.800000000000000000e+01
4.800000000000000000e+01
3.300000000000000000e+01
2.600000000000000000e+01
2.500000000000000000e+01
1.600000000000000000e+01
1.600000000000000000e+01
8.000000000000000000e+00
1.300000000000000000e+01
1.500000000000000000e+01
6.400000000000000000e+01
1.304400000000000000e+04
2.109000000000000000e+03
2.222000000000000000e+03
3.336000000000000000e+03
1.235000000000000000e+03
8.281000000000000000e+03
4.678000000000000000e+03
1.072000000000000000e+03
7.216000000000000000e+03
8.536000000000000000e+03
1.031700000000000000e+04
5.888000000000000000e+03
1.036000000000000000e+03
2.008000000000000000e+03
1.268000000000000000e+03
1.720000000000000000e+03
1.082000000000000000e+03
9.490000000000000000e+02
3.850000000000000000e+02
7.690000000000000000e+02
1.171000000000000000e+03
4.300000000000000000e+02
3.230000000000000000e+02
1.180000000000000000e+02
4.210000000000000000e+02
1.620000000000000000e+02
3.200000000000000000e+01
1.000000000000000000e+00
1.000000000000000000e+00
0.000000000000000000e+00
2.830000000000000000e+02
0.000000000000000000e+00
0.000000000000000000e+00
0.000000000000000000e+00
2.700000000000000000e+01
2.630000000000000000e+02
5.540000000000000000e+02
0.000000000000000000e+00
0.000000000000000000e+00
0.000000000000000000e+00
0.000000000000000000e+00
0.000000000000000000e+00
1.780000000000000000e+02
5.300000000000000000e+01
0.000000000000000000e+00
1.000000000000000000e+00
0.000000000000000000e+00
0.000000000000000000e+00
0.000000000000000000e+00
0.000000000000000000e+00
2.800000000000000000e+01
2.000000000000000000e+00
0.000000000000000000e+00
1.000000000000000000e+00
0.000000000000000000e+00
3.000000000000000000e+00
1.000000000000000000e+00
0.000000000000000000e+00
0.000000000000000000e+00
0.000000000000000000e+00
5.600000000000000000e+01
0.000000000000000000e+00
0.000000000000000000e+00
0.000000000000000000e+00
0.000000000000000000e+00
0.000000000000000000e+00
3.000000000000000000e+00
0.000000000000000000e+00
0.000000000000000000e+00
0.000000000000000000e+00
1.000000000000000000e+00
0.000000000000000000e+00
0.000000000000000000e+00
0.000000000000000000e+00
0.000000000000000000e+00
1.160000000000000000e+02
0.000000000000000000e+00
0.000000000000000000e+00
0.000000000000000000e+00
2.000000000000000000e+00
9.000000000000000000e+00
0.000000000000000000e+00
0.000000000000000000e+00
1.300000000000000000e+01
0.000000000000000000e+00
1.000000000000000000e+00
0.000000000000000000e+00
1.000000000000000000e+01
0.000000000000000000e+00
0.000000000000000000e+00
2.300000000000000000e+01
0.000000000000000000e+00
0.000000000000000000e+00
5.000000000000000000e+00
0.000000000000000000e+00
1.000000000000000000e+00
4.200000000000000000e+01
0.000000000000000000e+00
2.400000000000000000e+01
4.000000000000000000e+00
6.000000000000000000e+00
6.500000000000000000e+01
2.800000000000000000e+01
2.370000000000000000e+02
1.530000000000000000e+02
4.800000000000000000e+02
8.690000000000000000e+02
1.515000000000000000e+03
1.192000000000000000e+03
7.330000000000000000e+03
1.003000000000000000e+04
1.735900000000000000e+04
1.219300000000000000e+04
3.709000000000000000e+03
2.637000000000000000e+03
4.013000000000000000e+03
6.181000000000000000e+03
1.400000000000000000e+02
5.580000000000000000e+02
3.380000000000000000e+02
5.132000000000000000e+03
1.300000000000000000e+01
1.322000000000000000e+03
2.600000000000000000e+02
1.775000000000000000e+03
3.668000000000000000e+03
5.410000000000000000e+02
1.230000000000000000e+02
7.730000000000000000e+02
2.030000000000000000e+02
1.038000000000000000e+03
1.000000000000000000e+01
1.364000000000000000e+03
1.840000000000000000e+03
1.000000000000000000e+01
2.460000000000000000e+02
8.200000000000000000e+01
0.000000000000000000e+00
6.040000000000000000e+02
1.300000000000000000e+01
8.600000000000000000e+02
1.090000000000000000e+03
2.100000000000000000e+02
1.600000000000000000e+01
7.800000000000000000e+01
2.168000000000000000e+03
7.290000000000000000e+02
1.410000000000000000e+02
7.530000000000000000e+02
0.000000000000000000e+00
1.588000000000000000e+03
0.000000000000000000e+00
3.211000000000000000e+03
2.510000000000000000e+02
1.000000000000000000e+00
1.046000000000000000e+03
2.277000000000000000e+03
8.760000000000000000e+03
3.792000000000000000e+03
7.937000000000000000e+03
1.773000000000000000e+03
4.350000000000000000e+03
9.380000000000000000e+02
7.370000000000000000e+02
2.502000000000000000e+03
1.310000000000000000e+03
2.630000000000000000e+03
1.140000000000000000e+02
1.800000000000000000e+01
1.789000000000000000e+03
4.930000000000000000e+03
1.060000000000000000e+02
6.500000000000000000e+01
1.843000000000000000e+03
4.249000000000000000e+03
5.340000000000000000e+02
1.490000000000000000e+02
4.169000000000000000e+03
2.305000000000000000e+03
1.017000000000000000e+03
2.673000000000000000e+03
8.000000000000000000e+00
2.800000000000000000e+01
4.300000000000000000e+01
1.410000000000000000e+02
1.850000000000000000e+02
3.550000000000000000e+02
4.040000000000000000e+02
5.160000000000000000e+02
9.790000000000000000e+02
1.182000000000000000e+03
1.260000000000000000e+03
1.109000000000000000e+03
1.603000000000000000e+03
1.270000000000000000e+03
1.674000000000000000e+03
1.658000000000000000e+03
1.739000000000000000e+03
1.908000000000000000e+03
1.850000000000000000e+03
2.335000000000000000e+03
2.504000000000000000e+03
2.497000000000000000e+03
4.101000000000000000e+03
4.535000000000000000e+03
3.807000000000000000e+03
3.791000000000000000e+03
4.198000000000000000e+03
4.709000000000000000e+03
5.129000000000000000e+03
5.145000000000000000e+03
4.120000000000000000e+03
3.538000000000000000e+03
3.858000000000000000e+03
3.224000000000000000e+03
3.598000000000000000e+03
4.044000000000000000e+03
2.958000000000000000e+03
3.436000000000000000e+03
3.218000000000000000e+03
3.144000000000000000e+03
3.033000000000000000e+03
2.757000000000000000e+03
2.889000000000000000e+03
2.470000000000000000e+03
2.476000000000000000e+03
2.385000000000000000e+03
2.284000000000000000e+03
2.201000000000000000e+03
2.303000000000000000e+03
2.001000000000000000e+03
2.044000000000000000e+03
1.784000000000000000e+03
2.002000000000000000e+03
2.132000000000000000e+03
2.229000000000000000e+03
2.153000000000000000e+03
1.966000000000000000e+03
1.888000000000000000e+03
1.936000000000000000e+03
1.786000000000000000e+03
2.096000000000000000e+03
2.673000000000000000e+03
2.244000000000000000e+03
1.913000000000000000e+03
1.999000000000000000e+03
1.347000000000000000e+03
1.591000000000000000e+03
1.469000000000000000e+03
1.421000000000000000e+03
1.645000000000000000e+03
1.581000000000000000e+03
1.169000000000000000e+03
1.251000000000000000e+03
8.880000000000000000e+02
1.266000000000000000e+03
9.480000000000000000e+02
1.361000000000000000e+03
1.049000000000000000e+03
6.160000000000000000e+02
7.430000000000000000e+02
1.246000000000000000e+03
8.300000000000000000e+02
8.370000000000000000e+02
6.390000000000000000e+02
1.366000000000000000e+03
6.160000000000000000e+02
7.150000000000000000e+02
7.910000000000000000e+02
7.200000000000000000e+02
7.740000000000000000e+02
6.730000000000000000e+02
6.660000000000000000e+02
7.480000000000000000e+02
7.770000000000000000e+02
5.660000000000000000e+02
9.340000000000000000e+02
6.520000000000000000e+02
8.300000000000000000e+02
5.830000000000000000e+02
9.780000000000000000e+02
6.290000000000000000e+02
1.125000000000000000e+03
6.000000000000000000e+02
7.670000000000000000e+02
6.020000000000000000e+02
8.430000000000000000e+02
8.940000000000000000e+02
4.780000000000000000e+02
1.147000000000000000e+03
4.260000000000000000e+02
6.510000000000000000e+02
7.810000000000000000e+02
8.710000000000000000e+02
5.610000000000000000e+02
7.980000000000000000e+02
7.160000000000000000e+02
7.030000000000000000e+02
8.670000000000000000e+02
6.500000000000000000e+02
6.990000000000000000e+02
8.920000000000000000e+02
7.150000000000000000e+02
6.390000000000000000e+02
6.570000000000000000e+02
6.530000000000000000e+02
3.200000000000000000e+02
1.038000000000000000e+03
1.282000000000000000e+03
4.640000000000000000e+02
7.980000000000000000e+02
7.500000000000000000e+02
7.000000000000000000e+02
7.380000000000000000e+02
7.150000000000000000e+02
7.050000000000000000e+02
5.710000000000000000e+02
6.140000000000000000e+02
5.560000000000000000e+02
6.040000000000000000e+02
5.970000000000000000e+02
4.960000000000000000e+02
6.370000000000000000e+02
5.410000000000000000e+02
4.500000000000000000e+02
4.010000000000000000e+02
4.700000000000000000e+02
3.400000000000000000e+02
3.260000000000000000e+02
2.970000000000000000e+02
2.180000000000000000e+02
2.290000000000000000e+02
1.320000000000000000e+02
4.390000000000000000e+02
1.290000000000000000e+02
2.240000000000000000e+02
1.860000000000000000e+02
1.480000000000000000e+02
1.800000000000000000e+02
3.100000000000000000e+02
7.700000000000000000e+01
2.470000000000000000e+02
1.820000000000000000e+02
1.070000000000000000e+02
1.430000000000000000e+02
2.040000000000000000e+02
1.910000000000000000e+02
1.890000000000000000e+02
8.900000000000000000e+01
2.100000000000000000e+01
9.260000000000000000e+02
1.600000000000000000e+01
6.900000000000000000e+01
1.670000000000000000e+02
2.060000000000000000e+02
1.550000000000000000e+02
8.500000000000000000e+01
1.990000000000000000e+02
3.300000000000000000e+01
1.790000000000000000e+02
1.200000000000000000e+02
1.530000000000000000e+02
2.570000000000000000e+02
2.600000000000000000e+01
1.170000000000000000e+02
1.410000000000000000e+02
6.100000000000000000e+01
1.460000000000000000e+02
1.990000000000000000e+02
6.600000000000000000e+01
4.900000000000000000e+01
5.430000000000000000e+02
9.000000000000000000e+00
5.200000000000000000e+01
1.130000000000000000e+02
1.030000000000000000e+02
1.470000000000000000e+02
1.210000000000000000e+02
1.390000000000000000e+02
2.100000000000000000e+01
1.610000000000000000e+02
1.020000000000000000e+02
7.000000000000000000e+01
2.800000000000000000e+01
3.860000000000000000e+02
2.000000000000000000e+01
1.220000000000000000e+02
8.700000000000000000e+01
4.400000000000000000e+01
1.490000000000000000e+02
1.030000000000000000e+02
1.040000000000000000e+02
2.100000000000000000e+01
3.730000000000000000e+02
6.200000000000000000e+01
6.500000000000000000e+01
1.810000000000000000e+02
6.200000000000000000e+01
3.100000000000000000e+01
3.700000000000000000e+02
6.400000000000000000e+01
1.090000000000000000e+02
5.600000000000000000e+01
1.390000000000000000e+02
5.100000000000000000e+01
7.500000000000000000e+01
2.900000000000000000e+01
1.660000000000000000e+02
6.300000000000000000e+01
3.400000000000000000e+01
1.420000000000000000e+02
6.500000000000000000e+01
1.570000000000000000e+02
3.200000000000000000e+01
2.100000000000000000e+02
1.350000000000000000e+02
2.700000000000000000e+01
1.020000000000000000e+02
8.300000000000000000e+01
7.300000000000000000e+01
5.600000000000000000e+01
5.100000000000000000e+01
7.400000000000000000e+01
4.300000000000000000e+01
4.200000000000000000e+01
3.400000000000000000e+01
2.700000000000000000e+01
2.800000000000000000e+01
1.200000000000000000e+01
7.000000000000000000e+00
8.000000000000000000e+00
2.000000000000000000e+00
4.000000000000000000e+00
0.000000000000000000e+00
0.000000000000000000e+00
5.818000000000000000e+03
1.380000000000000000e+03
1.431000000000000000e+03
1.147000000000000000e+03
6.960000000000000000e+02
8.110000000000000000e+02
6.280000000000000000e+02
5.710000000000000000e+02
5.130000000000000000e+02
5.080000000000000000e+02
5.100000000000000000e+02
5.780000000000000000e+02
6.160000000000000000e+02
6.410000000000000000e+02
6.330000000000000000e+02
6.630000000000000000e+02
6.920000000000000000e+02
7.540000000000000000e+02
8.680000000000000000e+02
1.020000000000000000e+03
1.206000000000000000e+03
1.261000000000000000e+03
1.181000000000000000e+03
1.159000000000000000e+03
1.170000000000000000e+03
1.176000000000000000e+03
1.102000000000000000e+03
1.178000000000000000e+03
1.045000000000000000e+03
9.990000000000000000e+02
1.014000000000000000e+03
1.012000000000000000e+03
9.300000000000000000e+02
9.590000000000000000e+02
9.330000000000000000e+02
9.990000000000000000e+02
9.860000000000000000e+02
1.135000000000000000e+03
1.171000000000000000e+03
1.166000000000000000e+03
1.281000000000000000e+03
1.346000000000000000e+03
1.364000000000000000e+03
1.337000000000000000e+03
1.385000000000000000e+03
1.339000000000000000e+03
1.203000000000000000e+03
1.257000000000000000e+03
1.206000000000000000e+03
1.200000000000000000e+03
1.197000000000000000e+03
1.239000000000000000e+03
1.215000000000000000e+03
1.262000000000000000e+03
1.198000000000000000e+03
1.244000000000000000e+03
1.241000000000000000e+03
1.223000000000000000e+03
1.207000000000000000e+03
1.269000000000000000e+03
1.148000000000000000e+03
1.215000000000000000e+03
1.148000000000000000e+03
1.209000000000000000e+03
1.239000000000000000e+03
1.183000000000000000e+03
1.226000000000000000e+03
1.291000000000000000e+03
1.297000000000000000e+03
1.313000000000000000e+03
1.344000000000000000e+03
1.382000000000000000e+03
1.325000000000000000e+03
1.401000000000000000e+03
1.401000000000000000e+03
1.497000000000000000e+03
1.536000000000000000e+03
1.551000000000000000e+03
1.574000000000000000e+03
1.554000000000000000e+03
1.628000000000000000e+03
1.631000000000000000e+03
1.622000000000000000e+03
1.548000000000000000e+03
1.483000000000000000e+03
1.528000000000000000e+03
1.504000000000000000e+03
1.564000000000000000e+03
1.468000000000000000e+03
1.499000000000000000e+03
1.485000000000000000e+03
1.465000000000000000e+03
1.415000000000000000e+03
1.467000000000000000e+03
1.445000000000000000e+03
1.404000000000000000e+03
1.459000000000000000e+03
1.456000000000000000e+03
1.419000000000000000e+03
1.392000000000000000e+03
1.364000000000000000e+03
1.442000000000000000e+03
1.392000000000000000e+03
1.365000000000000000e+03
1.328000000000000000e+03
1.391000000000000000e+03
1.397000000000000000e+03
1.389000000000000000e+03
1.260000000000000000e+03
1.299000000000000000e+03
1.328000000000000000e+03
1.194000000000000000e+03
1.243000000000000000e+03
1.155000000000000000e+03
1.132000000000000000e+03
1.110000000000000000e+03
1.084000000000000000e+03
1.071000000000000000e+03
1.030000000000000000e+03
1.075000000000000000e+03
1.014000000000000000e+03
9.300000000000000000e+02
9.450000000000000000e+02
9.140000000000000000e+02
8.880000000000000000e+02
9.330000000000000000e+02
7.900000000000000000e+02
8.240000000000000000e+02
7.930000000000000000e+02
8.290000000000000000e+02
8.140000000000000000e+02
8.540000000000000000e+02
8.440000000000000000e+02
9.100000000000000000e+02
8.940000000000000000e+02
9.430000000000000000e+02
9.170000000000000000e+02
9.990000000000000000e+02
9.980000000000000000e+02
1.097000000000000000e+03
1.054000000000000000e+03
1.165000000000000000e+03
1.126000000000000000e+03
1.179000000000000000e+03
1.178000000000000000e+03
1.134000000000000000e+03
1.142000000000000000e+03
1.130000000000000000e+03
1.100000000000000000e+03
1.152000000000000000e+03
1.157000000000000000e+03
1.208000000000000000e+03
1.202000000000000000e+03
1.258000000000000000e+03
1.275000000000000000e+03
1.054000000000000000e+03
8.180000000000000000e+02
6.290000000000000000e+02
4.230000000000000000e+02
3.710000000000000000e+02
3.230000000000000000e+02
3.130000000000000000e+02
2.730000000000000000e+02
2.910000000000000000e+02
2.950000000000000000e+02
2.690000000000000000e+02
3.140000000000000000e+02
3.240000000000000000e+02
4.040000000000000000e+02
4.660000000000000000e+02
5.180000000000000000e+02
5.510000000000000000e+02
5.930000000000000000e+02
5.270000000000000000e+02
5.170000000000000000e+02
4.350000000000000000e+02
4.050000000000000000e+02
4.450000000000000000e+02
4.010000000000000000e+02
4.340000000000000000e+02
3.680000000000000000e+02
3.840000000000000000e+02
3.850000000000000000e+02
4.260000000000000000e+02
4.160000000000000000e+02
4.100000000000000000e+02
3.530000000000000000e+02
4.090000000000000000e+02
3.780000000000000000e+02
3.550000000000000000e+02
4.040000000000000000e+02
3.790000000000000000e+02
4.320000000000000000e+02
4.570000000000000000e+02
4.830000000000000000e+02
5.300000000000000000e+02
6.160000000000000000e+02
5.800000000000000000e+02
5.380000000000000000e+02
6.330000000000000000e+02
5.950000000000000000e+02
6.050000000000000000e+02
6.000000000000000000e+02
5.500000000000000000e+02
5.100000000000000000e+02
5.150000000000000000e+02
5.330000000000000000e+02
5.950000000000000000e+02
5.950000000000000000e+02
5.990000000000000000e+02
6.710000000000000000e+02
5.560000000000000000e+02
6.500000000000000000e+02
6.630000000000000000e+02
6.720000000000000000e+02
6.330000000000000000e+02
6.230000000000000000e+02
6.210000000000000000e+02
6.180000000000000000e+02
5.960000000000000000e+02
5.770000000000000000e+02
5.820000000000000000e+02
6.430000000000000000e+02
7.180000000000000000e+02
8.050000000000000000e+02
9.860000000000000000e+02
1.127000000000000000e+03
1.491000000000000000e+03
1.832000000000000000e+03
2.016000000000000000e+03
2.089000000000000000e+03
2.677000000000000000e+03
3.112000000000000000e+03
3.107000000000000000e+03
2.255000000000000000e+03
1.472000000000000000e+03
8.850000000000000000e+02
5.220000000000000000e+02
3.100000000000000000e+02
2.260000000000000000e+02
1.570000000000000000e+02
1.170000000000000000e+02
1.080000000000000000e+02
1.150000000000000000e+02
1.000000000000000000e+02
8.600000000000000000e+01
7.400000000000000000e+01
6.400000000000000000e+01
5.000000000000000000e+01
3.800000000000000000e+01
3.400000000000000000e+01
2.600000000000000000e+01
2.100000000000000000e+01
2.800000000000000000e+01
1.900000000000000000e+01
3.500000000000000000e+01
1.570000000000000000e+02
