4.515000000000000000e+03
2.054000000000000000e+03
1.674000000000000000e+03
1.232000000000000000e+03
8.310000000000000000e+02
7.380000000000000000e+02
5.580000000000000000e+02
4.880000000000000000e+02
4.230000000000000000e+02
3.740000000000000000e+02
3.570000000000000000e+02
3.420000000000000000e+02
3.600000000000000000e+02
3.290000000000000000e+02
2.750000000000000000e+02
3.590000000000000000e+02
2.950000000000000000e+02
2.840000000000000000e+02
2.670000000000000000e+02
3.240000000000000000e+02
2.810000000000000000e+02
3.030000000000000000e+02
3.110000000000000000e+02
3.320000000000000000e+02
2.970000000000000000e+02
3.330000000000000000e+02
3.210000000000000000e+02
3.610000000000000000e+02
3.930000000000000000e+02
3.650000000000000000e+02
3.530000000000000000e+02
3.590000000000000000e+02
3.940000000000000000e+02
3.770000000000000000e+02
3.760000000000000000e+02
3.750000000000000000e+02
3.840000000000000000e+02
3.570000000000000000e+02
3.410000000000000000e+02
3.400000000000000000e+02
3.800000000000000000e+02
3.650000000000000000e+02
3.850000000000000000e+02
4.330000000000000000e+02
4.380000000000000000e+02
4.790000000000000000e+02
4.750000000000000000e+02
5.000000000000000000e+02
4.650000000000000000e+02
4.660000000000000000e+02
4.740000000000000000e+02
4.410000000000000000e+02
4.730000000000000000e+02
4.870000000000000000e+02
4.750000000000000000e+02
4.840000000000000000e+02
5.330000000000000000e+02
5.130000000000000000e+02
4.930000000000000000e+02
4.660000000000000000e+02
4.630000000000000000e+02
4.760000000000000000e+02
4.590000000000000000e+02
4.220000000000000000e+02
4.770000000000000000e+02
4.690000000000000000e+02
5.060000000000000000e+02
4.900000000000000000e+02
4.900000000000000000e+02
5.500000000000000000e+02
5.640000000000000000e+02
7.140000000000000000e+02
7.520000000000000000e+02
9.260000000000000000e+02
1.007000000000000000e+03
1.157000000000000000e+03
1.378000000000000000e+03
1.570000000000000000e+03
1.651000000000000000e+03
1.806000000000000000e+03
1.899000000000000000e+03
2.104000000000000000e+03
2.193000000000000000e+03
2.279000000000000000e+03
2.374000000000000000e+03
2.422000000000000000e+03
2.614000000000000000e+03
2.667000000000000000e+03
2.643000000000000000e+03
2.478000000000000000e+03
2.465000000000000000e+03
2.373000000000000000e+03
2.191000000000000000e+03
2.075000000000000000e+03
1.866000000000000000e+03
1.575000000000000000e+03
1.388000000000000000e+03
1.305000000000000000e+03
1.080000000000000000e+03
9.680000000000000000e+02
8.480000000000000000e+02
7.570000000000000000e+02
7.280000000000000000e+02
6.560000000000000000e+02
7.380000000000000000e+02
7.420000000000000000e+02
7.410000000000000000e+02
6.580000000000000000e+02
5.800000000000000000e+02
5.170000000000000000e+02
5.760000000000000000e+02
5.470000000000000000e+02
4.990000000000000000e+02
5.430000000000000000e+02
4.520000000000000000e+02
4.610000000000000000e+02
4.290000000000000000e+02
4.220000000000000000e+02
4.040000000000000000e+02
3.870000000000000000e+02
3.360000000000000000e+02
3.260000000000000000e+02
3.450000000000000000e+02
3.450000000000000000e+02
3.930000000000000000e+02
3.710000000000000000e+02
3.720000000000000000e+02
3.920000000000000000e+02
4.460000000000000000e+02
4.480000000000000000e+02
4.720000000000000000e+02
4.760000000000000000e+02
4.930000000000000000e+02
5.040000000000000000e+02
4.780000000000000000e+02
5.310000000000000000e+02
5.650000000000000000e+02
5.880000000000000000e+02
6.610000000000000000e+02
7.750000000000000000e+02
8.840000000000000000e+02
9.820000000000000000e+02
1.276000000000000000e+03
1.258000000000000000e+03
1.071000000000000000e+03
1.067000000000000000e+03
1.076000000000000000e+03
1.122000000000000000e+03
1.234000000000000000e+03
1.460000000000000000e+03
1.544000000000000000e+03
1.550000000000000000e+03
1.763000000000000000e+03
1.819000000000000000e+03
1.788000000000000000e+03
1.800000000000000000e+03
1.768000000000000000e+03
1.968000000000000000e+03
2.044000000000000000e+03
2.277000000000000000e+03
2.169000000000000000e+03
2.078000000000000000e+03
2.111000000000000000e+03
2.041000000000000000e+03
1.937000000000000000e+03
2.319000000000000000e+03
3.045000000000000000e+03
3.143000000000000000e+03
3.008000000000000000e+03
2.922000000000000000e+03
3.135000000000000000e+03
3.007000000000000000e+03
2.663000000000000000e+03
2.841000000000000000e+03
3.035000000000000000e+03
3.433000000000000000e+03
3.574000000000000000e+03
3.688000000000000000e+03
3.859000000000000000e+03
4.105000000000000000e+03
3.672000000000000000e+03
2.959000000000000000e+03
2.797000000000000000e+03
2.734000000000000000e+03
2.382000000000000000e+03
2.159000000000000000e+03
2.135000000000000000e+03
2.041000000000000000e+03
2.040000000000000000e+03
2.339000000000000000e+03
2.241000000000000000e+03
1.507000000000000000e+03
1.099000000000000000e+03
1.092000000000000000e+03
1.105000000000000000e+03
1.119000000000000000e+03
9.350000000000000000e+02
8.700000000000000000e+02
8.360000000000000000e+02
7.800000000000000000e+02
6.600000000000000000e+02
5.320000000000000000e+02
5.070000000000000000e+02
5.360000000000000000e+02
4.790000000000000000e+02
4.190000000000000000e+02
3.650000000000000000e+02
2.670000000000000000e+02
2.310000000000000000e+02
1.430000000000000000e+02
1.120000000000000000e+02
8.200000000000000000e+01
7.800000000000000000e+01
6.300000000000000000e+01
3.400000000000000000e+01
3.000000000000000000e+01
3.500000000000000000e+01
2.600000000000000000e+01
2.000000000000000000e+01
2.400000000000000000e+01
2.000000000000000000e+01
1.600000000000000000e+01
8.000000000000000000e+00
7.000000000000000000e+00
4.000000000000000000e+00
5.000000000000000000e+00
1.000000000000000000e+00
3.000000000000000000e+00
3.000000000000000000e+00
5.000000000000000000e+00
2.000000000000000000e+00
2.000000000000000000e+00
2.000000000000000000e+00
2.000000000000000000e+00
2.000000000000000000e+00
0.000000000000000000e+00
1.000000000000000000e+00
3.000000000000000000e+00
3.000000000000000000e+00
1.000000000000000000e+00
1.000000000000000000e+00
2.000000000000000000e+00
5.000000000000000000e+00
2.000000000000000000e+00
1.000000000000000000e+00
0.000000000000000000e+00
0.000000000000000000e+00
1.000000000000000000e+00
0.000000000000000000e+00
1.000000000000000000e+00
0.000000000000000000e+00
0.000000000000000000e+00
0.000000000000000000e+00
0.000000000000000000e+00
0.000000000000000000e+00
3.000000000000000000e+00
1.490000000000000000e+03
1.445000000000000000e+03
1.534000000000000000e+03
1.426000000000000000e+03
1.040000000000000000e+03
8.030000000000000000e+02
7.210000000000000000e+02
5.860000000000000000e+02
5.170000000000000000e+02
5.140000000000000000e+02
4.830000000000000000e+02
4.090000000000000000e+02
4.010000000000000000e+02
4.040000000000000000e+02
3.650000000000000000e+02
3.510000000000000000e+02
3.930000000000000000e+02
3.350000000000000000e+02
3.200000000000000000e+02
3.280000000000000000e+02
2.980000000000000000e+02
3.000000000000000000e+02
2.910000000000000000e+02
2.880000000000000000e+02
3.240000000000000000e+02
2.760000000000000000e+02
2.690000000000000000e+02
2.960000000000000000e+02
3.080000000000000000e+02
3.020000000000000000e+02
2.750000000000000000e+02
2.930000000000000000e+02
3.370000000000000000e+02
3.380000000000000000e+02
3.360000000000000000e+02
3.880000000000000000e+02
3.980000000000000000e+02
3.840000000000000000e+02
3.610000000000000000e+02
4.020000000000000000e+02
3.640000000000000000e+02
3.860000000000000000e+02
3.520000000000000000e+02
3.530000000000000000e+02
3.300000000000000000e+02
3.650000000000000000e+02
3.570000000000000000e+02
3.300000000000000000e+02
3.310000000000000000e+02
2.770000000000000000e+02
3.330000000000000000e+02
3.870000000000000000e+02
3.910000000000000000e+02
4.310000000000000000e+02
4.890000000000000000e+02
5.240000000000000000e+02
5.270000000000000000e+02
5.210000000000000000e+02
4.730000000000000000e+02
4.430000000000000000e+02
4.420000000000000000e+02
4.370000000000000000e+02
4.520000000000000000e+02
4.530000000000000000e+02
4.430000000000000000e+02
4.590000000000000000e+02
4.340000000000000000e+02
4.290000000000000000e+02
4.740000000000000000e+02
5.210000000000000000e+02
5.610000000000000000e+02
5.780000000000000000e+02
7.280000000000000000e+02
7.740000000000000000e+02
8.570000000000000000e+02
8.890000000000000000e+02
1.049000000000000000e+03
1.331000000000000000e+03
1.534000000000000000e+03
1.702000000000000000e+03
1.799000000000000000e+03
2.015000000000000000e+03
2.124000000000000000e+03
2.330000000000000000e+03
2.355000000000000000e+03
2.506000000000000000e+03
2.522000000000000000e+03
2.692000000000000000e+03
2.787000000000000000e+03
2.873000000000000000e+03
2.669000000000000000e+03
2.615000000000000000e+03
2.526000000000000000e+03
2.320000000000000000e+03
2.177000000000000000e+03
2.043000000000000000e+03
1.716000000000000000e+03
1.556000000000000000e+03
1.410000000000000000e+03
1.115000000000000000e+03
1.043000000000000000e+03
8.830000000000000000e+02
7.580000000000000000e+02
7.850000000000000000e+02
6.810000000000000000e+02
7.230000000000000000e+02
7.430000000000000000e+02
8.090000000000000000e+02
6.670000000000000000e+02
5.890000000000000000e+02
5.590000000000000000e+02
5.520000000000000000e+02
5.750000000000000000e+02
5.030000000000000000e+02
5.280000000000000000e+02
4.840000000000000000e+02
5.120000000000000000e+02
4.590000000000000000e+02
5.270000000000000000e+02
5.410000000000000000e+02
5.470000000000000000e+02
5.430000000000000000e+02
5.900000000000000000e+02
6.320000000000000000e+02
6.600000000000000000e+02
7.020000000000000000e+02
6.910000000000000000e+02
6.770000000000000000e+02
6.890000000000000000e+02
6.710000000000000000e+02
7.220000000000000000e+02
7.190000000000000000e+02
6.620000000000000000e+02
6.750000000000000000e+02
6.590000000000000000e+02
6.800000000000000000e+02
6.680000000000000000e+02
6.230000000000000000e+02
6.230000000000000000e+02
5.790000000000000000e+02
5.590000000000000000e+02
6.050000000000000000e+02
5.870000000000000000e+02
5.840000000000000000e+02
4.830000000000000000e+02
4.910000000000000000e+02
4.780000000000000000e+02
4.800000000000000000e+02
4.860000000000000000e+02
5.570000000000000000e+02
7.080000000000000000e+02
8.330000000000000000e+02
8.370000000000000000e+02
7.410000000000000000e+02
7.160000000000000000e+02
7.440000000000000000e+02
7.660000000000000000e+02
5.760000000000000000e+02
5.790000000000000000e+02
7.060000000000000000e+02
7.350000000000000000e+02
8.100000000000000000e+02
7.870000000000000000e+02
8.760000000000000000e+02
1.039000000000000000e+03
1.187000000000000000e+03
1.344000000000000000e+03
1.893000000000000000e+03
2.310000000000000000e+03
2.198000000000000000e+03
2.749000000000000000e+03
2.750000000000000000e+03
2.704000000000000000e+03
2.918000000000000000e+03
3.331000000000000000e+03
3.822000000000000000e+03
3.748000000000000000e+03
3.530000000000000000e+03
4.152000000000000000e+03
4.569000000000000000e+03
4.476000000000000000e+03
4.416000000000000000e+03
4.696000000000000000e+03
5.066000000000000000e+03
4.750000000000000000e+03
4.158000000000000000e+03
4.090000000000000000e+03
4.337000000000000000e+03
4.623000000000000000e+03
4.072000000000000000e+03
3.666000000000000000e+03
2.954000000000000000e+03
2.096000000000000000e+03
1.697000000000000000e+03
1.669000000000000000e+03
1.660000000000000000e+03
1.211000000000000000e+03
9.890000000000000000e+02
1.031000000000000000e+03
9.690000000000000000e+02
7.860000000000000000e+02
6.790000000000000000e+02
5.260000000000000000e+02
4.990000000000000000e+02
4.490000000000000000e+02
3.400000000000000000e+02
2.660000000000000000e+02
1.950000000000000000e+02
1.680000000000000000e+02
1.530000000000000000e+02
1.000000000000000000e+02
5.800000000000000000e+01
4.500000000000000000e+01
3.100000000000000000e+01
2.300000000000000000e+01
2.600000000000000000e+01
2.000000000000000000e+01
1.700000000000000000e+01
1.100000000000000000e+01
3.000000000000000000e+00
7.000000000000000000e+00
8.000000000000000000e+00
6.000000000000000000e+00
9.000000000000000000e+00
7.000000000000000000e+00
2.000000000000000000e+00
5.000000000000000000e+00
4.000000000000000000e+00
3.000000000000000000e+00
3.000000000000000000e+00
0.000000000000000000e+00
1.000000000000000000e+00
1.000000000000000000e+00
2.000000000000000000e+00
4.000000000000000000e+00
0.000000000000000000e+00
4.000000000000000000e+00
1.000000000000000000e+00
2.000000000000000000e+00
1.000000000000000000e+00
2.000000000000000000e+00
1.000000000000000000e+00
1.000000000000000000e+00
2.000000000000000000e+00
0.000000000000000000e+00
0.000000000000000000e+00
6.000000000000000000e+00
2.000000000000000000e+00
1.000000000000000000e+00
1.000000000000000000e+00
0.000000000000000000e+00
0.000000000000000000e+00
1.000000000000000000e+00
0.000000000000000000e+00
1.000000000000000000e+00
0.000000000000000000e+00
2.700000000000000000e+01
6.000000000000000000e+00
2.000000000000000000e+01
3.800000000000000000e+01
1.270000000000000000e+02
3.630000000000000000e+02
5.420000000000000000e+02
5.690000000000000000e+02
8.140000000000000000e+02
7.500000000000000000e+02
6.090000000000000000e+02
7.620000000000000000e+02
6.970000000000000000e+02
5.510000000000000000e+02
6.910000000000000000e+02
6.710000000000000000e+02
5.970000000000000000e+02
4.580000000000000000e+02
5.020000000000000000e+02
4.730000000000000000e+02
3.970000000000000000e+02
3.970000000000000000e+02
4.030000000000000000e+02
4.070000000000000000e+02
3.730000000000000000e+02
3.610000000000000000e+02
4.150000000000000000e+02
4.620000000000000000e+02
4.020000000000000000e+02
3.780000000000000000e+02
3.630000000000000000e+02
3.640000000000000000e+02
3.310000000000000000e+02
3.320000000000000000e+02
3.130000000000000000e+02
3.030000000000000000e+02
3.080000000000000000e+02
3.390000000000000000e+02
3.060000000000000000e+02
3.290000000000000000e+02
3.320000000000000000e+02
3.230000000000000000e+02
3.330000000000000000e+02
3.400000000000000000e+02
3.800000000000000000e+02
3.870000000000000000e+02
3.810000000000000000e+02
3.940000000000000000e+02
4.250000000000000000e+02
4.130000000000000000e+02
4.240000000000000000e+02
4.620000000000000000e+02
4.750000000000000000e+02
4.310000000000000000e+02
4.900000000000000000e+02
4.720000000000000000e+02
4.560000000000000000e+02
4.670000000000000000e+02
4.840000000000000000e+02
4.930000000000000000e+02
5.080000000000000000e+02
4.830000000000000000e+02
5.030000000000000000e+02
5.100000000000000000e+02
5.530000000000000000e+02
6.350000000000000000e+02
6.530000000000000000e+02
6.760000000000000000e+02
6.800000000000000000e+02
6.570000000000000000e+02
6.710000000000000000e+02
6.710000000000000000e+02
6.540000000000000000e+02
6.860000000000000000e+02
7.780000000000000000e+02
8.110000000000000000e+02
8.850000000000000000e+02
9.950000000000000000e+02
1.117000000000000000e+03
1.152000000000000000e+03
1.370000000000000000e+03
1.618000000000000000e+03
1.870000000000000000e+03
2.053000000000000000e+03
2.117000000000000000e+03
2.301000000000000000e+03
2.493000000000000000e+03
2.647000000000000000e+03
2.785000000000000000e+03
2.848000000000000000e+03
2.992000000000000000e+03
3.112000000000000000e+03
3.109000000000000000e+03
3.028000000000000000e+03
2.918000000000000000e+03
2.751000000000000000e+03
2.630000000000000000e+03
2.457000000000000000e+03
2.174000000000000000e+03
2.043000000000000000e+03
1.774000000000000000e+03
1.454000000000000000e+03
1.366000000000000000e+03
1.202000000000000000e+03
1.151000000000000000e+03
1.074000000000000000e+03
9.210000000000000000e+02
9.400000000000000000e+02
8.590000000000000000e+02
9.900000000000000000e+02
9.700000000000000000e+02
9.300000000000000000e+02
7.710000000000000000e+02
7.140000000000000000e+02
6.210000000000000000e+02
5.590000000000000000e+02
5.730000000000000000e+02
4.930000000000000000e+02
5.040000000000000000e+02
4.310000000000000000e+02
3.620000000000000000e+02
3.500000000000000000e+02
3.530000000000000000e+02
3.010000000000000000e+02
3.260000000000000000e+02
3.320000000000000000e+02
2.970000000000000000e+02
3.030000000000000000e+02
3.430000000000000000e+02
3.280000000000000000e+02
3.730000000000000000e+02
3.640000000000000000e+02
3.170000000000000000e+02
3.560000000000000000e+02
3.820000000000000000e+02
3.880000000000000000e+02
3.610000000000000000e+02
3.630000000000000000e+02
3.560000000000000000e+02
3.400000000000000000e+02
3.500000000000000000e+02
3.520000000000000000e+02
3.270000000000000000e+02
3.690000000000000000e+02
3.550000000000000000e+02
3.200000000000000000e+02
3.800000000000000000e+02
3.960000000000000000e+02
4.460000000000000000e+02
5.630000000000000000e+02
6.940000000000000000e+02
7.700000000000000000e+02
7.100000000000000000e+02
6.810000000000000000e+02
6.260000000000000000e+02
5.800000000000000000e+02
4.720000000000000000e+02
4.130000000000000000e+02
4.390000000000000000e+02
3.910000000000000000e+02
4.180000000000000000e+02
3.880000000000000000e+02
3.870000000000000000e+02
4.040000000000000000e+02
4.400000000000000000e+02
4.090000000000000000e+02
4.150000000000000000e+02
4.380000000000000000e+02
4.930000000000000000e+02
4.430000000000000000e+02
4.820000000000000000e+02
6.090000000000000000e+02
8.160000000000000000e+02
9.850000000000000000e+02
1.248000000000000000e+03
1.602000000000000000e+03
1.913000000000000000e+03
2.215000000000000000e+03
2.178000000000000000e+03
2.355000000000000000e+03
2.639000000000000000e+03
2.775000000000000000e+03
2.773000000000000000e+03
2.851000000000000000e+03
3.201000000000000000e+03
3.725000000000000000e+03
4.246000000000000000e+03
4.876000000000000000e+03
5.225000000000000000e+03
5.608000000000000000e+03
5.619000000000000000e+03
5.598000000000000000e+03
5.362000000000000000e+03
5.470000000000000000e+03
5.216000000000000000e+03
5.168000000000000000e+03
4.588000000000000000e+03
4.397000000000000000e+03
3.604000000000000000e+03
3.116000000000000000e+03
2.604000000000000000e+03
2.608000000000000000e+03
1.496000000000000000e+03
1.162000000000000000e+03
8.460000000000000000e+02
7.510000000000000000e+02
5.110000000000000000e+02
4.550000000000000000e+02
3.690000000000000000e+02
2.600000000000000000e+02
2.600000000000000000e+02
1.840000000000000000e+02
9.200000000000000000e+01
7.400000000000000000e+01
5.300000000000000000e+01
2.300000000000000000e+01
3.800000000000000000e+01
3.200000000000000000e+01
1.500000000000000000e+01
1.400000000000000000e+01
8.000000000000000000e+00
7.000000000000000000e+00
7.000000000000000000e+00
1.000000000000000000e+00
4.000000000000000000e+00
4.000000000000000000e+00
9.000000000000000000e+00
5.000000000000000000e+00
3.000000000000000000e+00
6.000000000000000000e+00
5.000000000000000000e+00
6.000000000000000000e+00
8.000000000000000000e+00
3.000000000000000000e+00
6.000000000000000000e+00
4.000000000000000000e+00
2.000000000000000000e+00
5.000000000000000000e+00
1.000000000000000000e+00
1.000000000000000000e+00
0.000000000000000000e+00
3.000000000000000000e+00
1.000000000000000000e+00
2.000000000000000000e+00
0.000000000000000000e+00
1.000000000000000000e+00
5.000000000000000000e+00
2.000000000000000000e+00
3.000000000000000000e+00
1.000000000000000000e+00
3.000000000000000000e+00
0.000000000000000000e+00
1.000000000000000000e+00
2.000000000000000000e+00
0.000000000000000000e+00
7.000000000000000000e+00
2.875000000000000000e+03
4.800000000000000000e+01
6.000000000000000000e+00
0.000000000000000000e+00
1.000000000000000000e+00
5.000000000000000000e+00
9.500000000000000000e+01
0.000000000000000000e+00
1.100000000000000000e+01
4.000000000000000000e+00
0.000000000000000000e+00
2.700000000000000000e+01
9.000000000000000000e+00
3.380000000000000000e+02
1.320000000000000000e+02
3.040000000000000000e+02
5.690000000000000000e+02
7.750000000000000000e+02
7.160000000000000000e+02
1.645000000000000000e+03
1.916000000000000000e+03
1.172000000000000000e+03
1.402000000000000000e+03
1.314000000000000000e+03
1.105000000000000000e+03
5.770000000000000000e+02
1.095000000000000000e+03
8.930000000000000000e+02
7.160000000000000000e+02
4.910000000000000000e+02
6.110000000000000000e+02
1.400000000000000000e+02
1.920000000000000000e+02
6.700000000000000000e+01
9.800000000000000000e+01
1.490000000000000000e+02
9.000000000000000000e+01
1.300000000000000000e+01
3.000000000000000000e+01
7.000000000000000000e+00
2.100000000000000000e+01
7.000000000000000000e+00
6.300000000000000000e+01
3.400000000000000000e+01
7.000000000000000000e+00
6.000000000000000000e+00
1.100000000000000000e+01
4.000000000000000000e+00
1.800000000000000000e+01
3.000000000000000000e+00
2.720000000000000000e+02
4.200000000000000000e+01
6.000000000000000000e+00
1.000000000000000000e+01
1.800000000000000000e+01
4.300000000000000000e+01
2.600000000000000000e+01
1.300000000000000000e+01
2.600000000000000000e+01
4.000000000000000000e+00
5.400000000000000000e+01
1.000000000000000000e+00
3.400000000000000000e+01
2.700000000000000000e+01
4.000000000000000000e+00
2.000000000000000000e+01
1.000000000000000000e+02
4.800000000000000000e+01
2.000000000000000000e+01
6.600000000000000000e+01
5.800000000000000000e+01
2.000000000000000000e+01
4.900000000000000000e+01
3.700000000000000000e+01
8.400000000000000000e+01
2.638000000000000000e+03
3.200000000000000000e+01
2.500000000000000000e+01
0.000000000000000000e+00
7.100000000000000000e+01
1.560000000000000000e+02
9.000000000000000000e+00
4.000000000000000000e+00
1.800000000000000000e+02
4.400000000000000000e+01
2.100000000000000000e+01
4.000000000000000000e+00
1.770000000000000000e+02
1.700000000000000000e+01
2.100000000000000000e+01
2.670000000000000000e+02
1.600000000000000000e+01
2.000000000000000000e+01
5.400000000000000000e+01
1.500000000000000000e+01
3.640000000000000000e+02
7.820000000000000000e+02
8.500000000000000000e+01
1.726000000000000000e+03
4.250000000000000000e+02
3.790000000000000000e+02
4.780000000000000000e+03
3.514000000000000000e+03
1.850200000000000000e+04
1.427200000000000000e+04
2.430500000000000000e+04
2.532800000000000000e+04
1.216100000000000000e+04
6.810000000000000000e+03
1.219300000000000000e+04
1.299900000000000000e+04
9.351000000000000000e+03
1.655000000000000000e+03
2.590000000000000000e+03
3.639500000000000000e+04
7.369000000000000000e+03
1.435000000000000000e+03
9.100000000000000000e+01
1.560000000000000000e+02
2.000000000000000000e+00
8.042000000000000000e+03
0.000000000000000000e+00
4.000000000000000000e+01
9.000000000000000000e+00
2.940000000000000000e+02
9.540000000000000000e+02
4.966000000000000000e+03
3.000000000000000000e+00
2.800000000000000000e+01
6.000000000000000000e+00
3.800000000000000000e+01
0.000000000000000000e+00
2.830000000000000000e+02
6.100000000000000000e+01
2.000000000000000000e+00
6.000000000000000000e+00
1.000000000000000000e+00
2.000000000000000000e+00
1.400000000000000000e+01
1.000000000000000000e+00
7.470000000000000000e+02
2.200000000000000000e+01
9.000000000000000000e+00
0.000000000000000000e+00
2.000000000000000000e+00
8.000000000000000000e+00
1.700000000000000000e+01
3.000000000000000000e+00
0.000000000000000000e+00
0.000000000000000000e+00
1.600000000000000000e+01
0.000000000000000000e+00
1.000000000000000000e+00
1.600000000000000000e+01
0.000000000000000000e+00
1.000000000000000000e+01
8.000000000000000000e+01
2.000000000000000000e+00
0.000000000000000000e+00
9.000000000000000000e+00
1.100000000000000000e+01
2.000000000000000000e+00
4.000000000000000000e+00
4.000000000000000000e+00
7.000000000000000000e+00
1.362000000000000000e+03
3.000000000000000000e+00
1.500000000000000000e+01
1.000000000000000000e+00
3.000000000000000000e+00
2.200000000000000000e+01
5.000000000000000000e+00
1.100000000000000000e+01
2.000000000000000000e+02
2.500000000000000000e+01
3.000000000000000000e+01
2.500000000000000000e+01
5.500000000000000000e+01
9.500000000000000000e+01
9.400000000000000000e+01
2.781000000000000000e+03
0.000000000000000000e+00
1.173000000000000000e+03
5.986000000000000000e+03
1.935000000000000000e+03
1.605000000000000000e+03
5.244000000000000000e+03
7.813000000000000000e+03
1.052200000000000000e+04
2.729000000000000000e+03
2.287000000000000000e+03
6.674000000000000000e+03
4.798000000000000000e+03
1.181900000000000000e+04
1.468400000000000000e+04
1.249000000000000000e+04
4.919000000000000000e+03
3.003000000000000000e+03
5.123000000000000000e+03
4.375000000000000000e+03
4.269000000000000000e+03
4.484000000000000000e+03
4.927000000000000000e+03
6.184000000000000000e+03
4.021000000000000000e+03
5.449000000000000000e+03
4.165000000000000000e+03
4.051000000000000000e+03
2.778000000000000000e+03
3.277000000000000000e+03
2.187000000000000000e+03
2.257000000000000000e+03
2.624000000000000000e+03
1.865000000000000000e+03
2.235000000000000000e+03
1.846000000000000000e+03
1.750000000000000000e+03
1.300000000000000000e+03
1.348000000000000000e+03
1.121000000000000000e+03
1.025000000000000000e+03
1.330000000000000000e+03
1.220000000000000000e+03
1.410000000000000000e+03
1.231000000000000000e+03
1.278000000000000000e+03
1.063000000000000000e+03
9.270000000000000000e+02
8.530000000000000000e+02
9.210000000000000000e+02
7.390000000000000000e+02
5.870000000000000000e+02
6.070000000000000000e+02
7.700000000000000000e+02
7.100000000000000000e+02
7.220000000000000000e+02
6.750000000000000000e+02
7.780000000000000000e+02
6.500000000000000000e+02
6.600000000000000000e+02
6.870000000000000000e+02
6.610000000000000000e+02
6.900000000000000000e+02
7.530000000000000000e+02
1.055000000000000000e+03
9.480000000000000000e+02
7.460000000000000000e+02
7.400000000000000000e+02
6.380000000000000000e+02
6.100000000000000000e+02
6.240000000000000000e+02
5.750000000000000000e+02
5.340000000000000000e+02
5.510000000000000000e+02
3.830000000000000000e+02
5.150000000000000000e+02
3.960000000000000000e+02
5.210000000000000000e+02
4.680000000000000000e+02
3.990000000000000000e+02
3.500000000000000000e+02
4.670000000000000000e+02
3.960000000000000000e+02
3.470000000000000000e+02
3.770000000000000000e+02
4.990000000000000000e+02
2.600000000000000000e+02
3.810000000000000000e+02
4.400000000000000000e+02
3.480000000000000000e+02
4.640000000000000000e+02
4.320000000000000000e+02
4.180000000000000000e+02
4.990000000000000000e+02
5.190000000000000000e+02
5.510000000000000000e+02
6.640000000000000000e+02
6.760000000000000000e+02
7.250000000000000000e+02
6.850000000000000000e+02
7.080000000000000000e+02
6.980000000000000000e+02
6.280000000000000000e+02
6.440000000000000000e+02
5.530000000000000000e+02
5.710000000000000000e+02
5.040000000000000000e+02
5.450000000000000000e+02
4.470000000000000000e+02
5.100000000000000000e+02
4.870000000000000000e+02
4.960000000000000000e+02
4.870000000000000000e+02
5.060000000000000000e+02
4.660000000000000000e+02
3.950000000000000000e+02
3.900000000000000000e+02
3.120000000000000000e+02
3.860000000000000000e+02
2.780000000000000000e+02
2.330000000000000000e+02
2.600000000000000000e+02
1.970000000000000000e+02
1.450000000000000000e+02
2.150000000000000000e+02
1.860000000000000000e+02
6.900000000000000000e+01
1.760000000000000000e+02
2.700000000000000000e+02
4.400000000000000000e+01
1.250000000000000000e+02
1.340000000000000000e+02
5.400000000000000000e+01
8.000000000000000000e+01
1.170000000000000000e+02
1.100000000000000000e+02
6.400000000000000000e+01
9.700000000000000000e+01
9.500000000000000000e+01
1.220000000000000000e+02
5.600000000000000000e+01
5.200000000000000000e+01
1.080000000000000000e+02
8.400000000000000000e+01
5.300000000000000000e+01
4.900000000000000000e+01
1.240000000000000000e+02
7.300000000000000000e+01
6.600000000000000000e+01
8.900000000000000000e+01
8.400000000000000000e+01
1.010000000000000000e+02
6.800000000000000000e+01
2.020000000000000000e+02
3.100000000000000000e+01
6.300000000000000000e+01
9.300000000000000000e+01
1.070000000000000000e+02
7.600000000000000000e+01
1.580000000000000000e+02
4.300000000000000000e+01
6.900000000000000000e+01
1.060000000000000000e+02
2.600000000000000000e+01
4.000000000000000000e+01
8.700000000000000000e+01
7.500000000000000000e+01
6.500000000000000000e+01
3.200000000000000000e+01
6.000000000000000000e+00
4.970000000000000000e+02
4.000000000000000000e+00
1.800000000000000000e+01
6.800000000000000000e+01
6.900000000000000000e+01
5.700000000000000000e+01
3.200000000000000000e+01
5.900000000000000000e+01
1.300000000000000000e+01
1.230000000000000000e+02
8.700000000000000000e+01
7.700000000000000000e+01
1.910000000000000000e+02
2.100000000000000000e+01
6.600000000000000000e+01
2.070000000000000000e+02
3.000000000000000000e+01
4.400000000000000000e+01
5.800000000000000000e+01
6.600000000000000000e+01
3.000000000000000000e+00
4.240000000000000000e+02
1.000000000000000000e+00
4.800000000000000000e+01
4.800000000000000000e+01
4.400000000000000000e+01
1.440000000000000000e+02
7.800000000000000000e+01
1.010000000000000000e+02
5.000000000000000000e+00
1.030000000000000000e+02
7.800000000000000000e+01
6.900000000000000000e+01
1.800000000000000000e+01
3.660000000000000000e+02
4.000000000000000000e+00
7.200000000000000000e+01
5.500000000000000000e+01
4.600000000000000000e+01
7.500000000000000000e+01
5.600000000000000000e+01
6.300000000000000000e+01
2.000000000000000000e+00
3.770000000000000000e+02
7.800000000000000000e+01
5.200000000000000000e+01
4.900000000000000000e+01
6.200000000000000000e+01
3.000000000000000000e+00
5.000000000000000000e+02
3.800000000000000000e+01
5.700000000000000000e+01
6.200000000000000000e+01
1.500000000000000000e+02
4.500000000000000000e+01
7.700000000000000000e+01
6.600000000000000000e+01
4.520000000000000000e+02
4.900000000000000000e+01
2.500000000000000000e+01
9.400000000000000000e+01
4.100000000000000000e+01
3.340000000000000000e+02
5.300000000000000000e+01
6.000000000000000000e+01
2.600000000000000000e+02
2.700000000000000000e+01
9.900000000000000000e+01
1.070000000000000000e+02
1.390000000000000000e+02
6.000000000000000000e+01
6.400000000000000000e+01
1.420000000000000000e+02
1.340000000000000000e+02
7.500000000000000000e+01
5.300000000000000000e+01
4.400000000000000000e+01
1.300000000000000000e+01
0.000000000000000000e+00
1.000000000000000000e+00
0.000000000000000000e+00
2.000000000000000000e+00
0.000000000000000000e+00
0.000000000000000000e+00
0.000000000000000000e+00
5.030000000000000000e+03
3.000000000000000000e+00
1.000000000000000000e+00
1.100000000000000000e+01
3.400000000000000000e+01
1.210000000000000000e+02
3.650000000000000000e+02
5.360000000000000000e+02
5.680000000000000000e+02
8.120000000000000000e+02
7.430000000000000000e+02
6.060000000000000000e+02
7.560000000000000000e+02
6.970000000000000000e+02
5.510000000000000000e+02
6.880000000000000000e+02
6.650000000000000000e+02
5.920000000000000000e+02
4.560000000000000000e+02
4.990000000000000000e+02
4.680000000000000000e+02
3.970000000000000000e+02
3.930000000000000000e+02
4.000000000000000000e+02
4.090000000000000000e+02
3.720000000000000000e+02
3.610000000000000000e+02
4.140000000000000000e+02
4.640000000000000000e+02
4.040000000000000000e+02
3.760000000000000000e+02
3.580000000000000000e+02
3.560000000000000000e+02
3.280000000000000000e+02
3.280000000000000000e+02
3.080000000000000000e+02
3.000000000000000000e+02
3.030000000000000000e+02
3.340000000000000000e+02
3.030000000000000000e+02
3.210000000000000000e+02
3.320000000000000000e+02
3.170000000000000000e+02
3.180000000000000000e+02
3.470000000000000000e+02
3.640000000000000000e+02
3.740000000000000000e+02
3.600000000000000000e+02
3.760000000000000000e+02
3.900000000000000000e+02
3.560000000000000000e+02
3.800000000000000000e+02
3.960000000000000000e+02
3.940000000000000000e+02
3.570000000000000000e+02
4.040000000000000000e+02
3.630000000000000000e+02
3.450000000000000000e+02
3.520000000000000000e+02
3.720000000000000000e+02
3.580000000000000000e+02
3.770000000000000000e+02
3.550000000000000000e+02
3.780000000000000000e+02
3.990000000000000000e+02
4.440000000000000000e+02
5.300000000000000000e+02
5.570000000000000000e+02
5.550000000000000000e+02
5.760000000000000000e+02
5.290000000000000000e+02
5.240000000000000000e+02
5.490000000000000000e+02
5.120000000000000000e+02
5.560000000000000000e+02
5.900000000000000000e+02
6.460000000000000000e+02
6.640000000000000000e+02
7.670000000000000000e+02
8.600000000000000000e+02
9.150000000000000000e+02
1.119000000000000000e+03
1.374000000000000000e+03
1.590000000000000000e+03
1.760000000000000000e+03
1.839000000000000000e+03
2.038000000000000000e+03
2.223000000000000000e+03
2.386000000000000000e+03
2.487000000000000000e+03
2.558000000000000000e+03
2.691000000000000000e+03
2.805000000000000000e+03
2.834000000000000000e+03
2.804000000000000000e+03
2.676000000000000000e+03
2.516000000000000000e+03
2.443000000000000000e+03
2.240000000000000000e+03
1.988000000000000000e+03
1.829000000000000000e+03
1.594000000000000000e+03
1.277000000000000000e+03
1.208000000000000000e+03
1.049000000000000000e+03
1.000000000000000000e+03
9.240000000000000000e+02
7.980000000000000000e+02
7.890000000000000000e+02
7.180000000000000000e+02
8.660000000000000000e+02
8.940000000000000000e+02
8.660000000000000000e+02
7.290000000000000000e+02
7.040000000000000000e+02
5.840000000000000000e+02
5.480000000000000000e+02
5.770000000000000000e+02
5.040000000000000000e+02
5.000000000000000000e+02
4.620000000000000000e+02
4.060000000000000000e+02
3.800000000000000000e+02
3.920000000000000000e+02
3.320000000000000000e+02
3.930000000000000000e+02
4.040000000000000000e+02
3.810000000000000000e+02
3.810000000000000000e+02
4.330000000000000000e+02
4.640000000000000000e+02
5.220000000000000000e+02
5.340000000000000000e+02
5.110000000000000000e+02
5.420000000000000000e+02
5.720000000000000000e+02
5.930000000000000000e+02
5.980000000000000000e+02
5.820000000000000000e+02
6.280000000000000000e+02
6.160000000000000000e+02
6.630000000000000000e+02
6.960000000000000000e+02
7.190000000000000000e+02
7.340000000000000000e+02
6.730000000000000000e+02
6.990000000000000000e+02
6.640000000000000000e+02
6.490000000000000000e+02
6.560000000000000000e+02
6.950000000000000000e+02
8.320000000000000000e+02
9.540000000000000000e+02
9.550000000000000000e+02
8.220000000000000000e+02
7.550000000000000000e+02
7.780000000000000000e+02
7.870000000000000000e+02
6.230000000000000000e+02
6.250000000000000000e+02
5.860000000000000000e+02
5.780000000000000000e+02
5.750000000000000000e+02
5.700000000000000000e+02
5.470000000000000000e+02
5.840000000000000000e+02
5.560000000000000000e+02
5.650000000000000000e+02
6.110000000000000000e+02
6.470000000000000000e+02
5.890000000000000000e+02
6.170000000000000000e+02
7.130000000000000000e+02
9.120000000000000000e+02
1.058000000000000000e+03
1.348000000000000000e+03
1.669000000000000000e+03
1.985000000000000000e+03
2.282000000000000000e+03
2.265000000000000000e+03
2.450000000000000000e+03
2.704000000000000000e+03
2.834000000000000000e+03
2.815000000000000000e+03
2.899000000000000000e+03
3.216000000000000000e+03
3.740000000000000000e+03
4.187000000000000000e+03
4.595000000000000000e+03
5.383000000000000000e+03
5.678000000000000000e+03
5.769000000000000000e+03
5.715000000000000000e+03
5.409000000000000000e+03
5.498000000000000000e+03
5.231000000000000000e+03
5.185000000000000000e+03
4.585000000000000000e+03
4.409000000000000000e+03
3.609000000000000000e+03
3.083000000000000000e+03
2.599000000000000000e+03
2.602000000000000000e+03
1.486000000000000000e+03
1.215000000000000000e+03
8.810000000000000000e+02
7.600000000000000000e+02
6.030000000000000000e+02
4.960000000000000000e+02
4.010000000000000000e+02
2.800000000000000000e+02
2.490000000000000000e+02
1.950000000000000000e+02
1.300000000000000000e+02
8.700000000000000000e+01
6.300000000000000000e+01
3.300000000000000000e+01
4.700000000000000000e+01
3.400000000000000000e+01
2.000000000000000000e+01
2.200000000000000000e+01
1.900000000000000000e+01
1.800000000000000000e+01
1.300000000000000000e+01
4.000000000000000000e+00
6.000000000000000000e+00
7.000000000000000000e+00
7.000000000000000000e+00
7.000000000000000000e+00
4.000000000000000000e+00
7.000000000000000000e+00
5.000000000000000000e+00
7.000000000000000000e+00
9.000000000000000000e+00
3.000000000000000000e+00
6.000000000000000000e+00
4.000000000000000000e+00
3.000000000000000000e+00
6.000000000000000000e+00
1.000000000000000000e+00
1.000000000000000000e+00
1.000000000000000000e+00
4.000000000000000000e+00
1.000000000000000000e+00
2.000000000000000000e+00
0.000000000000000000e+00
1.000000000000000000e+00
5.000000000000000000e+00
2.000000000000000000e+00
3.000000000000000000e+00
1.000000000000000000e+00
3.000000000000000000e+00
0.000000000000000000e+00
1.000000000000000000e+00
2.000000000000000000e+00
0.000000000000000000e+00
1.000000000000000000e+01
