2.920000000000000000e+02
1.630000000000000000e+02
1.560000000000000000e+02
1.660000000000000000e+02
1.690000000000000000e+02
1.590000000000000000e+02
2.070000000000000000e+02
2.590000000000000000e+02
3.140000000000000000e+02
3.120000000000000000e+02
3.730000000000000000e+02
5.150000000000000000e+02
5.520000000000000000e+02
9.140000000000000000e+02
6.430000000000000000e+02
7.130000000000000000e+02
7.520000000000000000e+02
5.760000000000000000e+02
5.950000000000000000e+02
5.690000000000000000e+02
5.260000000000000000e+02
5.310000000000000000e+02
5.370000000000000000e+02
5.510000000000000000e+02
5.410000000000000000e+02
5.290000000000000000e+02
8.110000000000000000e+02
6.630000000000000000e+02
5.450000000000000000e+02
6.230000000000000000e+02
5.730000000000000000e+02
5.170000000000000000e+02
5.400000000000000000e+02
4.830000000000000000e+02
4.460000000000000000e+02
4.640000000000000000e+02
4.620000000000000000e+02
4.790000000000000000e+02
4.950000000000000000e+02
5.420000000000000000e+02
5.240000000000000000e+02
5.270000000000000000e+02
4.580000000000000000e+02
5.610000000000000000e+02
4.880000000000000000e+02
5.400000000000000000e+02
5.660000000000000000e+02
5.870000000000000000e+02
6.260000000000000000e+02
6.430000000000000000e+02
6.890000000000000000e+02
6.480000000000000000e+02
6.340000000000000000e+02
6.500000000000000000e+02
6.820000000000000000e+02
6.470000000000000000e+02
6.790000000000000000e+02
6.270000000000000000e+02
5.670000000000000000e+02
6.100000000000000000e+02
5.900000000000000000e+02
6.170000000000000000e+02
5.610000000000000000e+02
5.420000000000000000e+02
4.730000000000000000e+02
4.760000000000000000e+02
4.770000000000000000e+02
4.330000000000000000e+02
4.210000000000000000e+02
4.490000000000000000e+02
5.060000000000000000e+02
5.680000000000000000e+02
6.070000000000000000e+02
5.930000000000000000e+02
6.180000000000000000e+02
6.260000000000000000e+02
6.180000000000000000e+02
6.620000000000000000e+02
6.480000000000000000e+02
6.650000000000000000e+02
7.120000000000000000e+02
6.860000000000000000e+02
6.700000000000000000e+02
7.350000000000000000e+02
7.480000000000000000e+02
9.080000000000000000e+02
8.940000000000000000e+02
9.480000000000000000e+02
1.063000000000000000e+03
1.164000000000000000e+03
1.323000000000000000e+03
1.557000000000000000e+03
1.600000000000000000e+03
2.263000000000000000e+03
1.954000000000000000e+03
1.886000000000000000e+03
1.922000000000000000e+03
1.770000000000000000e+03
1.639000000000000000e+03
1.635000000000000000e+03
1.519000000000000000e+03
1.475000000000000000e+03
1.764000000000000000e+03
1.812000000000000000e+03
1.914000000000000000e+03
1.661000000000000000e+03
1.552000000000000000e+03
1.517000000000000000e+03
1.829000000000000000e+03
1.991000000000000000e+03
2.102000000000000000e+03
2.362000000000000000e+03
1.846000000000000000e+03
1.667000000000000000e+03
1.971000000000000000e+03
1.969000000000000000e+03
1.751000000000000000e+03
1.724000000000000000e+03
1.702000000000000000e+03
1.634000000000000000e+03
1.735000000000000000e+03
1.840000000000000000e+03
1.822000000000000000e+03
1.858000000000000000e+03
1.600000000000000000e+03
1.477000000000000000e+03
1.565000000000000000e+03
1.774000000000000000e+03
1.979000000000000000e+03
2.300000000000000000e+03
2.058000000000000000e+03
1.690000000000000000e+03
1.780000000000000000e+03
1.616000000000000000e+03
1.788000000000000000e+03
1.746000000000000000e+03
1.692000000000000000e+03
1.434000000000000000e+03
1.517000000000000000e+03
1.399000000000000000e+03
1.384000000000000000e+03
1.515000000000000000e+03
1.660000000000000000e+03
1.579000000000000000e+03
1.525000000000000000e+03
1.530000000000000000e+03
1.520000000000000000e+03
1.503000000000000000e+03
1.502000000000000000e+03
1.403000000000000000e+03
1.855000000000000000e+03
1.393000000000000000e+03
1.141000000000000000e+03
1.199000000000000000e+03
1.156000000000000000e+03
1.534000000000000000e+03
1.397000000000000000e+03
1.053000000000000000e+03
1.044000000000000000e+03
1.444000000000000000e+03
1.091000000000000000e+03
1.204000000000000000e+03
1.173000000000000000e+03
1.297000000000000000e+03
1.418000000000000000e+03
1.501000000000000000e+03
1.380000000000000000e+03
1.279000000000000000e+03
1.595000000000000000e+03
1.310000000000000000e+03
1.195000000000000000e+03
1.354000000000000000e+03
1.270000000000000000e+03
1.132000000000000000e+03
1.030000000000000000e+03
1.281000000000000000e+03
9.650000000000000000e+02
1.408000000000000000e+03
1.668000000000000000e+03
1.593000000000000000e+03
1.277000000000000000e+03
1.502000000000000000e+03
1.251000000000000000e+03
1.224000000000000000e+03
1.279000000000000000e+03
8.610000000000000000e+02
7.040000000000000000e+02
7.910000000000000000e+02
4.180000000000000000e+02
4.100000000000000000e+02
4.080000000000000000e+02
4.170000000000000000e+02
4.140000000000000000e+02
4.350000000000000000e+02
4.600000000000000000e+02
4.350000000000000000e+02
4.430000000000000000e+02
4.520000000000000000e+02
4.690000000000000000e+02
4.730000000000000000e+02
4.900000000000000000e+02
4.650000000000000000e+02
5.050000000000000000e+02
4.890000000000000000e+02
4.990000000000000000e+02
5.100000000000000000e+02
4.270000000000000000e+02
4.220000000000000000e+02
4.380000000000000000e+02
4.080000000000000000e+02
4.370000000000000000e+02
4.060000000000000000e+02
4.820000000000000000e+02
4.720000000000000000e+02
4.760000000000000000e+02
4.920000000000000000e+02
4.850000000000000000e+02
4.860000000000000000e+02
4.620000000000000000e+02
5.090000000000000000e+02
4.600000000000000000e+02
4.450000000000000000e+02
4.920000000000000000e+02
4.610000000000000000e+02
4.260000000000000000e+02
5.080000000000000000e+02
4.980000000000000000e+02
5.150000000000000000e+02
5.540000000000000000e+02
5.170000000000000000e+02
5.150000000000000000e+02
5.620000000000000000e+02
5.220000000000000000e+02
6.000000000000000000e+02
6.020000000000000000e+02
5.190000000000000000e+02
5.340000000000000000e+02
5.770000000000000000e+02
5.930000000000000000e+02
5.920000000000000000e+02
6.720000000000000000e+02
6.350000000000000000e+02
6.330000000000000000e+02
6.980000000000000000e+02
7.030000000000000000e+02
7.920000000000000000e+02
7.600000000000000000e+02
7.590000000000000000e+02
8.400000000000000000e+02
8.360000000000000000e+02
8.960000000000000000e+02
1.035000000000000000e+03
9.100000000000000000e+02
8.050000000000000000e+02
7.310000000000000000e+02
9.700000000000000000e+02
4.400000000000000000e+01
5.800000000000000000e+01
9.300000000000000000e+01
1.580000000000000000e+02
1.720000000000000000e+02
2.140000000000000000e+02
2.160000000000000000e+02
2.060000000000000000e+02
2.480000000000000000e+02
2.940000000000000000e+02
4.330000000000000000e+02
5.360000000000000000e+02
7.210000000000000000e+02
9.790000000000000000e+02
7.070000000000000000e+02
7.960000000000000000e+02
7.880000000000000000e+02
6.780000000000000000e+02
5.940000000000000000e+02
5.650000000000000000e+02
5.100000000000000000e+02
4.770000000000000000e+02
5.240000000000000000e+02
5.570000000000000000e+02
5.060000000000000000e+02
6.040000000000000000e+02
9.670000000000000000e+02
7.310000000000000000e+02
5.750000000000000000e+02
6.130000000000000000e+02
6.010000000000000000e+02
4.690000000000000000e+02
4.290000000000000000e+02
4.120000000000000000e+02
3.900000000000000000e+02
3.890000000000000000e+02
3.580000000000000000e+02
4.080000000000000000e+02
4.340000000000000000e+02
4.960000000000000000e+02
5.460000000000000000e+02
5.270000000000000000e+02
5.090000000000000000e+02
5.140000000000000000e+02
4.920000000000000000e+02
5.560000000000000000e+02
5.610000000000000000e+02
5.670000000000000000e+02
6.240000000000000000e+02
6.020000000000000000e+02
6.800000000000000000e+02
7.250000000000000000e+02
6.930000000000000000e+02
6.620000000000000000e+02
6.850000000000000000e+02
6.810000000000000000e+02
7.040000000000000000e+02
6.720000000000000000e+02
7.710000000000000000e+02
8.060000000000000000e+02
7.590000000000000000e+02
7.670000000000000000e+02
6.960000000000000000e+02
8.150000000000000000e+02
7.570000000000000000e+02
7.730000000000000000e+02
6.390000000000000000e+02
6.150000000000000000e+02
6.230000000000000000e+02
6.150000000000000000e+02
5.680000000000000000e+02
5.480000000000000000e+02
5.870000000000000000e+02
6.430000000000000000e+02
6.970000000000000000e+02
6.900000000000000000e+02
7.360000000000000000e+02
8.700000000000000000e+02
9.060000000000000000e+02
9.330000000000000000e+02
9.290000000000000000e+02
9.230000000000000000e+02
9.250000000000000000e+02
9.420000000000000000e+02
9.610000000000000000e+02
8.990000000000000000e+02
9.600000000000000000e+02
1.034000000000000000e+03
1.174000000000000000e+03
1.188000000000000000e+03
1.187000000000000000e+03
1.406000000000000000e+03
1.476000000000000000e+03
1.594000000000000000e+03
1.688000000000000000e+03
1.994000000000000000e+03
2.023000000000000000e+03
1.859000000000000000e+03
1.863000000000000000e+03
1.860000000000000000e+03
2.644000000000000000e+03
2.022000000000000000e+03
1.931000000000000000e+03
1.721000000000000000e+03
1.662000000000000000e+03
1.934000000000000000e+03
2.110000000000000000e+03
1.956000000000000000e+03
1.845000000000000000e+03
1.845000000000000000e+03
1.827000000000000000e+03
1.933000000000000000e+03
1.954000000000000000e+03
2.148000000000000000e+03
2.367000000000000000e+03
2.334000000000000000e+03
2.451000000000000000e+03
2.657000000000000000e+03
2.394000000000000000e+03
2.242000000000000000e+03
1.916000000000000000e+03
1.902000000000000000e+03
1.981000000000000000e+03
2.109000000000000000e+03
2.460000000000000000e+03
2.189000000000000000e+03
2.045000000000000000e+03
1.977000000000000000e+03
1.916000000000000000e+03
2.069000000000000000e+03
2.168000000000000000e+03
2.337000000000000000e+03
2.575000000000000000e+03
2.296000000000000000e+03
2.153000000000000000e+03
2.330000000000000000e+03
2.128000000000000000e+03
2.176000000000000000e+03
1.953000000000000000e+03
1.573000000000000000e+03
1.491000000000000000e+03
1.602000000000000000e+03
1.461000000000000000e+03
1.300000000000000000e+03
1.178000000000000000e+03
1.335000000000000000e+03
1.198000000000000000e+03
1.395000000000000000e+03
1.300000000000000000e+03
1.335000000000000000e+03
1.212000000000000000e+03
1.213000000000000000e+03
1.348000000000000000e+03
1.517000000000000000e+03
1.650000000000000000e+03
1.533000000000000000e+03
1.767000000000000000e+03
1.496000000000000000e+03
1.022000000000000000e+03
8.890000000000000000e+02
1.004000000000000000e+03
9.690000000000000000e+02
1.370000000000000000e+03
1.383000000000000000e+03
1.051000000000000000e+03
9.700000000000000000e+02
1.371000000000000000e+03
1.082000000000000000e+03
1.268000000000000000e+03
1.264000000000000000e+03
1.469000000000000000e+03
1.842000000000000000e+03
2.007000000000000000e+03
1.657000000000000000e+03
1.763000000000000000e+03
2.125000000000000000e+03
1.782000000000000000e+03
1.999000000000000000e+03
1.710000000000000000e+03
1.299000000000000000e+03
1.711000000000000000e+03
1.266000000000000000e+03
1.404000000000000000e+03
1.467000000000000000e+03
1.293000000000000000e+03
1.355000000000000000e+03
1.884000000000000000e+03
1.219000000000000000e+03
1.002000000000000000e+03
9.550000000000000000e+02
1.161000000000000000e+03
8.280000000000000000e+02
6.870000000000000000e+02
8.380000000000000000e+02
4.970000000000000000e+02
4.660000000000000000e+02
3.390000000000000000e+02
3.600000000000000000e+02
3.220000000000000000e+02
2.540000000000000000e+02
2.160000000000000000e+02
2.170000000000000000e+02
2.470000000000000000e+02
1.980000000000000000e+02
2.050000000000000000e+02
2.210000000000000000e+02
2.360000000000000000e+02
2.030000000000000000e+02
2.610000000000000000e+02
1.400000000000000000e+02
1.350000000000000000e+02
1.160000000000000000e+02
8.600000000000000000e+01
1.060000000000000000e+02
9.600000000000000000e+01
9.300000000000000000e+01
8.000000000000000000e+01
9.900000000000000000e+01
1.020000000000000000e+02
1.140000000000000000e+02
9.300000000000000000e+01
1.090000000000000000e+02
8.600000000000000000e+01
1.010000000000000000e+02
8.300000000000000000e+01
7.800000000000000000e+01
9.000000000000000000e+01
9.700000000000000000e+01
8.300000000000000000e+01
1.050000000000000000e+02
1.090000000000000000e+02
1.150000000000000000e+02
9.400000000000000000e+01
9.000000000000000000e+01
8.800000000000000000e+01
9.300000000000000000e+01
8.400000000000000000e+01
9.300000000000000000e+01
8.700000000000000000e+01
7.200000000000000000e+01
7.900000000000000000e+01
8.200000000000000000e+01
7.800000000000000000e+01
8.900000000000000000e+01
6.800000000000000000e+01
7.700000000000000000e+01
9.400000000000000000e+01
8.700000000000000000e+01
9.900000000000000000e+01
1.160000000000000000e+02
1.210000000000000000e+02
1.320000000000000000e+02
1.960000000000000000e+02
2.020000000000000000e+02
2.600000000000000000e+02
3.850000000000000000e+02
5.700000000000000000e+01
1.200000000000000000e+01
2.900000000000000000e+01
2.900000000000000000e+01
3.600000000000000000e+01
5.400000000000000000e+01
7.600000000000000000e+01
8.200000000000000000e+01
1.000000000000000000e+02
1.210000000000000000e+02
1.200000000000000000e+02
1.700000000000000000e+02
2.370000000000000000e+02
3.090000000000000000e+02
4.050000000000000000e+02
8.910000000000000000e+02
5.500000000000000000e+02
5.960000000000000000e+02
5.400000000000000000e+02
4.500000000000000000e+02
4.690000000000000000e+02
4.970000000000000000e+02
5.190000000000000000e+02
4.610000000000000000e+02
4.880000000000000000e+02
4.920000000000000000e+02
4.780000000000000000e+02
4.820000000000000000e+02
5.130000000000000000e+02
4.750000000000000000e+02
5.170000000000000000e+02
5.280000000000000000e+02
5.850000000000000000e+02
6.370000000000000000e+02
8.430000000000000000e+02
6.000000000000000000e+02
6.610000000000000000e+02
6.470000000000000000e+02
7.900000000000000000e+02
6.410000000000000000e+02
7.000000000000000000e+02
7.960000000000000000e+02
6.850000000000000000e+02
7.180000000000000000e+02
7.980000000000000000e+02
7.240000000000000000e+02
7.190000000000000000e+02
6.950000000000000000e+02
7.430000000000000000e+02
7.670000000000000000e+02
8.560000000000000000e+02
8.380000000000000000e+02
8.660000000000000000e+02
9.220000000000000000e+02
8.150000000000000000e+02
8.520000000000000000e+02
7.580000000000000000e+02
7.380000000000000000e+02
8.290000000000000000e+02
7.870000000000000000e+02
8.000000000000000000e+02
8.160000000000000000e+02
8.670000000000000000e+02
8.890000000000000000e+02
9.720000000000000000e+02
9.150000000000000000e+02
1.000000000000000000e+03
9.190000000000000000e+02
9.720000000000000000e+02
9.290000000000000000e+02
9.180000000000000000e+02
9.420000000000000000e+02
9.220000000000000000e+02
8.940000000000000000e+02
9.150000000000000000e+02
9.130000000000000000e+02
8.470000000000000000e+02
8.280000000000000000e+02
8.260000000000000000e+02
9.020000000000000000e+02
9.350000000000000000e+02
1.064000000000000000e+03
1.123000000000000000e+03
1.203000000000000000e+03
1.178000000000000000e+03
1.320000000000000000e+03
1.374000000000000000e+03
1.364000000000000000e+03
1.327000000000000000e+03
1.289000000000000000e+03
1.147000000000000000e+03
1.211000000000000000e+03
1.191000000000000000e+03
1.194000000000000000e+03
1.100000000000000000e+03
1.196000000000000000e+03
1.147000000000000000e+03
1.171000000000000000e+03
1.106000000000000000e+03
1.166000000000000000e+03
1.096000000000000000e+03
1.215000000000000000e+03
1.160000000000000000e+03
1.239000000000000000e+03
1.080000000000000000e+03
1.137000000000000000e+03
1.116000000000000000e+03
1.080000000000000000e+03
1.121000000000000000e+03
1.053000000000000000e+03
1.200000000000000000e+03
1.211000000000000000e+03
1.113000000000000000e+03
1.143000000000000000e+03
1.086000000000000000e+03
1.135000000000000000e+03
1.294000000000000000e+03
1.432000000000000000e+03
1.546000000000000000e+03
2.339000000000000000e+03
1.620000000000000000e+03
1.604000000000000000e+03
1.713000000000000000e+03
1.773000000000000000e+03
1.891000000000000000e+03
1.832000000000000000e+03
1.804000000000000000e+03
1.906000000000000000e+03
1.919000000000000000e+03
1.943000000000000000e+03
1.787000000000000000e+03
1.930000000000000000e+03
1.938000000000000000e+03
2.059000000000000000e+03
2.015000000000000000e+03
2.039000000000000000e+03
2.393000000000000000e+03
2.262000000000000000e+03
2.013000000000000000e+03
1.978000000000000000e+03
2.164000000000000000e+03
2.209000000000000000e+03
2.204000000000000000e+03
2.381000000000000000e+03
2.010000000000000000e+03
2.155000000000000000e+03
2.112000000000000000e+03
1.880000000000000000e+03
1.999000000000000000e+03
2.343000000000000000e+03
2.380000000000000000e+03
1.896000000000000000e+03
1.898000000000000000e+03
1.937000000000000000e+03
1.857000000000000000e+03
1.691000000000000000e+03
1.748000000000000000e+03
1.579000000000000000e+03
1.500000000000000000e+03
1.530000000000000000e+03
1.495000000000000000e+03
1.498000000000000000e+03
1.422000000000000000e+03
1.228000000000000000e+03
1.332000000000000000e+03
1.332000000000000000e+03
1.292000000000000000e+03
1.182000000000000000e+03
1.198000000000000000e+03
1.341000000000000000e+03
1.281000000000000000e+03
1.292000000000000000e+03
1.303000000000000000e+03
1.169000000000000000e+03
9.430000000000000000e+02
9.860000000000000000e+02
7.550000000000000000e+02
8.440000000000000000e+02
9.130000000000000000e+02
9.870000000000000000e+02
7.520000000000000000e+02
1.163000000000000000e+03
8.990000000000000000e+02
6.200000000000000000e+02
5.980000000000000000e+02
1.192000000000000000e+03
9.430000000000000000e+02
1.039000000000000000e+03
1.324000000000000000e+03
1.194000000000000000e+03
1.432000000000000000e+03
1.319000000000000000e+03
1.037000000000000000e+03
1.192000000000000000e+03
1.764000000000000000e+03
1.280000000000000000e+03
1.529000000000000000e+03
1.421000000000000000e+03
1.003000000000000000e+03
1.458000000000000000e+03
9.410000000000000000e+02
1.032000000000000000e+03
1.360000000000000000e+03
9.340000000000000000e+02
1.276000000000000000e+03
1.127000000000000000e+03
1.125000000000000000e+03
1.023000000000000000e+03
5.430000000000000000e+02
3.650000000000000000e+02
2.410000000000000000e+02
2.020000000000000000e+02
1.860000000000000000e+02
2.180000000000000000e+02
2.170000000000000000e+02
2.630000000000000000e+02
2.720000000000000000e+02
3.430000000000000000e+02
1.430000000000000000e+02
1.320000000000000000e+02
1.100000000000000000e+02
8.800000000000000000e+01
9.100000000000000000e+01
8.900000000000000000e+01
8.200000000000000000e+01
7.300000000000000000e+01
8.100000000000000000e+01
9.200000000000000000e+01
8.600000000000000000e+01
9.300000000000000000e+01
8.200000000000000000e+01
8.100000000000000000e+01
7.800000000000000000e+01
9.800000000000000000e+01
8.200000000000000000e+01
1.010000000000000000e+02
1.000000000000000000e+02
8.700000000000000000e+01
1.270000000000000000e+02
6.500000000000000000e+01
9.100000000000000000e+01
1.000000000000000000e+02
1.010000000000000000e+02
1.000000000000000000e+02
9.900000000000000000e+01
8.700000000000000000e+01
1.010000000000000000e+02
1.000000000000000000e+02
1.070000000000000000e+02
1.200000000000000000e+02
1.500000000000000000e+02
1.460000000000000000e+02
1.690000000000000000e+02
1.930000000000000000e+02
2.180000000000000000e+02
1.164000000000000000e+03
1.251000000000000000e+03
2.010000000000000000e+02
2.740000000000000000e+02
2.490000000000000000e+02
5.330000000000000000e+02
6.280000000000000000e+02
7.550000000000000000e+02
8.700000000000000000e+02
2.991000000000000000e+03
1.182100000000000000e+04
1.665200000000000000e+04
9.211000000000000000e+03
3.916000000000000000e+03
1.109000000000000000e+03
8.900000000000000000e+01
2.700000000000000000e+01
7.000000000000000000e+00
1.000000000000000000e+00
6.000000000000000000e+00
4.000000000000000000e+00
9.000000000000000000e+01
4.000000000000000000e+00
0.000000000000000000e+00
5.000000000000000000e+00
1.800000000000000000e+01
6.000000000000000000e+00
0.000000000000000000e+00
0.000000000000000000e+00
0.000000000000000000e+00
0.000000000000000000e+00
1.550000000000000000e+02
0.000000000000000000e+00
0.000000000000000000e+00
0.000000000000000000e+00
1.000000000000000000e+00
6.000000000000000000e+00
2.400000000000000000e+01
0.000000000000000000e+00
1.000000000000000000e+00
0.000000000000000000e+00
0.000000000000000000e+00
0.000000000000000000e+00
1.100000000000000000e+01
4.000000000000000000e+00
0.000000000000000000e+00
6.000000000000000000e+00
0.000000000000000000e+00
0.000000000000000000e+00
0.000000000000000000e+00
0.000000000000000000e+00
5.400000000000000000e+01
1.000000000000000000e+00
0.000000000000000000e+00
0.000000000000000000e+00
0.000000000000000000e+00
2.000000000000000000e+00
2.000000000000000000e+00
0.000000000000000000e+00
0.000000000000000000e+00
0.000000000000000000e+00
6.000000000000000000e+00
0.000000000000000000e+00
0.000000000000000000e+00
0.000000000000000000e+00
0.000000000000000000e+00
0.000000000000000000e+00
3.000000000000000000e+01
0.000000000000000000e+00
1.000000000000000000e+00
0.000000000000000000e+00
4.000000000000000000e+00
0.000000000000000000e+00
0.000000000000000000e+00
3.000000000000000000e+00
0.000000000000000000e+00
1.840000000000000000e+02
0.000000000000000000e+00
0.000000000000000000e+00
0.000000000000000000e+00
2.000000000000000000e+00
1.200000000000000000e+01
0.000000000000000000e+00
0.000000000000000000e+00
3.800000000000000000e+01
0.000000000000000000e+00
0.000000000000000000e+00
0.000000000000000000e+00
5.000000000000000000e+00
0.000000000000000000e+00
0.000000000000000000e+00
2.370000000000000000e+02
0.000000000000000000e+00
0.000000000000000000e+00
0.000000000000000000e+00
4.000000000000000000e+00
1.300000000000000000e+01
1.250000000000000000e+02
3.000000000000000000e+00
6.700000000000000000e+01
8.000000000000000000e+00
1.500000000000000000e+01
2.210000000000000000e+02
3.100000000000000000e+01
8.690000000000000000e+02
2.080000000000000000e+02
3.650000000000000000e+02
1.896000000000000000e+03
6.010000000000000000e+02
7.030000000000000000e+02
2.719000000000000000e+03
2.419000000000000000e+03
1.383400000000000000e+04
4.104600000000000000e+04
1.076800000000000000e+04
2.259500000000000000e+04
1.030000000000000000e+04
3.560600000000000000e+04
7.269000000000000000e+03
5.720000000000000000e+03
1.331000000000000000e+03
7.418000000000000000e+03
1.000000000000000000e+00
2.109000000000000000e+03
2.920000000000000000e+02
2.689000000000000000e+03
4.785000000000000000e+03
1.733000000000000000e+03
1.200000000000000000e+02
7.560000000000000000e+02
3.740000000000000000e+02
6.590000000000000000e+02
1.000000000000000000e+01
6.240000000000000000e+02
8.790000000000000000e+02
1.100000000000000000e+01
3.800000000000000000e+02
1.530000000000000000e+02
5.000000000000000000e+00
5.160000000000000000e+02
1.700000000000000000e+01
3.150000000000000000e+02
3.350000000000000000e+02
3.260000000000000000e+02
1.300000000000000000e+01
1.250000000000000000e+02
3.450000000000000000e+02
1.980000000000000000e+02
2.560000000000000000e+02
1.600000000000000000e+01
7.000000000000000000e+00
3.810000000000000000e+02
3.000000000000000000e+00
1.150000000000000000e+02
1.460000000000000000e+02
6.000000000000000000e+00
1.120000000000000000e+02
2.910000000000000000e+02
1.100000000000000000e+02
8.400000000000000000e+01
2.210000000000000000e+02
1.380000000000000000e+02
1.090000000000000000e+02
6.700000000000000000e+01
8.600000000000000000e+01
1.540000000000000000e+02
2.310000000000000000e+02
1.120000000000000000e+02
6.600000000000000000e+01
2.000000000000000000e+01
1.250000000000000000e+02
3.460000000000000000e+02
6.100000000000000000e+01
8.100000000000000000e+01
2.100000000000000000e+02
2.050000000000000000e+02
1.330000000000000000e+02
1.130000000000000000e+02
2.850000000000000000e+02
1.430000000000000000e+02
1.360000000000000000e+02
9.250000000000000000e+02
2.200000000000000000e+02
4.240000000000000000e+02
2.830000000000000000e+02
2.060000000000000000e+02
3.840000000000000000e+02
4.560000000000000000e+02
5.430000000000000000e+02
5.520000000000000000e+02
6.480000000000000000e+02
5.380000000000000000e+02
5.370000000000000000e+02
7.000000000000000000e+02
7.820000000000000000e+02
7.760000000000000000e+02
1.657000000000000000e+03
1.218000000000000000e+03
1.006000000000000000e+03
1.940000000000000000e+03
2.065000000000000000e+03
2.364000000000000000e+03
1.764000000000000000e+03
1.569000000000000000e+03
2.624000000000000000e+03
2.906000000000000000e+03
4.350000000000000000e+03
3.519000000000000000e+03
3.377000000000000000e+03
3.351000000000000000e+03
4.718000000000000000e+03
4.319000000000000000e+03
5.249000000000000000e+03
3.420000000000000000e+03
5.737000000000000000e+03
1.010100000000000000e+04
6.863000000000000000e+03
6.616000000000000000e+03
4.573000000000000000e+03
4.535000000000000000e+03
4.640000000000000000e+03
6.185000000000000000e+03
5.278000000000000000e+03
5.288000000000000000e+03
4.935000000000000000e+03
4.276000000000000000e+03
4.589000000000000000e+03
3.729000000000000000e+03
3.213000000000000000e+03
3.032000000000000000e+03
2.696000000000000000e+03
2.345000000000000000e+03
3.126000000000000000e+03
2.079000000000000000e+03
2.601000000000000000e+03
2.078000000000000000e+03
2.169000000000000000e+03
2.532000000000000000e+03
1.486000000000000000e+03
1.746000000000000000e+03
1.233000000000000000e+03
1.403000000000000000e+03
1.108000000000000000e+03
9.710000000000000000e+02
6.760000000000000000e+02
1.065000000000000000e+03
6.470000000000000000e+02
6.500000000000000000e+02
7.510000000000000000e+02
5.840000000000000000e+02
4.860000000000000000e+02
7.180000000000000000e+02
7.250000000000000000e+02
5.010000000000000000e+02
6.110000000000000000e+02
6.090000000000000000e+02
6.060000000000000000e+02
4.470000000000000000e+02
5.490000000000000000e+02
6.200000000000000000e+02
3.970000000000000000e+02
6.020000000000000000e+02
6.480000000000000000e+02
6.810000000000000000e+02
6.510000000000000000e+02
3.890000000000000000e+02
9.240000000000000000e+02
4.400000000000000000e+02
4.870000000000000000e+02
5.690000000000000000e+02
4.990000000000000000e+02
5.980000000000000000e+02
5.360000000000000000e+02
5.910000000000000000e+02
6.130000000000000000e+02
6.280000000000000000e+02
5.840000000000000000e+02
6.470000000000000000e+02
5.910000000000000000e+02
6.840000000000000000e+02
6.370000000000000000e+02
6.670000000000000000e+02
5.680000000000000000e+02
8.380000000000000000e+02
6.280000000000000000e+02
6.860000000000000000e+02
6.970000000000000000e+02
7.450000000000000000e+02
9.020000000000000000e+02
7.870000000000000000e+02
8.860000000000000000e+02
6.640000000000000000e+02
5.980000000000000000e+02
7.810000000000000000e+02
7.640000000000000000e+02
5.670000000000000000e+02
5.840000000000000000e+02
6.330000000000000000e+02
7.120000000000000000e+02
7.620000000000000000e+02
7.090000000000000000e+02
6.760000000000000000e+02
6.200000000000000000e+02
6.520000000000000000e+02
5.600000000000000000e+02
5.950000000000000000e+02
4.760000000000000000e+02
4.730000000000000000e+02
4.270000000000000000e+02
6.670000000000000000e+02
4.550000000000000000e+02
4.080000000000000000e+02
4.480000000000000000e+02
4.490000000000000000e+02
4.220000000000000000e+02
4.850000000000000000e+02
5.000000000000000000e+02
5.360000000000000000e+02
4.970000000000000000e+02
5.130000000000000000e+02
5.270000000000000000e+02
5.640000000000000000e+02
5.690000000000000000e+02
6.420000000000000000e+02
5.960000000000000000e+02
5.360000000000000000e+02
5.580000000000000000e+02
6.040000000000000000e+02
5.560000000000000000e+02
6.240000000000000000e+02
6.580000000000000000e+02
6.260000000000000000e+02
6.870000000000000000e+02
6.600000000000000000e+02
8.630000000000000000e+02
7.710000000000000000e+02
7.890000000000000000e+02
8.390000000000000000e+02
6.460000000000000000e+02
7.490000000000000000e+02
6.630000000000000000e+02
6.080000000000000000e+02
6.300000000000000000e+02
5.440000000000000000e+02
5.370000000000000000e+02
5.270000000000000000e+02
5.160000000000000000e+02
4.260000000000000000e+02
3.320000000000000000e+02
3.480000000000000000e+02
3.620000000000000000e+02
3.140000000000000000e+02
3.180000000000000000e+02
2.480000000000000000e+02
2.290000000000000000e+02
2.420000000000000000e+02
2.060000000000000000e+02
1.710000000000000000e+02
2.000000000000000000e+02
1.400000000000000000e+02
1.260000000000000000e+02
1.240000000000000000e+02
8.600000000000000000e+01
1.100000000000000000e+02
7.100000000000000000e+01
7.300000000000000000e+01
7.400000000000000000e+01
3.600000000000000000e+01
6.200000000000000000e+01
6.100000000000000000e+01
3.700000000000000000e+01
2.300000000000000000e+01
8.100000000000000000e+01
1.800000000000000000e+01
2.200000000000000000e+01
3.700000000000000000e+01
2.100000000000000000e+01
4.600000000000000000e+01
2.100000000000000000e+01
3.700000000000000000e+01
1.300000000000000000e+01
1.800000000000000000e+01
2.600000000000000000e+01
1.200000000000000000e+01
1.000000000000000000e+01
5.000000000000000000e+01
3.000000000000000000e+00
1.700000000000000000e+01
1.200000000000000000e+01
7.000000000000000000e+00
2.500000000000000000e+01
1.500000000000000000e+01
8.000000000000000000e+00
2.000000000000000000e+00
6.300000000000000000e+01
2.000000000000000000e+00
1.600000000000000000e+01
1.100000000000000000e+01
7.000000000000000000e+00
1.000000000000000000e+00
2.800000000000000000e+01
5.000000000000000000e+00
1.700000000000000000e+01
6.000000000000000000e+00
2.400000000000000000e+01
6.000000000000000000e+00
2.800000000000000000e+01
5.000000000000000000e+00
2.800000000000000000e+01
7.000000000000000000e+00
1.000000000000000000e+00
9.000000000000000000e+00
5.000000000000000000e+00
1.600000000000000000e+01
1.000000000000000000e+00
1.200000000000000000e+01
2.100000000000000000e+01
0.000000000000000000e+00
1.800000000000000000e+01
1.300000000000000000e+01
2.600000000000000000e+01
6.000000000000000000e+00
5.000000000000000000e+00
9.000000000000000000e+00
5.000000000000000000e+00
5.000000000000000000e+00
1.000000000000000000e+00
2.000000000000000000e+00
1.000000000000000000e+00
1.000000000000000000e+00
0.000000000000000000e+00
0.000000000000000000e+00
0.000000000000000000e+00
0.000000000000000000e+00
0.000000000000000000e+00
0.000000000000000000e+00
3.490000000000000000e+02
0.000000000000000000e+00
2.000000000000000000e+00
1.000000000000000000e+00
9.000000000000000000e+00
1.900000000000000000e+01
3.000000000000000000e+01
5.700000000000000000e+01
5.000000000000000000e+01
8.100000000000000000e+01
9.700000000000000000e+01
8.900000000000000000e+01
1.340000000000000000e+02
1.910000000000000000e+02
2.840000000000000000e+02
4.080000000000000000e+02
8.780000000000000000e+02
5.300000000000000000e+02
6.000000000000000000e+02
5.320000000000000000e+02
4.650000000000000000e+02
4.540000000000000000e+02
4.940000000000000000e+02
5.100000000000000000e+02
4.330000000000000000e+02
4.600000000000000000e+02
4.370000000000000000e+02
4.480000000000000000e+02
4.200000000000000000e+02
4.490000000000000000e+02
4.110000000000000000e+02
4.290000000000000000e+02
3.920000000000000000e+02
4.430000000000000000e+02
4.510000000000000000e+02
7.170000000000000000e+02
4.290000000000000000e+02
5.040000000000000000e+02
4.590000000000000000e+02
5.770000000000000000e+02
4.560000000000000000e+02
4.440000000000000000e+02
5.070000000000000000e+02
4.100000000000000000e+02
4.260000000000000000e+02
4.550000000000000000e+02
4.670000000000000000e+02
4.170000000000000000e+02
4.100000000000000000e+02
4.190000000000000000e+02
4.110000000000000000e+02
4.730000000000000000e+02
4.630000000000000000e+02
4.460000000000000000e+02
4.910000000000000000e+02
4.330000000000000000e+02
4.790000000000000000e+02
4.200000000000000000e+02
4.420000000000000000e+02
5.240000000000000000e+02
5.340000000000000000e+02
5.170000000000000000e+02
5.290000000000000000e+02
6.090000000000000000e+02
6.510000000000000000e+02
7.220000000000000000e+02
6.440000000000000000e+02
6.830000000000000000e+02
6.560000000000000000e+02
6.810000000000000000e+02
6.560000000000000000e+02
6.210000000000000000e+02
6.190000000000000000e+02
5.680000000000000000e+02
5.450000000000000000e+02
5.270000000000000000e+02
4.750000000000000000e+02
4.710000000000000000e+02
4.310000000000000000e+02
4.140000000000000000e+02
4.740000000000000000e+02
4.920000000000000000e+02
5.020000000000000000e+02
4.890000000000000000e+02
4.840000000000000000e+02
4.900000000000000000e+02
5.750000000000000000e+02
5.600000000000000000e+02
5.900000000000000000e+02
5.840000000000000000e+02
5.990000000000000000e+02
5.080000000000000000e+02
5.640000000000000000e+02
5.550000000000000000e+02
6.380000000000000000e+02
6.240000000000000000e+02
7.540000000000000000e+02
7.220000000000000000e+02
7.680000000000000000e+02
7.550000000000000000e+02
8.600000000000000000e+02
8.790000000000000000e+02
1.029000000000000000e+03
9.880000000000000000e+02
1.075000000000000000e+03
9.250000000000000000e+02
9.740000000000000000e+02
1.003000000000000000e+03
1.020000000000000000e+03
1.058000000000000000e+03
1.032000000000000000e+03
1.115000000000000000e+03
1.130000000000000000e+03
1.044000000000000000e+03
1.004000000000000000e+03
9.640000000000000000e+02
9.920000000000000000e+02
1.175000000000000000e+03
1.287000000000000000e+03
1.456000000000000000e+03
2.178000000000000000e+03
1.498000000000000000e+03
1.502000000000000000e+03
1.613000000000000000e+03
1.673000000000000000e+03
1.804000000000000000e+03
1.752000000000000000e+03
1.758000000000000000e+03
1.822000000000000000e+03
1.917000000000000000e+03
1.918000000000000000e+03
1.748000000000000000e+03
1.882000000000000000e+03
1.910000000000000000e+03
1.986000000000000000e+03
1.970000000000000000e+03
1.977000000000000000e+03
2.334000000000000000e+03
2.173000000000000000e+03
1.917000000000000000e+03
1.801000000000000000e+03
1.959000000000000000e+03
2.060000000000000000e+03
2.081000000000000000e+03
2.236000000000000000e+03
1.976000000000000000e+03
2.056000000000000000e+03
1.987000000000000000e+03
1.769000000000000000e+03
1.845000000000000000e+03
2.260000000000000000e+03
2.304000000000000000e+03
1.825000000000000000e+03
1.858000000000000000e+03
1.912000000000000000e+03
1.810000000000000000e+03
1.752000000000000000e+03
1.761000000000000000e+03
1.643000000000000000e+03
1.561000000000000000e+03
1.630000000000000000e+03
1.536000000000000000e+03
1.569000000000000000e+03
1.399000000000000000e+03
1.279000000000000000e+03
1.353000000000000000e+03
1.329000000000000000e+03
1.318000000000000000e+03
1.203000000000000000e+03
1.207000000000000000e+03
1.321000000000000000e+03
1.268000000000000000e+03
1.372000000000000000e+03
1.335000000000000000e+03
1.244000000000000000e+03
1.048000000000000000e+03
1.143000000000000000e+03
9.170000000000000000e+02
9.830000000000000000e+02
1.105000000000000000e+03
1.183000000000000000e+03
9.540000000000000000e+02
1.369000000000000000e+03
1.108000000000000000e+03
8.270000000000000000e+02
8.170000000000000000e+02
1.387000000000000000e+03
1.164000000000000000e+03
1.269000000000000000e+03
1.572000000000000000e+03
1.442000000000000000e+03
1.685000000000000000e+03
1.579000000000000000e+03
1.287000000000000000e+03
1.472000000000000000e+03
2.046000000000000000e+03
1.556000000000000000e+03
1.818000000000000000e+03
1.682000000000000000e+03
1.259000000000000000e+03
1.731000000000000000e+03
1.236000000000000000e+03
1.282000000000000000e+03
1.620000000000000000e+03
1.247000000000000000e+03
1.567000000000000000e+03
1.435000000000000000e+03
1.414000000000000000e+03
1.320000000000000000e+03
8.570000000000000000e+02
6.760000000000000000e+02
5.560000000000000000e+02
5.110000000000000000e+02
5.540000000000000000e+02
5.960000000000000000e+02
5.700000000000000000e+02
6.420000000000000000e+02
6.800000000000000000e+02
7.480000000000000000e+02
5.160000000000000000e+02
5.280000000000000000e+02
4.860000000000000000e+02
4.390000000000000000e+02
4.970000000000000000e+02
4.720000000000000000e+02
4.190000000000000000e+02
4.870000000000000000e+02
4.760000000000000000e+02
5.010000000000000000e+02
5.460000000000000000e+02
5.160000000000000000e+02
5.040000000000000000e+02
5.560000000000000000e+02
5.180000000000000000e+02
6.200000000000000000e+02
5.990000000000000000e+02
5.390000000000000000e+02
5.480000000000000000e+02
5.880000000000000000e+02
6.220000000000000000e+02
5.790000000000000000e+02
6.720000000000000000e+02
6.590000000000000000e+02
6.490000000000000000e+02
7.180000000000000000e+02
7.250000000000000000e+02
7.910000000000000000e+02
7.710000000000000000e+02
7.500000000000000000e+02
8.510000000000000000e+02
8.480000000000000000e+02
9.160000000000000000e+02
1.013000000000000000e+03
8.900000000000000000e+02
7.730000000000000000e+02
6.720000000000000000e+02
2.024000000000000000e+03
