2.890000000000000000e+02
7.200000000000000000e+01
1.150000000000000000e+02
1.170000000000000000e+02
1.570000000000000000e+02
2.030000000000000000e+02
2.460000000000000000e+02
3.150000000000000000e+02
3.570000000000000000e+02
4.040000000000000000e+02
5.890000000000000000e+02
7.650000000000000000e+02
9.120000000000000000e+02
9.660000000000000000e+02
1.306000000000000000e+03
1.647000000000000000e+03
2.079000000000000000e+03
4.536000000000000000e+03
4.141000000000000000e+03
2.779000000000000000e+03
3.343000000000000000e+03
2.632000000000000000e+03
2.673000000000000000e+03
2.575000000000000000e+03
2.445000000000000000e+03
2.522000000000000000e+03
2.403000000000000000e+03
2.654000000000000000e+03
2.561000000000000000e+03
2.067000000000000000e+03
1.995000000000000000e+03
1.868000000000000000e+03
1.825000000000000000e+03
1.826000000000000000e+03
1.847000000000000000e+03
1.941000000000000000e+03
1.832000000000000000e+03
1.894000000000000000e+03
1.957000000000000000e+03
2.053000000000000000e+03
2.139000000000000000e+03
2.258000000000000000e+03
2.247000000000000000e+03
2.023000000000000000e+03
2.065000000000000000e+03
2.061000000000000000e+03
1.930000000000000000e+03
1.892000000000000000e+03
1.978000000000000000e+03
2.015000000000000000e+03
2.049000000000000000e+03
2.193000000000000000e+03
1.903000000000000000e+03
1.885000000000000000e+03
1.824000000000000000e+03
1.767000000000000000e+03
1.806000000000000000e+03
1.720000000000000000e+03
1.591000000000000000e+03
1.777000000000000000e+03
1.673000000000000000e+03
1.660000000000000000e+03
1.697000000000000000e+03
1.606000000000000000e+03
1.617000000000000000e+03
1.571000000000000000e+03
1.576000000000000000e+03
1.686000000000000000e+03
1.568000000000000000e+03
1.554000000000000000e+03
1.497000000000000000e+03
1.457000000000000000e+03
1.448000000000000000e+03
1.382000000000000000e+03
1.261000000000000000e+03
1.229000000000000000e+03
1.243000000000000000e+03
1.298000000000000000e+03
1.222000000000000000e+03
1.133000000000000000e+03
1.110000000000000000e+03
1.182000000000000000e+03
1.210000000000000000e+03
1.175000000000000000e+03
1.080000000000000000e+03
1.052000000000000000e+03
1.087000000000000000e+03
1.178000000000000000e+03
1.175000000000000000e+03
1.083000000000000000e+03
1.164000000000000000e+03
1.151000000000000000e+03
1.167000000000000000e+03
1.029000000000000000e+03
1.071000000000000000e+03
1.114000000000000000e+03
1.038000000000000000e+03
1.050000000000000000e+03
1.058000000000000000e+03
1.054000000000000000e+03
1.067000000000000000e+03
1.089000000000000000e+03
1.164000000000000000e+03
1.163000000000000000e+03
1.221000000000000000e+03
1.145000000000000000e+03
1.109000000000000000e+03
1.177000000000000000e+03
1.172000000000000000e+03
1.217000000000000000e+03
1.173000000000000000e+03
1.263000000000000000e+03
1.193000000000000000e+03
1.415000000000000000e+03
1.578000000000000000e+03
1.524000000000000000e+03
1.905000000000000000e+03
1.506000000000000000e+03
1.899000000000000000e+03
1.712000000000000000e+03
1.521000000000000000e+03
2.275000000000000000e+03
1.945000000000000000e+03
2.290000000000000000e+03
1.828000000000000000e+03
1.984000000000000000e+03
1.615000000000000000e+03
1.642000000000000000e+03
1.860000000000000000e+03
1.843000000000000000e+03
1.480000000000000000e+03
1.733000000000000000e+03
2.380000000000000000e+03
2.007000000000000000e+03
1.775000000000000000e+03
1.492000000000000000e+03
2.055000000000000000e+03
2.194000000000000000e+03
1.724000000000000000e+03
1.889000000000000000e+03
1.823000000000000000e+03
1.454000000000000000e+03
1.764000000000000000e+03
1.589000000000000000e+03
1.749000000000000000e+03
1.939000000000000000e+03
1.863000000000000000e+03
1.974000000000000000e+03
2.525000000000000000e+03
2.241000000000000000e+03
2.900000000000000000e+03
2.624000000000000000e+03
2.453000000000000000e+03
2.702000000000000000e+03
1.513000000000000000e+03
2.653000000000000000e+03
2.386000000000000000e+03
2.410000000000000000e+03
1.496000000000000000e+03
2.237000000000000000e+03
2.170000000000000000e+03
1.887000000000000000e+03
1.961000000000000000e+03
2.507000000000000000e+03
2.282000000000000000e+03
2.011000000000000000e+03
1.758000000000000000e+03
1.746000000000000000e+03
1.920000000000000000e+03
1.387000000000000000e+03
1.558000000000000000e+03
1.831000000000000000e+03
1.608000000000000000e+03
1.473000000000000000e+03
1.513000000000000000e+03
1.789000000000000000e+03
1.717000000000000000e+03
1.534000000000000000e+03
1.532000000000000000e+03
1.514000000000000000e+03
1.585000000000000000e+03
1.438000000000000000e+03
1.444000000000000000e+03
1.509000000000000000e+03
1.340000000000000000e+03
1.506000000000000000e+03
1.358000000000000000e+03
1.376000000000000000e+03
1.468000000000000000e+03
1.571000000000000000e+03
1.852000000000000000e+03
1.659000000000000000e+03
1.733000000000000000e+03
1.834000000000000000e+03
2.005000000000000000e+03
1.899000000000000000e+03
1.725000000000000000e+03
1.919000000000000000e+03
1.651000000000000000e+03
1.757000000000000000e+03
1.715000000000000000e+03
1.608000000000000000e+03
1.741000000000000000e+03
1.831000000000000000e+03
1.703000000000000000e+03
1.687000000000000000e+03
1.653000000000000000e+03
1.611000000000000000e+03
1.663000000000000000e+03
1.635000000000000000e+03
1.721000000000000000e+03
1.640000000000000000e+03
1.596000000000000000e+03
1.573000000000000000e+03
1.610000000000000000e+03
1.509000000000000000e+03
1.586000000000000000e+03
1.750000000000000000e+03
1.631000000000000000e+03
1.646000000000000000e+03
1.686000000000000000e+03
1.687000000000000000e+03
1.725000000000000000e+03
1.858000000000000000e+03
1.858000000000000000e+03
2.242000000000000000e+03
2.343000000000000000e+03
2.634000000000000000e+03
3.033000000000000000e+03
3.743000000000000000e+03
3.769000000000000000e+03
3.859000000000000000e+03
3.600000000000000000e+03
2.942000000000000000e+03
2.734000000000000000e+03
2.228000000000000000e+03
2.140000000000000000e+03
1.963000000000000000e+03
1.877000000000000000e+03
1.918000000000000000e+03
2.002000000000000000e+03
1.957000000000000000e+03
1.870000000000000000e+03
1.825000000000000000e+03
1.936000000000000000e+03
2.010000000000000000e+03
2.107000000000000000e+03
2.392000000000000000e+03
2.720000000000000000e+03
2.914000000000000000e+03
4.256000000000000000e+03
7.372000000000000000e+03
7.377000000000000000e+03
2.319180000000000000e+05
3.652200000000000000e+04
2.293910000000000000e+05
8.250000000000000000e+02
2.740000000000000000e+02
3.460000000000000000e+02
3.730000000000000000e+02
4.570000000000000000e+02
5.710000000000000000e+02
6.560000000000000000e+02
8.180000000000000000e+02
9.450000000000000000e+02
1.289000000000000000e+03
1.459000000000000000e+03
1.977000000000000000e+03
2.391000000000000000e+03
3.182000000000000000e+03
4.644000000000000000e+03
6.875000000000000000e+03
1.149300000000000000e+04
1.512000000000000000e+04
1.929700000000000000e+04
1.785000000000000000e+04
1.399900000000000000e+04
1.294700000000000000e+04
9.240000000000000000e+03
7.472000000000000000e+03
6.735000000000000000e+03
5.109000000000000000e+03
4.834000000000000000e+03
4.303000000000000000e+03
3.963000000000000000e+03
3.715000000000000000e+03
3.652000000000000000e+03
3.359000000000000000e+03
3.173000000000000000e+03
3.195000000000000000e+03
3.372000000000000000e+03
3.289000000000000000e+03
3.157000000000000000e+03
3.021000000000000000e+03
3.179000000000000000e+03
3.314000000000000000e+03
3.322000000000000000e+03
3.392000000000000000e+03
3.351000000000000000e+03
3.366000000000000000e+03
3.201000000000000000e+03
3.211000000000000000e+03
2.965000000000000000e+03
3.071000000000000000e+03
2.896000000000000000e+03
2.792000000000000000e+03
2.764000000000000000e+03
2.718000000000000000e+03
2.738000000000000000e+03
2.457000000000000000e+03
2.394000000000000000e+03
2.211000000000000000e+03
2.320000000000000000e+03
2.087000000000000000e+03
2.039000000000000000e+03
2.030000000000000000e+03
2.042000000000000000e+03
2.072000000000000000e+03
2.051000000000000000e+03
1.986000000000000000e+03
2.050000000000000000e+03
2.034000000000000000e+03
2.026000000000000000e+03
1.963000000000000000e+03
2.051000000000000000e+03
1.902000000000000000e+03
1.969000000000000000e+03
1.932000000000000000e+03
1.839000000000000000e+03
1.814000000000000000e+03
1.777000000000000000e+03
1.900000000000000000e+03
2.020000000000000000e+03
2.285000000000000000e+03
2.227000000000000000e+03
2.155000000000000000e+03
2.047000000000000000e+03
2.132000000000000000e+03
2.250000000000000000e+03
2.260000000000000000e+03
2.243000000000000000e+03
2.207000000000000000e+03
2.083000000000000000e+03
2.112000000000000000e+03
2.229000000000000000e+03
2.251000000000000000e+03
2.211000000000000000e+03
2.037000000000000000e+03
1.849000000000000000e+03
1.709000000000000000e+03
1.458000000000000000e+03
1.345000000000000000e+03
1.313000000000000000e+03
1.291000000000000000e+03
1.211000000000000000e+03
1.260000000000000000e+03
1.153000000000000000e+03
1.160000000000000000e+03
1.020000000000000000e+03
1.124000000000000000e+03
1.171000000000000000e+03
1.140000000000000000e+03
1.081000000000000000e+03
1.076000000000000000e+03
1.098000000000000000e+03
1.178000000000000000e+03
1.058000000000000000e+03
1.015000000000000000e+03
1.066000000000000000e+03
1.060000000000000000e+03
1.060000000000000000e+03
1.072000000000000000e+03
1.076000000000000000e+03
1.058000000000000000e+03
9.770000000000000000e+02
9.430000000000000000e+02
9.540000000000000000e+02
8.810000000000000000e+02
9.360000000000000000e+02
9.030000000000000000e+02
8.790000000000000000e+02
8.620000000000000000e+02
8.870000000000000000e+02
8.590000000000000000e+02
9.310000000000000000e+02
9.020000000000000000e+02
9.290000000000000000e+02
9.260000000000000000e+02
9.430000000000000000e+02
9.580000000000000000e+02
9.100000000000000000e+02
9.020000000000000000e+02
8.890000000000000000e+02
8.220000000000000000e+02
8.190000000000000000e+02
7.880000000000000000e+02
7.740000000000000000e+02
8.230000000000000000e+02
7.230000000000000000e+02
7.680000000000000000e+02
7.370000000000000000e+02
7.620000000000000000e+02
7.890000000000000000e+02
8.340000000000000000e+02
1.063000000000000000e+03
1.527000000000000000e+03
9.830000000000000000e+02
1.574000000000000000e+03
1.949000000000000000e+03
1.176000000000000000e+03
1.350000000000000000e+03
1.102000000000000000e+03
1.050000000000000000e+03
9.410000000000000000e+02
8.990000000000000000e+02
9.060000000000000000e+02
8.890000000000000000e+02
7.770000000000000000e+02
7.820000000000000000e+02
6.760000000000000000e+02
6.100000000000000000e+02
5.670000000000000000e+02
6.040000000000000000e+02
5.920000000000000000e+02
5.540000000000000000e+02
5.600000000000000000e+02
5.670000000000000000e+02
5.370000000000000000e+02
5.610000000000000000e+02
5.610000000000000000e+02
5.440000000000000000e+02
6.150000000000000000e+02
6.070000000000000000e+02
5.350000000000000000e+02
5.220000000000000000e+02
4.080000000000000000e+02
4.190000000000000000e+02
3.650000000000000000e+02
3.250000000000000000e+02
3.470000000000000000e+02
3.220000000000000000e+02
3.240000000000000000e+02
3.190000000000000000e+02
3.020000000000000000e+02
3.180000000000000000e+02
3.450000000000000000e+02
3.110000000000000000e+02
3.800000000000000000e+02
2.990000000000000000e+02
3.340000000000000000e+02
3.440000000000000000e+02
3.650000000000000000e+02
3.940000000000000000e+02
3.710000000000000000e+02
5.200000000000000000e+02
5.820000000000000000e+02
5.700000000000000000e+02
6.520000000000000000e+02
7.400000000000000000e+02
8.010000000000000000e+02
9.270000000000000000e+02
7.310000000000000000e+02
6.490000000000000000e+02
7.760000000000000000e+02
6.850000000000000000e+02
6.550000000000000000e+02
6.490000000000000000e+02
6.130000000000000000e+02
6.450000000000000000e+02
6.170000000000000000e+02
6.510000000000000000e+02
6.410000000000000000e+02
5.760000000000000000e+02
5.920000000000000000e+02
5.490000000000000000e+02
4.700000000000000000e+02
5.030000000000000000e+02
4.960000000000000000e+02
4.400000000000000000e+02
4.060000000000000000e+02
4.480000000000000000e+02
4.280000000000000000e+02
3.810000000000000000e+02
4.260000000000000000e+02
4.440000000000000000e+02
4.060000000000000000e+02
4.390000000000000000e+02
4.820000000000000000e+02
5.130000000000000000e+02
4.630000000000000000e+02
4.310000000000000000e+02
4.250000000000000000e+02
4.020000000000000000e+02
4.640000000000000000e+02
5.050000000000000000e+02
4.750000000000000000e+02
5.170000000000000000e+02
5.390000000000000000e+02
5.720000000000000000e+02
5.930000000000000000e+02
6.740000000000000000e+02
8.410000000000000000e+02
9.240000000000000000e+02
1.222000000000000000e+03
1.431000000000000000e+03
1.775000000000000000e+03
2.601000000000000000e+03
3.229000000000000000e+03
5.583000000000000000e+03
1.119700000000000000e+04
2.563990000000000000e+05
2.353990000000000000e+05
6.630000000000000000e+02
1.590000000000000000e+02
2.460000000000000000e+02
2.240000000000000000e+02
2.740000000000000000e+02
3.920000000000000000e+02
4.160000000000000000e+02
4.770000000000000000e+02
4.700000000000000000e+02
5.710000000000000000e+02
7.420000000000000000e+02
7.890000000000000000e+02
9.780000000000000000e+02
1.159000000000000000e+03
1.322000000000000000e+03
1.582000000000000000e+03
2.067000000000000000e+03
2.327000000000000000e+03
3.151000000000000000e+03
3.780000000000000000e+03
6.873000000000000000e+03
6.666000000000000000e+03
7.774000000000000000e+03
8.911000000000000000e+03
1.138700000000000000e+04
1.281100000000000000e+04
1.046700000000000000e+04
9.669000000000000000e+03
1.426200000000000000e+04
1.043400000000000000e+04
9.673000000000000000e+03
8.255000000000000000e+03
6.782000000000000000e+03
5.795000000000000000e+03
4.671000000000000000e+03
4.314000000000000000e+03
3.765000000000000000e+03
3.549000000000000000e+03
3.569000000000000000e+03
3.768000000000000000e+03
3.818000000000000000e+03
3.913000000000000000e+03
3.612000000000000000e+03
3.844000000000000000e+03
3.843000000000000000e+03
3.811000000000000000e+03
3.723000000000000000e+03
3.460000000000000000e+03
3.651000000000000000e+03
3.511000000000000000e+03
3.493000000000000000e+03
3.249000000000000000e+03
3.093000000000000000e+03
3.021000000000000000e+03
2.958000000000000000e+03
2.796000000000000000e+03
2.805000000000000000e+03
2.759000000000000000e+03
2.620000000000000000e+03
2.441000000000000000e+03
2.443000000000000000e+03
2.516000000000000000e+03
2.523000000000000000e+03
2.271000000000000000e+03
2.211000000000000000e+03
2.028000000000000000e+03
2.016000000000000000e+03
2.027000000000000000e+03
1.938000000000000000e+03
1.913000000000000000e+03
1.988000000000000000e+03
1.926000000000000000e+03
1.906000000000000000e+03
1.983000000000000000e+03
2.371000000000000000e+03
2.039000000000000000e+03
2.017000000000000000e+03
2.041000000000000000e+03
2.114000000000000000e+03
2.122000000000000000e+03
2.150000000000000000e+03
2.097000000000000000e+03
2.020000000000000000e+03
2.092000000000000000e+03
2.027000000000000000e+03
2.164000000000000000e+03
2.077000000000000000e+03
1.998000000000000000e+03
2.098000000000000000e+03
2.175000000000000000e+03
1.963000000000000000e+03
2.139000000000000000e+03
2.000000000000000000e+03
2.113000000000000000e+03
1.890000000000000000e+03
2.249000000000000000e+03
2.155000000000000000e+03
1.665000000000000000e+03
1.369000000000000000e+03
1.369000000000000000e+03
1.207000000000000000e+03
1.237000000000000000e+03
1.072000000000000000e+03
1.110000000000000000e+03
1.054000000000000000e+03
1.108000000000000000e+03
1.115000000000000000e+03
1.077000000000000000e+03
1.164000000000000000e+03
1.083000000000000000e+03
1.182000000000000000e+03
1.200000000000000000e+03
1.132000000000000000e+03
1.158000000000000000e+03
1.212000000000000000e+03
1.251000000000000000e+03
1.132000000000000000e+03
1.103000000000000000e+03
9.180000000000000000e+02
1.055000000000000000e+03
1.006000000000000000e+03
9.580000000000000000e+02
1.048000000000000000e+03
9.930000000000000000e+02
9.340000000000000000e+02
9.180000000000000000e+02
9.490000000000000000e+02
9.520000000000000000e+02
9.350000000000000000e+02
9.710000000000000000e+02
9.560000000000000000e+02
9.560000000000000000e+02
8.910000000000000000e+02
9.430000000000000000e+02
8.820000000000000000e+02
9.410000000000000000e+02
9.700000000000000000e+02
9.670000000000000000e+02
9.510000000000000000e+02
9.610000000000000000e+02
8.880000000000000000e+02
8.500000000000000000e+02
8.080000000000000000e+02
8.150000000000000000e+02
7.660000000000000000e+02
7.470000000000000000e+02
8.150000000000000000e+02
7.830000000000000000e+02
7.890000000000000000e+02
7.750000000000000000e+02
9.400000000000000000e+02
1.490000000000000000e+03
9.610000000000000000e+02
1.396000000000000000e+03
1.722000000000000000e+03
1.111000000000000000e+03
1.403000000000000000e+03
1.031000000000000000e+03
1.067000000000000000e+03
1.000000000000000000e+03
8.710000000000000000e+02
8.670000000000000000e+02
8.590000000000000000e+02
8.050000000000000000e+02
8.530000000000000000e+02
8.050000000000000000e+02
7.770000000000000000e+02
7.290000000000000000e+02
7.330000000000000000e+02
7.140000000000000000e+02
6.660000000000000000e+02
5.790000000000000000e+02
5.680000000000000000e+02
5.720000000000000000e+02
6.160000000000000000e+02
5.670000000000000000e+02
6.010000000000000000e+02
5.710000000000000000e+02
5.820000000000000000e+02
5.560000000000000000e+02
4.980000000000000000e+02
4.850000000000000000e+02
5.240000000000000000e+02
4.370000000000000000e+02
4.500000000000000000e+02
4.170000000000000000e+02
3.590000000000000000e+02
4.330000000000000000e+02
4.070000000000000000e+02
3.750000000000000000e+02
3.310000000000000000e+02
3.150000000000000000e+02
3.500000000000000000e+02
2.980000000000000000e+02
3.590000000000000000e+02
3.550000000000000000e+02
3.530000000000000000e+02
3.830000000000000000e+02
4.490000000000000000e+02
4.160000000000000000e+02
4.220000000000000000e+02
5.220000000000000000e+02
5.430000000000000000e+02
4.760000000000000000e+02
7.880000000000000000e+02
6.200000000000000000e+02
1.077000000000000000e+03
6.650000000000000000e+02
8.700000000000000000e+02
8.710000000000000000e+02
7.570000000000000000e+02
6.830000000000000000e+02
6.720000000000000000e+02
6.530000000000000000e+02
6.710000000000000000e+02
6.660000000000000000e+02
6.910000000000000000e+02
7.020000000000000000e+02
6.070000000000000000e+02
5.540000000000000000e+02
5.400000000000000000e+02
5.090000000000000000e+02
5.710000000000000000e+02
4.520000000000000000e+02
4.360000000000000000e+02
5.070000000000000000e+02
4.250000000000000000e+02
4.330000000000000000e+02
4.070000000000000000e+02
5.040000000000000000e+02
4.230000000000000000e+02
4.790000000000000000e+02
4.970000000000000000e+02
5.310000000000000000e+02
4.320000000000000000e+02
4.690000000000000000e+02
5.120000000000000000e+02
5.010000000000000000e+02
4.970000000000000000e+02
5.300000000000000000e+02
5.530000000000000000e+02
6.680000000000000000e+02
5.920000000000000000e+02
7.110000000000000000e+02
7.820000000000000000e+02
9.200000000000000000e+02
9.940000000000000000e+02
1.111000000000000000e+03
1.326000000000000000e+03
1.620000000000000000e+03
1.973000000000000000e+03
2.648000000000000000e+03
4.169000000000000000e+03
7.817000000000000000e+03
3.660600000000000000e+04
4.608430000000000000e+05
2.835390000000000000e+05
1.323700000000000000e+04
6.747000000000000000e+03
3.679000000000000000e+03
2.251000000000000000e+03
1.593000000000000000e+03
1.828000000000000000e+03
3.670000000000000000e+02
7.750000000000000000e+02
3.280000000000000000e+02
2.630000000000000000e+02
8.560000000000000000e+02
1.610000000000000000e+02
1.738000000000000000e+03
2.680000000000000000e+02
2.360000000000000000e+02
2.680000000000000000e+02
1.080000000000000000e+02
1.190000000000000000e+02
3.330000000000000000e+02
1.547000000000000000e+03
2.040000000000000000e+02
6.500000000000000000e+01
1.680000000000000000e+02
5.380000000000000000e+02
2.010000000000000000e+02
6.100000000000000000e+01
3.500000000000000000e+01
8.000000000000000000e+00
6.000000000000000000e+00
1.746000000000000000e+03
1.000000000000000000e+00
8.000000000000000000e+00
1.100000000000000000e+01
7.000000000000000000e+01
2.010000000000000000e+02
4.930000000000000000e+02
6.000000000000000000e+00
5.100000000000000000e+01
9.000000000000000000e+00
3.800000000000000000e+01
3.000000000000000000e+00
4.140000000000000000e+02
7.800000000000000000e+01
2.000000000000000000e+00
1.060000000000000000e+02
9.000000000000000000e+00
9.000000000000000000e+00
4.800000000000000000e+01
2.000000000000000000e+00
1.299000000000000000e+03
8.900000000000000000e+01
1.800000000000000000e+01
2.300000000000000000e+01
3.200000000000000000e+01
2.470000000000000000e+02
7.800000000000000000e+01
2.200000000000000000e+01
7.000000000000000000e+00
1.000000000000000000e+00
2.030000000000000000e+02
0.000000000000000000e+00
2.100000000000000000e+01
5.800000000000000000e+01
1.100000000000000000e+01
2.600000000000000000e+01
4.200000000000000000e+02
3.500000000000000000e+01
1.660000000000000000e+02
9.400000000000000000e+01
4.240000000000000000e+02
5.100000000000000000e+01
9.900000000000000000e+01
2.180000000000000000e+02
2.780000000000000000e+02
1.074600000000000000e+04
1.080000000000000000e+02
1.380000000000000000e+02
2.200000000000000000e+01
3.530000000000000000e+02
1.834000000000000000e+03
8.000000000000000000e+01
7.100000000000000000e+01
2.547000000000000000e+03
1.096000000000000000e+03
4.180000000000000000e+02
1.930000000000000000e+02
1.664000000000000000e+03
3.010000000000000000e+02
2.410000000000000000e+02
1.037200000000000000e+04
7.830000000000000000e+02
2.573000000000000000e+03
1.708000000000000000e+03
2.669000000000000000e+03
8.738000000000000000e+03
7.005000000000000000e+03
1.656000000000000000e+03
7.714000000000000000e+03
2.821000000000000000e+03
2.480000000000000000e+03
6.304000000000000000e+03
1.724000000000000000e+03
6.617000000000000000e+03
2.476000000000000000e+03
2.218620000000000000e+05
2.602000000000000000e+03
4.910000000000000000e+02
5.130000000000000000e+02
3.235000000000000000e+03
4.012500000000000000e+04
2.966000000000000000e+03
1.824000000000000000e+03
1.736000000000000000e+03
7.215000000000000000e+03
2.984400000000000000e+04
6.350000000000000000e+02
2.000000000000000000e+00
3.300000000000000000e+01
1.100000000000000000e+01
2.087100000000000000e+04
0.000000000000000000e+00
8.310000000000000000e+02
2.300000000000000000e+01
1.234000000000000000e+03
7.038000000000000000e+03
3.313000000000000000e+03
3.100000000000000000e+01
2.690000000000000000e+02
9.700000000000000000e+01
4.880000000000000000e+02
4.000000000000000000e+00
1.574000000000000000e+03
1.376000000000000000e+03
3.000000000000000000e+00
5.830000000000000000e+02
3.800000000000000000e+01
3.000000000000000000e+00
3.120000000000000000e+02
8.000000000000000000e+00
1.798000000000000000e+03
5.410000000000000000e+02
1.020000000000000000e+02
4.200000000000000000e+01
9.900000000000000000e+01
4.540000000000000000e+02
2.280000000000000000e+02
9.800000000000000000e+01
5.900000000000000000e+01
1.000000000000000000e+01
2.214000000000000000e+03
2.000000000000000000e+00
1.000000000000000000e+02
2.010000000000000000e+02
2.500000000000000000e+01
1.070000000000000000e+02
1.664000000000000000e+03
9.300000000000000000e+01
1.620000000000000000e+02
1.740000000000000000e+02
5.090000000000000000e+02
7.700000000000000000e+01
1.020000000000000000e+02
2.920000000000000000e+02
3.280000000000000000e+02
2.325000000000000000e+03
2.190000000000000000e+02
1.850000000000000000e+02
1.080000000000000000e+02
3.160000000000000000e+02
1.699000000000000000e+03
2.900000000000000000e+02
6.770000000000000000e+02
2.352000000000000000e+03
1.897000000000000000e+03
2.833000000000000000e+03
6.517000000000000000e+03
3.651000000000000000e+04
7.573700000000000000e+04
4.746000000000000000e+04
2.572410000000000000e+05
7.730000000000000000e+03
2.365680000000000000e+05
1.166200000000000000e+04
6.950000000000000000e+03
8.657000000000000000e+03
4.175000000000000000e+03
3.817000000000000000e+03
4.663000000000000000e+03
3.965000000000000000e+03
4.235000000000000000e+03
3.629000000000000000e+03
3.342000000000000000e+03
4.449000000000000000e+03
6.447000000000000000e+03
4.811000000000000000e+03
4.279000000000000000e+03
4.700000000000000000e+03
4.709000000000000000e+03
3.340000000000000000e+03
3.446000000000000000e+03
3.111000000000000000e+03
3.006000000000000000e+03
3.408000000000000000e+03
3.081000000000000000e+03
2.825000000000000000e+03
4.648000000000000000e+03
3.854000000000000000e+03
3.815000000000000000e+03
3.569000000000000000e+03
2.271000000000000000e+03
3.618000000000000000e+03
3.167000000000000000e+03
4.543000000000000000e+03
2.330000000000000000e+03
3.328000000000000000e+03
5.117000000000000000e+03
1.811000000000000000e+03
5.135000000000000000e+03
1.955000000000000000e+03
2.911000000000000000e+03
1.976000000000000000e+03
1.893000000000000000e+03
2.134000000000000000e+03
1.860000000000000000e+03
1.926000000000000000e+03
2.011000000000000000e+03
1.387000000000000000e+03
1.737000000000000000e+03
1.814000000000000000e+03
1.003000000000000000e+03
1.971000000000000000e+03
9.600000000000000000e+02
1.770000000000000000e+03
1.028000000000000000e+03
2.086000000000000000e+03
9.350000000000000000e+02
1.588000000000000000e+03
1.421000000000000000e+03
1.684000000000000000e+03
1.053000000000000000e+03
1.764000000000000000e+03
1.032000000000000000e+03
8.320000000000000000e+02
2.301000000000000000e+03
8.960000000000000000e+02
9.590000000000000000e+02
1.514000000000000000e+03
1.018000000000000000e+03
9.440000000000000000e+02
1.741000000000000000e+03
1.308000000000000000e+03
1.005000000000000000e+03
1.456000000000000000e+03
1.104000000000000000e+03
1.142000000000000000e+03
1.062000000000000000e+03
1.500000000000000000e+03
1.389000000000000000e+03
9.300000000000000000e+02
1.006000000000000000e+03
1.432000000000000000e+03
1.009000000000000000e+03
1.224000000000000000e+03
6.700000000000000000e+02
1.551000000000000000e+03
6.900000000000000000e+02
8.940000000000000000e+02
8.830000000000000000e+02
1.000000000000000000e+03
9.020000000000000000e+02
8.530000000000000000e+02
8.290000000000000000e+02
9.120000000000000000e+02
9.400000000000000000e+02
7.360000000000000000e+02
1.130000000000000000e+03
7.410000000000000000e+02
7.660000000000000000e+02
7.540000000000000000e+02
7.970000000000000000e+02
6.560000000000000000e+02
8.720000000000000000e+02
6.080000000000000000e+02
7.320000000000000000e+02
6.850000000000000000e+02
7.870000000000000000e+02
7.650000000000000000e+02
6.910000000000000000e+02
9.170000000000000000e+02
5.720000000000000000e+02
7.030000000000000000e+02
8.040000000000000000e+02
8.060000000000000000e+02
7.250000000000000000e+02
7.000000000000000000e+02
6.930000000000000000e+02
6.830000000000000000e+02
6.330000000000000000e+02
5.970000000000000000e+02
5.920000000000000000e+02
6.100000000000000000e+02
6.450000000000000000e+02
5.690000000000000000e+02
4.800000000000000000e+02
4.830000000000000000e+02
3.770000000000000000e+02
5.220000000000000000e+02
7.880000000000000000e+02
4.360000000000000000e+02
4.660000000000000000e+02
4.780000000000000000e+02
5.260000000000000000e+02
5.660000000000000000e+02
5.000000000000000000e+02
5.510000000000000000e+02
5.190000000000000000e+02
5.310000000000000000e+02
4.960000000000000000e+02
5.310000000000000000e+02
5.260000000000000000e+02
4.210000000000000000e+02
5.880000000000000000e+02
5.870000000000000000e+02
6.130000000000000000e+02
5.340000000000000000e+02
6.250000000000000000e+02
6.530000000000000000e+02
6.180000000000000000e+02
6.520000000000000000e+02
5.570000000000000000e+02
8.550000000000000000e+02
7.020000000000000000e+02
1.195000000000000000e+03
9.600000000000000000e+02
1.249000000000000000e+03
1.544000000000000000e+03
1.388000000000000000e+03
1.251000000000000000e+03
1.410000000000000000e+03
1.287000000000000000e+03
1.355000000000000000e+03
1.256000000000000000e+03
1.421000000000000000e+03
1.155000000000000000e+03
1.207000000000000000e+03
1.245000000000000000e+03
1.481000000000000000e+03
1.200000000000000000e+03
1.020000000000000000e+03
1.504000000000000000e+03
1.031000000000000000e+03
1.071000000000000000e+03
1.433000000000000000e+03
1.041000000000000000e+03
8.750000000000000000e+02
9.800000000000000000e+02
1.073000000000000000e+03
8.880000000000000000e+02
1.010000000000000000e+03
1.040000000000000000e+03
9.640000000000000000e+02
9.410000000000000000e+02
9.470000000000000000e+02
9.710000000000000000e+02
1.095000000000000000e+03
1.047000000000000000e+03
9.580000000000000000e+02
1.116000000000000000e+03
1.076000000000000000e+03
9.690000000000000000e+02
1.088000000000000000e+03
1.107000000000000000e+03
1.038000000000000000e+03
1.215000000000000000e+03
1.137000000000000000e+03
1.124000000000000000e+03
1.162000000000000000e+03
1.152000000000000000e+03
1.282000000000000000e+03
1.305000000000000000e+03
1.301000000000000000e+03
1.437000000000000000e+03
1.440000000000000000e+03
1.560000000000000000e+03
1.545000000000000000e+03
1.544000000000000000e+03
1.617000000000000000e+03
1.564000000000000000e+03
1.711000000000000000e+03
1.576000000000000000e+03
2.364000000000000000e+03
1.747000000000000000e+03
2.901000000000000000e+03
3.529000000000000000e+03
3.803000000000000000e+03
5.139000000000000000e+03
4.841000000000000000e+03
6.847000000000000000e+03
6.436000000000000000e+03
6.584000000000000000e+03
6.346000000000000000e+03
5.916000000000000000e+03
7.034000000000000000e+03
5.000000000000000000e+03
6.906000000000000000e+03
4.659000000000000000e+03
6.033000000000000000e+03
4.318000000000000000e+03
4.582000000000000000e+03
3.688000000000000000e+03
3.946000000000000000e+03
1.965000000000000000e+03
2.001000000000000000e+03
1.463000000000000000e+03
8.850000000000000000e+02
9.100000000000000000e+02
6.090000000000000000e+02
4.640000000000000000e+02
4.610000000000000000e+02
3.430000000000000000e+02
2.620000000000000000e+02
2.510000000000000000e+02
2.190000000000000000e+02
1.730000000000000000e+02
1.960000000000000000e+02
1.380000000000000000e+02
1.140000000000000000e+02
1.490000000000000000e+02
1.200000000000000000e+02
1.210000000000000000e+02
7.300000000000000000e+01
1.100000000000000000e+02
5.200000000000000000e+01
0.000000000000000000e+00
1.346000000000000000e+03
1.200000000000000000e+01
1.300000000000000000e+01
8.600000000000000000e+01
3.100000000000000000e+01
5.200000000000000000e+01
6.400000000000000000e+01
7.800000000000000000e+01
9.200000000000000000e+01
9.200000000000000000e+01
1.110000000000000000e+02
1.130000000000000000e+02
1.680000000000000000e+02
1.800000000000000000e+02
2.390000000000000000e+02
2.900000000000000000e+02
3.490000000000000000e+02
5.150000000000000000e+02
6.790000000000000000e+02
1.089000000000000000e+03
1.678000000000000000e+03
4.399000000000000000e+03
3.409000000000000000e+03
3.058000000000000000e+03
3.474000000000000000e+03
3.127000000000000000e+03
2.721000000000000000e+03
2.974000000000000000e+03
2.477000000000000000e+03
2.431000000000000000e+03
2.254000000000000000e+03
1.924000000000000000e+03
1.806000000000000000e+03
1.663000000000000000e+03
1.692000000000000000e+03
1.567000000000000000e+03
1.615000000000000000e+03
1.548000000000000000e+03
1.519000000000000000e+03
1.580000000000000000e+03
1.683000000000000000e+03
1.948000000000000000e+03
2.085000000000000000e+03
2.001000000000000000e+03
2.212000000000000000e+03
2.254000000000000000e+03
2.368000000000000000e+03
2.305000000000000000e+03
2.214000000000000000e+03
2.298000000000000000e+03
2.209000000000000000e+03
2.244000000000000000e+03
2.050000000000000000e+03
2.031000000000000000e+03
1.977000000000000000e+03
2.007000000000000000e+03
1.963000000000000000e+03
2.009000000000000000e+03
1.923000000000000000e+03
1.739000000000000000e+03
1.669000000000000000e+03
1.642000000000000000e+03
1.664000000000000000e+03
1.607000000000000000e+03
1.495000000000000000e+03
1.423000000000000000e+03
1.384000000000000000e+03
1.354000000000000000e+03
1.287000000000000000e+03
1.317000000000000000e+03
1.243000000000000000e+03
1.361000000000000000e+03
1.371000000000000000e+03
1.292000000000000000e+03
1.252000000000000000e+03
1.360000000000000000e+03
1.336000000000000000e+03
1.315000000000000000e+03
1.357000000000000000e+03
1.228000000000000000e+03
1.246000000000000000e+03
1.216000000000000000e+03
1.136000000000000000e+03
1.258000000000000000e+03
1.250000000000000000e+03
1.198000000000000000e+03
1.170000000000000000e+03
1.097000000000000000e+03
1.152000000000000000e+03
1.210000000000000000e+03
1.228000000000000000e+03
1.169000000000000000e+03
1.252000000000000000e+03
1.242000000000000000e+03
1.178000000000000000e+03
1.186000000000000000e+03
1.159000000000000000e+03
1.215000000000000000e+03
1.165000000000000000e+03
1.200000000000000000e+03
1.265000000000000000e+03
1.193000000000000000e+03
1.138000000000000000e+03
1.091000000000000000e+03
1.166000000000000000e+03
1.183000000000000000e+03
1.140000000000000000e+03
1.168000000000000000e+03
1.208000000000000000e+03
1.242000000000000000e+03
1.256000000000000000e+03
1.293000000000000000e+03
1.435000000000000000e+03
1.383000000000000000e+03
1.599000000000000000e+03
1.849000000000000000e+03
1.718000000000000000e+03
2.095000000000000000e+03
1.736000000000000000e+03
1.985000000000000000e+03
1.851000000000000000e+03
1.657000000000000000e+03
2.362000000000000000e+03
2.178000000000000000e+03
2.520000000000000000e+03
1.991000000000000000e+03
2.133000000000000000e+03
1.736000000000000000e+03
1.767000000000000000e+03
2.046000000000000000e+03
2.048000000000000000e+03
1.665000000000000000e+03
1.910000000000000000e+03
2.535000000000000000e+03
2.143000000000000000e+03
1.877000000000000000e+03
1.597000000000000000e+03
2.258000000000000000e+03
2.372000000000000000e+03
1.857000000000000000e+03
2.035000000000000000e+03
1.955000000000000000e+03
1.597000000000000000e+03
1.862000000000000000e+03
1.672000000000000000e+03
1.813000000000000000e+03
1.861000000000000000e+03
1.835000000000000000e+03
1.718000000000000000e+03
1.833000000000000000e+03
2.004000000000000000e+03
2.396000000000000000e+03
2.317000000000000000e+03
2.402000000000000000e+03
3.044000000000000000e+03
2.517000000000000000e+03
3.053000000000000000e+03
3.070000000000000000e+03
2.715000000000000000e+03
1.777000000000000000e+03
2.549000000000000000e+03
2.450000000000000000e+03
2.101000000000000000e+03
2.224000000000000000e+03
2.719000000000000000e+03
2.557000000000000000e+03
2.232000000000000000e+03
1.997000000000000000e+03
1.900000000000000000e+03
2.039000000000000000e+03
1.517000000000000000e+03
1.674000000000000000e+03
1.879000000000000000e+03
1.685000000000000000e+03
1.520000000000000000e+03
1.600000000000000000e+03
1.903000000000000000e+03
1.789000000000000000e+03
1.580000000000000000e+03
1.606000000000000000e+03
1.555000000000000000e+03
1.649000000000000000e+03
1.485000000000000000e+03
1.522000000000000000e+03
1.510000000000000000e+03
1.399000000000000000e+03
1.514000000000000000e+03
1.318000000000000000e+03
1.340000000000000000e+03
1.404000000000000000e+03
1.455000000000000000e+03
1.453000000000000000e+03
1.317000000000000000e+03
1.334000000000000000e+03
1.234000000000000000e+03
1.309000000000000000e+03
1.315000000000000000e+03
1.295000000000000000e+03
1.321000000000000000e+03
1.362000000000000000e+03
1.466000000000000000e+03
1.424000000000000000e+03
1.472000000000000000e+03
1.658000000000000000e+03
1.651000000000000000e+03
1.795000000000000000e+03
1.695000000000000000e+03
2.217000000000000000e+03
1.726000000000000000e+03
1.983000000000000000e+03
1.959000000000000000e+03
2.017000000000000000e+03
1.861000000000000000e+03
1.798000000000000000e+03
1.773000000000000000e+03
1.852000000000000000e+03
1.747000000000000000e+03
1.888000000000000000e+03
2.051000000000000000e+03
1.882000000000000000e+03
1.832000000000000000e+03
1.861000000000000000e+03
1.902000000000000000e+03
1.973000000000000000e+03
1.996000000000000000e+03
1.971000000000000000e+03
2.411000000000000000e+03
2.504000000000000000e+03
2.805000000000000000e+03
3.143000000000000000e+03
3.863000000000000000e+03
3.872000000000000000e+03
3.992000000000000000e+03
3.776000000000000000e+03
3.086000000000000000e+03
2.787000000000000000e+03
2.295000000000000000e+03
2.170000000000000000e+03
1.977000000000000000e+03
1.799000000000000000e+03
1.870000000000000000e+03
1.915000000000000000e+03
1.844000000000000000e+03
1.663000000000000000e+03
1.579000000000000000e+03
1.548000000000000000e+03
1.528000000000000000e+03
1.460000000000000000e+03
1.522000000000000000e+03
1.510000000000000000e+03
1.691000000000000000e+03
2.034000000000000000e+03
2.488000000000000000e+03
3.640000000000000000e+03
7.487000000000000000e+03
3.326500000000000000e+04
4.747190000000000000e+05
