8.000000000000000000e+00
1.900000000000000000e+01
3.400000000000000000e+01
1.220000000000000000e+02
2.140000000000000000e+02
3.020000000000000000e+02
2.900000000000000000e+02
2.900000000000000000e+02
5.480000000000000000e+02
8.760000000000000000e+02
1.098000000000000000e+03
1.224000000000000000e+03
1.147000000000000000e+03
9.850000000000000000e+02
9.770000000000000000e+02
9.440000000000000000e+02
9.360000000000000000e+02
9.100000000000000000e+02
9.150000000000000000e+02
1.011000000000000000e+03
1.162000000000000000e+03
1.449000000000000000e+03
1.636000000000000000e+03
2.034000000000000000e+03
2.351000000000000000e+03
3.532000000000000000e+03
3.149000000000000000e+03
2.233000000000000000e+03
1.620000000000000000e+03
1.321000000000000000e+03
1.261000000000000000e+03
1.231000000000000000e+03
1.221000000000000000e+03
1.371000000000000000e+03
1.695000000000000000e+03
2.293000000000000000e+03
4.671000000000000000e+03
2.316200000000000000e+04
4.449000000000000000e+03
1.917000000000000000e+03
1.651000000000000000e+03
1.485000000000000000e+03
1.478000000000000000e+03
1.245000000000000000e+03
9.760000000000000000e+02
1.002000000000000000e+03
1.030000000000000000e+03
1.062000000000000000e+03
1.308000000000000000e+03
1.284000000000000000e+03
1.125000000000000000e+03
1.195000000000000000e+03
9.140000000000000000e+02
7.910000000000000000e+02
8.730000000000000000e+02
8.240000000000000000e+02
8.520000000000000000e+02
7.650000000000000000e+02
7.490000000000000000e+02
6.930000000000000000e+02
6.910000000000000000e+02
6.230000000000000000e+02
5.990000000000000000e+02
5.570000000000000000e+02
6.210000000000000000e+02
5.470000000000000000e+02
4.910000000000000000e+02
5.530000000000000000e+02
6.020000000000000000e+02
5.310000000000000000e+02
6.140000000000000000e+02
5.400000000000000000e+02
5.030000000000000000e+02
5.720000000000000000e+02
6.610000000000000000e+02
5.700000000000000000e+02
5.390000000000000000e+02
5.370000000000000000e+02
5.350000000000000000e+02
4.910000000000000000e+02
4.910000000000000000e+02
5.070000000000000000e+02
5.340000000000000000e+02
5.330000000000000000e+02
5.120000000000000000e+02
4.640000000000000000e+02
4.390000000000000000e+02
5.280000000000000000e+02
4.950000000000000000e+02
5.150000000000000000e+02
5.600000000000000000e+02
5.720000000000000000e+02
5.260000000000000000e+02
5.040000000000000000e+02
4.830000000000000000e+02
4.900000000000000000e+02
4.960000000000000000e+02
5.380000000000000000e+02
4.660000000000000000e+02
4.520000000000000000e+02
4.460000000000000000e+02
4.710000000000000000e+02
4.350000000000000000e+02
4.380000000000000000e+02
4.050000000000000000e+02
4.500000000000000000e+02
4.550000000000000000e+02
4.420000000000000000e+02
4.280000000000000000e+02
5.380000000000000000e+02
4.650000000000000000e+02
4.830000000000000000e+02
5.370000000000000000e+02
5.060000000000000000e+02
5.160000000000000000e+02
4.800000000000000000e+02
4.750000000000000000e+02
4.300000000000000000e+02
4.570000000000000000e+02
4.590000000000000000e+02
4.600000000000000000e+02
4.390000000000000000e+02
4.360000000000000000e+02
4.770000000000000000e+02
4.820000000000000000e+02
5.450000000000000000e+02
4.760000000000000000e+02
4.400000000000000000e+02
4.850000000000000000e+02
4.680000000000000000e+02
4.510000000000000000e+02
4.510000000000000000e+02
4.410000000000000000e+02
4.250000000000000000e+02
4.210000000000000000e+02
4.240000000000000000e+02
4.380000000000000000e+02
4.070000000000000000e+02
4.430000000000000000e+02
3.820000000000000000e+02
4.270000000000000000e+02
3.870000000000000000e+02
3.630000000000000000e+02
3.830000000000000000e+02
4.320000000000000000e+02
4.060000000000000000e+02
4.060000000000000000e+02
4.170000000000000000e+02
4.210000000000000000e+02
4.720000000000000000e+02
4.580000000000000000e+02
4.500000000000000000e+02
4.450000000000000000e+02
4.970000000000000000e+02
4.650000000000000000e+02
4.610000000000000000e+02
4.580000000000000000e+02
4.890000000000000000e+02
4.910000000000000000e+02
5.450000000000000000e+02
5.630000000000000000e+02
5.780000000000000000e+02
6.060000000000000000e+02
6.130000000000000000e+02
6.400000000000000000e+02
6.820000000000000000e+02
7.100000000000000000e+02
7.760000000000000000e+02
7.780000000000000000e+02
8.760000000000000000e+02
9.020000000000000000e+02
9.890000000000000000e+02
1.039000000000000000e+03
1.094000000000000000e+03
1.180000000000000000e+03
1.227000000000000000e+03
1.316000000000000000e+03
1.365000000000000000e+03
1.432000000000000000e+03
1.493000000000000000e+03
1.461000000000000000e+03
1.551000000000000000e+03
1.499000000000000000e+03
1.599000000000000000e+03
1.658000000000000000e+03
1.771000000000000000e+03
1.834000000000000000e+03
1.792000000000000000e+03
1.722000000000000000e+03
1.605000000000000000e+03
1.437000000000000000e+03
1.306000000000000000e+03
1.176000000000000000e+03
1.096000000000000000e+03
1.021000000000000000e+03
9.650000000000000000e+02
8.880000000000000000e+02
7.480000000000000000e+02
6.130000000000000000e+02
5.800000000000000000e+02
4.960000000000000000e+02
4.420000000000000000e+02
4.080000000000000000e+02
3.750000000000000000e+02
3.960000000000000000e+02
3.910000000000000000e+02
3.010000000000000000e+02
3.040000000000000000e+02
2.940000000000000000e+02
3.000000000000000000e+02
3.040000000000000000e+02
3.040000000000000000e+02
3.000000000000000000e+02
2.900000000000000000e+02
3.100000000000000000e+02
3.910000000000000000e+02
6.280000000000000000e+02
1.215000000000000000e+03
2.443000000000000000e+03
3.053000000000000000e+03
4.262000000000000000e+03
5.280000000000000000e+03
6.323000000000000000e+03
6.390000000000000000e+03
5.183000000000000000e+03
4.332000000000000000e+03
2.068000000000000000e+03
4.820000000000000000e+02
1.890000000000000000e+02
1.040000000000000000e+02
4.000000000000000000e+01
3.400000000000000000e+01
2.700000000000000000e+01
3.900000000000000000e+01
5.500000000000000000e+01
4.600000000000000000e+01
2.500000000000000000e+01
3.300000000000000000e+01
2.700000000000000000e+01
3.300000000000000000e+01
2.800000000000000000e+01
2.200000000000000000e+01
1.700000000000000000e+01
1.900000000000000000e+01
1.400000000000000000e+01
1.800000000000000000e+01
7.000000000000000000e+00
2.200000000000000000e+01
1.900000000000000000e+01
1.100000000000000000e+01
2.400000000000000000e+01
1.800000000000000000e+01
2.600000000000000000e+01
2.600000000000000000e+01
2.700000000000000000e+01
3.200000000000000000e+01
1.600000000000000000e+01
3.400000000000000000e+01
9.100000000000000000e+01
1.890000000000000000e+02
2.660000000000000000e+02
2.970000000000000000e+02
3.470000000000000000e+02
5.090000000000000000e+02
9.070000000000000000e+02
1.218000000000000000e+03
1.365000000000000000e+03
1.183000000000000000e+03
1.114000000000000000e+03
1.008000000000000000e+03
9.460000000000000000e+02
1.056000000000000000e+03
1.057000000000000000e+03
1.248000000000000000e+03
1.369000000000000000e+03
1.699000000000000000e+03
1.671000000000000000e+03
1.714000000000000000e+03
1.721000000000000000e+03
1.959000000000000000e+03
3.048000000000000000e+03
2.684000000000000000e+03
1.601000000000000000e+03
1.126000000000000000e+03
9.180000000000000000e+02
8.630000000000000000e+02
8.260000000000000000e+02
7.220000000000000000e+02
7.050000000000000000e+02
7.660000000000000000e+02
7.490000000000000000e+02
7.750000000000000000e+02
7.490000000000000000e+02
8.380000000000000000e+02
8.900000000000000000e+02
9.310000000000000000e+02
1.088000000000000000e+03
1.012000000000000000e+03
1.025000000000000000e+03
7.590000000000000000e+02
6.870000000000000000e+02
7.800000000000000000e+02
9.040000000000000000e+02
1.589000000000000000e+03
1.780000000000000000e+03
1.149000000000000000e+03
1.000000000000000000e+03
1.295000000000000000e+03
1.630000000000000000e+03
3.033000000000000000e+03
2.261800000000000000e+04
6.485000000000000000e+03
2.787000000000000000e+03
1.812000000000000000e+03
1.410000000000000000e+03
1.180000000000000000e+03
9.710000000000000000e+02
8.520000000000000000e+02
7.820000000000000000e+02
7.320000000000000000e+02
6.900000000000000000e+02
6.630000000000000000e+02
5.710000000000000000e+02
5.740000000000000000e+02
5.200000000000000000e+02
5.190000000000000000e+02
4.900000000000000000e+02
4.590000000000000000e+02
4.840000000000000000e+02
5.200000000000000000e+02
5.150000000000000000e+02
6.090000000000000000e+02
5.720000000000000000e+02
5.380000000000000000e+02
5.350000000000000000e+02
5.950000000000000000e+02
6.940000000000000000e+02
6.090000000000000000e+02
5.670000000000000000e+02
5.140000000000000000e+02
5.320000000000000000e+02
5.750000000000000000e+02
5.270000000000000000e+02
4.910000000000000000e+02
5.150000000000000000e+02
5.170000000000000000e+02
5.380000000000000000e+02
5.220000000000000000e+02
5.510000000000000000e+02
5.630000000000000000e+02
4.960000000000000000e+02
4.790000000000000000e+02
4.260000000000000000e+02
4.340000000000000000e+02
4.180000000000000000e+02
4.310000000000000000e+02
4.780000000000000000e+02
4.700000000000000000e+02
4.260000000000000000e+02
4.050000000000000000e+02
3.980000000000000000e+02
4.470000000000000000e+02
4.070000000000000000e+02
3.920000000000000000e+02
3.510000000000000000e+02
4.190000000000000000e+02
4.050000000000000000e+02
3.960000000000000000e+02
3.940000000000000000e+02
4.580000000000000000e+02
4.000000000000000000e+02
4.630000000000000000e+02
3.760000000000000000e+02
3.980000000000000000e+02
4.270000000000000000e+02
4.790000000000000000e+02
4.830000000000000000e+02
5.360000000000000000e+02
5.280000000000000000e+02
5.480000000000000000e+02
4.910000000000000000e+02
4.830000000000000000e+02
4.720000000000000000e+02
5.410000000000000000e+02
4.630000000000000000e+02
4.540000000000000000e+02
4.980000000000000000e+02
5.320000000000000000e+02
5.130000000000000000e+02
5.090000000000000000e+02
5.370000000000000000e+02
4.710000000000000000e+02
5.550000000000000000e+02
5.810000000000000000e+02
5.740000000000000000e+02
5.780000000000000000e+02
5.930000000000000000e+02
5.920000000000000000e+02
6.510000000000000000e+02
7.010000000000000000e+02
7.220000000000000000e+02
7.440000000000000000e+02
8.000000000000000000e+02
8.060000000000000000e+02
8.800000000000000000e+02
8.950000000000000000e+02
9.870000000000000000e+02
9.600000000000000000e+02
1.003000000000000000e+03
1.137000000000000000e+03
1.043000000000000000e+03
1.153000000000000000e+03
1.114000000000000000e+03
1.256000000000000000e+03
1.228000000000000000e+03
1.347000000000000000e+03
1.382000000000000000e+03
1.355000000000000000e+03
1.472000000000000000e+03
1.522000000000000000e+03
1.609000000000000000e+03
1.635000000000000000e+03
1.558000000000000000e+03
1.648000000000000000e+03
1.708000000000000000e+03
1.706000000000000000e+03
1.658000000000000000e+03
1.606000000000000000e+03
1.512000000000000000e+03
1.477000000000000000e+03
1.370000000000000000e+03
1.282000000000000000e+03
1.215000000000000000e+03
1.116000000000000000e+03
9.770000000000000000e+02
9.600000000000000000e+02
9.110000000000000000e+02
7.810000000000000000e+02
6.750000000000000000e+02
6.290000000000000000e+02
5.130000000000000000e+02
4.680000000000000000e+02
4.130000000000000000e+02
3.560000000000000000e+02
3.120000000000000000e+02
2.680000000000000000e+02
2.600000000000000000e+02
2.480000000000000000e+02
2.020000000000000000e+02
1.800000000000000000e+02
1.890000000000000000e+02
1.540000000000000000e+02
1.810000000000000000e+02
1.620000000000000000e+02
2.040000000000000000e+02
1.670000000000000000e+02
2.010000000000000000e+02
2.600000000000000000e+02
2.730000000000000000e+02
3.270000000000000000e+02
4.810000000000000000e+02
5.150000000000000000e+02
6.160000000000000000e+02
5.470000000000000000e+02
4.510000000000000000e+02
3.370000000000000000e+02
2.690000000000000000e+02
2.690000000000000000e+02
3.000000000000000000e+02
3.300000000000000000e+02
3.130000000000000000e+02
3.360000000000000000e+02
3.720000000000000000e+02
6.010000000000000000e+02
9.330000000000000000e+02
1.464000000000000000e+03
2.711000000000000000e+03
3.995000000000000000e+03
7.154000000000000000e+03
7.594000000000000000e+03
5.983000000000000000e+03
4.479000000000000000e+03
3.036000000000000000e+03
2.716000000000000000e+03
8.310000000000000000e+02
2.930000000000000000e+02
1.400000000000000000e+02
9.900000000000000000e+01
6.500000000000000000e+01
4.400000000000000000e+01
5.600000000000000000e+01
4.100000000000000000e+01
2.800000000000000000e+01
3.600000000000000000e+01
2.500000000000000000e+01
1.800000000000000000e+01
1.700000000000000000e+01
2.200000000000000000e+01
1.600000000000000000e+01
1.000000000000000000e+01
1.200000000000000000e+01
2.000000000000000000e+01
1.500000000000000000e+01
1.200000000000000000e+01
1.600000000000000000e+01
1.800000000000000000e+01
3.400000000000000000e+01
2.600000000000000000e+01
1.200000000000000000e+01
2.500000000000000000e+01
1.800000000000000000e+01
1.100000000000000000e+01
1.960000000000000000e+02
7.600000000000000000e+01
1.480000000000000000e+02
2.290000000000000000e+02
4.560000000000000000e+02
6.950000000000000000e+02
9.420000000000000000e+02
1.098000000000000000e+03
1.138000000000000000e+03
1.166000000000000000e+03
1.065000000000000000e+03
1.079000000000000000e+03
1.040000000000000000e+03
1.039000000000000000e+03
1.101000000000000000e+03
1.333000000000000000e+03
1.565000000000000000e+03
1.890000000000000000e+03
2.135000000000000000e+03
2.340000000000000000e+03
3.088000000000000000e+03
2.573000000000000000e+03
1.840000000000000000e+03
1.335000000000000000e+03
1.055000000000000000e+03
9.080000000000000000e+02
8.660000000000000000e+02
8.240000000000000000e+02
8.770000000000000000e+02
8.390000000000000000e+02
8.660000000000000000e+02
9.550000000000000000e+02
9.550000000000000000e+02
9.940000000000000000e+02
1.067000000000000000e+03
1.279000000000000000e+03
1.213000000000000000e+03
1.090000000000000000e+03
1.091000000000000000e+03
9.790000000000000000e+02
9.260000000000000000e+02
1.034000000000000000e+03
1.635000000000000000e+03
1.984000000000000000e+03
1.198000000000000000e+03
8.680000000000000000e+02
7.380000000000000000e+02
7.310000000000000000e+02
6.730000000000000000e+02
6.840000000000000000e+02
6.790000000000000000e+02
6.300000000000000000e+02
5.970000000000000000e+02
6.300000000000000000e+02
6.070000000000000000e+02
6.920000000000000000e+02
6.930000000000000000e+02
7.340000000000000000e+02
7.490000000000000000e+02
8.040000000000000000e+02
8.670000000000000000e+02
9.210000000000000000e+02
9.790000000000000000e+02
1.056000000000000000e+03
1.115000000000000000e+03
1.389000000000000000e+03
1.367000000000000000e+03
2.210000000000000000e+03
1.628000000000000000e+03
4.126000000000000000e+03
1.974600000000000000e+04
1.807000000000000000e+03
3.755000000000000000e+03
1.137000000000000000e+03
1.362000000000000000e+03
8.950000000000000000e+02
7.660000000000000000e+02
6.370000000000000000e+02
5.700000000000000000e+02
5.190000000000000000e+02
5.140000000000000000e+02
5.150000000000000000e+02
4.880000000000000000e+02
4.780000000000000000e+02
4.890000000000000000e+02
4.950000000000000000e+02
5.140000000000000000e+02
5.620000000000000000e+02
6.720000000000000000e+02
6.960000000000000000e+02
5.150000000000000000e+02
4.740000000000000000e+02
4.530000000000000000e+02
4.810000000000000000e+02
4.350000000000000000e+02
5.220000000000000000e+02
5.020000000000000000e+02
5.480000000000000000e+02
4.850000000000000000e+02
4.440000000000000000e+02
4.530000000000000000e+02
4.540000000000000000e+02
4.380000000000000000e+02
4.730000000000000000e+02
4.780000000000000000e+02
4.460000000000000000e+02
4.270000000000000000e+02
4.050000000000000000e+02
4.000000000000000000e+02
4.100000000000000000e+02
4.150000000000000000e+02
3.930000000000000000e+02
3.530000000000000000e+02
4.010000000000000000e+02
4.150000000000000000e+02
4.370000000000000000e+02
4.390000000000000000e+02
4.580000000000000000e+02
5.380000000000000000e+02
5.150000000000000000e+02
5.670000000000000000e+02
6.330000000000000000e+02
6.110000000000000000e+02
5.920000000000000000e+02
6.290000000000000000e+02
6.030000000000000000e+02
6.170000000000000000e+02
6.580000000000000000e+02
6.990000000000000000e+02
7.500000000000000000e+02
8.040000000000000000e+02
8.230000000000000000e+02
8.100000000000000000e+02
8.580000000000000000e+02
8.890000000000000000e+02
8.960000000000000000e+02
9.730000000000000000e+02
1.033000000000000000e+03
1.115000000000000000e+03
1.096000000000000000e+03
1.179000000000000000e+03
1.270000000000000000e+03
1.341000000000000000e+03
1.422000000000000000e+03
1.548000000000000000e+03
1.487000000000000000e+03
1.617000000000000000e+03
1.663000000000000000e+03
1.703000000000000000e+03
1.749000000000000000e+03
1.726000000000000000e+03
1.725000000000000000e+03
1.813000000000000000e+03
1.783000000000000000e+03
1.754000000000000000e+03
1.672000000000000000e+03
1.571000000000000000e+03
1.546000000000000000e+03
1.517000000000000000e+03
1.502000000000000000e+03
1.282000000000000000e+03
1.261000000000000000e+03
1.119000000000000000e+03
1.101000000000000000e+03
1.134000000000000000e+03
9.730000000000000000e+02
8.810000000000000000e+02
8.150000000000000000e+02
6.540000000000000000e+02
6.080000000000000000e+02
5.690000000000000000e+02
4.610000000000000000e+02
3.810000000000000000e+02
3.740000000000000000e+02
3.090000000000000000e+02
2.300000000000000000e+02
2.290000000000000000e+02
1.960000000000000000e+02
1.870000000000000000e+02
1.660000000000000000e+02
1.800000000000000000e+02
1.570000000000000000e+02
1.490000000000000000e+02
1.220000000000000000e+02
1.250000000000000000e+02
1.150000000000000000e+02
1.150000000000000000e+02
1.010000000000000000e+02
1.100000000000000000e+02
1.310000000000000000e+02
1.380000000000000000e+02
1.300000000000000000e+02
1.360000000000000000e+02
1.540000000000000000e+02
2.200000000000000000e+02
2.590000000000000000e+02
3.470000000000000000e+02
4.530000000000000000e+02
4.450000000000000000e+02
3.440000000000000000e+02
2.540000000000000000e+02
1.950000000000000000e+02
1.870000000000000000e+02
2.310000000000000000e+02
2.590000000000000000e+02
2.780000000000000000e+02
2.590000000000000000e+02
2.670000000000000000e+02
3.250000000000000000e+02
3.100000000000000000e+02
2.880000000000000000e+02
3.460000000000000000e+02
3.680000000000000000e+02
3.880000000000000000e+02
4.610000000000000000e+02
5.700000000000000000e+02
6.650000000000000000e+02
1.431000000000000000e+03
1.607000000000000000e+03
1.808000000000000000e+03
2.600000000000000000e+03
4.764000000000000000e+03
7.300000000000000000e+03
6.218000000000000000e+03
5.898000000000000000e+03
3.627000000000000000e+03
3.641000000000000000e+03
1.070000000000000000e+03
3.930000000000000000e+02
2.080000000000000000e+02
1.160000000000000000e+02
1.250000000000000000e+02
1.340000000000000000e+02
1.030000000000000000e+02
7.200000000000000000e+01
4.700000000000000000e+01
4.400000000000000000e+01
3.600000000000000000e+01
2.300000000000000000e+01
3.000000000000000000e+01
2.400000000000000000e+01
2.900000000000000000e+01
1.600000000000000000e+01
1.300000000000000000e+01
2.000000000000000000e+01
1.500000000000000000e+01
1.600000000000000000e+01
2.100000000000000000e+01
1.900000000000000000e+01
1.400000000000000000e+01
1.900000000000000000e+01
2.200000000000000000e+01
1.300000000000000000e+01
3.000000000000000000e+01
2.000000000000000000e+01
6.500000000000000000e+01
2.564200000000000000e+04
1.800000000000000000e+01
5.000000000000000000e+00
4.900000000000000000e+01
3.000000000000000000e+00
7.000000000000000000e+01
3.628000000000000000e+03
0.000000000000000000e+00
4.000000000000000000e+02
2.400000000000000000e+01
2.000000000000000000e+01
1.869000000000000000e+03
4.310000000000000000e+02
7.507000000000000000e+03
2.183000000000000000e+03
2.625400000000000000e+04
2.854000000000000000e+03
1.135300000000000000e+04
1.155000000000000000e+03
4.601000000000000000e+03
9.494000000000000000e+03
1.143000000000000000e+03
1.960000000000000000e+02
1.450000000000000000e+02
9.818000000000000000e+03
2.477000000000000000e+03
3.700000000000000000e+01
1.000000000000000000e+00
3.000000000000000000e+00
0.000000000000000000e+00
4.968000000000000000e+03
0.000000000000000000e+00
3.000000000000000000e+00
1.000000000000000000e+00
1.200000000000000000e+01
2.130000000000000000e+02
1.362000000000000000e+03
0.000000000000000000e+00
0.000000000000000000e+00
1.000000000000000000e+00
1.000000000000000000e+00
0.000000000000000000e+00
1.890000000000000000e+02
1.500000000000000000e+01
0.000000000000000000e+00
2.100000000000000000e+01
7.700000000000000000e+01
1.790000000000000000e+02
2.250000000000000000e+02
3.110000000000000000e+02
2.996000000000000000e+03
3.030000000000000000e+02
2.540000000000000000e+02
3.710000000000000000e+02
1.300000000000000000e+02
3.690000000000000000e+02
2.890000000000000000e+02
2.080000000000000000e+02
1.720000000000000000e+02
2.460000000000000000e+02
1.280000000000000000e+02
1.790000000000000000e+02
1.450000000000000000e+02
1.140000000000000000e+02
1.560000000000000000e+02
1.480000000000000000e+02
3.500000000000000000e+02
1.270000000000000000e+02
1.590000000000000000e+02
2.010000000000000000e+02
3.260000000000000000e+02
2.030000000000000000e+02
1.400000000000000000e+02
3.860000000000000000e+02
6.990000000000000000e+02
2.309100000000000000e+04
7.470000000000000000e+02
8.300000000000000000e+02
4.600000000000000000e+01
2.140000000000000000e+02
1.315000000000000000e+03
1.300000000000000000e+01
2.190000000000000000e+02
1.036000000000000000e+03
3.730000000000000000e+02
3.530000000000000000e+02
2.090000000000000000e+02
9.530000000000000000e+02
2.580000000000000000e+02
2.660000000000000000e+02
2.560000000000000000e+03
2.610000000000000000e+02
9.500000000000000000e+02
3.110000000000000000e+02
3.110000000000000000e+02
7.260000000000000000e+02
2.364000000000000000e+03
1.250000000000000000e+02
1.042000000000000000e+03
3.490000000000000000e+02
1.940000000000000000e+02
2.399000000000000000e+03
1.121000000000000000e+03
1.002500000000000000e+04
1.178000000000000000e+03
2.352400000000000000e+04
1.155000000000000000e+03
9.300000000000000000e+02
3.310000000000000000e+02
1.452000000000000000e+03
3.404000000000000000e+03
2.010000000000000000e+02
1.700000000000000000e+01
7.000000000000000000e+00
3.763000000000000000e+03
3.316000000000000000e+03
5.000000000000000000e+00
1.000000000000000000e+00
3.000000000000000000e+00
4.000000000000000000e+00
5.085000000000000000e+03
0.000000000000000000e+00
3.000000000000000000e+00
0.000000000000000000e+00
2.270000000000000000e+02
8.750000000000000000e+02
2.792000000000000000e+03
1.000000000000000000e+00
7.000000000000000000e+00
3.000000000000000000e+00
1.400000000000000000e+01
0.000000000000000000e+00
1.143000000000000000e+03
3.150000000000000000e+02
0.000000000000000000e+00
1.500000000000000000e+01
0.000000000000000000e+00
0.000000000000000000e+00
5.000000000000000000e+00
0.000000000000000000e+00
2.238000000000000000e+03
5.900000000000000000e+01
3.000000000000000000e+00
0.000000000000000000e+00
0.000000000000000000e+00
2.460000000000000000e+02
1.600000000000000000e+01
0.000000000000000000e+00
0.000000000000000000e+00
0.000000000000000000e+00
1.320000000000000000e+02
0.000000000000000000e+00
0.000000000000000000e+00
1.200000000000000000e+01
0.000000000000000000e+00
4.000000000000000000e+00
4.750000000000000000e+02
0.000000000000000000e+00
0.000000000000000000e+00
0.000000000000000000e+00
1.600000000000000000e+02
0.000000000000000000e+00
0.000000000000000000e+00
4.200000000000000000e+01
1.100000000000000000e+01
4.314000000000000000e+03
6.000000000000000000e+00
0.000000000000000000e+00
0.000000000000000000e+00
2.000000000000000000e+01
3.860000000000000000e+02
0.000000000000000000e+00
0.000000000000000000e+00
1.253000000000000000e+03
1.600000000000000000e+01
1.200000000000000000e+01
2.700000000000000000e+01
2.850000000000000000e+02
4.900000000000000000e+01
4.000000000000000000e+01
2.472900000000000000e+04
1.400000000000000000e+01
2.276500000000000000e+04
5.018000000000000000e+03
1.703000000000000000e+03
1.424000000000000000e+03
2.032000000000000000e+03
1.814000000000000000e+03
2.169000000000000000e+03
2.027000000000000000e+03
2.478000000000000000e+03
2.258000000000000000e+03
2.605000000000000000e+03
2.648000000000000000e+03
2.254000000000000000e+03
2.410000000000000000e+03
2.277000000000000000e+03
2.029000000000000000e+03
2.252000000000000000e+03
2.363000000000000000e+03
2.197000000000000000e+03
2.593000000000000000e+03
1.665000000000000000e+03
1.628000000000000000e+03
1.448000000000000000e+03
1.946000000000000000e+03
1.987000000000000000e+03
1.829000000000000000e+03
1.574000000000000000e+03
1.316000000000000000e+03
1.569000000000000000e+03
2.092000000000000000e+03
1.874000000000000000e+03
1.378000000000000000e+03
1.115000000000000000e+03
1.206000000000000000e+03
1.713000000000000000e+03
8.020000000000000000e+02
1.843000000000000000e+03
2.309000000000000000e+03
3.628000000000000000e+03
4.003000000000000000e+03
4.423000000000000000e+03
5.921000000000000000e+03
5.187000000000000000e+03
4.852000000000000000e+03
4.581000000000000000e+03
4.109000000000000000e+03
2.836000000000000000e+03
3.766000000000000000e+03
1.827000000000000000e+03
3.696000000000000000e+03
1.211000000000000000e+03
1.904000000000000000e+03
8.160000000000000000e+02
1.641000000000000000e+03
5.570000000000000000e+02
7.840000000000000000e+02
1.033000000000000000e+03
8.100000000000000000e+02
5.090000000000000000e+02
1.035000000000000000e+03
4.640000000000000000e+02
2.040000000000000000e+02
1.751000000000000000e+03
2.540000000000000000e+02
5.040000000000000000e+02
5.280000000000000000e+02
3.030000000000000000e+02
4.720000000000000000e+02
8.910000000000000000e+02
7.080000000000000000e+02
2.400000000000000000e+02
4.380000000000000000e+02
5.000000000000000000e+02
4.040000000000000000e+02
3.120000000000000000e+02
7.970000000000000000e+02
6.470000000000000000e+02
1.480000000000000000e+02
3.880000000000000000e+02
4.050000000000000000e+02
3.880000000000000000e+02
1.590000000000000000e+02
8.900000000000000000e+01
1.323000000000000000e+03
1.390000000000000000e+02
1.190000000000000000e+02
2.110000000000000000e+02
3.970000000000000000e+02
2.060000000000000000e+02
4.080000000000000000e+02
1.800000000000000000e+02
3.030000000000000000e+02
3.080000000000000000e+02
2.920000000000000000e+02
4.200000000000000000e+02
2.570000000000000000e+02
4.510000000000000000e+02
2.200000000000000000e+02
2.540000000000000000e+02
1.800000000000000000e+02
4.250000000000000000e+02
2.810000000000000000e+02
2.970000000000000000e+02
3.100000000000000000e+02
5.000000000000000000e+02
3.450000000000000000e+02
2.620000000000000000e+02
5.470000000000000000e+02
6.800000000000000000e+02
2.920000000000000000e+02
5.080000000000000000e+02
4.620000000000000000e+02
7.840000000000000000e+02
8.890000000000000000e+02
6.690000000000000000e+02
1.692000000000000000e+03
2.043000000000000000e+03
9.080000000000000000e+02
1.729200000000000000e+04
3.020000000000000000e+02
1.612000000000000000e+03
2.160000000000000000e+02
3.878000000000000000e+03
1.740000000000000000e+02
8.260000000000000000e+02
3.680000000000000000e+02
1.440000000000000000e+03
3.710000000000000000e+02
1.490000000000000000e+02
4.590000000000000000e+02
1.460000000000000000e+02
1.730000000000000000e+02
1.840000000000000000e+02
1.390000000000000000e+02
1.490000000000000000e+02
1.170000000000000000e+02
1.220000000000000000e+02
9.400000000000000000e+01
8.300000000000000000e+01
6.200000000000000000e+01
1.540000000000000000e+02
7.400000000000000000e+01
6.000000000000000000e+01
5.500000000000000000e+01
5.900000000000000000e+01
4.600000000000000000e+01
5.000000000000000000e+01
7.200000000000000000e+01
4.600000000000000000e+01
2.800000000000000000e+01
3.600000000000000000e+01
1.050000000000000000e+02
3.400000000000000000e+01
4.000000000000000000e+01
3.400000000000000000e+01
3.700000000000000000e+01
3.200000000000000000e+01
4.800000000000000000e+01
1.900000000000000000e+01
2.800000000000000000e+01
4.000000000000000000e+01
3.700000000000000000e+01
2.500000000000000000e+01
3.500000000000000000e+01
2.300000000000000000e+01
2.800000000000000000e+01
1.900000000000000000e+01
2.300000000000000000e+01
8.500000000000000000e+01
2.500000000000000000e+01
2.100000000000000000e+01
3.100000000000000000e+01
2.400000000000000000e+01
1.700000000000000000e+01
2.200000000000000000e+01
2.400000000000000000e+01
1.900000000000000000e+01
3.300000000000000000e+01
2.100000000000000000e+01
1.400000000000000000e+01
3.100000000000000000e+01
2.400000000000000000e+01
2.600000000000000000e+01
2.600000000000000000e+01
1.500000000000000000e+01
1.600000000000000000e+01
1.500000000000000000e+01
1.900000000000000000e+01
2.000000000000000000e+01
5.000000000000000000e+01
1.000000000000000000e+01
1.700000000000000000e+01
1.800000000000000000e+01
1.000000000000000000e+01
1.700000000000000000e+01
1.400000000000000000e+01
1.600000000000000000e+01
7.000000000000000000e+00
1.800000000000000000e+01
1.800000000000000000e+01
2.100000000000000000e+01
1.700000000000000000e+01
1.900000000000000000e+01
1.400000000000000000e+01
1.300000000000000000e+01
1.200000000000000000e+01
7.000000000000000000e+00
1.200000000000000000e+01
1.100000000000000000e+01
1.000000000000000000e+01
4.000000000000000000e+00
1.500000000000000000e+01
4.000000000000000000e+00
1.200000000000000000e+01
6.000000000000000000e+00
5.000000000000000000e+00
5.000000000000000000e+00
9.000000000000000000e+00
5.000000000000000000e+00
9.000000000000000000e+00
8.000000000000000000e+00
1.100000000000000000e+01
6.000000000000000000e+00
6.000000000000000000e+00
9.000000000000000000e+00
7.000000000000000000e+00
4.000000000000000000e+00
9.000000000000000000e+00
6.000000000000000000e+00
6.000000000000000000e+00
6.000000000000000000e+00
3.000000000000000000e+00
7.000000000000000000e+00
5.000000000000000000e+00
6.000000000000000000e+00
3.000000000000000000e+00
7.000000000000000000e+00
6.000000000000000000e+00
7.000000000000000000e+00
6.000000000000000000e+00
2.000000000000000000e+00
3.000000000000000000e+00
7.000000000000000000e+00
4.000000000000000000e+00
3.000000000000000000e+00
8.000000000000000000e+00
7.000000000000000000e+00
1.000000000000000000e+00
6.000000000000000000e+00
3.000000000000000000e+00
6.000000000000000000e+00
1.000000000000000000e+00
0.000000000000000000e+00
2.070000000000000000e+02
3.000000000000000000e+00
4.000000000000000000e+00
2.000000000000000000e+01
8.600000000000000000e+01
1.860000000000000000e+02
2.920000000000000000e+02
2.830000000000000000e+02
2.950000000000000000e+02
5.450000000000000000e+02
8.270000000000000000e+02
1.089000000000000000e+03
1.183000000000000000e+03
1.138000000000000000e+03
9.570000000000000000e+02
9.370000000000000000e+02
9.020000000000000000e+02
9.260000000000000000e+02
9.230000000000000000e+02
8.890000000000000000e+02
9.690000000000000000e+02
1.127000000000000000e+03
1.390000000000000000e+03
1.631000000000000000e+03
1.942000000000000000e+03
2.255000000000000000e+03
3.417000000000000000e+03
2.964000000000000000e+03
1.937000000000000000e+03
1.281000000000000000e+03
1.028000000000000000e+03
8.920000000000000000e+02
7.850000000000000000e+02
7.130000000000000000e+02
6.850000000000000000e+02
6.720000000000000000e+02
6.980000000000000000e+02
7.000000000000000000e+02
6.630000000000000000e+02
7.360000000000000000e+02
6.930000000000000000e+02
8.140000000000000000e+02
9.130000000000000000e+02
9.070000000000000000e+02
9.060000000000000000e+02
7.590000000000000000e+02
7.960000000000000000e+02
7.910000000000000000e+02
8.850000000000000000e+02
1.245000000000000000e+03
1.204000000000000000e+03
1.070000000000000000e+03
1.110000000000000000e+03
8.290000000000000000e+02
7.430000000000000000e+02
8.330000000000000000e+02
8.360000000000000000e+02
9.620000000000000000e+02
9.730000000000000000e+02
1.034000000000000000e+03
1.103000000000000000e+03
1.125000000000000000e+03
1.094000000000000000e+03
1.176000000000000000e+03
1.168000000000000000e+03
1.259000000000000000e+03
1.467000000000000000e+03
1.408000000000000000e+03
2.244000000000000000e+03
1.683000000000000000e+03
4.109000000000000000e+03
1.976500000000000000e+04
1.785000000000000000e+03
3.747000000000000000e+03
1.059000000000000000e+03
1.297000000000000000e+03
8.530000000000000000e+02
8.290000000000000000e+02
6.280000000000000000e+02
5.830000000000000000e+02
5.550000000000000000e+02
4.840000000000000000e+02
4.740000000000000000e+02
5.030000000000000000e+02
5.170000000000000000e+02
5.040000000000000000e+02
4.940000000000000000e+02
5.360000000000000000e+02
5.940000000000000000e+02
6.660000000000000000e+02
7.130000000000000000e+02
5.150000000000000000e+02
4.830000000000000000e+02
4.470000000000000000e+02
5.150000000000000000e+02
4.540000000000000000e+02
5.380000000000000000e+02
5.230000000000000000e+02
5.400000000000000000e+02
5.100000000000000000e+02
4.580000000000000000e+02
4.850000000000000000e+02
4.520000000000000000e+02
4.480000000000000000e+02
4.980000000000000000e+02
4.650000000000000000e+02
4.700000000000000000e+02
4.390000000000000000e+02
4.150000000000000000e+02
4.110000000000000000e+02
4.390000000000000000e+02
3.890000000000000000e+02
4.270000000000000000e+02
3.750000000000000000e+02
3.890000000000000000e+02
3.690000000000000000e+02
4.010000000000000000e+02
3.840000000000000000e+02
3.870000000000000000e+02
4.340000000000000000e+02
4.500000000000000000e+02
4.760000000000000000e+02
5.410000000000000000e+02
4.750000000000000000e+02
5.270000000000000000e+02
5.420000000000000000e+02
4.930000000000000000e+02
4.320000000000000000e+02
4.600000000000000000e+02
4.920000000000000000e+02
5.130000000000000000e+02
5.160000000000000000e+02
5.220000000000000000e+02
4.800000000000000000e+02
4.620000000000000000e+02
4.570000000000000000e+02
4.240000000000000000e+02
4.570000000000000000e+02
4.740000000000000000e+02
4.830000000000000000e+02
4.650000000000000000e+02
4.730000000000000000e+02
4.750000000000000000e+02
4.350000000000000000e+02
4.900000000000000000e+02
5.250000000000000000e+02
5.250000000000000000e+02
5.200000000000000000e+02
4.960000000000000000e+02
5.020000000000000000e+02
5.750000000000000000e+02
5.650000000000000000e+02
5.600000000000000000e+02
5.490000000000000000e+02
5.720000000000000000e+02
5.270000000000000000e+02
5.700000000000000000e+02
5.430000000000000000e+02
5.830000000000000000e+02
5.510000000000000000e+02
6.450000000000000000e+02
6.180000000000000000e+02
6.490000000000000000e+02
6.960000000000000000e+02
7.240000000000000000e+02
7.940000000000000000e+02
8.220000000000000000e+02
8.730000000000000000e+02
9.300000000000000000e+02
8.870000000000000000e+02
9.740000000000000000e+02
1.007000000000000000e+03
1.055000000000000000e+03
1.080000000000000000e+03
1.165000000000000000e+03
1.211000000000000000e+03
1.238000000000000000e+03
1.343000000000000000e+03
1.345000000000000000e+03
1.412000000000000000e+03
1.464000000000000000e+03
1.467000000000000000e+03
1.531000000000000000e+03
1.456000000000000000e+03
1.531000000000000000e+03
1.566000000000000000e+03
1.561000000000000000e+03
1.574000000000000000e+03
1.439000000000000000e+03
1.388000000000000000e+03
1.344000000000000000e+03
1.278000000000000000e+03
1.209000000000000000e+03
1.097000000000000000e+03
1.029000000000000000e+03
9.120000000000000000e+02
8.600000000000000000e+02
8.330000000000000000e+02
7.170000000000000000e+02
6.580000000000000000e+02
5.940000000000000000e+02
5.380000000000000000e+02
5.090000000000000000e+02
4.980000000000000000e+02
4.910000000000000000e+02
6.350000000000000000e+02
6.510000000000000000e+02
6.900000000000000000e+02
6.520000000000000000e+02
5.720000000000000000e+02
4.610000000000000000e+02
3.730000000000000000e+02
4.020000000000000000e+02
3.940000000000000000e+02
3.660000000000000000e+02
3.610000000000000000e+02
3.550000000000000000e+02
3.720000000000000000e+02
5.840000000000000000e+02
9.220000000000000000e+02
1.451000000000000000e+03
2.693000000000000000e+03
3.918000000000000000e+03
7.050000000000000000e+03
7.493000000000000000e+03
5.953000000000000000e+03
4.494000000000000000e+03
3.016000000000000000e+03
2.731000000000000000e+03
9.410000000000000000e+02
3.430000000000000000e+02
1.450000000000000000e+02
1.250000000000000000e+02
1.320000000000000000e+02
1.030000000000000000e+02
8.600000000000000000e+01
5.500000000000000000e+01
4.400000000000000000e+01
4.200000000000000000e+01
3.400000000000000000e+01
4.100000000000000000e+01
3.300000000000000000e+01
3.400000000000000000e+01
1.500000000000000000e+01
1.500000000000000000e+01
1.900000000000000000e+01
1.800000000000000000e+01
1.400000000000000000e+01
1.900000000000000000e+01
2.000000000000000000e+01
1.300000000000000000e+01
1.900000000000000000e+01
1.700000000000000000e+01
2.100000000000000000e+01
2.600000000000000000e+01
2.100000000000000000e+01
7.200000000000000000e+01
