1.620000000000000000e+02
1.030000000000000000e+02
1.480000000000000000e+02
2.290000000000000000e+02
2.700000000000000000e+02
4.000000000000000000e+02
6.490000000000000000e+02
9.780000000000000000e+02
1.286000000000000000e+03
1.745000000000000000e+03
2.212000000000000000e+03
3.674000000000000000e+03
7.277000000000000000e+03
3.427000000000000000e+03
2.465000000000000000e+03
2.257000000000000000e+03
2.220000000000000000e+03
2.092000000000000000e+03
2.137000000000000000e+03
2.010000000000000000e+03
2.020000000000000000e+03
2.165000000000000000e+03
2.207000000000000000e+03
2.123000000000000000e+03
2.034000000000000000e+03
2.063000000000000000e+03
2.048000000000000000e+03
2.300000000000000000e+03
2.761000000000000000e+03
2.858000000000000000e+03
2.783000000000000000e+03
2.900000000000000000e+03
2.650000000000000000e+03
2.510000000000000000e+03
2.249000000000000000e+03
2.017000000000000000e+03
1.918000000000000000e+03
1.782000000000000000e+03
1.759000000000000000e+03
1.639000000000000000e+03
1.543000000000000000e+03
1.553000000000000000e+03
1.506000000000000000e+03
1.610000000000000000e+03
1.518000000000000000e+03
1.474000000000000000e+03
1.452000000000000000e+03
1.389000000000000000e+03
1.400000000000000000e+03
1.332000000000000000e+03
1.292000000000000000e+03
1.302000000000000000e+03
1.211000000000000000e+03
1.319000000000000000e+03
1.246000000000000000e+03
1.304000000000000000e+03
1.192000000000000000e+03
1.214000000000000000e+03
1.207000000000000000e+03
1.249000000000000000e+03
1.245000000000000000e+03
1.246000000000000000e+03
1.232000000000000000e+03
1.320000000000000000e+03
1.213000000000000000e+03
1.242000000000000000e+03
1.186000000000000000e+03
1.177000000000000000e+03
1.154000000000000000e+03
1.182000000000000000e+03
1.128000000000000000e+03
1.132000000000000000e+03
1.173000000000000000e+03
1.147000000000000000e+03
1.132000000000000000e+03
1.199000000000000000e+03
1.157000000000000000e+03
1.142000000000000000e+03
1.202000000000000000e+03
1.164000000000000000e+03
1.200000000000000000e+03
1.126000000000000000e+03
1.135000000000000000e+03
1.164000000000000000e+03
1.162000000000000000e+03
1.159000000000000000e+03
1.142000000000000000e+03
1.230000000000000000e+03
1.167000000000000000e+03
1.156000000000000000e+03
1.157000000000000000e+03
1.145000000000000000e+03
1.125000000000000000e+03
1.159000000000000000e+03
1.183000000000000000e+03
1.162000000000000000e+03
1.170000000000000000e+03
1.150000000000000000e+03
1.130000000000000000e+03
1.133000000000000000e+03
1.159000000000000000e+03
1.086000000000000000e+03
1.180000000000000000e+03
1.118000000000000000e+03
1.132000000000000000e+03
1.069000000000000000e+03
1.062000000000000000e+03
1.091000000000000000e+03
1.062000000000000000e+03
1.034000000000000000e+03
1.011000000000000000e+03
9.660000000000000000e+02
9.460000000000000000e+02
9.950000000000000000e+02
9.470000000000000000e+02
8.780000000000000000e+02
8.990000000000000000e+02
8.740000000000000000e+02
7.920000000000000000e+02
8.170000000000000000e+02
8.440000000000000000e+02
8.370000000000000000e+02
7.960000000000000000e+02
7.470000000000000000e+02
7.560000000000000000e+02
7.630000000000000000e+02
7.090000000000000000e+02
7.810000000000000000e+02
7.800000000000000000e+02
7.440000000000000000e+02
6.660000000000000000e+02
7.380000000000000000e+02
6.610000000000000000e+02
6.750000000000000000e+02
6.040000000000000000e+02
6.310000000000000000e+02
6.040000000000000000e+02
6.000000000000000000e+02
5.980000000000000000e+02
6.090000000000000000e+02
5.770000000000000000e+02
5.960000000000000000e+02
5.720000000000000000e+02
5.650000000000000000e+02
5.660000000000000000e+02
5.550000000000000000e+02
5.940000000000000000e+02
5.990000000000000000e+02
6.170000000000000000e+02
6.270000000000000000e+02
6.100000000000000000e+02
6.030000000000000000e+02
5.840000000000000000e+02
6.040000000000000000e+02
5.720000000000000000e+02
5.840000000000000000e+02
5.710000000000000000e+02
5.670000000000000000e+02
6.040000000000000000e+02
5.520000000000000000e+02
5.760000000000000000e+02
5.610000000000000000e+02
4.850000000000000000e+02
5.170000000000000000e+02
4.920000000000000000e+02
5.260000000000000000e+02
4.990000000000000000e+02
4.840000000000000000e+02
5.080000000000000000e+02
5.240000000000000000e+02
5.600000000000000000e+02
5.180000000000000000e+02
4.850000000000000000e+02
5.220000000000000000e+02
5.570000000000000000e+02
4.830000000000000000e+02
5.670000000000000000e+02
5.590000000000000000e+02
5.360000000000000000e+02
5.730000000000000000e+02
5.820000000000000000e+02
5.860000000000000000e+02
6.180000000000000000e+02
5.960000000000000000e+02
6.620000000000000000e+02
5.920000000000000000e+02
6.080000000000000000e+02
5.650000000000000000e+02
5.910000000000000000e+02
5.690000000000000000e+02
5.690000000000000000e+02
5.690000000000000000e+02
5.240000000000000000e+02
4.880000000000000000e+02
4.720000000000000000e+02
4.590000000000000000e+02
4.610000000000000000e+02
4.550000000000000000e+02
4.460000000000000000e+02
3.910000000000000000e+02
4.000000000000000000e+02
3.850000000000000000e+02
3.770000000000000000e+02
3.690000000000000000e+02
3.560000000000000000e+02
3.370000000000000000e+02
3.310000000000000000e+02
2.740000000000000000e+02
3.060000000000000000e+02
2.650000000000000000e+02
2.520000000000000000e+02
2.460000000000000000e+02
2.460000000000000000e+02
2.440000000000000000e+02
2.410000000000000000e+02
2.270000000000000000e+02
2.530000000000000000e+02
2.680000000000000000e+02
2.500000000000000000e+02
2.500000000000000000e+02
2.500000000000000000e+02
2.200000000000000000e+02
2.610000000000000000e+02
2.470000000000000000e+02
2.530000000000000000e+02
2.560000000000000000e+02
2.660000000000000000e+02
2.460000000000000000e+02
2.780000000000000000e+02
2.670000000000000000e+02
2.480000000000000000e+02
2.320000000000000000e+02
2.220000000000000000e+02
2.450000000000000000e+02
2.330000000000000000e+02
2.160000000000000000e+02
1.970000000000000000e+02
1.890000000000000000e+02
1.810000000000000000e+02
1.740000000000000000e+02
1.440000000000000000e+02
1.630000000000000000e+02
1.490000000000000000e+02
1.520000000000000000e+02
1.630000000000000000e+02
1.500000000000000000e+02
1.530000000000000000e+02
1.850000000000000000e+02
2.460000000000000000e+02
3.330000000000000000e+02
7.410000000000000000e+02
1.118000000000000000e+03
1.230000000000000000e+03
1.237000000000000000e+03
5.820000000000000000e+02
6.130000000000000000e+02
2.000000000000000000e+00
4.000000000000000000e+00
1.000000000000000000e+01
1.800000000000000000e+01
4.300000000000000000e+01
6.800000000000000000e+01
1.090000000000000000e+02
2.310000000000000000e+02
4.500000000000000000e+02
9.050000000000000000e+02
2.065000000000000000e+03
5.987000000000000000e+03
2.779000000000000000e+03
2.063000000000000000e+03
1.699000000000000000e+03
1.586000000000000000e+03
1.737000000000000000e+03
1.777000000000000000e+03
1.727000000000000000e+03
1.746000000000000000e+03
1.930000000000000000e+03
1.801000000000000000e+03
1.922000000000000000e+03
2.044000000000000000e+03
1.974000000000000000e+03
2.129000000000000000e+03
2.053000000000000000e+03
2.353000000000000000e+03
2.689000000000000000e+03
2.910000000000000000e+03
2.807000000000000000e+03
2.774000000000000000e+03
2.653000000000000000e+03
2.465000000000000000e+03
2.144000000000000000e+03
2.014000000000000000e+03
1.849000000000000000e+03
1.998000000000000000e+03
1.887000000000000000e+03
1.898000000000000000e+03
1.924000000000000000e+03
1.828000000000000000e+03
1.804000000000000000e+03
1.766000000000000000e+03
1.850000000000000000e+03
1.767000000000000000e+03
1.717000000000000000e+03
1.793000000000000000e+03
1.824000000000000000e+03
1.772000000000000000e+03
1.730000000000000000e+03
1.702000000000000000e+03
1.698000000000000000e+03
1.653000000000000000e+03
1.629000000000000000e+03
1.703000000000000000e+03
1.684000000000000000e+03
1.703000000000000000e+03
1.684000000000000000e+03
1.726000000000000000e+03
1.739000000000000000e+03
1.601000000000000000e+03
1.642000000000000000e+03
1.673000000000000000e+03
1.690000000000000000e+03
1.764000000000000000e+03
1.678000000000000000e+03
1.637000000000000000e+03
1.640000000000000000e+03
1.608000000000000000e+03
1.589000000000000000e+03
1.600000000000000000e+03
1.631000000000000000e+03
1.603000000000000000e+03
1.518000000000000000e+03
1.545000000000000000e+03
1.523000000000000000e+03
1.632000000000000000e+03
1.603000000000000000e+03
1.686000000000000000e+03
1.664000000000000000e+03
1.618000000000000000e+03
1.664000000000000000e+03
1.680000000000000000e+03
1.661000000000000000e+03
1.644000000000000000e+03
1.537000000000000000e+03
1.584000000000000000e+03
1.546000000000000000e+03
1.539000000000000000e+03
1.515000000000000000e+03
1.448000000000000000e+03
1.510000000000000000e+03
1.503000000000000000e+03
1.447000000000000000e+03
1.454000000000000000e+03
1.387000000000000000e+03
1.456000000000000000e+03
1.425000000000000000e+03
1.340000000000000000e+03
1.249000000000000000e+03
1.286000000000000000e+03
1.195000000000000000e+03
1.333000000000000000e+03
1.301000000000000000e+03
1.300000000000000000e+03
1.273000000000000000e+03
1.257000000000000000e+03
1.234000000000000000e+03
1.172000000000000000e+03
1.196000000000000000e+03
1.218000000000000000e+03
1.177000000000000000e+03
1.191000000000000000e+03
1.179000000000000000e+03
1.199000000000000000e+03
1.151000000000000000e+03
1.176000000000000000e+03
1.070000000000000000e+03
1.106000000000000000e+03
9.890000000000000000e+02
9.830000000000000000e+02
9.690000000000000000e+02
8.300000000000000000e+02
8.140000000000000000e+02
8.660000000000000000e+02
7.750000000000000000e+02
7.170000000000000000e+02
7.220000000000000000e+02
7.060000000000000000e+02
7.130000000000000000e+02
6.430000000000000000e+02
6.500000000000000000e+02
6.040000000000000000e+02
6.600000000000000000e+02
6.050000000000000000e+02
5.990000000000000000e+02
5.370000000000000000e+02
5.920000000000000000e+02
5.450000000000000000e+02
5.280000000000000000e+02
5.220000000000000000e+02
4.740000000000000000e+02
4.430000000000000000e+02
4.980000000000000000e+02
3.970000000000000000e+02
4.490000000000000000e+02
4.470000000000000000e+02
4.230000000000000000e+02
4.360000000000000000e+02
4.290000000000000000e+02
3.770000000000000000e+02
3.980000000000000000e+02
4.130000000000000000e+02
4.040000000000000000e+02
3.670000000000000000e+02
3.820000000000000000e+02
4.000000000000000000e+02
3.720000000000000000e+02
3.510000000000000000e+02
3.860000000000000000e+02
3.660000000000000000e+02
3.560000000000000000e+02
3.220000000000000000e+02
3.420000000000000000e+02
3.370000000000000000e+02
3.440000000000000000e+02
3.290000000000000000e+02
3.380000000000000000e+02
3.290000000000000000e+02
2.980000000000000000e+02
3.240000000000000000e+02
3.610000000000000000e+02
3.290000000000000000e+02
3.340000000000000000e+02
3.440000000000000000e+02
3.180000000000000000e+02
3.320000000000000000e+02
3.360000000000000000e+02
2.940000000000000000e+02
3.290000000000000000e+02
2.910000000000000000e+02
3.200000000000000000e+02
3.320000000000000000e+02
3.610000000000000000e+02
4.170000000000000000e+02
4.120000000000000000e+02
3.880000000000000000e+02
4.480000000000000000e+02
3.680000000000000000e+02
3.530000000000000000e+02
3.310000000000000000e+02
2.810000000000000000e+02
2.720000000000000000e+02
2.550000000000000000e+02
2.410000000000000000e+02
2.360000000000000000e+02
1.960000000000000000e+02
2.030000000000000000e+02
2.130000000000000000e+02
1.700000000000000000e+02
1.960000000000000000e+02
1.730000000000000000e+02
1.520000000000000000e+02
1.640000000000000000e+02
1.660000000000000000e+02
1.750000000000000000e+02
1.640000000000000000e+02
1.440000000000000000e+02
1.720000000000000000e+02
1.570000000000000000e+02
1.540000000000000000e+02
1.540000000000000000e+02
1.440000000000000000e+02
1.500000000000000000e+02
1.540000000000000000e+02
1.390000000000000000e+02
1.660000000000000000e+02
1.480000000000000000e+02
1.690000000000000000e+02
1.780000000000000000e+02
1.610000000000000000e+02
1.720000000000000000e+02
1.450000000000000000e+02
1.620000000000000000e+02
1.810000000000000000e+02
1.700000000000000000e+02
1.940000000000000000e+02
1.760000000000000000e+02
1.740000000000000000e+02
1.560000000000000000e+02
1.430000000000000000e+02
1.650000000000000000e+02
1.640000000000000000e+02
1.520000000000000000e+02
1.560000000000000000e+02
1.420000000000000000e+02
1.430000000000000000e+02
1.680000000000000000e+02
2.050000000000000000e+02
3.140000000000000000e+02
5.080000000000000000e+02
6.850000000000000000e+02
8.360000000000000000e+02
7.220000000000000000e+02
5.980000000000000000e+02
8.220000000000000000e+02
6.460000000000000000e+02
2.770000000000000000e+02
1.520000000000000000e+02
9.300000000000000000e+01
5.000000000000000000e+01
2.100000000000000000e+01
9.000000000000000000e+00
5.000000000000000000e+00
5.000000000000000000e+00
0.000000000000000000e+00
1.000000000000000000e+00
3.000000000000000000e+00
4.000000000000000000e+00
3.000000000000000000e+00
1.000000000000000000e+01
2.500000000000000000e+01
4.800000000000000000e+01
7.200000000000000000e+01
1.020000000000000000e+02
1.970000000000000000e+02
3.570000000000000000e+02
6.090000000000000000e+02
9.650000000000000000e+02
1.532000000000000000e+03
2.339000000000000000e+03
3.783000000000000000e+03
7.047000000000000000e+03
3.173000000000000000e+03
3.334000000000000000e+03
2.865000000000000000e+03
2.759000000000000000e+03
2.716000000000000000e+03
2.626000000000000000e+03
2.551000000000000000e+03
2.707000000000000000e+03
3.116000000000000000e+03
3.262000000000000000e+03
3.169000000000000000e+03
3.258000000000000000e+03
3.203000000000000000e+03
2.826000000000000000e+03
2.539000000000000000e+03
2.286000000000000000e+03
2.032000000000000000e+03
2.096000000000000000e+03
2.023000000000000000e+03
1.887000000000000000e+03
1.855000000000000000e+03
1.917000000000000000e+03
1.751000000000000000e+03
1.708000000000000000e+03
1.785000000000000000e+03
1.645000000000000000e+03
1.702000000000000000e+03
1.665000000000000000e+03
1.700000000000000000e+03
1.774000000000000000e+03
1.780000000000000000e+03
1.759000000000000000e+03
1.816000000000000000e+03
1.823000000000000000e+03
1.933000000000000000e+03
1.972000000000000000e+03
2.038000000000000000e+03
2.049000000000000000e+03
2.158000000000000000e+03
2.147000000000000000e+03
2.169000000000000000e+03
2.272000000000000000e+03
2.320000000000000000e+03
2.132000000000000000e+03
2.232000000000000000e+03
2.367000000000000000e+03
2.338000000000000000e+03
2.229000000000000000e+03
2.291000000000000000e+03
2.307000000000000000e+03
2.309000000000000000e+03
2.331000000000000000e+03
2.208000000000000000e+03
2.228000000000000000e+03
2.387000000000000000e+03
2.335000000000000000e+03
2.437000000000000000e+03
2.276000000000000000e+03
2.225000000000000000e+03
2.020000000000000000e+03
2.029000000000000000e+03
1.958000000000000000e+03
1.823000000000000000e+03
1.769000000000000000e+03
1.759000000000000000e+03
1.609000000000000000e+03
1.527000000000000000e+03
1.472000000000000000e+03
1.395000000000000000e+03
1.469000000000000000e+03
1.369000000000000000e+03
1.318000000000000000e+03
1.282000000000000000e+03
1.256000000000000000e+03
1.218000000000000000e+03
1.076000000000000000e+03
1.103000000000000000e+03
1.104000000000000000e+03
1.043000000000000000e+03
1.076000000000000000e+03
1.064000000000000000e+03
1.040000000000000000e+03
1.051000000000000000e+03
9.330000000000000000e+02
8.820000000000000000e+02
9.540000000000000000e+02
8.890000000000000000e+02
8.080000000000000000e+02
8.750000000000000000e+02
8.040000000000000000e+02
8.290000000000000000e+02
8.070000000000000000e+02
7.100000000000000000e+02
7.090000000000000000e+02
7.160000000000000000e+02
6.880000000000000000e+02
6.750000000000000000e+02
7.080000000000000000e+02
6.340000000000000000e+02
6.210000000000000000e+02
5.720000000000000000e+02
6.080000000000000000e+02
5.670000000000000000e+02
5.550000000000000000e+02
5.390000000000000000e+02
5.420000000000000000e+02
5.200000000000000000e+02
5.100000000000000000e+02
5.110000000000000000e+02
4.890000000000000000e+02
4.740000000000000000e+02
4.620000000000000000e+02
4.630000000000000000e+02
4.860000000000000000e+02
5.000000000000000000e+02
4.830000000000000000e+02
4.420000000000000000e+02
4.590000000000000000e+02
4.600000000000000000e+02
3.910000000000000000e+02
4.020000000000000000e+02
4.340000000000000000e+02
4.110000000000000000e+02
4.040000000000000000e+02
4.500000000000000000e+02
4.440000000000000000e+02
3.950000000000000000e+02
4.290000000000000000e+02
4.150000000000000000e+02
4.320000000000000000e+02
4.570000000000000000e+02
3.930000000000000000e+02
3.910000000000000000e+02
4.400000000000000000e+02
3.850000000000000000e+02
3.740000000000000000e+02
3.610000000000000000e+02
3.570000000000000000e+02
3.300000000000000000e+02
3.360000000000000000e+02
3.470000000000000000e+02
3.300000000000000000e+02
3.290000000000000000e+02
2.990000000000000000e+02
2.820000000000000000e+02
3.080000000000000000e+02
2.920000000000000000e+02
2.470000000000000000e+02
3.010000000000000000e+02
3.130000000000000000e+02
3.000000000000000000e+02
3.060000000000000000e+02
2.740000000000000000e+02
3.050000000000000000e+02
3.260000000000000000e+02
3.260000000000000000e+02
3.760000000000000000e+02
3.480000000000000000e+02
3.810000000000000000e+02
3.490000000000000000e+02
3.880000000000000000e+02
3.290000000000000000e+02
3.540000000000000000e+02
3.510000000000000000e+02
3.290000000000000000e+02
2.790000000000000000e+02
2.270000000000000000e+02
2.360000000000000000e+02
2.260000000000000000e+02
2.170000000000000000e+02
2.000000000000000000e+02
2.040000000000000000e+02
1.900000000000000000e+02
1.800000000000000000e+02
1.660000000000000000e+02
1.760000000000000000e+02
1.850000000000000000e+02
1.820000000000000000e+02
1.800000000000000000e+02
1.950000000000000000e+02
1.680000000000000000e+02
1.610000000000000000e+02
1.760000000000000000e+02
1.620000000000000000e+02
1.540000000000000000e+02
1.580000000000000000e+02
1.800000000000000000e+02
1.590000000000000000e+02
1.430000000000000000e+02
1.620000000000000000e+02
1.900000000000000000e+02
1.460000000000000000e+02
1.460000000000000000e+02
1.450000000000000000e+02
1.560000000000000000e+02
1.870000000000000000e+02
1.470000000000000000e+02
1.500000000000000000e+02
1.680000000000000000e+02
1.830000000000000000e+02
1.510000000000000000e+02
1.630000000000000000e+02
1.800000000000000000e+02
1.630000000000000000e+02
1.830000000000000000e+02
2.080000000000000000e+02
2.270000000000000000e+02
4.410000000000000000e+02
8.010000000000000000e+02
6.600000000000000000e+02
5.100000000000000000e+02
6.330000000000000000e+02
3.800000000000000000e+02
4.740000000000000000e+02
4.300000000000000000e+02
2.950000000000000000e+02
3.300000000000000000e+02
4.910000000000000000e+02
5.800000000000000000e+02
2.160000000000000000e+02
2.320000000000000000e+02
1.590000000000000000e+02
1.100000000000000000e+02
1.010000000000000000e+02
9.300000000000000000e+01
7.400000000000000000e+01
7.100000000000000000e+01
6.100000000000000000e+01
3.100000000000000000e+01
3.100000000000000000e+01
2.200000000000000000e+01
1.400000000000000000e+01
1.200000000000000000e+01
1.000000000000000000e+01
7.000000000000000000e+00
9.000000000000000000e+00
4.000000000000000000e+00
2.900000000000000000e+01
2.925000000000000000e+03
2.000000000000000000e+00
2.200000000000000000e+01
1.330000000000000000e+02
1.000000000000000000e+01
6.090000000000000000e+02
1.778000000000000000e+03
6.800000000000000000e+01
1.571000000000000000e+03
4.520000000000000000e+02
8.490000000000000000e+02
5.794000000000000000e+03
5.250000000000000000e+03
1.967500000000000000e+04
1.500500000000000000e+04
1.500600000000000000e+04
1.199400000000000000e+04
8.451000000000000000e+03
5.384000000000000000e+03
6.971000000000000000e+03
6.895000000000000000e+03
6.206000000000000000e+03
3.473000000000000000e+03
2.717000000000000000e+03
4.752000000000000000e+03
3.097000000000000000e+03
2.800000000000000000e+03
1.610000000000000000e+02
2.960000000000000000e+02
2.130000000000000000e+02
1.117600000000000000e+04
1.300000000000000000e+01
5.120000000000000000e+02
1.060000000000000000e+02
8.550000000000000000e+02
2.184000000000000000e+03
2.009000000000000000e+03
2.350000000000000000e+02
4.060000000000000000e+02
1.660000000000000000e+02
4.290000000000000000e+02
1.230000000000000000e+02
9.450000000000000000e+02
8.940000000000000000e+02
7.100000000000000000e+01
1.750000000000000000e+02
2.530000000000000000e+02
1.700000000000000000e+01
3.780000000000000000e+02
6.100000000000000000e+01
2.743000000000000000e+03
3.370000000000000000e+02
1.830000000000000000e+02
4.000000000000000000e+01
8.800000000000000000e+01
2.880000000000000000e+02
2.200000000000000000e+02
8.500000000000000000e+01
8.000000000000000000e+00
1.000000000000000000e+00
2.390000000000000000e+02
0.000000000000000000e+00
1.000000000000000000e+01
9.200000000000000000e+01
0.000000000000000000e+00
4.700000000000000000e+01
5.580000000000000000e+02
8.000000000000000000e+00
3.600000000000000000e+01
1.400000000000000000e+01
2.740000000000000000e+02
2.000000000000000000e+00
0.000000000000000000e+00
1.100000000000000000e+02
5.200000000000000000e+01
1.799000000000000000e+03
2.000000000000000000e+00
2.000000000000000000e+00
0.000000000000000000e+00
8.200000000000000000e+01
6.240000000000000000e+02
0.000000000000000000e+00
0.000000000000000000e+00
9.870000000000000000e+02
9.000000000000000000e+00
3.900000000000000000e+01
0.000000000000000000e+00
4.360000000000000000e+02
7.000000000000000000e+00
2.000000000000000000e+00
2.060000000000000000e+03
5.000000000000000000e+00
3.900000000000000000e+01
3.650000000000000000e+02
1.100000000000000000e+01
2.351000000000000000e+03
3.864000000000000000e+03
5.400000000000000000e+01
2.008000000000000000e+03
3.590000000000000000e+02
5.960000000000000000e+02
2.753000000000000000e+03
1.792000000000000000e+03
5.252000000000000000e+03
3.106000000000000000e+03
3.869000000000000000e+03
4.196000000000000000e+03
4.200000000000000000e+03
2.768000000000000000e+03
3.216000000000000000e+03
2.931000000000000000e+03
1.930000000000000000e+03
9.680000000000000000e+02
6.830000000000000000e+02
2.778000000000000000e+03
2.971000000000000000e+03
5.430000000000000000e+02
4.700000000000000000e+01
1.110000000000000000e+02
1.940000000000000000e+02
3.575000000000000000e+03
3.000000000000000000e+01
1.710000000000000000e+02
4.240000000000000000e+02
9.610000000000000000e+02
6.080000000000000000e+03
2.543000000000000000e+03
1.600000000000000000e+01
4.000000000000000000e+01
1.300000000000000000e+01
1.960000000000000000e+02
0.000000000000000000e+00
1.054000000000000000e+03
5.070000000000000000e+02
0.000000000000000000e+00
4.000000000000000000e+00
4.000000000000000000e+00
0.000000000000000000e+00
1.400000000000000000e+01
0.000000000000000000e+00
1.185000000000000000e+03
5.800000000000000000e+01
1.000000000000000000e+00
0.000000000000000000e+00
0.000000000000000000e+00
1.930000000000000000e+02
7.000000000000000000e+00
0.000000000000000000e+00
0.000000000000000000e+00
0.000000000000000000e+00
4.100000000000000000e+01
0.000000000000000000e+00
0.000000000000000000e+00
3.000000000000000000e+00
0.000000000000000000e+00
3.000000000000000000e+00
3.940000000000000000e+02
1.000000000000000000e+00
7.000000000000000000e+00
7.000000000000000000e+00
1.640000000000000000e+02
1.000000000000000000e+00
0.000000000000000000e+00
5.400000000000000000e+01
6.000000000000000000e+00
1.721000000000000000e+03
0.000000000000000000e+00
0.000000000000000000e+00
0.000000000000000000e+00
1.800000000000000000e+01
3.780000000000000000e+02
0.000000000000000000e+00
0.000000000000000000e+00
7.980000000000000000e+02
2.000000000000000000e+00
1.200000000000000000e+01
0.000000000000000000e+00
3.010000000000000000e+02
2.000000000000000000e+00
0.000000000000000000e+00
2.104000000000000000e+03
0.000000000000000000e+00
2.500000000000000000e+02
3.130000000000000000e+02
2.240000000000000000e+02
3.460000000000000000e+02
5.650000000000000000e+02
6.120000000000000000e+02
7.440000000000000000e+02
7.830000000000000000e+02
8.040000000000000000e+02
1.080000000000000000e+03
1.327000000000000000e+03
1.265000000000000000e+03
1.202000000000000000e+03
2.638000000000000000e+03
3.271000000000000000e+03
2.963000000000000000e+03
4.370000000000000000e+03
2.607000000000000000e+03
2.664000000000000000e+03
2.206000000000000000e+03
2.239000000000000000e+03
2.686000000000000000e+03
2.656000000000000000e+03
1.617000000000000000e+03
3.190000000000000000e+03
2.442000000000000000e+03
2.603000000000000000e+03
2.010000000000000000e+03
1.981000000000000000e+03
2.011000000000000000e+03
2.304000000000000000e+03
2.075000000000000000e+03
2.248000000000000000e+03
2.086000000000000000e+03
2.887000000000000000e+03
1.424000000000000000e+03
2.544000000000000000e+03
2.144000000000000000e+03
2.386000000000000000e+03
2.142000000000000000e+03
1.792000000000000000e+03
2.446000000000000000e+03
2.071000000000000000e+03
2.094000000000000000e+03
2.087000000000000000e+03
1.888000000000000000e+03
1.760000000000000000e+03
2.037000000000000000e+03
1.331000000000000000e+03
2.206000000000000000e+03
1.104000000000000000e+03
1.869000000000000000e+03
1.209000000000000000e+03
1.992000000000000000e+03
9.810000000000000000e+02
1.552000000000000000e+03
1.682000000000000000e+03
1.286000000000000000e+03
1.304000000000000000e+03
1.774000000000000000e+03
1.339000000000000000e+03
7.710000000000000000e+02
2.204000000000000000e+03
1.073000000000000000e+03
1.203000000000000000e+03
1.699000000000000000e+03
1.243000000000000000e+03
9.300000000000000000e+02
1.574000000000000000e+03
1.620000000000000000e+03
1.012000000000000000e+03
1.399000000000000000e+03
1.080000000000000000e+03
1.868000000000000000e+03
1.075000000000000000e+03
1.472000000000000000e+03
1.315000000000000000e+03
8.750000000000000000e+02
2.283000000000000000e+03
1.531000000000000000e+03
1.104000000000000000e+03
1.156000000000000000e+03
7.160000000000000000e+02
2.859000000000000000e+03
7.190000000000000000e+02
1.036000000000000000e+03
9.890000000000000000e+02
1.085000000000000000e+03
5.161000000000000000e+03
1.189000000000000000e+03
9.020000000000000000e+02
1.041000000000000000e+03
1.075000000000000000e+03
8.200000000000000000e+02
1.816000000000000000e+03
9.500000000000000000e+02
1.127000000000000000e+03
9.480000000000000000e+02
1.039000000000000000e+03
8.590000000000000000e+02
1.621000000000000000e+03
9.500000000000000000e+02
1.093000000000000000e+03
1.086000000000000000e+03
1.122000000000000000e+03
1.535000000000000000e+03
9.600000000000000000e+02
1.124000000000000000e+03
8.920000000000000000e+02
1.041000000000000000e+03
1.094000000000000000e+03
1.277000000000000000e+03
9.710000000000000000e+02
9.950000000000000000e+02
1.042000000000000000e+03
1.037000000000000000e+03
1.131000000000000000e+03
1.072000000000000000e+03
1.196000000000000000e+03
1.216000000000000000e+03
1.016000000000000000e+03
1.052000000000000000e+03
1.080000000000000000e+03
1.081000000000000000e+03
1.044000000000000000e+03
1.037000000000000000e+03
1.380000000000000000e+03
1.088000000000000000e+03
1.104000000000000000e+03
1.058000000000000000e+03
1.076000000000000000e+03
1.130000000000000000e+03
1.158000000000000000e+03
1.133000000000000000e+03
1.176000000000000000e+03
1.019000000000000000e+03
1.107000000000000000e+03
1.037000000000000000e+03
1.057000000000000000e+03
1.000000000000000000e+03
9.360000000000000000e+02
9.230000000000000000e+02
8.270000000000000000e+02
7.930000000000000000e+02
8.170000000000000000e+02
7.320000000000000000e+02
6.700000000000000000e+02
6.130000000000000000e+02
6.530000000000000000e+02
5.870000000000000000e+02
5.300000000000000000e+02
5.430000000000000000e+02
4.080000000000000000e+02
4.050000000000000000e+02
3.930000000000000000e+02
3.600000000000000000e+02
3.280000000000000000e+02
3.210000000000000000e+02
2.560000000000000000e+02
2.720000000000000000e+02
2.870000000000000000e+02
2.110000000000000000e+02
2.210000000000000000e+02
2.160000000000000000e+02
2.300000000000000000e+02
2.230000000000000000e+02
2.060000000000000000e+02
1.630000000000000000e+02
2.880000000000000000e+02
1.680000000000000000e+02
1.640000000000000000e+02
1.740000000000000000e+02
2.200000000000000000e+02
1.630000000000000000e+02
1.580000000000000000e+02
2.170000000000000000e+02
1.490000000000000000e+02
2.400000000000000000e+02
2.100000000000000000e+02
1.920000000000000000e+02
2.160000000000000000e+02
1.860000000000000000e+02
1.960000000000000000e+02
2.110000000000000000e+02
1.770000000000000000e+02
1.610000000000000000e+02
1.670000000000000000e+02
1.500000000000000000e+02
1.680000000000000000e+02
2.310000000000000000e+02
1.410000000000000000e+02
1.580000000000000000e+02
1.790000000000000000e+02
1.530000000000000000e+02
1.830000000000000000e+02
1.710000000000000000e+02
2.010000000000000000e+02
1.670000000000000000e+02
1.740000000000000000e+02
2.260000000000000000e+02
1.740000000000000000e+02
2.100000000000000000e+02
1.980000000000000000e+02
1.890000000000000000e+02
2.330000000000000000e+02
2.200000000000000000e+02
1.830000000000000000e+02
2.240000000000000000e+02
2.080000000000000000e+02
2.100000000000000000e+02
1.850000000000000000e+02
2.440000000000000000e+02
2.290000000000000000e+02
2.260000000000000000e+02
2.240000000000000000e+02
2.170000000000000000e+02
1.990000000000000000e+02
2.920000000000000000e+02
2.410000000000000000e+02
2.530000000000000000e+02
2.480000000000000000e+02
2.510000000000000000e+02
2.440000000000000000e+02
2.980000000000000000e+02
2.640000000000000000e+02
2.440000000000000000e+02
2.380000000000000000e+02
2.330000000000000000e+02
2.940000000000000000e+02
2.790000000000000000e+02
2.470000000000000000e+02
2.420000000000000000e+02
2.370000000000000000e+02
2.410000000000000000e+02
2.570000000000000000e+02
2.070000000000000000e+02
2.150000000000000000e+02
1.880000000000000000e+02
1.820000000000000000e+02
1.480000000000000000e+02
1.470000000000000000e+02
1.040000000000000000e+02
9.700000000000000000e+01
7.900000000000000000e+01
5.400000000000000000e+01
4.300000000000000000e+01
5.800000000000000000e+01
4.300000000000000000e+01
3.100000000000000000e+01
2.700000000000000000e+01
2.000000000000000000e+01
1.300000000000000000e+01
0.000000000000000000e+00
1.620000000000000000e+02
0.000000000000000000e+00
0.000000000000000000e+00
0.000000000000000000e+00
0.000000000000000000e+00
2.000000000000000000e+00
0.000000000000000000e+00
6.000000000000000000e+00
1.300000000000000000e+01
1.900000000000000000e+01
4.100000000000000000e+01
8.700000000000000000e+01
1.710000000000000000e+02
3.070000000000000000e+02
6.120000000000000000e+02
1.062000000000000000e+03
1.827000000000000000e+03
3.148000000000000000e+03
6.288000000000000000e+03
2.547000000000000000e+03
2.526000000000000000e+03
2.087000000000000000e+03
1.985000000000000000e+03
2.010000000000000000e+03
1.877000000000000000e+03
1.807000000000000000e+03
1.950000000000000000e+03
1.889000000000000000e+03
2.119000000000000000e+03
2.621000000000000000e+03
2.722000000000000000e+03
2.621000000000000000e+03
2.660000000000000000e+03
2.429000000000000000e+03
2.272000000000000000e+03
1.928000000000000000e+03
1.788000000000000000e+03
1.707000000000000000e+03
1.686000000000000000e+03
1.530000000000000000e+03
1.493000000000000000e+03
1.446000000000000000e+03
1.413000000000000000e+03
1.351000000000000000e+03
1.374000000000000000e+03
1.354000000000000000e+03
1.299000000000000000e+03
1.338000000000000000e+03
1.279000000000000000e+03
1.308000000000000000e+03
1.325000000000000000e+03
1.310000000000000000e+03
1.267000000000000000e+03
1.208000000000000000e+03
1.349000000000000000e+03
1.226000000000000000e+03
1.310000000000000000e+03
1.318000000000000000e+03
1.342000000000000000e+03
1.268000000000000000e+03
1.375000000000000000e+03
1.423000000000000000e+03
1.382000000000000000e+03
1.444000000000000000e+03
1.546000000000000000e+03
1.529000000000000000e+03
1.564000000000000000e+03
1.566000000000000000e+03
1.524000000000000000e+03
1.549000000000000000e+03
1.562000000000000000e+03
1.476000000000000000e+03
1.446000000000000000e+03
1.495000000000000000e+03
1.465000000000000000e+03
1.465000000000000000e+03
1.414000000000000000e+03
1.374000000000000000e+03
1.313000000000000000e+03
1.324000000000000000e+03
1.358000000000000000e+03
1.350000000000000000e+03
1.243000000000000000e+03
1.307000000000000000e+03
1.281000000000000000e+03
1.257000000000000000e+03
1.245000000000000000e+03
1.249000000000000000e+03
1.314000000000000000e+03
1.308000000000000000e+03
1.326000000000000000e+03
1.314000000000000000e+03
1.285000000000000000e+03
1.219000000000000000e+03
1.227000000000000000e+03
1.296000000000000000e+03
1.314000000000000000e+03
1.313000000000000000e+03
1.307000000000000000e+03
1.359000000000000000e+03
1.342000000000000000e+03
1.401000000000000000e+03
1.294000000000000000e+03
1.385000000000000000e+03
1.345000000000000000e+03
1.299000000000000000e+03
1.279000000000000000e+03
1.275000000000000000e+03
1.275000000000000000e+03
1.284000000000000000e+03
1.262000000000000000e+03
1.170000000000000000e+03
1.141000000000000000e+03
1.117000000000000000e+03
1.219000000000000000e+03
1.150000000000000000e+03
1.097000000000000000e+03
1.112000000000000000e+03
1.045000000000000000e+03
9.720000000000000000e+02
9.980000000000000000e+02
1.009000000000000000e+03
9.820000000000000000e+02
9.460000000000000000e+02
8.930000000000000000e+02
8.800000000000000000e+02
9.050000000000000000e+02
8.570000000000000000e+02
9.180000000000000000e+02
8.620000000000000000e+02
8.480000000000000000e+02
8.200000000000000000e+02
8.940000000000000000e+02
8.370000000000000000e+02
8.460000000000000000e+02
7.560000000000000000e+02
7.950000000000000000e+02
8.010000000000000000e+02
7.590000000000000000e+02
7.260000000000000000e+02
7.850000000000000000e+02
7.290000000000000000e+02
7.340000000000000000e+02
7.510000000000000000e+02
7.260000000000000000e+02
7.140000000000000000e+02
7.340000000000000000e+02
7.500000000000000000e+02
7.550000000000000000e+02
8.270000000000000000e+02
7.920000000000000000e+02
7.450000000000000000e+02
7.820000000000000000e+02
7.010000000000000000e+02
7.310000000000000000e+02
6.980000000000000000e+02
7.320000000000000000e+02
6.600000000000000000e+02
6.520000000000000000e+02
6.810000000000000000e+02
6.510000000000000000e+02
6.610000000000000000e+02
6.460000000000000000e+02
5.650000000000000000e+02
6.000000000000000000e+02
5.620000000000000000e+02
5.890000000000000000e+02
5.710000000000000000e+02
5.630000000000000000e+02
5.650000000000000000e+02
6.070000000000000000e+02
5.920000000000000000e+02
5.510000000000000000e+02
5.510000000000000000e+02
5.680000000000000000e+02
6.300000000000000000e+02
5.240000000000000000e+02
6.340000000000000000e+02
5.890000000000000000e+02
5.780000000000000000e+02
6.040000000000000000e+02
6.120000000000000000e+02
6.190000000000000000e+02
6.560000000000000000e+02
6.140000000000000000e+02
6.900000000000000000e+02
6.360000000000000000e+02
6.380000000000000000e+02
6.110000000000000000e+02
6.300000000000000000e+02
6.000000000000000000e+02
5.940000000000000000e+02
6.210000000000000000e+02
5.710000000000000000e+02
5.320000000000000000e+02
4.950000000000000000e+02
5.080000000000000000e+02
4.950000000000000000e+02
5.040000000000000000e+02
4.880000000000000000e+02
4.480000000000000000e+02
4.370000000000000000e+02
4.290000000000000000e+02
4.220000000000000000e+02
3.970000000000000000e+02
3.930000000000000000e+02
3.620000000000000000e+02
3.630000000000000000e+02
3.190000000000000000e+02
3.500000000000000000e+02
2.990000000000000000e+02
2.850000000000000000e+02
2.780000000000000000e+02
2.840000000000000000e+02
2.850000000000000000e+02
2.630000000000000000e+02
2.540000000000000000e+02
2.640000000000000000e+02
2.920000000000000000e+02
2.750000000000000000e+02
2.710000000000000000e+02
2.690000000000000000e+02
2.410000000000000000e+02
2.590000000000000000e+02
2.580000000000000000e+02
2.760000000000000000e+02
2.740000000000000000e+02
2.880000000000000000e+02
2.920000000000000000e+02
3.130000000000000000e+02
3.400000000000000000e+02
3.060000000000000000e+02
3.010000000000000000e+02
3.030000000000000000e+02
2.930000000000000000e+02
2.720000000000000000e+02
2.570000000000000000e+02
2.290000000000000000e+02
2.210000000000000000e+02
2.140000000000000000e+02
2.160000000000000000e+02
1.680000000000000000e+02
1.780000000000000000e+02
1.640000000000000000e+02
1.760000000000000000e+02
1.710000000000000000e+02
1.690000000000000000e+02
1.660000000000000000e+02
2.020000000000000000e+02
2.600000000000000000e+02
3.430000000000000000e+02
7.500000000000000000e+02
1.131000000000000000e+03
1.237000000000000000e+03
1.244000000000000000e+03
5.850000000000000000e+02
6.440000000000000000e+02
