2.000000000000000000e+00
1.000000000000000000e+00
1.000000000000000000e+00
1.000000000000000000e+00
4.000000000000000000e+00
2.000000000000000000e+00
2.000000000000000000e+00
1.000000000000000000e+00
2.000000000000000000e+00
4.000000000000000000e+00
8.000000000000000000e+00
1.300000000000000000e+01
1.000000000000000000e+01
1.600000000000000000e+01
1.500000000000000000e+01
3.000000000000000000e+01
3.300000000000000000e+01
4.900000000000000000e+01
6.100000000000000000e+01
6.900000000000000000e+01
7.600000000000000000e+01
9.400000000000000000e+01
1.290000000000000000e+02
1.500000000000000000e+02
1.710000000000000000e+02
2.410000000000000000e+02
3.640000000000000000e+02
4.300000000000000000e+02
5.730000000000000000e+02
7.520000000000000000e+02
9.300000000000000000e+02
1.217000000000000000e+03
1.395000000000000000e+03
1.534000000000000000e+03
1.493000000000000000e+03
1.507000000000000000e+03
1.552000000000000000e+03
1.567000000000000000e+03
1.615000000000000000e+03
1.599000000000000000e+03
1.721000000000000000e+03
1.716000000000000000e+03
1.838000000000000000e+03
1.817000000000000000e+03
1.914000000000000000e+03
1.931000000000000000e+03
1.986000000000000000e+03
2.035000000000000000e+03
2.101000000000000000e+03
2.051000000000000000e+03
2.010000000000000000e+03
1.953000000000000000e+03
1.838000000000000000e+03
1.734000000000000000e+03
1.410000000000000000e+03
1.345000000000000000e+03
1.211000000000000000e+03
1.075000000000000000e+03
1.095000000000000000e+03
1.088000000000000000e+03
1.015000000000000000e+03
9.740000000000000000e+02
1.003000000000000000e+03
9.700000000000000000e+02
1.035000000000000000e+03
1.043000000000000000e+03
1.102000000000000000e+03
9.810000000000000000e+02
1.045000000000000000e+03
1.005000000000000000e+03
1.011000000000000000e+03
9.560000000000000000e+02
9.110000000000000000e+02
9.870000000000000000e+02
9.580000000000000000e+02
1.011000000000000000e+03
9.710000000000000000e+02
8.810000000000000000e+02
9.350000000000000000e+02
8.840000000000000000e+02
9.060000000000000000e+02
8.760000000000000000e+02
9.290000000000000000e+02
8.350000000000000000e+02
9.270000000000000000e+02
8.860000000000000000e+02
8.950000000000000000e+02
8.330000000000000000e+02
8.150000000000000000e+02
8.440000000000000000e+02
8.650000000000000000e+02
8.160000000000000000e+02
7.810000000000000000e+02
8.320000000000000000e+02
8.620000000000000000e+02
9.150000000000000000e+02
9.280000000000000000e+02
8.930000000000000000e+02
9.080000000000000000e+02
9.420000000000000000e+02
9.610000000000000000e+02
9.830000000000000000e+02
9.910000000000000000e+02
9.990000000000000000e+02
9.700000000000000000e+02
1.034000000000000000e+03
1.118000000000000000e+03
1.110000000000000000e+03
1.157000000000000000e+03
1.173000000000000000e+03
1.186000000000000000e+03
1.161000000000000000e+03
1.297000000000000000e+03
1.293000000000000000e+03
1.353000000000000000e+03
1.366000000000000000e+03
1.307000000000000000e+03
1.361000000000000000e+03
1.346000000000000000e+03
1.406000000000000000e+03
1.318000000000000000e+03
1.369000000000000000e+03
1.341000000000000000e+03
1.274000000000000000e+03
1.206000000000000000e+03
1.249000000000000000e+03
1.159000000000000000e+03
1.088000000000000000e+03
1.070000000000000000e+03
1.038000000000000000e+03
9.820000000000000000e+02
9.080000000000000000e+02
9.000000000000000000e+02
8.850000000000000000e+02
7.910000000000000000e+02
8.090000000000000000e+02
7.260000000000000000e+02
6.700000000000000000e+02
6.590000000000000000e+02
6.100000000000000000e+02
5.620000000000000000e+02
5.500000000000000000e+02
5.650000000000000000e+02
5.290000000000000000e+02
4.880000000000000000e+02
5.030000000000000000e+02
4.780000000000000000e+02
4.510000000000000000e+02
4.340000000000000000e+02
4.990000000000000000e+02
4.590000000000000000e+02
4.450000000000000000e+02
4.820000000000000000e+02
4.970000000000000000e+02
4.770000000000000000e+02
4.170000000000000000e+02
4.670000000000000000e+02
4.990000000000000000e+02
4.780000000000000000e+02
5.170000000000000000e+02
5.060000000000000000e+02
4.640000000000000000e+02
4.740000000000000000e+02
4.960000000000000000e+02
4.810000000000000000e+02
4.990000000000000000e+02
5.350000000000000000e+02
4.960000000000000000e+02
5.170000000000000000e+02
5.270000000000000000e+02
5.020000000000000000e+02
4.970000000000000000e+02
5.380000000000000000e+02
5.080000000000000000e+02
5.590000000000000000e+02
5.660000000000000000e+02
5.650000000000000000e+02
5.280000000000000000e+02
5.950000000000000000e+02
5.580000000000000000e+02
5.310000000000000000e+02
5.430000000000000000e+02
6.090000000000000000e+02
5.910000000000000000e+02
6.200000000000000000e+02
6.270000000000000000e+02
6.550000000000000000e+02
6.170000000000000000e+02
6.450000000000000000e+02
6.590000000000000000e+02
8.190000000000000000e+02
1.105000000000000000e+03
1.151000000000000000e+03
1.164000000000000000e+03
1.224000000000000000e+03
1.262000000000000000e+03
1.422000000000000000e+03
1.464000000000000000e+03
1.378000000000000000e+03
1.277000000000000000e+03
1.377000000000000000e+03
1.487000000000000000e+03
1.472000000000000000e+03
1.554000000000000000e+03
1.646000000000000000e+03
1.655000000000000000e+03
1.736000000000000000e+03
2.016000000000000000e+03
2.110000000000000000e+03
2.047000000000000000e+03
1.934000000000000000e+03
2.109000000000000000e+03
2.448000000000000000e+03
3.122000000000000000e+03
3.645000000000000000e+03
4.334000000000000000e+03
6.372000000000000000e+03
5.100000000000000000e+03
4.530000000000000000e+03
3.738000000000000000e+03
2.917000000000000000e+03
2.519000000000000000e+03
1.962000000000000000e+03
1.563000000000000000e+03
1.202000000000000000e+03
1.049000000000000000e+03
9.250000000000000000e+02
6.530000000000000000e+02
4.620000000000000000e+02
3.200000000000000000e+02
1.940000000000000000e+02
1.330000000000000000e+02
1.010000000000000000e+02
6.400000000000000000e+01
8.300000000000000000e+01
7.000000000000000000e+01
5.100000000000000000e+01
4.600000000000000000e+01
4.000000000000000000e+01
3.100000000000000000e+01
3.300000000000000000e+01
3.200000000000000000e+01
2.200000000000000000e+01
1.500000000000000000e+01
2.600000000000000000e+01
2.200000000000000000e+01
1.200000000000000000e+01
1.000000000000000000e+01
6.000000000000000000e+00
9.000000000000000000e+00
5.000000000000000000e+00
4.000000000000000000e+00
5.000000000000000000e+00
4.000000000000000000e+00
2.000000000000000000e+00
3.300000000000000000e+01
2.000000000000000000e+00
1.000000000000000000e+00
3.000000000000000000e+00
9.000000000000000000e+00
4.000000000000000000e+00
1.200000000000000000e+01
6.000000000000000000e+00
1.200000000000000000e+01
9.000000000000000000e+00
2.200000000000000000e+01
2.300000000000000000e+01
2.800000000000000000e+01
2.300000000000000000e+01
2.900000000000000000e+01
4.900000000000000000e+01
7.000000000000000000e+01
7.000000000000000000e+01
1.060000000000000000e+02
1.460000000000000000e+02
2.190000000000000000e+02
3.680000000000000000e+02
6.470000000000000000e+02
9.150000000000000000e+02
9.560000000000000000e+02
8.900000000000000000e+02
8.570000000000000000e+02
9.740000000000000000e+02
1.113000000000000000e+03
1.264000000000000000e+03
1.582000000000000000e+03
1.931000000000000000e+03
2.000000000000000000e+03
1.979000000000000000e+03
2.157000000000000000e+03
2.144000000000000000e+03
2.165000000000000000e+03
2.294000000000000000e+03
2.274000000000000000e+03
2.174000000000000000e+03
2.007000000000000000e+03
1.925000000000000000e+03
1.974000000000000000e+03
1.929000000000000000e+03
1.994000000000000000e+03
2.044000000000000000e+03
2.012000000000000000e+03
2.070000000000000000e+03
2.131000000000000000e+03
2.074000000000000000e+03
2.020000000000000000e+03
1.994000000000000000e+03
1.812000000000000000e+03
1.640000000000000000e+03
1.446000000000000000e+03
1.244000000000000000e+03
1.195000000000000000e+03
1.120000000000000000e+03
1.001000000000000000e+03
9.710000000000000000e+02
9.390000000000000000e+02
8.180000000000000000e+02
8.080000000000000000e+02
8.010000000000000000e+02
7.650000000000000000e+02
7.460000000000000000e+02
7.260000000000000000e+02
7.080000000000000000e+02
6.820000000000000000e+02
7.080000000000000000e+02
6.770000000000000000e+02
6.710000000000000000e+02
6.620000000000000000e+02
6.610000000000000000e+02
7.100000000000000000e+02
6.720000000000000000e+02
6.640000000000000000e+02
6.390000000000000000e+02
6.450000000000000000e+02
6.110000000000000000e+02
6.730000000000000000e+02
6.450000000000000000e+02
7.130000000000000000e+02
6.300000000000000000e+02
6.690000000000000000e+02
6.750000000000000000e+02
7.100000000000000000e+02
6.900000000000000000e+02
6.660000000000000000e+02
7.360000000000000000e+02
6.780000000000000000e+02
6.420000000000000000e+02
7.210000000000000000e+02
7.290000000000000000e+02
7.780000000000000000e+02
7.530000000000000000e+02
7.730000000000000000e+02
8.170000000000000000e+02
7.730000000000000000e+02
7.880000000000000000e+02
8.500000000000000000e+02
8.870000000000000000e+02
8.790000000000000000e+02
9.590000000000000000e+02
9.650000000000000000e+02
8.780000000000000000e+02
1.005000000000000000e+03
9.900000000000000000e+02
1.038000000000000000e+03
1.056000000000000000e+03
1.132000000000000000e+03
1.127000000000000000e+03
1.189000000000000000e+03
1.183000000000000000e+03
1.275000000000000000e+03
1.274000000000000000e+03
1.282000000000000000e+03
1.253000000000000000e+03
1.288000000000000000e+03
1.289000000000000000e+03
1.294000000000000000e+03
1.269000000000000000e+03
1.208000000000000000e+03
1.238000000000000000e+03
1.139000000000000000e+03
1.112000000000000000e+03
1.088000000000000000e+03
9.490000000000000000e+02
9.190000000000000000e+02
9.480000000000000000e+02
8.670000000000000000e+02
8.130000000000000000e+02
8.050000000000000000e+02
7.080000000000000000e+02
7.070000000000000000e+02
6.480000000000000000e+02
5.840000000000000000e+02
5.910000000000000000e+02
5.550000000000000000e+02
5.460000000000000000e+02
5.340000000000000000e+02
5.080000000000000000e+02
5.160000000000000000e+02
5.230000000000000000e+02
4.340000000000000000e+02
4.230000000000000000e+02
3.840000000000000000e+02
4.460000000000000000e+02
3.980000000000000000e+02
4.230000000000000000e+02
4.180000000000000000e+02
4.220000000000000000e+02
4.500000000000000000e+02
3.910000000000000000e+02
4.310000000000000000e+02
4.090000000000000000e+02
4.370000000000000000e+02
4.270000000000000000e+02
4.450000000000000000e+02
4.110000000000000000e+02
4.410000000000000000e+02
4.390000000000000000e+02
4.830000000000000000e+02
4.430000000000000000e+02
4.420000000000000000e+02
4.280000000000000000e+02
4.940000000000000000e+02
4.960000000000000000e+02
4.980000000000000000e+02
4.770000000000000000e+02
4.870000000000000000e+02
4.910000000000000000e+02
4.920000000000000000e+02
4.670000000000000000e+02
5.050000000000000000e+02
4.910000000000000000e+02
5.050000000000000000e+02
4.790000000000000000e+02
5.090000000000000000e+02
5.130000000000000000e+02
5.290000000000000000e+02
5.210000000000000000e+02
5.420000000000000000e+02
5.320000000000000000e+02
5.440000000000000000e+02
5.040000000000000000e+02
5.680000000000000000e+02
5.660000000000000000e+02
5.850000000000000000e+02
5.950000000000000000e+02
5.920000000000000000e+02
6.110000000000000000e+02
5.830000000000000000e+02
6.070000000000000000e+02
6.400000000000000000e+02
8.500000000000000000e+02
1.033000000000000000e+03
1.103000000000000000e+03
9.900000000000000000e+02
1.164000000000000000e+03
1.186000000000000000e+03
1.294000000000000000e+03
1.301000000000000000e+03
1.244000000000000000e+03
1.377000000000000000e+03
1.545000000000000000e+03
1.675000000000000000e+03
1.705000000000000000e+03
1.649000000000000000e+03
1.638000000000000000e+03
1.752000000000000000e+03
2.083000000000000000e+03
2.277000000000000000e+03
2.269000000000000000e+03
2.059000000000000000e+03
2.130000000000000000e+03
2.494000000000000000e+03
4.193000000000000000e+03
7.066000000000000000e+03
6.526000000000000000e+03
5.595000000000000000e+03
4.819000000000000000e+03
3.896000000000000000e+03
2.996000000000000000e+03
2.254000000000000000e+03
1.837000000000000000e+03
1.411000000000000000e+03
1.237000000000000000e+03
1.035000000000000000e+03
7.650000000000000000e+02
6.250000000000000000e+02
3.420000000000000000e+02
2.310000000000000000e+02
1.840000000000000000e+02
1.500000000000000000e+02
8.700000000000000000e+01
1.020000000000000000e+02
6.600000000000000000e+01
6.300000000000000000e+01
6.800000000000000000e+01
5.700000000000000000e+01
3.100000000000000000e+01
2.500000000000000000e+01
2.300000000000000000e+01
2.200000000000000000e+01
1.800000000000000000e+01
1.300000000000000000e+01
8.000000000000000000e+00
4.000000000000000000e+00
5.000000000000000000e+00
3.000000000000000000e+00
3.000000000000000000e+00
0.000000000000000000e+00
2.000000000000000000e+00
1.000000000000000000e+00
1.000000000000000000e+00
0.000000000000000000e+00
0.000000000000000000e+00
0.000000000000000000e+00
0.000000000000000000e+00
0.000000000000000000e+00
0.000000000000000000e+00
0.000000000000000000e+00
0.000000000000000000e+00
1.000000000000000000e+00
0.000000000000000000e+00
1.000000000000000000e+00
1.000000000000000000e+00
3.000000000000000000e+00
1.000000000000000000e+00
5.000000000000000000e+00
6.000000000000000000e+00
8.000000000000000000e+00
9.000000000000000000e+00
1.000000000000000000e+01
5.000000000000000000e+00
1.600000000000000000e+01
1.400000000000000000e+01
3.600000000000000000e+01
3.700000000000000000e+01
4.500000000000000000e+01
4.300000000000000000e+01
5.800000000000000000e+01
6.700000000000000000e+01
9.100000000000000000e+01
1.190000000000000000e+02
1.440000000000000000e+02
1.990000000000000000e+02
2.240000000000000000e+02
2.580000000000000000e+02
3.120000000000000000e+02
4.210000000000000000e+02
5.730000000000000000e+02
7.990000000000000000e+02
1.133000000000000000e+03
1.491000000000000000e+03
1.905000000000000000e+03
2.290000000000000000e+03
2.584000000000000000e+03
2.625000000000000000e+03
2.576000000000000000e+03
2.599000000000000000e+03
2.578000000000000000e+03
2.696000000000000000e+03
2.679000000000000000e+03
2.784000000000000000e+03
2.840000000000000000e+03
2.548000000000000000e+03
2.415000000000000000e+03
2.375000000000000000e+03
2.427000000000000000e+03
2.420000000000000000e+03
2.289000000000000000e+03
2.247000000000000000e+03
2.155000000000000000e+03
1.899000000000000000e+03
1.695000000000000000e+03
1.574000000000000000e+03
1.436000000000000000e+03
1.208000000000000000e+03
1.171000000000000000e+03
1.074000000000000000e+03
9.500000000000000000e+02
9.540000000000000000e+02
9.250000000000000000e+02
9.000000000000000000e+02
8.680000000000000000e+02
8.240000000000000000e+02
7.680000000000000000e+02
7.710000000000000000e+02
7.490000000000000000e+02
7.160000000000000000e+02
7.190000000000000000e+02
6.890000000000000000e+02
7.080000000000000000e+02
7.130000000000000000e+02
6.640000000000000000e+02
6.310000000000000000e+02
6.320000000000000000e+02
6.080000000000000000e+02
6.140000000000000000e+02
6.090000000000000000e+02
5.900000000000000000e+02
6.530000000000000000e+02
6.350000000000000000e+02
6.800000000000000000e+02
6.850000000000000000e+02
6.620000000000000000e+02
7.010000000000000000e+02
6.760000000000000000e+02
7.380000000000000000e+02
7.640000000000000000e+02
7.200000000000000000e+02
7.240000000000000000e+02
7.770000000000000000e+02
7.740000000000000000e+02
7.900000000000000000e+02
8.380000000000000000e+02
8.740000000000000000e+02
8.780000000000000000e+02
8.920000000000000000e+02
1.026000000000000000e+03
9.680000000000000000e+02
9.540000000000000000e+02
1.101000000000000000e+03
1.125000000000000000e+03
1.049000000000000000e+03
1.179000000000000000e+03
1.138000000000000000e+03
1.238000000000000000e+03
1.232000000000000000e+03
1.318000000000000000e+03
1.344000000000000000e+03
1.315000000000000000e+03
1.353000000000000000e+03
1.375000000000000000e+03
1.334000000000000000e+03
1.322000000000000000e+03
1.277000000000000000e+03
1.261000000000000000e+03
1.254000000000000000e+03
1.114000000000000000e+03
1.228000000000000000e+03
1.085000000000000000e+03
1.034000000000000000e+03
9.500000000000000000e+02
9.160000000000000000e+02
8.800000000000000000e+02
8.640000000000000000e+02
7.340000000000000000e+02
7.240000000000000000e+02
6.680000000000000000e+02
6.190000000000000000e+02
5.910000000000000000e+02
5.480000000000000000e+02
5.310000000000000000e+02
5.020000000000000000e+02
5.240000000000000000e+02
5.230000000000000000e+02
4.410000000000000000e+02
4.510000000000000000e+02
4.330000000000000000e+02
4.410000000000000000e+02
4.340000000000000000e+02
4.360000000000000000e+02
4.740000000000000000e+02
4.470000000000000000e+02
4.090000000000000000e+02
4.240000000000000000e+02
4.280000000000000000e+02
3.990000000000000000e+02
4.200000000000000000e+02
4.290000000000000000e+02
4.290000000000000000e+02
4.190000000000000000e+02
4.300000000000000000e+02
4.390000000000000000e+02
4.300000000000000000e+02
4.170000000000000000e+02
4.310000000000000000e+02
4.500000000000000000e+02
4.180000000000000000e+02
4.320000000000000000e+02
4.390000000000000000e+02
4.620000000000000000e+02
4.690000000000000000e+02
4.920000000000000000e+02
4.790000000000000000e+02
4.660000000000000000e+02
4.770000000000000000e+02
4.620000000000000000e+02
4.840000000000000000e+02
4.950000000000000000e+02
5.150000000000000000e+02
5.220000000000000000e+02
4.770000000000000000e+02
5.300000000000000000e+02
5.120000000000000000e+02
5.060000000000000000e+02
5.420000000000000000e+02
5.760000000000000000e+02
5.000000000000000000e+02
5.460000000000000000e+02
5.240000000000000000e+02
5.450000000000000000e+02
5.720000000000000000e+02
5.400000000000000000e+02
5.670000000000000000e+02
5.530000000000000000e+02
5.530000000000000000e+02
5.810000000000000000e+02
6.120000000000000000e+02
6.050000000000000000e+02
6.390000000000000000e+02
6.430000000000000000e+02
6.120000000000000000e+02
5.900000000000000000e+02
6.240000000000000000e+02
6.580000000000000000e+02
6.670000000000000000e+02
7.250000000000000000e+02
9.450000000000000000e+02
1.193000000000000000e+03
1.150000000000000000e+03
1.290000000000000000e+03
1.431000000000000000e+03
1.710000000000000000e+03
1.705000000000000000e+03
1.640000000000000000e+03
1.921000000000000000e+03
1.995000000000000000e+03
2.093000000000000000e+03
2.191000000000000000e+03
2.436000000000000000e+03
2.777000000000000000e+03
3.610000000000000000e+03
4.365000000000000000e+03
4.855000000000000000e+03
6.966000000000000000e+03
6.059000000000000000e+03
5.645000000000000000e+03
4.911000000000000000e+03
3.880000000000000000e+03
3.017000000000000000e+03
2.380000000000000000e+03
1.869000000000000000e+03
1.542000000000000000e+03
1.172000000000000000e+03
8.820000000000000000e+02
5.560000000000000000e+02
3.640000000000000000e+02
2.920000000000000000e+02
2.430000000000000000e+02
2.230000000000000000e+02
1.590000000000000000e+02
1.680000000000000000e+02
1.510000000000000000e+02
1.170000000000000000e+02
8.100000000000000000e+01
6.100000000000000000e+01
6.300000000000000000e+01
5.200000000000000000e+01
4.800000000000000000e+01
3.800000000000000000e+01
2.700000000000000000e+01
3.200000000000000000e+01
2.200000000000000000e+01
1.000000000000000000e+01
1.700000000000000000e+01
1.400000000000000000e+01
8.000000000000000000e+00
9.000000000000000000e+00
1.300000000000000000e+01
2.993000000000000000e+03
8.600000000000000000e+01
3.400000000000000000e+01
4.400000000000000000e+01
1.300000000000000000e+01
5.800000000000000000e+01
3.328000000000000000e+03
3.000000000000000000e+00
1.440000000000000000e+02
4.000000000000000000e+00
1.000000000000000000e+00
7.360000000000000000e+02
2.000000000000000000e+00
2.089000000000000000e+03
5.500000000000000000e+01
3.100000000000000000e+01
1.250000000000000000e+02
1.700000000000000000e+01
3.200000000000000000e+01
4.030000000000000000e+02
1.967000000000000000e+03
2.740000000000000000e+02
1.570000000000000000e+02
1.690000000000000000e+02
1.104000000000000000e+03
4.100000000000000000e+02
5.050000000000000000e+02
1.940000000000000000e+02
1.970000000000000000e+02
3.610000000000000000e+02
1.410000000000000000e+03
1.560000000000000000e+02
2.480000000000000000e+02
1.350000000000000000e+02
5.900000000000000000e+01
1.670000000000000000e+02
1.240000000000000000e+02
0.000000000000000000e+00
2.000000000000000000e+00
1.000000000000000000e+00
6.000000000000000000e+00
0.000000000000000000e+00
2.800000000000000000e+01
1.600000000000000000e+01
0.000000000000000000e+00
0.000000000000000000e+00
0.000000000000000000e+00
0.000000000000000000e+00
0.000000000000000000e+00
0.000000000000000000e+00
7.500000000000000000e+01
0.000000000000000000e+00
0.000000000000000000e+00
0.000000000000000000e+00
0.000000000000000000e+00
4.000000000000000000e+00
0.000000000000000000e+00
0.000000000000000000e+00
0.000000000000000000e+00
0.000000000000000000e+00
1.000000000000000000e+00
0.000000000000000000e+00
0.000000000000000000e+00
1.000000000000000000e+00
0.000000000000000000e+00
0.000000000000000000e+00
3.400000000000000000e+01
1.000000000000000000e+00
4.000000000000000000e+00
0.000000000000000000e+00
8.000000000000000000e+00
0.000000000000000000e+00
0.000000000000000000e+00
9.000000000000000000e+00
1.400000000000000000e+01
3.470000000000000000e+02
0.000000000000000000e+00
0.000000000000000000e+00
0.000000000000000000e+00
2.300000000000000000e+01
5.800000000000000000e+01
0.000000000000000000e+00
0.000000000000000000e+00
5.200000000000000000e+01
0.000000000000000000e+00
1.200000000000000000e+01
0.000000000000000000e+00
9.800000000000000000e+01
0.000000000000000000e+00
0.000000000000000000e+00
1.080000000000000000e+02
1.000000000000000000e+00
2.000000000000000000e+01
6.200000000000000000e+01
0.000000000000000000e+00
3.850000000000000000e+02
6.400000000000000000e+02
1.000000000000000000e+00
1.602000000000000000e+03
3.900000000000000000e+01
8.000000000000000000e+00
2.568000000000000000e+03
1.200000000000000000e+02
1.456700000000000000e+04
6.192000000000000000e+03
1.843000000000000000e+03
2.108600000000000000e+04
9.880000000000000000e+02
3.024000000000000000e+03
1.512700000000000000e+04
1.167700000000000000e+04
2.032000000000000000e+04
2.139000000000000000e+03
4.535000000000000000e+03
1.534200000000000000e+04
3.691000000000000000e+03
1.453000000000000000e+03
4.500000000000000000e+01
6.900000000000000000e+01
6.900000000000000000e+01
1.680000000000000000e+04
3.000000000000000000e+00
2.760000000000000000e+02
3.300000000000000000e+01
9.832000000000000000e+03
1.691400000000000000e+04
6.291000000000000000e+03
3.600000000000000000e+01
9.230000000000000000e+02
2.660000000000000000e+02
1.381000000000000000e+03
2.000000000000000000e+01
2.013000000000000000e+03
2.377000000000000000e+03
8.000000000000000000e+00
3.090000000000000000e+02
1.000000000000000000e+02
5.000000000000000000e+00
5.450000000000000000e+02
2.000000000000000000e+01
3.407000000000000000e+03
4.260000000000000000e+02
2.360000000000000000e+02
5.600000000000000000e+01
1.600000000000000000e+02
4.110000000000000000e+02
3.160000000000000000e+02
1.760000000000000000e+02
9.600000000000000000e+01
5.500000000000000000e+01
4.030000000000000000e+02
5.800000000000000000e+01
2.180000000000000000e+02
2.750000000000000000e+02
7.400000000000000000e+01
2.170000000000000000e+02
9.510000000000000000e+02
3.940000000000000000e+02
2.440000000000000000e+02
6.300000000000000000e+02
5.630000000000000000e+02
3.280000000000000000e+02
5.080000000000000000e+02
6.280000000000000000e+02
8.570000000000000000e+02
5.059000000000000000e+03
6.860000000000000000e+02
1.495000000000000000e+03
1.336000000000000000e+03
6.010000000000000000e+02
3.100000000000000000e+03
1.944000000000000000e+03
2.650000000000000000e+03
3.366000000000000000e+03
1.328000000000000000e+03
9.660000000000000000e+02
3.710000000000000000e+02
5.160000000000000000e+02
2.440000000000000000e+02
1.490000000000000000e+02
2.493000000000000000e+03
0.000000000000000000e+00
7.720000000000000000e+02
1.020200000000000000e+04
5.925000000000000000e+03
2.939000000000000000e+03
1.727100000000000000e+04
3.762000000000000000e+03
7.286000000000000000e+03
1.265500000000000000e+04
8.253000000000000000e+03
6.762000000000000000e+03
8.235000000000000000e+03
1.035800000000000000e+04
5.599000000000000000e+03
6.389000000000000000e+03
8.040000000000000000e+03
4.651000000000000000e+03
5.398000000000000000e+03
4.192000000000000000e+03
3.951000000000000000e+03
3.508000000000000000e+03
3.150000000000000000e+03
3.047000000000000000e+03
2.781000000000000000e+03
2.573000000000000000e+03
3.431000000000000000e+03
3.131000000000000000e+03
2.945000000000000000e+03
2.631000000000000000e+03
2.195000000000000000e+03
2.202000000000000000e+03
1.742000000000000000e+03
1.947000000000000000e+03
1.626000000000000000e+03
1.794000000000000000e+03
2.317000000000000000e+03
1.321000000000000000e+03
2.150000000000000000e+03
1.499000000000000000e+03
1.493000000000000000e+03
1.312000000000000000e+03
1.396000000000000000e+03
1.734000000000000000e+03
1.267000000000000000e+03
1.335000000000000000e+03
1.411000000000000000e+03
1.277000000000000000e+03
9.890000000000000000e+02
1.310000000000000000e+03
1.323000000000000000e+03
1.200000000000000000e+03
1.173000000000000000e+03
8.790000000000000000e+02
9.950000000000000000e+02
1.100000000000000000e+03
7.190000000000000000e+02
9.590000000000000000e+02
8.980000000000000000e+02
6.170000000000000000e+02
7.930000000000000000e+02
8.960000000000000000e+02
1.034000000000000000e+03
2.690000000000000000e+02
1.109000000000000000e+03
1.029000000000000000e+03
3.540000000000000000e+02
1.084000000000000000e+03
9.120000000000000000e+02
3.850000000000000000e+02
7.180000000000000000e+02
5.290000000000000000e+02
5.060000000000000000e+02
4.040000000000000000e+02
5.080000000000000000e+02
4.190000000000000000e+02
3.450000000000000000e+02
4.340000000000000000e+02
4.190000000000000000e+02
2.910000000000000000e+02
2.400000000000000000e+02
3.580000000000000000e+02
2.050000000000000000e+02
3.840000000000000000e+02
1.720000000000000000e+02
3.510000000000000000e+02
1.440000000000000000e+02
2.570000000000000000e+02
2.250000000000000000e+02
2.280000000000000000e+02
2.260000000000000000e+02
1.650000000000000000e+02
2.490000000000000000e+02
1.940000000000000000e+02
2.160000000000000000e+02
2.220000000000000000e+02
2.140000000000000000e+02
1.560000000000000000e+02
2.240000000000000000e+02
1.770000000000000000e+02
2.350000000000000000e+02
1.950000000000000000e+02
2.240000000000000000e+02
1.670000000000000000e+02
2.360000000000000000e+02
1.990000000000000000e+02
2.030000000000000000e+02
2.160000000000000000e+02
1.910000000000000000e+02
1.960000000000000000e+02
2.010000000000000000e+02
1.740000000000000000e+02
2.330000000000000000e+02
2.610000000000000000e+02
2.420000000000000000e+02
2.280000000000000000e+02
1.860000000000000000e+02
2.010000000000000000e+02
2.140000000000000000e+02
1.920000000000000000e+02
3.280000000000000000e+02
1.800000000000000000e+02
2.750000000000000000e+02
1.500000000000000000e+02
2.680000000000000000e+02
1.390000000000000000e+02
2.760000000000000000e+02
1.820000000000000000e+02
2.420000000000000000e+02
2.800000000000000000e+02
1.790000000000000000e+02
2.610000000000000000e+02
2.200000000000000000e+02
2.380000000000000000e+02
2.320000000000000000e+02
2.230000000000000000e+02
2.590000000000000000e+02
1.730000000000000000e+02
2.150000000000000000e+02
2.060000000000000000e+02
1.650000000000000000e+02
1.860000000000000000e+02
1.540000000000000000e+02
2.130000000000000000e+02
1.710000000000000000e+02
2.080000000000000000e+02
1.940000000000000000e+02
1.520000000000000000e+02
1.520000000000000000e+02
1.430000000000000000e+02
1.840000000000000000e+02
1.320000000000000000e+02
1.320000000000000000e+02
1.320000000000000000e+02
1.570000000000000000e+02
1.170000000000000000e+02
1.260000000000000000e+02
1.100000000000000000e+02
1.410000000000000000e+02
1.430000000000000000e+02
1.360000000000000000e+02
1.480000000000000000e+02
1.100000000000000000e+02
1.820000000000000000e+02
1.260000000000000000e+02
1.480000000000000000e+02
1.540000000000000000e+02
1.190000000000000000e+02
1.070000000000000000e+02
1.680000000000000000e+02
1.550000000000000000e+02
2.460000000000000000e+02
1.250000000000000000e+02
1.460000000000000000e+02
2.310000000000000000e+02
1.290000000000000000e+02
1.670000000000000000e+02
1.660000000000000000e+02
1.950000000000000000e+02
1.770000000000000000e+02
1.490000000000000000e+02
2.020000000000000000e+02
1.570000000000000000e+02
2.400000000000000000e+02
1.580000000000000000e+02
2.090000000000000000e+02
1.480000000000000000e+02
1.820000000000000000e+02
1.620000000000000000e+02
1.650000000000000000e+02
1.740000000000000000e+02
2.090000000000000000e+02
1.150000000000000000e+02
1.460000000000000000e+02
1.360000000000000000e+02
1.340000000000000000e+02
8.700000000000000000e+01
9.400000000000000000e+01
8.000000000000000000e+01
9.500000000000000000e+01
5.900000000000000000e+01
4.900000000000000000e+01
5.600000000000000000e+01
4.000000000000000000e+01
4.000000000000000000e+01
2.400000000000000000e+01
2.600000000000000000e+01
1.800000000000000000e+01
1.700000000000000000e+01
1.800000000000000000e+01
7.000000000000000000e+00
7.000000000000000000e+00
6.000000000000000000e+00
1.600000000000000000e+01
5.000000000000000000e+00
1.000000000000000000e+00
6.000000000000000000e+00
3.000000000000000000e+00
1.000000000000000000e+00
4.000000000000000000e+00
1.000000000000000000e+00
2.000000000000000000e+00
8.000000000000000000e+00
1.000000000000000000e+00
5.000000000000000000e+00
2.000000000000000000e+00
1.000000000000000000e+00
1.000000000000000000e+00
1.000000000000000000e+00
0.000000000000000000e+00
2.000000000000000000e+00
0.000000000000000000e+00
0.000000000000000000e+00
1.000000000000000000e+00
0.000000000000000000e+00
1.000000000000000000e+00
1.000000000000000000e+00
0.000000000000000000e+00
0.000000000000000000e+00
1.000000000000000000e+00
0.000000000000000000e+00
0.000000000000000000e+00
0.000000000000000000e+00
0.000000000000000000e+00
0.000000000000000000e+00
0.000000000000000000e+00
0.000000000000000000e+00
1.000000000000000000e+00
0.000000000000000000e+00
0.000000000000000000e+00
0.000000000000000000e+00
0.000000000000000000e+00
0.000000000000000000e+00
0.000000000000000000e+00
0.000000000000000000e+00
4.000000000000000000e+00
0.000000000000000000e+00
0.000000000000000000e+00
0.000000000000000000e+00
0.000000000000000000e+00
0.000000000000000000e+00
0.000000000000000000e+00
0.000000000000000000e+00
0.000000000000000000e+00
0.000000000000000000e+00
0.000000000000000000e+00
0.000000000000000000e+00
0.000000000000000000e+00
1.000000000000000000e+00
4.000000000000000000e+00
4.000000000000000000e+00
3.000000000000000000e+00
5.000000000000000000e+00
7.000000000000000000e+00
4.000000000000000000e+00
6.000000000000000000e+00
4.000000000000000000e+00
2.400000000000000000e+01
2.300000000000000000e+01
2.400000000000000000e+01
2.800000000000000000e+01
4.200000000000000000e+01
5.300000000000000000e+01
6.300000000000000000e+01
8.400000000000000000e+01
9.900000000000000000e+01
1.200000000000000000e+02
1.410000000000000000e+02
1.730000000000000000e+02
1.920000000000000000e+02
2.470000000000000000e+02
3.460000000000000000e+02
5.030000000000000000e+02
7.200000000000000000e+02
9.390000000000000000e+02
1.183000000000000000e+03
1.556000000000000000e+03
1.869000000000000000e+03
1.954000000000000000e+03
1.877000000000000000e+03
1.908000000000000000e+03
1.744000000000000000e+03
1.808000000000000000e+03
1.832000000000000000e+03
1.827000000000000000e+03
1.981000000000000000e+03
1.936000000000000000e+03
1.987000000000000000e+03
2.051000000000000000e+03
2.228000000000000000e+03
2.226000000000000000e+03
2.132000000000000000e+03
2.085000000000000000e+03
2.028000000000000000e+03
1.795000000000000000e+03
1.665000000000000000e+03
1.512000000000000000e+03
1.444000000000000000e+03
1.233000000000000000e+03
1.262000000000000000e+03
1.246000000000000000e+03
1.163000000000000000e+03
1.209000000000000000e+03
1.078000000000000000e+03
1.122000000000000000e+03
1.103000000000000000e+03
1.101000000000000000e+03
1.009000000000000000e+03
9.710000000000000000e+02
1.054000000000000000e+03
9.920000000000000000e+02
1.055000000000000000e+03
9.510000000000000000e+02
9.310000000000000000e+02
9.820000000000000000e+02
9.010000000000000000e+02
8.670000000000000000e+02
8.840000000000000000e+02
8.830000000000000000e+02
8.120000000000000000e+02
8.810000000000000000e+02
8.730000000000000000e+02
8.830000000000000000e+02
8.180000000000000000e+02
8.480000000000000000e+02
8.100000000000000000e+02
8.160000000000000000e+02
8.280000000000000000e+02
7.840000000000000000e+02
8.150000000000000000e+02
8.880000000000000000e+02
8.360000000000000000e+02
8.330000000000000000e+02
8.620000000000000000e+02
8.880000000000000000e+02
8.840000000000000000e+02
9.530000000000000000e+02
9.690000000000000000e+02
9.520000000000000000e+02
9.190000000000000000e+02
1.024000000000000000e+03
9.930000000000000000e+02
1.063000000000000000e+03
1.142000000000000000e+03
1.144000000000000000e+03
1.176000000000000000e+03
1.203000000000000000e+03
1.198000000000000000e+03
1.249000000000000000e+03
1.281000000000000000e+03
1.334000000000000000e+03
1.385000000000000000e+03
1.352000000000000000e+03
1.370000000000000000e+03
1.457000000000000000e+03
1.421000000000000000e+03
1.392000000000000000e+03
1.399000000000000000e+03
1.439000000000000000e+03
1.401000000000000000e+03
1.240000000000000000e+03
1.395000000000000000e+03
1.243000000000000000e+03
1.192000000000000000e+03
1.121000000000000000e+03
1.087000000000000000e+03
1.043000000000000000e+03
9.740000000000000000e+02
9.250000000000000000e+02
8.680000000000000000e+02
8.100000000000000000e+02
7.710000000000000000e+02
7.170000000000000000e+02
6.780000000000000000e+02
6.400000000000000000e+02
5.890000000000000000e+02
6.180000000000000000e+02
6.010000000000000000e+02
5.190000000000000000e+02
5.040000000000000000e+02
4.790000000000000000e+02
4.770000000000000000e+02
4.750000000000000000e+02
4.580000000000000000e+02
4.780000000000000000e+02
4.840000000000000000e+02
4.100000000000000000e+02
4.300000000000000000e+02
4.490000000000000000e+02
4.440000000000000000e+02
4.440000000000000000e+02
4.290000000000000000e+02
4.350000000000000000e+02
4.590000000000000000e+02
4.300000000000000000e+02
4.470000000000000000e+02
4.470000000000000000e+02
4.170000000000000000e+02
4.480000000000000000e+02
4.470000000000000000e+02
4.160000000000000000e+02
4.490000000000000000e+02
4.620000000000000000e+02
4.710000000000000000e+02
4.720000000000000000e+02
4.880000000000000000e+02
4.890000000000000000e+02
4.720000000000000000e+02
4.810000000000000000e+02
4.810000000000000000e+02
5.100000000000000000e+02
4.960000000000000000e+02
5.120000000000000000e+02
5.320000000000000000e+02
5.070000000000000000e+02
5.350000000000000000e+02
5.190000000000000000e+02
5.250000000000000000e+02
5.600000000000000000e+02
5.790000000000000000e+02
5.080000000000000000e+02
5.700000000000000000e+02
5.510000000000000000e+02
5.620000000000000000e+02
5.880000000000000000e+02
5.610000000000000000e+02
5.620000000000000000e+02
5.850000000000000000e+02
5.650000000000000000e+02
6.030000000000000000e+02
6.380000000000000000e+02
6.110000000000000000e+02
6.560000000000000000e+02
6.840000000000000000e+02
6.320000000000000000e+02
5.950000000000000000e+02
6.440000000000000000e+02
6.730000000000000000e+02
6.910000000000000000e+02
7.610000000000000000e+02
9.830000000000000000e+02
1.199000000000000000e+03
1.174000000000000000e+03
1.298000000000000000e+03
1.453000000000000000e+03
1.723000000000000000e+03
1.736000000000000000e+03
1.664000000000000000e+03
1.933000000000000000e+03
2.015000000000000000e+03
2.125000000000000000e+03
2.196000000000000000e+03
2.446000000000000000e+03
2.826000000000000000e+03
3.626000000000000000e+03
4.392000000000000000e+03
4.858000000000000000e+03
6.982000000000000000e+03
6.101000000000000000e+03
5.680000000000000000e+03
4.935000000000000000e+03
3.902000000000000000e+03
3.039000000000000000e+03
2.406000000000000000e+03
1.884000000000000000e+03
1.563000000000000000e+03
1.191000000000000000e+03
8.920000000000000000e+02
5.700000000000000000e+02
3.730000000000000000e+02
3.120000000000000000e+02
2.650000000000000000e+02
2.290000000000000000e+02
1.710000000000000000e+02
1.820000000000000000e+02
1.580000000000000000e+02
1.220000000000000000e+02
9.700000000000000000e+01
6.700000000000000000e+01
7.100000000000000000e+01
6.700000000000000000e+01
5.700000000000000000e+01
4.100000000000000000e+01
3.400000000000000000e+01
3.200000000000000000e+01
3.100000000000000000e+01
1.400000000000000000e+01
2.100000000000000000e+01
1.900000000000000000e+01
1.100000000000000000e+01
1.100000000000000000e+01
4.600000000000000000e+01
