9.800000000000000000e+01
8.500000000000000000e+01
6.800000000000000000e+01
7.600000000000000000e+01
6.400000000000000000e+01
5.600000000000000000e+01
3.800000000000000000e+01
3.400000000000000000e+01
4.000000000000000000e+01
3.400000000000000000e+01
3.100000000000000000e+01
3.500000000000000000e+01
4.300000000000000000e+01
3.800000000000000000e+01
2.800000000000000000e+01
3.300000000000000000e+01
4.300000000000000000e+01
2.600000000000000000e+01
3.300000000000000000e+01
4.900000000000000000e+01
4.300000000000000000e+01
4.900000000000000000e+01
4.700000000000000000e+01
4.600000000000000000e+01
5.100000000000000000e+01
6.000000000000000000e+01
6.100000000000000000e+01
5.500000000000000000e+01
7.400000000000000000e+01
7.400000000000000000e+01
9.200000000000000000e+01
1.210000000000000000e+02
1.580000000000000000e+02
1.460000000000000000e+02
1.640000000000000000e+02
2.030000000000000000e+02
2.560000000000000000e+02
3.060000000000000000e+02
3.170000000000000000e+02
3.440000000000000000e+02
2.970000000000000000e+02
2.820000000000000000e+02
2.250000000000000000e+02
2.350000000000000000e+02
2.780000000000000000e+02
2.890000000000000000e+02
2.890000000000000000e+02
3.790000000000000000e+02
5.120000000000000000e+02
5.590000000000000000e+02
5.400000000000000000e+02
4.900000000000000000e+02
5.080000000000000000e+02
4.670000000000000000e+02
5.010000000000000000e+02
5.630000000000000000e+02
5.690000000000000000e+02
6.110000000000000000e+02
6.580000000000000000e+02
7.230000000000000000e+02
6.940000000000000000e+02
7.210000000000000000e+02
6.480000000000000000e+02
6.880000000000000000e+02
6.970000000000000000e+02
6.690000000000000000e+02
6.070000000000000000e+02
7.860000000000000000e+02
7.810000000000000000e+02
7.820000000000000000e+02
7.780000000000000000e+02
6.890000000000000000e+02
6.880000000000000000e+02
6.370000000000000000e+02
7.140000000000000000e+02
6.920000000000000000e+02
7.310000000000000000e+02
7.570000000000000000e+02
8.590000000000000000e+02
8.680000000000000000e+02
9.000000000000000000e+02
9.500000000000000000e+02
1.045000000000000000e+03
1.143000000000000000e+03
1.309000000000000000e+03
1.496000000000000000e+03
1.511000000000000000e+03
1.628000000000000000e+03
1.647000000000000000e+03
1.622000000000000000e+03
1.660000000000000000e+03
1.532000000000000000e+03
1.365000000000000000e+03
1.336000000000000000e+03
1.116000000000000000e+03
9.800000000000000000e+02
8.210000000000000000e+02
7.330000000000000000e+02
7.120000000000000000e+02
6.430000000000000000e+02
5.350000000000000000e+02
4.140000000000000000e+02
2.960000000000000000e+02
2.280000000000000000e+02
1.860000000000000000e+02
1.660000000000000000e+02
1.630000000000000000e+02
1.600000000000000000e+02
1.470000000000000000e+02
1.300000000000000000e+02
1.350000000000000000e+02
1.520000000000000000e+02
1.580000000000000000e+02
1.580000000000000000e+02
1.460000000000000000e+02
1.520000000000000000e+02
1.310000000000000000e+02
1.360000000000000000e+02
1.390000000000000000e+02
1.340000000000000000e+02
1.170000000000000000e+02
1.300000000000000000e+02
1.290000000000000000e+02
1.340000000000000000e+02
1.320000000000000000e+02
1.400000000000000000e+02
1.820000000000000000e+02
1.700000000000000000e+02
1.700000000000000000e+02
1.490000000000000000e+02
1.940000000000000000e+02
2.200000000000000000e+02
1.930000000000000000e+02
1.980000000000000000e+02
2.320000000000000000e+02
2.170000000000000000e+02
2.440000000000000000e+02
3.030000000000000000e+02
2.920000000000000000e+02
3.130000000000000000e+02
3.300000000000000000e+02
3.930000000000000000e+02
3.670000000000000000e+02
4.090000000000000000e+02
4.730000000000000000e+02
4.870000000000000000e+02
5.600000000000000000e+02
6.120000000000000000e+02
6.540000000000000000e+02
7.090000000000000000e+02
7.490000000000000000e+02
8.490000000000000000e+02
9.610000000000000000e+02
1.017000000000000000e+03
1.101000000000000000e+03
1.244000000000000000e+03
1.356000000000000000e+03
1.388000000000000000e+03
1.545000000000000000e+03
1.666000000000000000e+03
1.850000000000000000e+03
1.889000000000000000e+03
2.069000000000000000e+03
2.294000000000000000e+03
2.419000000000000000e+03
2.494000000000000000e+03
2.672000000000000000e+03
2.747000000000000000e+03
2.858000000000000000e+03
2.928000000000000000e+03
3.040000000000000000e+03
3.064000000000000000e+03
3.193000000000000000e+03
3.199000000000000000e+03
3.178000000000000000e+03
3.170000000000000000e+03
3.325000000000000000e+03
3.364000000000000000e+03
3.370000000000000000e+03
3.241000000000000000e+03
3.173000000000000000e+03
3.003000000000000000e+03
2.901000000000000000e+03
2.849000000000000000e+03
2.662000000000000000e+03
2.517000000000000000e+03
2.263000000000000000e+03
2.115000000000000000e+03
2.066000000000000000e+03
1.833000000000000000e+03
1.671000000000000000e+03
1.470000000000000000e+03
1.349000000000000000e+03
1.236000000000000000e+03
1.078000000000000000e+03
1.033000000000000000e+03
9.450000000000000000e+02
8.600000000000000000e+02
8.410000000000000000e+02
7.960000000000000000e+02
7.180000000000000000e+02
6.670000000000000000e+02
6.500000000000000000e+02
6.200000000000000000e+02
5.410000000000000000e+02
5.060000000000000000e+02
5.110000000000000000e+02
4.860000000000000000e+02
4.970000000000000000e+02
4.520000000000000000e+02
5.130000000000000000e+02
5.720000000000000000e+02
5.110000000000000000e+02
5.100000000000000000e+02
5.390000000000000000e+02
5.210000000000000000e+02
5.360000000000000000e+02
5.690000000000000000e+02
6.800000000000000000e+02
6.770000000000000000e+02
7.780000000000000000e+02
1.009000000000000000e+03
1.065000000000000000e+03
1.235000000000000000e+03
1.761000000000000000e+03
1.683000000000000000e+03
4.656000000000000000e+03
3.315000000000000000e+03
1.767000000000000000e+03
3.134000000000000000e+03
2.466000000000000000e+03
2.123000000000000000e+03
2.154000000000000000e+03
2.224000000000000000e+03
2.502000000000000000e+03
3.063000000000000000e+03
3.031000000000000000e+03
3.015000000000000000e+03
3.232000000000000000e+03
2.463000000000000000e+03
2.163000000000000000e+03
1.459000000000000000e+03
1.251000000000000000e+03
9.640000000000000000e+02
7.820000000000000000e+02
6.530000000000000000e+02
6.340000000000000000e+02
5.970000000000000000e+02
5.690000000000000000e+02
6.410000000000000000e+02
5.680000000000000000e+02
5.330000000000000000e+02
5.140000000000000000e+02
4.440000000000000000e+02
3.640000000000000000e+02
1.063000000000000000e+03
2.510000000000000000e+02
1.020000000000000000e+02
7.900000000000000000e+01
9.000000000000000000e+01
6.300000000000000000e+01
5.900000000000000000e+01
6.200000000000000000e+01
5.900000000000000000e+01
6.600000000000000000e+01
5.900000000000000000e+01
6.000000000000000000e+01
5.400000000000000000e+01
5.300000000000000000e+01
6.800000000000000000e+01
6.800000000000000000e+01
6.200000000000000000e+01
6.400000000000000000e+01
7.100000000000000000e+01
6.500000000000000000e+01
7.000000000000000000e+01
6.000000000000000000e+01
7.300000000000000000e+01
7.100000000000000000e+01
7.800000000000000000e+01
7.500000000000000000e+01
7.700000000000000000e+01
9.300000000000000000e+01
1.000000000000000000e+02
9.900000000000000000e+01
1.170000000000000000e+02
1.200000000000000000e+02
1.450000000000000000e+02
1.930000000000000000e+02
2.320000000000000000e+02
2.470000000000000000e+02
3.040000000000000000e+02
3.490000000000000000e+02
4.240000000000000000e+02
5.230000000000000000e+02
6.020000000000000000e+02
6.040000000000000000e+02
5.010000000000000000e+02
5.970000000000000000e+02
8.660000000000000000e+02
1.445000000000000000e+03
1.396000000000000000e+03
1.245000000000000000e+03
1.436000000000000000e+03
2.843000000000000000e+03
2.402000000000000000e+03
2.131000000000000000e+03
1.634000000000000000e+03
1.565000000000000000e+03
1.843000000000000000e+03
1.404000000000000000e+03
1.028000000000000000e+03
1.055000000000000000e+03
1.282000000000000000e+03
1.257000000000000000e+03
1.265000000000000000e+03
1.370000000000000000e+03
1.252000000000000000e+03
1.353000000000000000e+03
1.137000000000000000e+03
1.160000000000000000e+03
1.146000000000000000e+03
1.167000000000000000e+03
1.162000000000000000e+03
1.226000000000000000e+03
1.232000000000000000e+03
1.169000000000000000e+03
1.131000000000000000e+03
1.073000000000000000e+03
1.120000000000000000e+03
1.111000000000000000e+03
1.199000000000000000e+03
1.066000000000000000e+03
1.110000000000000000e+03
1.146000000000000000e+03
1.252000000000000000e+03
1.422000000000000000e+03
1.403000000000000000e+03
1.405000000000000000e+03
1.390000000000000000e+03
1.355000000000000000e+03
1.299000000000000000e+03
1.233000000000000000e+03
1.192000000000000000e+03
1.147000000000000000e+03
1.100000000000000000e+03
1.164000000000000000e+03
1.234000000000000000e+03
1.336000000000000000e+03
1.431000000000000000e+03
1.416000000000000000e+03
1.612000000000000000e+03
1.666000000000000000e+03
1.798000000000000000e+03
2.017000000000000000e+03
2.069000000000000000e+03
2.095000000000000000e+03
1.844000000000000000e+03
1.791000000000000000e+03
1.715000000000000000e+03
1.556000000000000000e+03
1.359000000000000000e+03
1.090000000000000000e+03
9.930000000000000000e+02
8.330000000000000000e+02
8.030000000000000000e+02
6.580000000000000000e+02
5.830000000000000000e+02
4.610000000000000000e+02
4.440000000000000000e+02
4.250000000000000000e+02
4.310000000000000000e+02
4.270000000000000000e+02
4.270000000000000000e+02
3.820000000000000000e+02
3.440000000000000000e+02
2.410000000000000000e+02
2.220000000000000000e+02
1.960000000000000000e+02
1.780000000000000000e+02
1.540000000000000000e+02
1.920000000000000000e+02
1.640000000000000000e+02
1.740000000000000000e+02
1.880000000000000000e+02
2.120000000000000000e+02
2.200000000000000000e+02
2.000000000000000000e+02
2.260000000000000000e+02
2.550000000000000000e+02
2.720000000000000000e+02
3.180000000000000000e+02
3.230000000000000000e+02
3.320000000000000000e+02
3.910000000000000000e+02
3.520000000000000000e+02
4.520000000000000000e+02
4.530000000000000000e+02
4.680000000000000000e+02
5.740000000000000000e+02
6.490000000000000000e+02
6.700000000000000000e+02
7.040000000000000000e+02
8.060000000000000000e+02
8.910000000000000000e+02
9.190000000000000000e+02
1.012000000000000000e+03
1.109000000000000000e+03
1.240000000000000000e+03
1.314000000000000000e+03
1.413000000000000000e+03
1.517000000000000000e+03
1.649000000000000000e+03
1.769000000000000000e+03
1.859000000000000000e+03
2.043000000000000000e+03
2.239000000000000000e+03
2.329000000000000000e+03
2.417000000000000000e+03
2.573000000000000000e+03
2.671000000000000000e+03
2.866000000000000000e+03
2.900000000000000000e+03
3.052000000000000000e+03
3.070000000000000000e+03
3.224000000000000000e+03
3.172000000000000000e+03
3.142000000000000000e+03
3.206000000000000000e+03
3.329000000000000000e+03
3.285000000000000000e+03
3.236000000000000000e+03
3.207000000000000000e+03
3.149000000000000000e+03
2.887000000000000000e+03
2.804000000000000000e+03
2.794000000000000000e+03
2.582000000000000000e+03
2.403000000000000000e+03
2.179000000000000000e+03
2.010000000000000000e+03
1.860000000000000000e+03
1.644000000000000000e+03
1.502000000000000000e+03
1.313000000000000000e+03
1.195000000000000000e+03
1.073000000000000000e+03
9.400000000000000000e+02
9.090000000000000000e+02
7.580000000000000000e+02
7.070000000000000000e+02
6.690000000000000000e+02
6.290000000000000000e+02
5.180000000000000000e+02
4.840000000000000000e+02
4.590000000000000000e+02
4.250000000000000000e+02
3.920000000000000000e+02
3.810000000000000000e+02
3.760000000000000000e+02
3.720000000000000000e+02
3.300000000000000000e+02
3.120000000000000000e+02
2.960000000000000000e+02
2.790000000000000000e+02
2.570000000000000000e+02
2.770000000000000000e+02
2.880000000000000000e+02
2.860000000000000000e+02
2.500000000000000000e+02
2.800000000000000000e+02
2.210000000000000000e+02
2.250000000000000000e+02
2.180000000000000000e+02
2.400000000000000000e+02
2.670000000000000000e+02
1.770000000000000000e+02
1.750000000000000000e+02
2.740000000000000000e+02
3.900000000000000000e+02
2.420000000000000000e+02
1.260000000000000000e+02
1.200000000000000000e+02
1.180000000000000000e+02
1.260000000000000000e+02
1.390000000000000000e+02
1.350000000000000000e+02
1.650000000000000000e+02
1.970000000000000000e+02
2.570000000000000000e+02
3.490000000000000000e+02
3.800000000000000000e+02
4.610000000000000000e+02
4.040000000000000000e+02
4.640000000000000000e+02
4.260000000000000000e+02
9.590000000000000000e+02
3.950000000000000000e+02
2.470000000000000000e+03
1.973000000000000000e+03
2.594000000000000000e+03
7.850000000000000000e+02
5.760000000000000000e+02
4.340000000000000000e+02
4.700000000000000000e+02
4.550000000000000000e+02
4.250000000000000000e+02
3.640000000000000000e+02
3.000000000000000000e+02
2.790000000000000000e+02
2.200000000000000000e+02
2.590000000000000000e+02
2.050000000000000000e+02
5.200000000000000000e+01
1.040000000000000000e+02
8.200000000000000000e+01
6.700000000000000000e+01
6.500000000000000000e+01
6.000000000000000000e+01
5.200000000000000000e+01
6.700000000000000000e+01
5.100000000000000000e+01
5.300000000000000000e+01
4.700000000000000000e+01
4.700000000000000000e+01
5.500000000000000000e+01
4.400000000000000000e+01
4.700000000000000000e+01
4.200000000000000000e+01
5.100000000000000000e+01
5.200000000000000000e+01
5.500000000000000000e+01
6.100000000000000000e+01
7.200000000000000000e+01
8.200000000000000000e+01
8.700000000000000000e+01
9.600000000000000000e+01
1.280000000000000000e+02
1.280000000000000000e+02
1.970000000000000000e+02
1.870000000000000000e+02
2.280000000000000000e+02
2.740000000000000000e+02
3.160000000000000000e+02
3.830000000000000000e+02
3.710000000000000000e+02
3.840000000000000000e+02
3.210000000000000000e+02
3.140000000000000000e+02
3.420000000000000000e+02
2.700000000000000000e+02
2.950000000000000000e+02
2.940000000000000000e+02
3.160000000000000000e+02
3.230000000000000000e+02
4.070000000000000000e+02
4.240000000000000000e+02
4.220000000000000000e+02
4.870000000000000000e+02
4.680000000000000000e+02
4.980000000000000000e+02
5.170000000000000000e+02
4.380000000000000000e+02
4.210000000000000000e+02
4.470000000000000000e+02
4.220000000000000000e+02
4.700000000000000000e+02
5.350000000000000000e+02
6.780000000000000000e+02
8.460000000000000000e+02
1.201000000000000000e+03
1.674000000000000000e+03
1.494000000000000000e+03
2.135000000000000000e+03
1.875000000000000000e+03
3.050000000000000000e+03
2.306000000000000000e+03
1.600000000000000000e+03
1.968000000000000000e+03
1.630000000000000000e+03
1.994000000000000000e+03
2.528000000000000000e+03
1.750000000000000000e+03
1.521000000000000000e+03
1.711000000000000000e+03
1.518000000000000000e+03
1.612000000000000000e+03
1.488000000000000000e+03
1.607000000000000000e+03
1.341000000000000000e+03
1.370000000000000000e+03
1.227000000000000000e+03
1.193000000000000000e+03
1.124000000000000000e+03
9.980000000000000000e+02
1.053000000000000000e+03
9.590000000000000000e+02
9.040000000000000000e+02
9.350000000000000000e+02
9.310000000000000000e+02
9.190000000000000000e+02
9.280000000000000000e+02
9.860000000000000000e+02
1.001000000000000000e+03
1.037000000000000000e+03
1.067000000000000000e+03
1.226000000000000000e+03
1.300000000000000000e+03
1.456000000000000000e+03
1.514000000000000000e+03
1.779000000000000000e+03
1.871000000000000000e+03
1.951000000000000000e+03
2.071000000000000000e+03
2.040000000000000000e+03
2.139000000000000000e+03
2.098000000000000000e+03
1.868000000000000000e+03
1.696000000000000000e+03
1.573000000000000000e+03
1.407000000000000000e+03
1.265000000000000000e+03
1.318000000000000000e+03
1.192000000000000000e+03
9.790000000000000000e+02
9.910000000000000000e+02
8.650000000000000000e+02
8.070000000000000000e+02
6.540000000000000000e+02
6.050000000000000000e+02
5.720000000000000000e+02
5.210000000000000000e+02
5.400000000000000000e+02
5.260000000000000000e+02
5.340000000000000000e+02
5.260000000000000000e+02
5.450000000000000000e+02
5.160000000000000000e+02
5.190000000000000000e+02
4.480000000000000000e+02
3.690000000000000000e+02
3.810000000000000000e+02
3.480000000000000000e+02
3.460000000000000000e+02
3.610000000000000000e+02
4.070000000000000000e+02
3.930000000000000000e+02
4.570000000000000000e+02
4.510000000000000000e+02
5.060000000000000000e+02
5.960000000000000000e+02
6.460000000000000000e+02
6.810000000000000000e+02
7.240000000000000000e+02
7.940000000000000000e+02
8.680000000000000000e+02
9.670000000000000000e+02
1.002000000000000000e+03
1.119000000000000000e+03
1.259000000000000000e+03
1.328000000000000000e+03
1.420000000000000000e+03
1.472000000000000000e+03
1.617000000000000000e+03
1.777000000000000000e+03
1.865000000000000000e+03
2.016000000000000000e+03
2.216000000000000000e+03
2.360000000000000000e+03
2.393000000000000000e+03
2.558000000000000000e+03
2.691000000000000000e+03
2.797000000000000000e+03
2.895000000000000000e+03
3.030000000000000000e+03
3.064000000000000000e+03
3.153000000000000000e+03
3.130000000000000000e+03
3.101000000000000000e+03
3.128000000000000000e+03
3.281000000000000000e+03
3.197000000000000000e+03
3.175000000000000000e+03
3.145000000000000000e+03
3.167000000000000000e+03
2.897000000000000000e+03
2.826000000000000000e+03
2.766000000000000000e+03
2.611000000000000000e+03
2.462000000000000000e+03
2.206000000000000000e+03
2.028000000000000000e+03
1.860000000000000000e+03
1.676000000000000000e+03
1.542000000000000000e+03
1.365000000000000000e+03
1.285000000000000000e+03
1.119000000000000000e+03
1.040000000000000000e+03
9.710000000000000000e+02
8.480000000000000000e+02
7.730000000000000000e+02
7.160000000000000000e+02
7.180000000000000000e+02
6.060000000000000000e+02
5.360000000000000000e+02
4.780000000000000000e+02
4.110000000000000000e+02
3.530000000000000000e+02
3.400000000000000000e+02
3.040000000000000000e+02
3.000000000000000000e+02
2.680000000000000000e+02
2.370000000000000000e+02
2.230000000000000000e+02
2.110000000000000000e+02
1.940000000000000000e+02
1.770000000000000000e+02
1.730000000000000000e+02
1.710000000000000000e+02
1.400000000000000000e+02
1.550000000000000000e+02
1.470000000000000000e+02
1.410000000000000000e+02
1.360000000000000000e+02
1.230000000000000000e+02
1.350000000000000000e+02
1.230000000000000000e+02
9.900000000000000000e+01
1.290000000000000000e+02
9.900000000000000000e+01
8.000000000000000000e+01
9.800000000000000000e+01
8.200000000000000000e+01
8.200000000000000000e+01
1.060000000000000000e+02
8.300000000000000000e+01
1.110000000000000000e+02
1.100000000000000000e+02
1.240000000000000000e+02
1.270000000000000000e+02
1.270000000000000000e+02
1.480000000000000000e+02
1.700000000000000000e+02
2.280000000000000000e+02
2.550000000000000000e+02
2.850000000000000000e+02
3.640000000000000000e+02
3.840000000000000000e+02
4.570000000000000000e+02
4.000000000000000000e+02
4.150000000000000000e+02
3.000000000000000000e+02
2.590000000000000000e+02
4.140000000000000000e+02
3.130000000000000000e+02
2.780000000000000000e+02
4.180000000000000000e+02
3.350000000000000000e+02
4.180000000000000000e+02
4.550000000000000000e+02
4.540000000000000000e+02
4.760000000000000000e+02
1.764000000000000000e+03
2.224000000000000000e+03
1.903000000000000000e+03
1.127000000000000000e+03
3.063000000000000000e+03
3.748000000000000000e+03
5.640000000000000000e+02
2.860000000000000000e+02
2.630000000000000000e+02
1.330000000000000000e+02
6.700000000000000000e+02
9.220000000000000000e+02
4.500000000000000000e+01
1.404000000000000000e+03
1.040000000000000000e+02
6.100000000000000000e+01
1.021000000000000000e+03
7.600000000000000000e+01
5.853000000000000000e+03
7.730000000000000000e+02
5.820000000000000000e+02
1.873000000000000000e+03
9.030000000000000000e+02
5.560000000000000000e+02
8.638400000000000000e+04
2.049000000000000000e+03
1.944000000000000000e+03
1.278000000000000000e+03
3.920000000000000000e+02
3.130000000000000000e+03
4.394000000000000000e+03
5.170000000000000000e+02
8.300000000000000000e+01
1.510000000000000000e+02
1.350000000000000000e+02
2.495000000000000000e+03
2.800000000000000000e+01
1.170000000000000000e+02
1.270000000000000000e+02
5.090000000000000000e+02
3.204000000000000000e+03
2.947000000000000000e+03
8.500000000000000000e+01
8.700000000000000000e+01
4.500000000000000000e+01
1.860000000000000000e+02
2.300000000000000000e+01
8.990000000000000000e+02
6.890000000000000000e+02
1.400000000000000000e+01
4.400000000000000000e+01
3.700000000000000000e+01
1.000000000000000000e+00
1.430000000000000000e+02
1.100000000000000000e+01
8.270000000000000000e+02
4.050000000000000000e+02
5.600000000000000000e+01
5.000000000000000000e+00
2.100000000000000000e+01
4.240000000000000000e+02
1.440000000000000000e+02
3.800000000000000000e+01
1.200000000000000000e+01
0.000000000000000000e+00
2.710000000000000000e+02
0.000000000000000000e+00
3.100000000000000000e+01
6.500000000000000000e+01
0.000000000000000000e+00
1.530000000000000000e+02
5.060000000000000000e+02
7.500000000000000000e+01
1.250000000000000000e+02
9.900000000000000000e+01
2.850000000000000000e+02
2.300000000000000000e+01
1.600000000000000000e+01
1.500000000000000000e+02
1.520000000000000000e+02
8.290000000000000000e+02
4.100000000000000000e+01
1.500000000000000000e+01
0.000000000000000000e+00
1.920000000000000000e+02
8.830000000000000000e+02
1.500000000000000000e+01
0.000000000000000000e+00
5.770000000000000000e+02
1.550000000000000000e+02
4.440000000000000000e+02
1.000000000000000000e+00
2.101000000000000000e+03
2.020000000000000000e+02
1.200000000000000000e+01
5.510000000000000000e+03
8.200000000000000000e+01
7.100000000000000000e+02
8.340000000000000000e+03
4.000000000000000000e+01
4.104000000000000000e+03
3.204000000000000000e+03
1.000000000000000000e+02
1.614000000000000000e+03
1.050000000000000000e+03
3.375000000000000000e+03
3.904000000000000000e+03
9.690000000000000000e+02
4.166000000000000000e+03
4.910000000000000000e+02
3.730000000000000000e+02
3.380000000000000000e+02
1.020000000000000000e+02
5.500000000000000000e+01
2.460000000000000000e+02
5.300000000000000000e+02
4.470000000000000000e+02
3.990000000000000000e+02
3.070000000000000000e+02
2.920000000000000000e+02
1.920000000000000000e+02
4.320000000000000000e+02
6.000000000000000000e+00
4.200000000000000000e+01
1.300000000000000000e+01
1.719000000000000000e+03
1.000000000000000000e+00
5.600000000000000000e+01
5.000000000000000000e+00
1.100000000000000000e+02
2.600000000000000000e+02
4.980000000000000000e+02
3.000000000000000000e+00
6.000000000000000000e+01
1.100000000000000000e+01
4.800000000000000000e+01
1.000000000000000000e+00
1.770000000000000000e+02
5.700000000000000000e+01
1.000000000000000000e+00
4.400000000000000000e+01
1.000000000000000000e+00
1.000000000000000000e+00
1.300000000000000000e+01
1.000000000000000000e+00
3.450000000000000000e+02
4.200000000000000000e+01
1.000000000000000000e+00
2.000000000000000000e+00
3.000000000000000000e+00
8.900000000000000000e+01
2.500000000000000000e+01
4.000000000000000000e+00
0.000000000000000000e+00
0.000000000000000000e+00
1.130000000000000000e+02
1.000000000000000000e+00
2.000000000000000000e+00
9.000000000000000000e+00
2.000000000000000000e+00
1.200000000000000000e+01
1.730000000000000000e+02
1.000000000000000000e+01
1.900000000000000000e+01
2.100000000000000000e+01
9.700000000000000000e+01
1.400000000000000000e+01
1.000000000000000000e+01
4.900000000000000000e+01
6.100000000000000000e+01
7.330000000000000000e+02
5.300000000000000000e+01
3.900000000000000000e+01
2.800000000000000000e+01
7.700000000000000000e+01
3.070000000000000000e+02
5.200000000000000000e+01
9.100000000000000000e+01
1.127000000000000000e+03
2.710000000000000000e+02
4.520000000000000000e+02
4.955000000000000000e+03
2.168500000000000000e+04
1.943800000000000000e+04
3.753000000000000000e+03
1.920000000000000000e+03
9.300000000000000000e+01
2.079000000000000000e+03
1.202000000000000000e+03
1.371000000000000000e+03
1.520000000000000000e+03
9.510000000000000000e+02
1.205000000000000000e+03
1.944000000000000000e+03
3.068000000000000000e+03
7.573000000000000000e+03
3.155600000000000000e+04
3.516800000000000000e+04
1.525600000000000000e+04
5.390000000000000000e+03
2.956000000000000000e+03
2.220000000000000000e+03
1.688000000000000000e+03
1.807000000000000000e+03
2.178000000000000000e+03
1.805000000000000000e+03
1.794000000000000000e+03
2.164000000000000000e+03
2.098000000000000000e+03
2.077000000000000000e+03
4.791000000000000000e+03
2.708000000000000000e+03
3.321000000000000000e+03
3.511000000000000000e+03
5.452000000000000000e+03
2.830000000000000000e+03
2.066000000000000000e+03
1.895000000000000000e+03
1.748000000000000000e+03
1.700000000000000000e+03
1.671000000000000000e+03
1.815000000000000000e+03
1.284000000000000000e+03
1.567000000000000000e+03
1.338000000000000000e+03
1.506000000000000000e+03
1.384000000000000000e+03
1.191000000000000000e+03
1.099000000000000000e+03
1.025000000000000000e+03
9.540000000000000000e+02
8.750000000000000000e+02
6.950000000000000000e+02
7.060000000000000000e+02
6.640000000000000000e+02
6.020000000000000000e+02
5.180000000000000000e+02
5.010000000000000000e+02
4.670000000000000000e+02
4.200000000000000000e+02
4.020000000000000000e+02
3.190000000000000000e+02
3.850000000000000000e+02
2.840000000000000000e+02
2.390000000000000000e+02
1.840000000000000000e+02
2.050000000000000000e+02
1.830000000000000000e+02
1.670000000000000000e+02
2.230000000000000000e+02
1.750000000000000000e+02
2.000000000000000000e+02
2.700000000000000000e+02
1.860000000000000000e+02
2.050000000000000000e+02
2.550000000000000000e+02
2.690000000000000000e+02
1.840000000000000000e+02
1.360000000000000000e+02
1.310000000000000000e+02
1.200000000000000000e+02
1.160000000000000000e+02
1.180000000000000000e+02
1.170000000000000000e+02
8.200000000000000000e+01
1.020000000000000000e+02
1.080000000000000000e+02
1.000000000000000000e+02
9.300000000000000000e+01
8.500000000000000000e+01
9.400000000000000000e+01
7.700000000000000000e+01
7.300000000000000000e+01
7.100000000000000000e+01
8.500000000000000000e+01
7.200000000000000000e+01
5.300000000000000000e+01
5.900000000000000000e+01
5.500000000000000000e+01
6.600000000000000000e+01
5.100000000000000000e+01
5.400000000000000000e+01
4.200000000000000000e+01
6.100000000000000000e+01
5.800000000000000000e+01
5.000000000000000000e+01
5.100000000000000000e+01
7.400000000000000000e+01
4.800000000000000000e+01
5.000000000000000000e+01
3.500000000000000000e+01
5.700000000000000000e+01
4.700000000000000000e+01
4.100000000000000000e+01
6.500000000000000000e+01
4.900000000000000000e+01
5.900000000000000000e+01
4.100000000000000000e+01
5.600000000000000000e+01
7.100000000000000000e+01
5.900000000000000000e+01
5.000000000000000000e+01
6.000000000000000000e+01
6.100000000000000000e+01
5.800000000000000000e+01
5.100000000000000000e+01
6.900000000000000000e+01
5.000000000000000000e+01
7.000000000000000000e+01
7.100000000000000000e+01
6.300000000000000000e+01
8.400000000000000000e+01
9.000000000000000000e+01
1.770000000000000000e+02
2.120000000000000000e+02
2.160000000000000000e+02
3.070000000000000000e+02
2.960000000000000000e+02
2.970000000000000000e+02
2.570000000000000000e+02
2.580000000000000000e+02
2.190000000000000000e+02
2.210000000000000000e+02
2.810000000000000000e+02
2.800000000000000000e+02
3.180000000000000000e+02
2.560000000000000000e+02
2.990000000000000000e+02
2.800000000000000000e+02
2.790000000000000000e+02
2.960000000000000000e+02
3.550000000000000000e+02
4.250000000000000000e+02
6.190000000000000000e+02
5.840000000000000000e+02
6.170000000000000000e+02
4.730000000000000000e+02
4.500000000000000000e+02
6.260000000000000000e+02
4.910000000000000000e+02
5.160000000000000000e+02
4.890000000000000000e+02
6.030000000000000000e+02
5.950000000000000000e+02
5.760000000000000000e+02
6.780000000000000000e+02
5.540000000000000000e+02
6.460000000000000000e+02
4.970000000000000000e+02
5.270000000000000000e+02
5.790000000000000000e+02
5.280000000000000000e+02
5.490000000000000000e+02
5.480000000000000000e+02
4.720000000000000000e+02
5.700000000000000000e+02
4.630000000000000000e+02
4.380000000000000000e+02
5.570000000000000000e+02
4.890000000000000000e+02
6.040000000000000000e+02
4.910000000000000000e+02
5.830000000000000000e+02
5.670000000000000000e+02
5.220000000000000000e+02
5.890000000000000000e+02
5.650000000000000000e+02
6.430000000000000000e+02
5.500000000000000000e+02
6.270000000000000000e+02
6.160000000000000000e+02
6.350000000000000000e+02
5.400000000000000000e+02
6.530000000000000000e+02
7.970000000000000000e+02
8.160000000000000000e+02
6.370000000000000000e+02
8.530000000000000000e+02
6.650000000000000000e+02
8.080000000000000000e+02
7.010000000000000000e+02
9.520000000000000000e+02
1.347000000000000000e+03
1.570000000000000000e+03
1.301000000000000000e+03
1.647000000000000000e+03
1.751000000000000000e+03
2.703000000000000000e+03
9.490000000000000000e+02
1.263000000000000000e+03
8.880000000000000000e+02
4.900000000000000000e+02
3.710000000000000000e+02
2.000000000000000000e+02
1.330000000000000000e+02
9.400000000000000000e+01
6.400000000000000000e+01
4.500000000000000000e+01
4.000000000000000000e+01
2.000000000000000000e+01
1.000000000000000000e+01
9.000000000000000000e+00
1.000000000000000000e+01
8.000000000000000000e+00
1.800000000000000000e+01
1.200000000000000000e+01
7.000000000000000000e+00
8.000000000000000000e+00
1.400000000000000000e+01
1.600000000000000000e+01
1.400000000000000000e+01
1.200000000000000000e+01
1.300000000000000000e+01
1.200000000000000000e+01
1.400000000000000000e+01
1.500000000000000000e+01
1.200000000000000000e+01
1.200000000000000000e+01
2.100000000000000000e+01
2.100000000000000000e+01
2.400000000000000000e+01
2.000000000000000000e+01
2.200000000000000000e+01
1.600000000000000000e+01
1.200000000000000000e+01
1.900000000000000000e+01
1.100000000000000000e+01
1.400000000000000000e+01
1.100000000000000000e+01
1.000000000000000000e+01
1.300000000000000000e+01
8.000000000000000000e+00
7.000000000000000000e+00
9.000000000000000000e+00
2.000000000000000000e+00
0.000000000000000000e+00
4.000000000000000000e+00
5.000000000000000000e+00
0.000000000000000000e+00
0.000000000000000000e+00
3.510000000000000000e+02
2.000000000000000000e+01
5.300000000000000000e+01
6.700000000000000000e+01
7.700000000000000000e+01
7.400000000000000000e+01
7.000000000000000000e+01
5.200000000000000000e+01
3.700000000000000000e+01
5.700000000000000000e+01
4.000000000000000000e+01
4.200000000000000000e+01
4.200000000000000000e+01
3.800000000000000000e+01
4.000000000000000000e+01
3.000000000000000000e+01
3.800000000000000000e+01
3.400000000000000000e+01
3.200000000000000000e+01
2.800000000000000000e+01
4.500000000000000000e+01
3.100000000000000000e+01
3.800000000000000000e+01
3.800000000000000000e+01
4.600000000000000000e+01
5.000000000000000000e+01
4.100000000000000000e+01
5.400000000000000000e+01
5.400000000000000000e+01
5.800000000000000000e+01
6.200000000000000000e+01
6.500000000000000000e+01
9.600000000000000000e+01
1.290000000000000000e+02
1.290000000000000000e+02
1.320000000000000000e+02
1.740000000000000000e+02
1.980000000000000000e+02
2.120000000000000000e+02
2.850000000000000000e+02
3.270000000000000000e+02
3.370000000000000000e+02
2.550000000000000000e+02
2.100000000000000000e+02
2.110000000000000000e+02
2.140000000000000000e+02
2.160000000000000000e+02
1.920000000000000000e+02
2.470000000000000000e+02
3.120000000000000000e+02
4.030000000000000000e+02
3.910000000000000000e+02
4.400000000000000000e+02
4.130000000000000000e+02
3.420000000000000000e+02
3.370000000000000000e+02
3.000000000000000000e+02
3.270000000000000000e+02
3.280000000000000000e+02
3.490000000000000000e+02
3.690000000000000000e+02
3.870000000000000000e+02
4.110000000000000000e+02
4.410000000000000000e+02
4.380000000000000000e+02
5.060000000000000000e+02
5.070000000000000000e+02
5.420000000000000000e+02
6.040000000000000000e+02
6.650000000000000000e+02
7.170000000000000000e+02
7.500000000000000000e+02
6.540000000000000000e+02
6.300000000000000000e+02
6.280000000000000000e+02
6.070000000000000000e+02
6.600000000000000000e+02
6.270000000000000000e+02
6.750000000000000000e+02
7.540000000000000000e+02
7.800000000000000000e+02
8.490000000000000000e+02
7.480000000000000000e+02
7.640000000000000000e+02
7.030000000000000000e+02
7.350000000000000000e+02
6.860000000000000000e+02
7.270000000000000000e+02
6.680000000000000000e+02
6.600000000000000000e+02
6.530000000000000000e+02
6.820000000000000000e+02
6.500000000000000000e+02
7.260000000000000000e+02
7.570000000000000000e+02
9.010000000000000000e+02
9.910000000000000000e+02
1.060000000000000000e+03
1.158000000000000000e+03
1.290000000000000000e+03
1.427000000000000000e+03
1.455000000000000000e+03
1.545000000000000000e+03
1.597000000000000000e+03
1.553000000000000000e+03
1.530000000000000000e+03
1.369000000000000000e+03
1.180000000000000000e+03
1.037000000000000000e+03
8.280000000000000000e+02
7.070000000000000000e+02
6.540000000000000000e+02
5.600000000000000000e+02
4.180000000000000000e+02
3.410000000000000000e+02
2.740000000000000000e+02
2.520000000000000000e+02
2.080000000000000000e+02
2.320000000000000000e+02
2.240000000000000000e+02
2.190000000000000000e+02
1.960000000000000000e+02
2.370000000000000000e+02
1.900000000000000000e+02
1.830000000000000000e+02
1.620000000000000000e+02
1.770000000000000000e+02
1.810000000000000000e+02
1.740000000000000000e+02
1.630000000000000000e+02
1.660000000000000000e+02
1.900000000000000000e+02
2.150000000000000000e+02
1.970000000000000000e+02
1.990000000000000000e+02
2.260000000000000000e+02
2.130000000000000000e+02
2.320000000000000000e+02
2.690000000000000000e+02
3.190000000000000000e+02
2.910000000000000000e+02
3.340000000000000000e+02
3.620000000000000000e+02
3.650000000000000000e+02
4.000000000000000000e+02
4.430000000000000000e+02
4.840000000000000000e+02
5.290000000000000000e+02
5.920000000000000000e+02
6.450000000000000000e+02
6.880000000000000000e+02
7.530000000000000000e+02
8.210000000000000000e+02
9.170000000000000000e+02
9.970000000000000000e+02
1.094000000000000000e+03
1.241000000000000000e+03
1.308000000000000000e+03
1.353000000000000000e+03
1.506000000000000000e+03
1.639000000000000000e+03
1.769000000000000000e+03
1.861000000000000000e+03
1.963000000000000000e+03
2.210000000000000000e+03
2.325000000000000000e+03
2.375000000000000000e+03
2.566000000000000000e+03
2.628000000000000000e+03
2.773000000000000000e+03
2.854000000000000000e+03
2.989000000000000000e+03
3.034000000000000000e+03
3.156000000000000000e+03
3.156000000000000000e+03
3.104000000000000000e+03
3.125000000000000000e+03
3.258000000000000000e+03
3.285000000000000000e+03
3.291000000000000000e+03
3.222000000000000000e+03
3.163000000000000000e+03
2.921000000000000000e+03
2.895000000000000000e+03
2.899000000000000000e+03
2.706000000000000000e+03
2.574000000000000000e+03
2.355000000000000000e+03
2.206000000000000000e+03
2.073000000000000000e+03
1.914000000000000000e+03
1.733000000000000000e+03
1.563000000000000000e+03
1.419000000000000000e+03
1.293000000000000000e+03
1.120000000000000000e+03
1.045000000000000000e+03
9.470000000000000000e+02
8.740000000000000000e+02
8.380000000000000000e+02
7.960000000000000000e+02
7.310000000000000000e+02
6.700000000000000000e+02
6.470000000000000000e+02
6.310000000000000000e+02
5.270000000000000000e+02
4.870000000000000000e+02
5.030000000000000000e+02
4.750000000000000000e+02
4.830000000000000000e+02
4.400000000000000000e+02
5.050000000000000000e+02
4.770000000000000000e+02
4.710000000000000000e+02
5.050000000000000000e+02
5.480000000000000000e+02
5.200000000000000000e+02
5.410000000000000000e+02
5.860000000000000000e+02
6.850000000000000000e+02
6.720000000000000000e+02
7.770000000000000000e+02
9.990000000000000000e+02
1.037000000000000000e+03
1.176000000000000000e+03
1.064000000000000000e+03
1.445000000000000000e+03
1.282000000000000000e+03
1.390000000000000000e+03
1.552000000000000000e+03
2.664000000000000000e+03
2.058000000000000000e+03
1.876000000000000000e+03
1.872000000000000000e+03
2.198000000000000000e+03
2.489000000000000000e+03
3.093000000000000000e+03
3.060000000000000000e+03
3.052000000000000000e+03
3.321000000000000000e+03
2.518000000000000000e+03
2.256000000000000000e+03
1.549000000000000000e+03
1.470000000000000000e+03
1.070000000000000000e+03
8.120000000000000000e+02
7.880000000000000000e+02
6.410000000000000000e+02
6.360000000000000000e+02
6.470000000000000000e+02
6.640000000000000000e+02
6.140000000000000000e+02
1.912000000000000000e+03
2.352000000000000000e+03
2.024000000000000000e+03
1.313000000000000000e+03
3.967000000000000000e+03
