4.279000000000000000e+03
2.570000000000000000e+03
2.495000000000000000e+03
2.061000000000000000e+03
1.822000000000000000e+03
1.703000000000000000e+03
2.052000000000000000e+03
3.105000000000000000e+03
4.033000000000000000e+03
3.289000000000000000e+03
2.292000000000000000e+03
1.727000000000000000e+03
1.592000000000000000e+03
1.588000000000000000e+03
1.687000000000000000e+03
1.950000000000000000e+03
2.380000000000000000e+03
2.587000000000000000e+03
2.501000000000000000e+03
2.256000000000000000e+03
1.832000000000000000e+03
1.808000000000000000e+03
1.640000000000000000e+03
1.626000000000000000e+03
1.599000000000000000e+03
1.439000000000000000e+03
1.500000000000000000e+03
1.365000000000000000e+03
1.456000000000000000e+03
1.383000000000000000e+03
1.420000000000000000e+03
1.403000000000000000e+03
1.426000000000000000e+03
1.406000000000000000e+03
1.419000000000000000e+03
1.386000000000000000e+03
1.427000000000000000e+03
1.472000000000000000e+03
1.494000000000000000e+03
1.589000000000000000e+03
1.542000000000000000e+03
1.664000000000000000e+03
1.576000000000000000e+03
1.547000000000000000e+03
1.487000000000000000e+03
1.455000000000000000e+03
1.462000000000000000e+03
1.355000000000000000e+03
1.423000000000000000e+03
1.466000000000000000e+03
1.397000000000000000e+03
1.426000000000000000e+03
1.393000000000000000e+03
1.470000000000000000e+03
1.497000000000000000e+03
1.594000000000000000e+03
1.681000000000000000e+03
1.723000000000000000e+03
1.779000000000000000e+03
1.801000000000000000e+03
1.860000000000000000e+03
1.831000000000000000e+03
1.860000000000000000e+03
1.785000000000000000e+03
1.881000000000000000e+03
1.857000000000000000e+03
1.880000000000000000e+03
1.885000000000000000e+03
1.818000000000000000e+03
1.796000000000000000e+03
1.816000000000000000e+03
1.700000000000000000e+03
1.640000000000000000e+03
1.547000000000000000e+03
1.468000000000000000e+03
1.477000000000000000e+03
1.481000000000000000e+03
1.432000000000000000e+03
1.360000000000000000e+03
1.357000000000000000e+03
1.194000000000000000e+03
1.070000000000000000e+03
1.039000000000000000e+03
1.047000000000000000e+03
1.040000000000000000e+03
1.056000000000000000e+03
1.010000000000000000e+03
9.470000000000000000e+02
1.016000000000000000e+03
9.100000000000000000e+02
9.700000000000000000e+02
9.030000000000000000e+02
9.600000000000000000e+02
8.200000000000000000e+02
8.130000000000000000e+02
8.680000000000000000e+02
7.670000000000000000e+02
7.010000000000000000e+02
6.720000000000000000e+02
6.580000000000000000e+02
6.670000000000000000e+02
6.580000000000000000e+02
6.510000000000000000e+02
6.250000000000000000e+02
6.400000000000000000e+02
5.670000000000000000e+02
5.300000000000000000e+02
5.000000000000000000e+02
4.630000000000000000e+02
4.260000000000000000e+02
3.760000000000000000e+02
3.920000000000000000e+02
3.080000000000000000e+02
3.230000000000000000e+02
2.900000000000000000e+02
2.730000000000000000e+02
2.850000000000000000e+02
2.950000000000000000e+02
2.680000000000000000e+02
2.570000000000000000e+02
2.850000000000000000e+02
2.750000000000000000e+02
2.410000000000000000e+02
2.630000000000000000e+02
2.300000000000000000e+02
2.250000000000000000e+02
2.200000000000000000e+02
2.010000000000000000e+02
2.000000000000000000e+02
2.160000000000000000e+02
1.760000000000000000e+02
2.050000000000000000e+02
1.700000000000000000e+02
1.560000000000000000e+02
1.320000000000000000e+02
1.380000000000000000e+02
1.410000000000000000e+02
1.640000000000000000e+02
1.610000000000000000e+02
1.490000000000000000e+02
1.450000000000000000e+02
1.620000000000000000e+02
1.940000000000000000e+02
1.650000000000000000e+02
1.590000000000000000e+02
1.710000000000000000e+02
1.780000000000000000e+02
1.630000000000000000e+02
1.840000000000000000e+02
1.800000000000000000e+02
2.020000000000000000e+02
2.030000000000000000e+02
1.990000000000000000e+02
2.230000000000000000e+02
2.150000000000000000e+02
2.460000000000000000e+02
2.190000000000000000e+02
2.000000000000000000e+02
2.060000000000000000e+02
1.840000000000000000e+02
2.200000000000000000e+02
1.780000000000000000e+02
1.960000000000000000e+02
1.720000000000000000e+02
1.570000000000000000e+02
1.640000000000000000e+02
1.760000000000000000e+02
1.410000000000000000e+02
1.770000000000000000e+02
1.480000000000000000e+02
1.290000000000000000e+02
1.070000000000000000e+02
1.280000000000000000e+02
1.450000000000000000e+02
1.560000000000000000e+02
1.270000000000000000e+02
1.760000000000000000e+02
1.720000000000000000e+02
1.790000000000000000e+02
1.860000000000000000e+02
1.690000000000000000e+02
1.740000000000000000e+02
1.840000000000000000e+02
1.970000000000000000e+02
1.710000000000000000e+02
1.880000000000000000e+02
1.680000000000000000e+02
1.390000000000000000e+02
1.100000000000000000e+02
1.160000000000000000e+02
1.270000000000000000e+02
8.100000000000000000e+01
1.080000000000000000e+02
1.130000000000000000e+02
1.200000000000000000e+02
7.700000000000000000e+01
7.100000000000000000e+01
8.200000000000000000e+01
7.300000000000000000e+01
9.100000000000000000e+01
7.900000000000000000e+01
9.100000000000000000e+01
7.300000000000000000e+01
7.400000000000000000e+01
9.900000000000000000e+01
1.020000000000000000e+02
1.620000000000000000e+02
2.160000000000000000e+02
2.030000000000000000e+02
2.010000000000000000e+02
1.610000000000000000e+02
2.300000000000000000e+02
3.290000000000000000e+02
2.510000000000000000e+02
2.450000000000000000e+02
3.900000000000000000e+02
4.450000000000000000e+02
4.710000000000000000e+02
4.410000000000000000e+02
5.400000000000000000e+02
3.950000000000000000e+02
4.190000000000000000e+02
4.480000000000000000e+02
5.650000000000000000e+02
6.100000000000000000e+02
6.020000000000000000e+02
7.990000000000000000e+02
7.510000000000000000e+02
8.610000000000000000e+02
9.110000000000000000e+02
9.640000000000000000e+02
7.960000000000000000e+02
9.180000000000000000e+02
9.170000000000000000e+02
1.179000000000000000e+03
1.271000000000000000e+03
1.308000000000000000e+03
1.272000000000000000e+03
1.168000000000000000e+03
1.337000000000000000e+03
1.821000000000000000e+03
2.403000000000000000e+03
1.850000000000000000e+03
1.547000000000000000e+03
2.056000000000000000e+03
2.097000000000000000e+03
2.063000000000000000e+03
1.416000000000000000e+03
1.584000000000000000e+03
1.582000000000000000e+03
2.156000000000000000e+03
3.216000000000000000e+03
3.574000000000000000e+03
3.292000000000000000e+03
2.536000000000000000e+03
1.191000000000000000e+03
9.300000000000000000e+01
5.200000000000000000e+01
8.300000000000000000e+01
1.280000000000000000e+02
2.200000000000000000e+02
3.550000000000000000e+02
8.950000000000000000e+02
2.047000000000000000e+03
3.134000000000000000e+03
2.617000000000000000e+03
1.624000000000000000e+03
1.092000000000000000e+03
1.006000000000000000e+03
1.138000000000000000e+03
1.385000000000000000e+03
1.777000000000000000e+03
2.240000000000000000e+03
2.493000000000000000e+03
2.535000000000000000e+03
2.373000000000000000e+03
2.146000000000000000e+03
2.179000000000000000e+03
2.061000000000000000e+03
1.963000000000000000e+03
1.827000000000000000e+03
1.656000000000000000e+03
1.780000000000000000e+03
1.765000000000000000e+03
2.068000000000000000e+03
2.282000000000000000e+03
2.281000000000000000e+03
2.439000000000000000e+03
2.357000000000000000e+03
2.158000000000000000e+03
2.112000000000000000e+03
2.130000000000000000e+03
2.027000000000000000e+03
1.937000000000000000e+03
1.993000000000000000e+03
2.098000000000000000e+03
2.019000000000000000e+03
1.985000000000000000e+03
1.947000000000000000e+03
1.925000000000000000e+03
1.869000000000000000e+03
1.899000000000000000e+03
1.893000000000000000e+03
1.848000000000000000e+03
1.693000000000000000e+03
1.650000000000000000e+03
1.639000000000000000e+03
1.623000000000000000e+03
1.705000000000000000e+03
1.783000000000000000e+03
1.693000000000000000e+03
1.769000000000000000e+03
1.840000000000000000e+03
1.903000000000000000e+03
1.905000000000000000e+03
1.815000000000000000e+03
1.800000000000000000e+03
1.881000000000000000e+03
1.837000000000000000e+03
1.890000000000000000e+03
1.930000000000000000e+03
1.935000000000000000e+03
1.875000000000000000e+03
1.927000000000000000e+03
1.886000000000000000e+03
1.875000000000000000e+03
1.683000000000000000e+03
1.646000000000000000e+03
1.589000000000000000e+03
1.605000000000000000e+03
1.540000000000000000e+03
1.491000000000000000e+03
1.417000000000000000e+03
1.447000000000000000e+03
1.389000000000000000e+03
1.330000000000000000e+03
1.195000000000000000e+03
1.215000000000000000e+03
1.117000000000000000e+03
1.112000000000000000e+03
1.142000000000000000e+03
1.147000000000000000e+03
1.084000000000000000e+03
1.169000000000000000e+03
1.151000000000000000e+03
1.027000000000000000e+03
1.091000000000000000e+03
1.010000000000000000e+03
1.003000000000000000e+03
9.040000000000000000e+02
9.400000000000000000e+02
8.520000000000000000e+02
8.520000000000000000e+02
8.280000000000000000e+02
8.080000000000000000e+02
7.640000000000000000e+02
7.270000000000000000e+02
7.220000000000000000e+02
6.270000000000000000e+02
5.910000000000000000e+02
4.670000000000000000e+02
4.870000000000000000e+02
4.500000000000000000e+02
4.140000000000000000e+02
3.920000000000000000e+02
4.220000000000000000e+02
4.030000000000000000e+02
3.630000000000000000e+02
3.550000000000000000e+02
3.190000000000000000e+02
3.280000000000000000e+02
3.180000000000000000e+02
3.030000000000000000e+02
3.020000000000000000e+02
2.980000000000000000e+02
2.710000000000000000e+02
3.020000000000000000e+02
2.730000000000000000e+02
3.310000000000000000e+02
2.810000000000000000e+02
3.140000000000000000e+02
2.800000000000000000e+02
2.570000000000000000e+02
2.470000000000000000e+02
2.750000000000000000e+02
2.500000000000000000e+02
2.360000000000000000e+02
2.390000000000000000e+02
2.360000000000000000e+02
2.350000000000000000e+02
2.390000000000000000e+02
2.240000000000000000e+02
2.490000000000000000e+02
2.520000000000000000e+02
2.630000000000000000e+02
2.380000000000000000e+02
2.370000000000000000e+02
2.350000000000000000e+02
2.490000000000000000e+02
2.410000000000000000e+02
2.430000000000000000e+02
2.480000000000000000e+02
2.470000000000000000e+02
2.650000000000000000e+02
2.910000000000000000e+02
2.450000000000000000e+02
2.930000000000000000e+02
2.720000000000000000e+02
2.770000000000000000e+02
2.660000000000000000e+02
1.980000000000000000e+02
2.440000000000000000e+02
2.270000000000000000e+02
1.910000000000000000e+02
2.030000000000000000e+02
1.710000000000000000e+02
1.750000000000000000e+02
1.850000000000000000e+02
1.960000000000000000e+02
1.520000000000000000e+02
1.520000000000000000e+02
1.330000000000000000e+02
1.390000000000000000e+02
1.370000000000000000e+02
1.380000000000000000e+02
1.270000000000000000e+02
1.460000000000000000e+02
1.530000000000000000e+02
1.450000000000000000e+02
1.550000000000000000e+02
1.950000000000000000e+02
1.710000000000000000e+02
1.500000000000000000e+02
1.620000000000000000e+02
1.980000000000000000e+02
1.720000000000000000e+02
1.740000000000000000e+02
1.710000000000000000e+02
1.740000000000000000e+02
1.720000000000000000e+02
1.890000000000000000e+02
1.610000000000000000e+02
1.770000000000000000e+02
1.590000000000000000e+02
1.260000000000000000e+02
1.240000000000000000e+02
9.900000000000000000e+01
9.800000000000000000e+01
1.050000000000000000e+02
1.050000000000000000e+02
1.110000000000000000e+02
1.230000000000000000e+02
8.600000000000000000e+01
8.500000000000000000e+01
7.100000000000000000e+01
6.400000000000000000e+01
6.400000000000000000e+01
7.100000000000000000e+01
6.700000000000000000e+01
5.500000000000000000e+01
6.600000000000000000e+01
6.500000000000000000e+01
7.500000000000000000e+01
5.900000000000000000e+01
7.600000000000000000e+01
7.500000000000000000e+01
6.600000000000000000e+01
4.900000000000000000e+01
6.100000000000000000e+01
6.500000000000000000e+01
6.700000000000000000e+01
9.200000000000000000e+01
9.400000000000000000e+01
1.520000000000000000e+02
1.750000000000000000e+02
1.800000000000000000e+02
2.260000000000000000e+02
2.880000000000000000e+02
3.130000000000000000e+02
3.770000000000000000e+02
4.410000000000000000e+02
5.550000000000000000e+02
4.660000000000000000e+02
5.250000000000000000e+02
6.970000000000000000e+02
8.490000000000000000e+02
9.270000000000000000e+02
9.280000000000000000e+02
9.280000000000000000e+02
1.135000000000000000e+03
1.388000000000000000e+03
1.470000000000000000e+03
1.693000000000000000e+03
2.231000000000000000e+03
2.073000000000000000e+03
2.529000000000000000e+03
2.178000000000000000e+03
2.989000000000000000e+03
2.525000000000000000e+03
2.198000000000000000e+03
2.466000000000000000e+03
2.719000000000000000e+03
2.869000000000000000e+03
2.769000000000000000e+03
3.675000000000000000e+03
4.148000000000000000e+03
3.011000000000000000e+03
1.740000000000000000e+03
7.210000000000000000e+02
3.680000000000000000e+02
1.400000000000000000e+02
6.000000000000000000e+01
9.300000000000000000e+01
4.100000000000000000e+01
5.200000000000000000e+01
9.400000000000000000e+01
1.690000000000000000e+02
2.570000000000000000e+02
5.750000000000000000e+02
1.552000000000000000e+03
2.990000000000000000e+03
2.818000000000000000e+03
1.721000000000000000e+03
1.011000000000000000e+03
9.320000000000000000e+02
1.027000000000000000e+03
1.229000000000000000e+03
1.549000000000000000e+03
1.960000000000000000e+03
2.201000000000000000e+03
2.097000000000000000e+03
2.096000000000000000e+03
1.824000000000000000e+03
1.808000000000000000e+03
1.666000000000000000e+03
1.677000000000000000e+03
1.667000000000000000e+03
1.662000000000000000e+03
1.630000000000000000e+03
1.447000000000000000e+03
1.477000000000000000e+03
1.432000000000000000e+03
1.473000000000000000e+03
1.531000000000000000e+03
1.695000000000000000e+03
1.722000000000000000e+03
1.641000000000000000e+03
1.651000000000000000e+03
1.619000000000000000e+03
1.673000000000000000e+03
1.754000000000000000e+03
1.816000000000000000e+03
1.866000000000000000e+03
1.984000000000000000e+03
1.953000000000000000e+03
1.978000000000000000e+03
1.929000000000000000e+03
2.034000000000000000e+03
1.954000000000000000e+03
2.054000000000000000e+03
2.114000000000000000e+03
2.205000000000000000e+03
2.270000000000000000e+03
2.190000000000000000e+03
2.305000000000000000e+03
2.232000000000000000e+03
2.464000000000000000e+03
2.455000000000000000e+03
2.542000000000000000e+03
2.610000000000000000e+03
2.516000000000000000e+03
2.531000000000000000e+03
2.414000000000000000e+03
2.414000000000000000e+03
2.456000000000000000e+03
2.478000000000000000e+03
2.445000000000000000e+03
2.435000000000000000e+03
2.375000000000000000e+03
2.382000000000000000e+03
2.298000000000000000e+03
2.378000000000000000e+03
2.209000000000000000e+03
2.041000000000000000e+03
2.004000000000000000e+03
1.778000000000000000e+03
1.713000000000000000e+03
1.759000000000000000e+03
1.562000000000000000e+03
1.523000000000000000e+03
1.518000000000000000e+03
1.397000000000000000e+03
1.266000000000000000e+03
1.229000000000000000e+03
1.063000000000000000e+03
1.036000000000000000e+03
9.630000000000000000e+02
8.790000000000000000e+02
8.680000000000000000e+02
7.910000000000000000e+02
7.670000000000000000e+02
6.850000000000000000e+02
6.670000000000000000e+02
6.790000000000000000e+02
6.540000000000000000e+02
5.970000000000000000e+02
6.290000000000000000e+02
5.680000000000000000e+02
4.960000000000000000e+02
4.760000000000000000e+02
4.680000000000000000e+02
4.590000000000000000e+02
3.640000000000000000e+02
3.560000000000000000e+02
3.510000000000000000e+02
3.480000000000000000e+02
3.670000000000000000e+02
3.580000000000000000e+02
3.220000000000000000e+02
3.550000000000000000e+02
3.790000000000000000e+02
3.780000000000000000e+02
3.440000000000000000e+02
3.480000000000000000e+02
3.610000000000000000e+02
3.630000000000000000e+02
3.420000000000000000e+02
3.470000000000000000e+02
3.040000000000000000e+02
2.580000000000000000e+02
2.480000000000000000e+02
2.550000000000000000e+02
2.650000000000000000e+02
2.370000000000000000e+02
2.460000000000000000e+02
2.390000000000000000e+02
2.290000000000000000e+02
2.540000000000000000e+02
2.480000000000000000e+02
2.490000000000000000e+02
2.720000000000000000e+02
2.560000000000000000e+02
2.660000000000000000e+02
2.740000000000000000e+02
3.000000000000000000e+02
2.950000000000000000e+02
2.680000000000000000e+02
2.830000000000000000e+02
2.840000000000000000e+02
2.880000000000000000e+02
3.000000000000000000e+02
3.050000000000000000e+02
3.000000000000000000e+02
3.400000000000000000e+02
2.700000000000000000e+02
2.850000000000000000e+02
2.650000000000000000e+02
2.580000000000000000e+02
2.630000000000000000e+02
2.590000000000000000e+02
2.390000000000000000e+02
2.460000000000000000e+02
2.300000000000000000e+02
2.450000000000000000e+02
2.110000000000000000e+02
1.880000000000000000e+02
1.970000000000000000e+02
1.840000000000000000e+02
1.830000000000000000e+02
1.630000000000000000e+02
1.560000000000000000e+02
1.420000000000000000e+02
1.480000000000000000e+02
1.910000000000000000e+02
1.830000000000000000e+02
1.530000000000000000e+02
1.800000000000000000e+02
1.630000000000000000e+02
1.640000000000000000e+02
1.730000000000000000e+02
1.840000000000000000e+02
1.730000000000000000e+02
1.780000000000000000e+02
1.520000000000000000e+02
1.740000000000000000e+02
1.780000000000000000e+02
1.460000000000000000e+02
1.830000000000000000e+02
1.510000000000000000e+02
1.810000000000000000e+02
1.850000000000000000e+02
1.630000000000000000e+02
1.600000000000000000e+02
1.800000000000000000e+02
1.530000000000000000e+02
1.530000000000000000e+02
1.780000000000000000e+02
1.420000000000000000e+02
1.790000000000000000e+02
1.650000000000000000e+02
2.040000000000000000e+02
2.080000000000000000e+02
1.830000000000000000e+02
2.270000000000000000e+02
2.190000000000000000e+02
2.270000000000000000e+02
2.410000000000000000e+02
2.060000000000000000e+02
2.370000000000000000e+02
2.330000000000000000e+02
2.600000000000000000e+02
2.740000000000000000e+02
3.450000000000000000e+02
4.290000000000000000e+02
4.090000000000000000e+02
2.980000000000000000e+02
2.880000000000000000e+02
2.580000000000000000e+02
2.420000000000000000e+02
2.780000000000000000e+02
2.960000000000000000e+02
3.400000000000000000e+02
3.140000000000000000e+02
3.270000000000000000e+02
3.420000000000000000e+02
3.230000000000000000e+02
3.850000000000000000e+02
3.880000000000000000e+02
4.230000000000000000e+02
3.990000000000000000e+02
3.830000000000000000e+02
3.870000000000000000e+02
3.510000000000000000e+02
4.070000000000000000e+02
3.470000000000000000e+02
3.450000000000000000e+02
2.870000000000000000e+02
2.820000000000000000e+02
3.160000000000000000e+02
3.080000000000000000e+02
3.460000000000000000e+02
3.490000000000000000e+02
3.440000000000000000e+02
3.430000000000000000e+02
4.090000000000000000e+02
4.080000000000000000e+02
4.310000000000000000e+02
4.920000000000000000e+02
5.900000000000000000e+02
6.740000000000000000e+02
1.152000000000000000e+03
2.111000000000000000e+03
4.799000000000000000e+03
7.909000000000000000e+03
6.829000000000000000e+03
6.266000000000000000e+03
5.143000000000000000e+03
3.670000000000000000e+03
2.240000000000000000e+03
9.740000000000000000e+02
6.710000000000000000e+02
5.530000000000000000e+02
4.860000000000000000e+02
4.220000000000000000e+02
1.840000000000000000e+02
9.600000000000000000e+01
6.000000000000000000e+01
5.600000000000000000e+01
3.276000000000000000e+04
4.560000000000000000e+02
1.690000000000000000e+02
9.900000000000000000e+01
1.350000000000000000e+02
9.600000000000000000e+01
1.624000000000000000e+03
2.400000000000000000e+01
1.340000000000000000e+02
6.400000000000000000e+01
2.800000000000000000e+01
2.061000000000000000e+03
1.700000000000000000e+01
8.003000000000000000e+03
3.450000000000000000e+02
3.500000000000000000e+02
3.366000000000000000e+03
4.380000000000000000e+02
6.940000000000000000e+02
3.335000000000000000e+03
2.224100000000000000e+04
1.120400000000000000e+04
6.154000000000000000e+03
4.360000000000000000e+03
9.818000000000000000e+03
3.548000000000000000e+03
3.256000000000000000e+03
1.023000000000000000e+03
8.550000000000000000e+02
8.450000000000000000e+02
8.155000000000000000e+03
2.140000000000000000e+02
8.360000000000000000e+02
2.030000000000000000e+02
1.138000000000000000e+03
2.728000000000000000e+03
2.860000000000000000e+03
4.600000000000000000e+01
1.360000000000000000e+02
4.200000000000000000e+01
2.550000000000000000e+02
1.000000000000000000e+00
1.170000000000000000e+03
6.600000000000000000e+02
1.000000000000000000e+00
3.300000000000000000e+01
5.000000000000000000e+00
1.000000000000000000e+00
6.400000000000000000e+01
0.000000000000000000e+00
1.781000000000000000e+03
8.800000000000000000e+01
7.000000000000000000e+00
0.000000000000000000e+00
1.000000000000000000e+00
2.160000000000000000e+02
1.600000000000000000e+01
2.000000000000000000e+00
0.000000000000000000e+00
1.000000000000000000e+00
5.100000000000000000e+01
2.000000000000000000e+00
1.000000000000000000e+00
4.000000000000000000e+00
0.000000000000000000e+00
4.000000000000000000e+00
4.050000000000000000e+02
1.000000000000000000e+00
4.000000000000000000e+00
1.000000000000000000e+00
9.700000000000000000e+01
1.000000000000000000e+00
1.000000000000000000e+00
4.200000000000000000e+01
3.900000000000000000e+01
3.253000000000000000e+03
5.000000000000000000e+00
1.000000000000000000e+00
0.000000000000000000e+00
4.900000000000000000e+01
2.900000000000000000e+02
1.000000000000000000e+00
1.000000000000000000e+00
5.030000000000000000e+02
2.600000000000000000e+01
3.100000000000000000e+01
6.000000000000000000e+00
3.120000000000000000e+02
1.600000000000000000e+01
7.000000000000000000e+00
4.380000000000000000e+02
3.100000000000000000e+01
1.050000000000000000e+02
2.490000000000000000e+02
8.700000000000000000e+01
8.530000000000000000e+02
1.235000000000000000e+03
1.560000000000000000e+02
1.999000000000000000e+03
1.333000000000000000e+03
1.769000000000000000e+03
3.776000000000000000e+03
2.590000000000000000e+03
6.502000000000000000e+03
4.082000000000000000e+03
5.374000000000000000e+03
6.200000000000000000e+03
5.800000000000000000e+03
3.443000000000000000e+03
4.687000000000000000e+03
3.347000000000000000e+03
1.012000000000000000e+03
2.460000000000000000e+02
1.630000000000000000e+02
1.872000000000000000e+03
7.490000000000000000e+02
6.000000000000000000e+01
4.000000000000000000e+00
1.100000000000000000e+01
7.000000000000000000e+00
1.734500000000000000e+04
4.000000000000000000e+00
1.800000000000000000e+01
5.000000000000000000e+00
4.400000000000000000e+01
3.010000000000000000e+02
1.497000000000000000e+03
9.000000000000000000e+00
2.200000000000000000e+01
6.000000000000000000e+00
1.200000000000000000e+01
6.000000000000000000e+00
1.880000000000000000e+02
3.900000000000000000e+01
0.000000000000000000e+00
4.000000000000000000e+00
7.000000000000000000e+00
2.000000000000000000e+00
1.400000000000000000e+01
0.000000000000000000e+00
3.173000000000000000e+03
1.000000000000000000e+01
8.000000000000000000e+00
2.000000000000000000e+00
4.000000000000000000e+00
7.000000000000000000e+00
7.000000000000000000e+00
1.500000000000000000e+01
7.000000000000000000e+00
3.000000000000000000e+00
9.000000000000000000e+00
0.000000000000000000e+00
4.000000000000000000e+00
1.400000000000000000e+01
2.000000000000000000e+00
5.000000000000000000e+00
8.000000000000000000e+01
8.000000000000000000e+00
5.000000000000000000e+00
1.700000000000000000e+01
6.000000000000000000e+00
1.700000000000000000e+01
1.000000000000000000e+01
9.000000000000000000e+00
2.600000000000000000e+01
1.435800000000000000e+04
1.300000000000000000e+01
2.700000000000000000e+01
7.000000000000000000e+00
8.000000000000000000e+00
6.300000000000000000e+01
1.400000000000000000e+01
4.800000000000000000e+01
2.580000000000000000e+02
8.600000000000000000e+01
5.900000000000000000e+01
4.900000000000000000e+01
1.170000000000000000e+02
1.500000000000000000e+02
2.760000000000000000e+02
3.184800000000000000e+04
2.000000000000000000e+00
6.033000000000000000e+03
2.909000000000000000e+03
6.550000000000000000e+02
4.843000000000000000e+03
2.815000000000000000e+03
3.577000000000000000e+03
6.834000000000000000e+03
6.624000000000000000e+03
1.226400000000000000e+04
1.020300000000000000e+04
1.075800000000000000e+04
7.930000000000000000e+03
5.013000000000000000e+03
5.264000000000000000e+03
4.644000000000000000e+03
4.154000000000000000e+03
3.939000000000000000e+03
3.697000000000000000e+03
4.866000000000000000e+03
4.600000000000000000e+03
3.973000000000000000e+03
4.016000000000000000e+03
2.557000000000000000e+03
1.990000000000000000e+03
2.270000000000000000e+03
2.100000000000000000e+03
2.060000000000000000e+03
1.253000000000000000e+03
1.236000000000000000e+03
1.136000000000000000e+03
1.071000000000000000e+03
9.160000000000000000e+02
9.880000000000000000e+02
6.930000000000000000e+02
1.013000000000000000e+03
4.430000000000000000e+02
7.950000000000000000e+02
7.900000000000000000e+02
7.390000000000000000e+02
6.500000000000000000e+02
6.340000000000000000e+02
9.000000000000000000e+02
5.860000000000000000e+02
5.250000000000000000e+02
8.910000000000000000e+02
5.240000000000000000e+02
5.580000000000000000e+02
7.900000000000000000e+02
6.850000000000000000e+02
9.690000000000000000e+02
4.450000000000000000e+02
6.050000000000000000e+02
3.890000000000000000e+02
6.670000000000000000e+02
3.110000000000000000e+02
9.310000000000000000e+02
4.720000000000000000e+02
3.840000000000000000e+02
3.220000000000000000e+02
4.190000000000000000e+02
3.340000000000000000e+02
2.080000000000000000e+02
9.480000000000000000e+02
2.770000000000000000e+02
2.720000000000000000e+02
4.140000000000000000e+02
3.650000000000000000e+02
2.840000000000000000e+02
5.010000000000000000e+02
4.070000000000000000e+02
3.370000000000000000e+02
5.610000000000000000e+02
3.410000000000000000e+02
4.650000000000000000e+02
3.590000000000000000e+02
5.530000000000000000e+02
5.420000000000000000e+02
3.580000000000000000e+02
5.020000000000000000e+02
5.780000000000000000e+02
4.230000000000000000e+02
4.900000000000000000e+02
4.500000000000000000e+02
8.150000000000000000e+02
4.610000000000000000e+02
5.130000000000000000e+02
5.080000000000000000e+02
4.520000000000000000e+02
5.190000000000000000e+02
5.410000000000000000e+02
4.490000000000000000e+02
4.830000000000000000e+02
4.760000000000000000e+02
4.190000000000000000e+02
5.520000000000000000e+02
4.010000000000000000e+02
4.500000000000000000e+02
3.810000000000000000e+02
3.640000000000000000e+02
3.730000000000000000e+02
3.860000000000000000e+02
3.520000000000000000e+02
3.420000000000000000e+02
2.790000000000000000e+02
3.700000000000000000e+02
2.830000000000000000e+02
2.390000000000000000e+02
3.250000000000000000e+02
1.880000000000000000e+02
1.830000000000000000e+02
1.800000000000000000e+02
1.980000000000000000e+02
1.620000000000000000e+02
1.320000000000000000e+02
1.970000000000000000e+02
1.330000000000000000e+02
1.540000000000000000e+02
1.440000000000000000e+02
1.700000000000000000e+02
1.070000000000000000e+02
1.220000000000000000e+02
1.280000000000000000e+02
1.170000000000000000e+02
9.800000000000000000e+01
8.500000000000000000e+01
1.300000000000000000e+02
3.300000000000000000e+02
9.900000000000000000e+01
1.160000000000000000e+02
1.410000000000000000e+02
1.280000000000000000e+02
1.010000000000000000e+02
1.110000000000000000e+02
1.980000000000000000e+02
1.200000000000000000e+02
1.190000000000000000e+02
9.900000000000000000e+01
1.230000000000000000e+02
1.400000000000000000e+02
9.100000000000000000e+01
1.650000000000000000e+02
1.430000000000000000e+02
1.000000000000000000e+02
1.210000000000000000e+02
1.260000000000000000e+02
1.040000000000000000e+02
1.730000000000000000e+02
1.300000000000000000e+02
9.100000000000000000e+01
1.370000000000000000e+02
9.700000000000000000e+01
1.620000000000000000e+02
9.800000000000000000e+01
1.030000000000000000e+02
1.320000000000000000e+02
1.030000000000000000e+02
1.450000000000000000e+02
1.690000000000000000e+02
9.200000000000000000e+01
9.800000000000000000e+01
1.430000000000000000e+02
9.900000000000000000e+01
8.300000000000000000e+01
1.270000000000000000e+02
7.300000000000000000e+01
1.320000000000000000e+02
8.700000000000000000e+01
6.000000000000000000e+01
2.110000000000000000e+02
6.900000000000000000e+01
9.000000000000000000e+01
1.380000000000000000e+02
1.110000000000000000e+02
1.140000000000000000e+02
9.000000000000000000e+01
1.260000000000000000e+02
5.600000000000000000e+01
1.000000000000000000e+02
9.900000000000000000e+01
9.000000000000000000e+01
1.060000000000000000e+02
7.700000000000000000e+01
1.050000000000000000e+02
1.120000000000000000e+02
9.700000000000000000e+01
8.900000000000000000e+01
9.400000000000000000e+01
9.200000000000000000e+01
8.500000000000000000e+01
2.070000000000000000e+02
6.300000000000000000e+01
1.150000000000000000e+02
9.600000000000000000e+01
1.310000000000000000e+02
1.120000000000000000e+02
1.220000000000000000e+02
1.170000000000000000e+02
1.160000000000000000e+02
1.330000000000000000e+02
1.130000000000000000e+02
1.120000000000000000e+02
1.570000000000000000e+02
1.660000000000000000e+02
1.310000000000000000e+02
1.650000000000000000e+02
1.490000000000000000e+02
1.350000000000000000e+02
1.900000000000000000e+02
1.440000000000000000e+02
2.010000000000000000e+02
1.160000000000000000e+02
2.230000000000000000e+02
1.730000000000000000e+02
2.110000000000000000e+02
1.590000000000000000e+02
1.570000000000000000e+02
1.620000000000000000e+02
2.440000000000000000e+02
1.870000000000000000e+02
2.380000000000000000e+02
2.060000000000000000e+02
1.670000000000000000e+02
1.990000000000000000e+02
2.200000000000000000e+02
1.860000000000000000e+02
2.380000000000000000e+02
2.450000000000000000e+02
1.840000000000000000e+02
2.690000000000000000e+02
1.970000000000000000e+02
2.120000000000000000e+02
2.900000000000000000e+02
2.360000000000000000e+02
2.590000000000000000e+02
3.630000000000000000e+02
3.620000000000000000e+02
3.110000000000000000e+02
4.110000000000000000e+02
4.050000000000000000e+02
4.100000000000000000e+02
4.730000000000000000e+02
4.720000000000000000e+02
6.020000000000000000e+02
5.400000000000000000e+02
5.860000000000000000e+02
7.100000000000000000e+02
8.560000000000000000e+02
7.880000000000000000e+02
6.480000000000000000e+02
1.228000000000000000e+03
1.261000000000000000e+03
2.870000000000000000e+02
1.920000000000000000e+02
4.384000000000000000e+03
5.000000000000000000e+00
9.000000000000000000e+00
2.200000000000000000e+01
4.700000000000000000e+01
8.600000000000000000e+01
1.420000000000000000e+02
4.710000000000000000e+02
1.464000000000000000e+03
2.998000000000000000e+03
2.781000000000000000e+03
1.654000000000000000e+03
9.960000000000000000e+02
8.810000000000000000e+02
9.550000000000000000e+02
1.116000000000000000e+03
1.443000000000000000e+03
1.852000000000000000e+03
2.024000000000000000e+03
2.001000000000000000e+03
1.971000000000000000e+03
1.747000000000000000e+03
1.620000000000000000e+03
1.539000000000000000e+03
1.520000000000000000e+03
1.542000000000000000e+03
1.524000000000000000e+03
1.472000000000000000e+03
1.328000000000000000e+03
1.402000000000000000e+03
1.276000000000000000e+03
1.322000000000000000e+03
1.425000000000000000e+03
1.546000000000000000e+03
1.546000000000000000e+03
1.513000000000000000e+03
1.501000000000000000e+03
1.457000000000000000e+03
1.543000000000000000e+03
1.574000000000000000e+03
1.615000000000000000e+03
1.608000000000000000e+03
1.743000000000000000e+03
1.690000000000000000e+03
1.697000000000000000e+03
1.679000000000000000e+03
1.734000000000000000e+03
1.669000000000000000e+03
1.691000000000000000e+03
1.673000000000000000e+03
1.739000000000000000e+03
1.685000000000000000e+03
1.719000000000000000e+03
1.735000000000000000e+03
1.638000000000000000e+03
1.660000000000000000e+03
1.774000000000000000e+03
1.882000000000000000e+03
1.980000000000000000e+03
2.012000000000000000e+03
2.008000000000000000e+03
2.065000000000000000e+03
2.060000000000000000e+03
2.096000000000000000e+03
1.999000000000000000e+03
2.096000000000000000e+03
2.100000000000000000e+03
2.132000000000000000e+03
2.279000000000000000e+03
2.306000000000000000e+03
2.344000000000000000e+03
2.248000000000000000e+03
2.055000000000000000e+03
2.015000000000000000e+03
1.872000000000000000e+03
1.791000000000000000e+03
1.857000000000000000e+03
1.670000000000000000e+03
1.690000000000000000e+03
1.673000000000000000e+03
1.634000000000000000e+03
1.472000000000000000e+03
1.350000000000000000e+03
1.210000000000000000e+03
1.203000000000000000e+03
1.203000000000000000e+03
1.177000000000000000e+03
1.157000000000000000e+03
1.067000000000000000e+03
1.150000000000000000e+03
1.027000000000000000e+03
1.074000000000000000e+03
1.043000000000000000e+03
1.136000000000000000e+03
9.610000000000000000e+02
9.660000000000000000e+02
9.750000000000000000e+02
8.810000000000000000e+02
7.950000000000000000e+02
7.790000000000000000e+02
7.690000000000000000e+02
7.590000000000000000e+02
7.720000000000000000e+02
7.500000000000000000e+02
7.480000000000000000e+02
7.740000000000000000e+02
7.480000000000000000e+02
6.210000000000000000e+02
6.720000000000000000e+02
6.890000000000000000e+02
6.130000000000000000e+02
5.750000000000000000e+02
5.790000000000000000e+02
5.330000000000000000e+02
5.340000000000000000e+02
5.130000000000000000e+02
5.100000000000000000e+02
4.510000000000000000e+02
3.920000000000000000e+02
3.710000000000000000e+02
3.790000000000000000e+02
4.010000000000000000e+02
3.750000000000000000e+02
3.420000000000000000e+02
3.650000000000000000e+02
3.440000000000000000e+02
3.430000000000000000e+02
3.230000000000000000e+02
3.120000000000000000e+02
3.230000000000000000e+02
3.340000000000000000e+02
2.870000000000000000e+02
3.180000000000000000e+02
2.990000000000000000e+02
2.850000000000000000e+02
2.360000000000000000e+02
2.340000000000000000e+02
2.260000000000000000e+02
2.490000000000000000e+02
2.500000000000000000e+02
2.330000000000000000e+02
2.040000000000000000e+02
2.480000000000000000e+02
2.390000000000000000e+02
2.300000000000000000e+02
2.090000000000000000e+02
2.140000000000000000e+02
2.370000000000000000e+02
2.280000000000000000e+02
2.670000000000000000e+02
2.310000000000000000e+02
2.280000000000000000e+02
2.830000000000000000e+02
2.600000000000000000e+02
2.690000000000000000e+02
2.610000000000000000e+02
3.100000000000000000e+02
2.820000000000000000e+02
2.660000000000000000e+02
2.590000000000000000e+02
2.230000000000000000e+02
2.470000000000000000e+02
2.310000000000000000e+02
2.450000000000000000e+02
2.230000000000000000e+02
2.100000000000000000e+02
2.190000000000000000e+02
2.330000000000000000e+02
2.230000000000000000e+02
2.420000000000000000e+02
2.050000000000000000e+02
1.970000000000000000e+02
1.630000000000000000e+02
1.850000000000000000e+02
2.070000000000000000e+02
1.940000000000000000e+02
1.860000000000000000e+02
1.820000000000000000e+02
1.990000000000000000e+02
2.210000000000000000e+02
2.190000000000000000e+02
1.900000000000000000e+02
2.140000000000000000e+02
2.060000000000000000e+02
2.210000000000000000e+02
2.170000000000000000e+02
2.400000000000000000e+02
2.320000000000000000e+02
2.350000000000000000e+02
2.240000000000000000e+02
2.460000000000000000e+02
2.440000000000000000e+02
2.440000000000000000e+02
2.220000000000000000e+02
2.280000000000000000e+02
2.400000000000000000e+02
1.960000000000000000e+02
2.080000000000000000e+02
2.050000000000000000e+02
1.950000000000000000e+02
1.950000000000000000e+02
1.920000000000000000e+02
2.190000000000000000e+02
2.260000000000000000e+02
2.230000000000000000e+02
2.140000000000000000e+02
1.900000000000000000e+02
1.950000000000000000e+02
2.000000000000000000e+02
1.700000000000000000e+02
1.580000000000000000e+02
1.530000000000000000e+02
1.300000000000000000e+02
1.310000000000000000e+02
1.080000000000000000e+02
1.160000000000000000e+02
1.400000000000000000e+02
1.400000000000000000e+02
1.410000000000000000e+02
1.810000000000000000e+02
1.810000000000000000e+02
1.630000000000000000e+02
1.810000000000000000e+02
2.110000000000000000e+02
2.040000000000000000e+02
2.000000000000000000e+02
1.790000000000000000e+02
2.160000000000000000e+02
2.150000000000000000e+02
2.200000000000000000e+02
2.540000000000000000e+02
2.600000000000000000e+02
3.400000000000000000e+02
3.710000000000000000e+02
3.650000000000000000e+02
3.830000000000000000e+02
4.000000000000000000e+02
4.300000000000000000e+02
5.620000000000000000e+02
7.290000000000000000e+02
1.084000000000000000e+03
1.719000000000000000e+03
3.369000000000000000e+03
4.204000000000000000e+03
5.021000000000000000e+03
4.760000000000000000e+03
4.321000000000000000e+03
3.243000000000000000e+03
1.862000000000000000e+03
1.886000000000000000e+03
1.749000000000000000e+03
2.271000000000000000e+03
3.334000000000000000e+03
3.677000000000000000e+03
3.350000000000000000e+03
2.595000000000000000e+03
1.298000000000000000e+03
