0.000000000000000000e+00
0.000000000000000000e+00
0.000000000000000000e+00
0.000000000000000000e+00
0.000000000000000000e+00
0.000000000000000000e+00
0.000000000000000000e+00
2.000000000000000000e+00
1.000000000000000000e+00
0.000000000000000000e+00
2.000000000000000000e+00
5.000000000000000000e+00
4.000000000000000000e+00
9.000000000000000000e+00
6.000000000000000000e+00
3.100000000000000000e+01
5.600000000000000000e+01
8.500000000000000000e+01
1.060000000000000000e+02
1.380000000000000000e+02
2.290000000000000000e+02
2.620000000000000000e+02
3.840000000000000000e+02
4.640000000000000000e+02
5.830000000000000000e+02
9.120000000000000000e+02
9.450000000000000000e+02
8.900000000000000000e+02
9.110000000000000000e+02
9.080000000000000000e+02
7.990000000000000000e+02
7.880000000000000000e+02
7.340000000000000000e+02
6.660000000000000000e+02
6.370000000000000000e+02
5.660000000000000000e+02
5.910000000000000000e+02
5.810000000000000000e+02
5.290000000000000000e+02
5.200000000000000000e+02
5.430000000000000000e+02
5.340000000000000000e+02
4.830000000000000000e+02
5.270000000000000000e+02
5.650000000000000000e+02
5.590000000000000000e+02
5.510000000000000000e+02
5.660000000000000000e+02
6.280000000000000000e+02
6.500000000000000000e+02
5.880000000000000000e+02
6.120000000000000000e+02
6.150000000000000000e+02
6.360000000000000000e+02
6.460000000000000000e+02
6.270000000000000000e+02
6.250000000000000000e+02
6.780000000000000000e+02
6.780000000000000000e+02
6.740000000000000000e+02
6.600000000000000000e+02
6.160000000000000000e+02
6.280000000000000000e+02
5.930000000000000000e+02
5.940000000000000000e+02
5.610000000000000000e+02
5.970000000000000000e+02
6.200000000000000000e+02
5.840000000000000000e+02
5.700000000000000000e+02
6.150000000000000000e+02
6.530000000000000000e+02
6.280000000000000000e+02
5.590000000000000000e+02
6.010000000000000000e+02
6.990000000000000000e+02
6.540000000000000000e+02
7.070000000000000000e+02
7.250000000000000000e+02
7.740000000000000000e+02
8.370000000000000000e+02
9.040000000000000000e+02
8.790000000000000000e+02
9.450000000000000000e+02
9.090000000000000000e+02
9.450000000000000000e+02
1.027000000000000000e+03
1.129000000000000000e+03
1.143000000000000000e+03
1.243000000000000000e+03
1.350000000000000000e+03
1.488000000000000000e+03
1.565000000000000000e+03
1.746000000000000000e+03
1.826000000000000000e+03
1.821000000000000000e+03
1.825000000000000000e+03
1.749000000000000000e+03
1.722000000000000000e+03
1.739000000000000000e+03
1.821000000000000000e+03
2.014000000000000000e+03
2.108000000000000000e+03
2.317000000000000000e+03
2.562000000000000000e+03
2.739000000000000000e+03
2.679000000000000000e+03
2.692000000000000000e+03
2.724000000000000000e+03
2.528000000000000000e+03
2.448000000000000000e+03
2.389000000000000000e+03
2.262000000000000000e+03
2.219000000000000000e+03
2.000000000000000000e+03
1.829000000000000000e+03
1.778000000000000000e+03
1.628000000000000000e+03
1.588000000000000000e+03
1.634000000000000000e+03
1.747000000000000000e+03
1.636000000000000000e+03
1.639000000000000000e+03
1.588000000000000000e+03
1.442000000000000000e+03
1.431000000000000000e+03
1.408000000000000000e+03
1.259000000000000000e+03
1.252000000000000000e+03
1.188000000000000000e+03
1.255000000000000000e+03
1.206000000000000000e+03
1.245000000000000000e+03
1.206000000000000000e+03
1.165000000000000000e+03
1.258000000000000000e+03
1.301000000000000000e+03
1.244000000000000000e+03
1.229000000000000000e+03
1.203000000000000000e+03
1.136000000000000000e+03
1.140000000000000000e+03
1.088000000000000000e+03
1.026000000000000000e+03
1.045000000000000000e+03
1.043000000000000000e+03
1.035000000000000000e+03
1.058000000000000000e+03
9.700000000000000000e+02
1.003000000000000000e+03
9.640000000000000000e+02
1.066000000000000000e+03
1.177000000000000000e+03
1.160000000000000000e+03
1.173000000000000000e+03
1.124000000000000000e+03
1.154000000000000000e+03
1.097000000000000000e+03
1.149000000000000000e+03
1.123000000000000000e+03
1.117000000000000000e+03
1.181000000000000000e+03
1.166000000000000000e+03
1.129000000000000000e+03
1.108000000000000000e+03
1.117000000000000000e+03
1.133000000000000000e+03
1.104000000000000000e+03
1.122000000000000000e+03
1.090000000000000000e+03
1.133000000000000000e+03
1.119000000000000000e+03
1.121000000000000000e+03
1.161000000000000000e+03
1.102000000000000000e+03
1.063000000000000000e+03
1.040000000000000000e+03
1.012000000000000000e+03
9.560000000000000000e+02
1.026000000000000000e+03
9.400000000000000000e+02
1.028000000000000000e+03
9.950000000000000000e+02
9.780000000000000000e+02
9.280000000000000000e+02
9.850000000000000000e+02
8.540000000000000000e+02
9.380000000000000000e+02
9.060000000000000000e+02
9.290000000000000000e+02
9.370000000000000000e+02
9.050000000000000000e+02
1.010000000000000000e+03
9.770000000000000000e+02
9.630000000000000000e+02
1.061000000000000000e+03
1.062000000000000000e+03
1.094000000000000000e+03
1.138000000000000000e+03
1.050000000000000000e+03
1.074000000000000000e+03
1.043000000000000000e+03
1.042000000000000000e+03
1.020000000000000000e+03
9.600000000000000000e+02
9.790000000000000000e+02
9.090000000000000000e+02
9.170000000000000000e+02
8.940000000000000000e+02
9.110000000000000000e+02
8.660000000000000000e+02
9.780000000000000000e+02
1.031000000000000000e+03
1.046000000000000000e+03
1.057000000000000000e+03
1.140000000000000000e+03
1.130000000000000000e+03
1.145000000000000000e+03
1.209000000000000000e+03
1.916000000000000000e+03
4.111000000000000000e+03
1.673000000000000000e+03
9.040000000000000000e+02
7.110000000000000000e+02
5.550000000000000000e+02
3.980000000000000000e+02
3.470000000000000000e+02
3.190000000000000000e+02
2.900000000000000000e+02
3.060000000000000000e+02
3.220000000000000000e+02
3.550000000000000000e+02
3.240000000000000000e+02
3.940000000000000000e+02
4.700000000000000000e+02
4.680000000000000000e+02
5.990000000000000000e+02
5.260000000000000000e+02
5.550000000000000000e+02
4.870000000000000000e+02
4.580000000000000000e+02
5.340000000000000000e+02
5.480000000000000000e+02
7.040000000000000000e+02
7.130000000000000000e+02
7.070000000000000000e+02
5.570000000000000000e+02
3.400000000000000000e+02
3.270000000000000000e+02
1.790000000000000000e+02
1.350000000000000000e+02
7.800000000000000000e+01
6.700000000000000000e+01
5.500000000000000000e+01
4.400000000000000000e+01
1.440000000000000000e+02
0.000000000000000000e+00
0.000000000000000000e+00
0.000000000000000000e+00
0.000000000000000000e+00
0.000000000000000000e+00
0.000000000000000000e+00
0.000000000000000000e+00
0.000000000000000000e+00
0.000000000000000000e+00
0.000000000000000000e+00
0.000000000000000000e+00
0.000000000000000000e+00
1.000000000000000000e+00
2.000000000000000000e+00
9.000000000000000000e+00
1.500000000000000000e+01
3.800000000000000000e+01
6.100000000000000000e+01
8.200000000000000000e+01
1.160000000000000000e+02
1.560000000000000000e+02
2.080000000000000000e+02
3.590000000000000000e+02
4.520000000000000000e+02
5.750000000000000000e+02
8.710000000000000000e+02
8.970000000000000000e+02
9.020000000000000000e+02
9.480000000000000000e+02
8.730000000000000000e+02
7.780000000000000000e+02
7.130000000000000000e+02
7.400000000000000000e+02
6.220000000000000000e+02
5.900000000000000000e+02
5.800000000000000000e+02
5.530000000000000000e+02
5.870000000000000000e+02
5.770000000000000000e+02
6.230000000000000000e+02
5.350000000000000000e+02
5.610000000000000000e+02
5.590000000000000000e+02
5.580000000000000000e+02
5.820000000000000000e+02
5.790000000000000000e+02
5.680000000000000000e+02
5.720000000000000000e+02
6.080000000000000000e+02
5.960000000000000000e+02
6.280000000000000000e+02
6.380000000000000000e+02
6.390000000000000000e+02
7.000000000000000000e+02
6.470000000000000000e+02
6.610000000000000000e+02
7.010000000000000000e+02
7.160000000000000000e+02
7.710000000000000000e+02
7.480000000000000000e+02
7.560000000000000000e+02
7.830000000000000000e+02
7.810000000000000000e+02
8.250000000000000000e+02
7.740000000000000000e+02
7.470000000000000000e+02
8.120000000000000000e+02
8.480000000000000000e+02
8.500000000000000000e+02
9.010000000000000000e+02
9.230000000000000000e+02
1.007000000000000000e+03
1.023000000000000000e+03
1.000000000000000000e+03
1.038000000000000000e+03
1.049000000000000000e+03
1.036000000000000000e+03
9.630000000000000000e+02
1.012000000000000000e+03
1.062000000000000000e+03
1.155000000000000000e+03
1.194000000000000000e+03
1.298000000000000000e+03
1.418000000000000000e+03
1.443000000000000000e+03
1.423000000000000000e+03
1.558000000000000000e+03
1.847000000000000000e+03
2.197000000000000000e+03
2.365000000000000000e+03
2.459000000000000000e+03
2.501000000000000000e+03
2.495000000000000000e+03
2.533000000000000000e+03
2.620000000000000000e+03
2.673000000000000000e+03
2.999000000000000000e+03
3.061000000000000000e+03
3.000000000000000000e+03
2.768000000000000000e+03
2.576000000000000000e+03
2.374000000000000000e+03
2.141000000000000000e+03
1.873000000000000000e+03
1.712000000000000000e+03
1.491000000000000000e+03
1.337000000000000000e+03
1.190000000000000000e+03
1.141000000000000000e+03
1.143000000000000000e+03
1.126000000000000000e+03
1.142000000000000000e+03
1.002000000000000000e+03
1.066000000000000000e+03
9.980000000000000000e+02
1.037000000000000000e+03
1.094000000000000000e+03
1.169000000000000000e+03
1.193000000000000000e+03
1.191000000000000000e+03
1.300000000000000000e+03
1.524000000000000000e+03
1.569000000000000000e+03
1.620000000000000000e+03
1.580000000000000000e+03
1.593000000000000000e+03
1.619000000000000000e+03
1.617000000000000000e+03
1.526000000000000000e+03
1.493000000000000000e+03
1.430000000000000000e+03
1.322000000000000000e+03
1.198000000000000000e+03
1.178000000000000000e+03
1.115000000000000000e+03
9.500000000000000000e+02
9.650000000000000000e+02
8.480000000000000000e+02
9.310000000000000000e+02
9.090000000000000000e+02
9.070000000000000000e+02
8.800000000000000000e+02
8.430000000000000000e+02
8.900000000000000000e+02
8.680000000000000000e+02
8.610000000000000000e+02
8.380000000000000000e+02
9.070000000000000000e+02
9.390000000000000000e+02
8.680000000000000000e+02
9.730000000000000000e+02
9.320000000000000000e+02
9.700000000000000000e+02
9.970000000000000000e+02
1.066000000000000000e+03
1.083000000000000000e+03
1.002000000000000000e+03
1.020000000000000000e+03
9.970000000000000000e+02
1.011000000000000000e+03
1.033000000000000000e+03
1.086000000000000000e+03
1.134000000000000000e+03
1.192000000000000000e+03
1.254000000000000000e+03
1.224000000000000000e+03
1.192000000000000000e+03
1.171000000000000000e+03
1.194000000000000000e+03
1.192000000000000000e+03
1.237000000000000000e+03
1.212000000000000000e+03
1.181000000000000000e+03
1.193000000000000000e+03
1.208000000000000000e+03
1.188000000000000000e+03
1.190000000000000000e+03
1.137000000000000000e+03
1.115000000000000000e+03
1.154000000000000000e+03
1.190000000000000000e+03
1.232000000000000000e+03
1.177000000000000000e+03
1.169000000000000000e+03
1.238000000000000000e+03
1.226000000000000000e+03
1.224000000000000000e+03
1.152000000000000000e+03
1.205000000000000000e+03
1.204000000000000000e+03
1.195000000000000000e+03
1.129000000000000000e+03
1.032000000000000000e+03
9.850000000000000000e+02
9.610000000000000000e+02
9.980000000000000000e+02
9.850000000000000000e+02
9.560000000000000000e+02
8.980000000000000000e+02
9.480000000000000000e+02
8.080000000000000000e+02
7.790000000000000000e+02
7.320000000000000000e+02
7.120000000000000000e+02
6.720000000000000000e+02
6.590000000000000000e+02
6.860000000000000000e+02
7.340000000000000000e+02
7.240000000000000000e+02
7.390000000000000000e+02
7.320000000000000000e+02
7.110000000000000000e+02
6.810000000000000000e+02
6.840000000000000000e+02
7.100000000000000000e+02
7.600000000000000000e+02
8.710000000000000000e+02
8.750000000000000000e+02
9.880000000000000000e+02
1.090000000000000000e+03
1.270000000000000000e+03
1.442000000000000000e+03
2.280000000000000000e+03
4.906000000000000000e+03
2.286000000000000000e+03
9.190000000000000000e+02
4.390000000000000000e+02
2.940000000000000000e+02
2.870000000000000000e+02
3.860000000000000000e+02
4.950000000000000000e+02
3.740000000000000000e+02
2.860000000000000000e+02
2.490000000000000000e+02
2.580000000000000000e+02
2.250000000000000000e+02
2.170000000000000000e+02
2.160000000000000000e+02
2.380000000000000000e+02
2.400000000000000000e+02
2.650000000000000000e+02
4.200000000000000000e+02
5.480000000000000000e+02
3.290000000000000000e+02
1.570000000000000000e+02
4.800000000000000000e+01
3.000000000000000000e+01
3.100000000000000000e+01
2.700000000000000000e+01
2.000000000000000000e+01
2.200000000000000000e+01
1.400000000000000000e+01
8.000000000000000000e+00
2.000000000000000000e+00
3.000000000000000000e+00
4.000000000000000000e+00
2.380000000000000000e+02
1.230000000000000000e+02
1.250000000000000000e+02
1.520000000000000000e+02
1.290000000000000000e+02
9.500000000000000000e+01
7.200000000000000000e+01
9.100000000000000000e+01
1.040000000000000000e+02
1.010000000000000000e+02
1.340000000000000000e+02
1.240000000000000000e+02
1.350000000000000000e+02
1.340000000000000000e+02
1.180000000000000000e+02
1.210000000000000000e+02
1.360000000000000000e+02
2.000000000000000000e+02
1.770000000000000000e+02
2.110000000000000000e+02
2.350000000000000000e+02
2.760000000000000000e+02
4.810000000000000000e+02
6.910000000000000000e+02
6.880000000000000000e+02
1.036000000000000000e+03
1.167000000000000000e+03
1.014000000000000000e+03
1.004000000000000000e+03
1.084000000000000000e+03
1.003000000000000000e+03
1.038000000000000000e+03
1.023000000000000000e+03
1.020000000000000000e+03
1.142000000000000000e+03
1.021000000000000000e+03
9.620000000000000000e+02
1.102000000000000000e+03
1.002000000000000000e+03
1.010000000000000000e+03
1.003000000000000000e+03
9.830000000000000000e+02
9.030000000000000000e+02
8.620000000000000000e+02
7.940000000000000000e+02
7.800000000000000000e+02
7.490000000000000000e+02
6.730000000000000000e+02
6.470000000000000000e+02
6.650000000000000000e+02
6.200000000000000000e+02
6.070000000000000000e+02
5.960000000000000000e+02
6.180000000000000000e+02
6.200000000000000000e+02
6.250000000000000000e+02
6.380000000000000000e+02
6.750000000000000000e+02
5.920000000000000000e+02
6.130000000000000000e+02
5.680000000000000000e+02
6.600000000000000000e+02
6.550000000000000000e+02
6.860000000000000000e+02
6.880000000000000000e+02
6.690000000000000000e+02
7.100000000000000000e+02
7.510000000000000000e+02
7.640000000000000000e+02
7.810000000000000000e+02
8.320000000000000000e+02
8.440000000000000000e+02
8.730000000000000000e+02
9.130000000000000000e+02
9.170000000000000000e+02
1.022000000000000000e+03
1.151000000000000000e+03
1.335000000000000000e+03
1.526000000000000000e+03
1.680000000000000000e+03
1.925000000000000000e+03
2.137000000000000000e+03
2.408000000000000000e+03
2.758000000000000000e+03
2.994000000000000000e+03
3.382000000000000000e+03
3.549000000000000000e+03
3.577000000000000000e+03
3.616000000000000000e+03
3.547000000000000000e+03
3.349000000000000000e+03
3.295000000000000000e+03
2.991000000000000000e+03
2.872000000000000000e+03
2.611000000000000000e+03
2.341000000000000000e+03
2.010000000000000000e+03
1.811000000000000000e+03
1.515000000000000000e+03
1.267000000000000000e+03
1.205000000000000000e+03
1.183000000000000000e+03
1.052000000000000000e+03
1.004000000000000000e+03
1.088000000000000000e+03
9.470000000000000000e+02
9.620000000000000000e+02
8.740000000000000000e+02
8.950000000000000000e+02
8.180000000000000000e+02
8.150000000000000000e+02
7.900000000000000000e+02
7.700000000000000000e+02
7.820000000000000000e+02
7.660000000000000000e+02
7.770000000000000000e+02
7.190000000000000000e+02
6.720000000000000000e+02
6.420000000000000000e+02
6.450000000000000000e+02
6.160000000000000000e+02
5.750000000000000000e+02
5.270000000000000000e+02
5.340000000000000000e+02
5.160000000000000000e+02
4.930000000000000000e+02
4.530000000000000000e+02
4.890000000000000000e+02
4.910000000000000000e+02
5.200000000000000000e+02
4.860000000000000000e+02
4.830000000000000000e+02
4.750000000000000000e+02
4.710000000000000000e+02
4.600000000000000000e+02
4.340000000000000000e+02
4.870000000000000000e+02
4.790000000000000000e+02
5.170000000000000000e+02
6.810000000000000000e+02
7.190000000000000000e+02
8.550000000000000000e+02
9.420000000000000000e+02
1.017000000000000000e+03
9.690000000000000000e+02
9.340000000000000000e+02
9.440000000000000000e+02
9.950000000000000000e+02
1.073000000000000000e+03
1.365000000000000000e+03
1.611000000000000000e+03
1.774000000000000000e+03
1.730000000000000000e+03
1.800000000000000000e+03
1.634000000000000000e+03
1.520000000000000000e+03
1.448000000000000000e+03
1.295000000000000000e+03
1.231000000000000000e+03
1.043000000000000000e+03
1.001000000000000000e+03
9.800000000000000000e+02
1.037000000000000000e+03
9.620000000000000000e+02
1.049000000000000000e+03
1.028000000000000000e+03
1.075000000000000000e+03
1.132000000000000000e+03
1.108000000000000000e+03
1.174000000000000000e+03
1.156000000000000000e+03
1.153000000000000000e+03
1.243000000000000000e+03
1.345000000000000000e+03
1.444000000000000000e+03
1.399000000000000000e+03
1.453000000000000000e+03
1.537000000000000000e+03
1.517000000000000000e+03
1.553000000000000000e+03
1.400000000000000000e+03
1.374000000000000000e+03
1.395000000000000000e+03
1.269000000000000000e+03
1.215000000000000000e+03
1.291000000000000000e+03
1.201000000000000000e+03
1.078000000000000000e+03
1.089000000000000000e+03
1.026000000000000000e+03
9.400000000000000000e+02
8.360000000000000000e+02
8.330000000000000000e+02
8.120000000000000000e+02
8.030000000000000000e+02
8.260000000000000000e+02
7.850000000000000000e+02
8.840000000000000000e+02
9.060000000000000000e+02
1.079000000000000000e+03
1.151000000000000000e+03
9.880000000000000000e+02
8.600000000000000000e+02
8.320000000000000000e+02
8.280000000000000000e+02
7.680000000000000000e+02
7.610000000000000000e+02
7.430000000000000000e+02
7.050000000000000000e+02
6.580000000000000000e+02
5.870000000000000000e+02
6.470000000000000000e+02
6.740000000000000000e+02
6.670000000000000000e+02
6.930000000000000000e+02
6.920000000000000000e+02
7.370000000000000000e+02
7.860000000000000000e+02
8.400000000000000000e+02
7.210000000000000000e+02
6.750000000000000000e+02
6.160000000000000000e+02
7.350000000000000000e+02
7.990000000000000000e+02
8.260000000000000000e+02
7.820000000000000000e+02
7.570000000000000000e+02
8.520000000000000000e+02
1.076000000000000000e+03
1.276000000000000000e+03
2.489000000000000000e+03
1.908000000000000000e+03
3.060000000000000000e+03
1.454000000000000000e+03
9.100000000000000000e+02
5.300000000000000000e+02
2.850000000000000000e+02
2.210000000000000000e+02
1.510000000000000000e+02
1.330000000000000000e+02
3.800000000000000000e+01
5.800000000000000000e+01
1.800000000000000000e+01
2.500000000000000000e+01
2.000000000000000000e+01
2.100000000000000000e+01
1.600000000000000000e+01
9.000000000000000000e+00
1.500000000000000000e+01
1.700000000000000000e+01
7.000000000000000000e+00
1.200000000000000000e+01
6.000000000000000000e+00
4.000000000000000000e+00
6.000000000000000000e+00
1.300000000000000000e+01
7.911000000000000000e+03
1.100000000000000000e+01
2.700000000000000000e+01
4.300000000000000000e+01
1.900000000000000000e+01
2.620000000000000000e+02
1.021000000000000000e+03
1.580000000000000000e+02
1.155000000000000000e+03
4.760000000000000000e+02
7.620000000000000000e+02
3.252000000000000000e+03
4.872000000000000000e+03
1.762200000000000000e+04
8.979000000000000000e+03
2.175200000000000000e+04
1.253200000000000000e+04
6.661000000000000000e+03
4.124000000000000000e+03
1.736500000000000000e+04
4.012000000000000000e+03
3.747000000000000000e+03
2.022000000000000000e+03
8.990000000000000000e+02
5.167000000000000000e+03
1.597000000000000000e+03
4.400000000000000000e+03
2.092000000000000000e+03
1.599000000000000000e+03
3.358000000000000000e+03
6.718000000000000000e+03
7.330000000000000000e+02
1.006000000000000000e+03
8.680000000000000000e+02
1.095000000000000000e+03
2.455000000000000000e+03
9.060000000000000000e+02
2.450000000000000000e+02
1.300000000000000000e+02
3.600000000000000000e+01
5.600000000000000000e+01
7.000000000000000000e+00
3.560000000000000000e+02
1.370000000000000000e+02
1.000000000000000000e+00
1.000000000000000000e+01
3.100000000000000000e+01
4.000000000000000000e+00
2.500000000000000000e+01
1.000000000000000000e+00
6.050000000000000000e+02
3.800000000000000000e+01
2.700000000000000000e+01
4.000000000000000000e+00
1.900000000000000000e+01
1.030000000000000000e+02
1.400000000000000000e+01
2.000000000000000000e+01
9.000000000000000000e+00
1.500000000000000000e+01
2.400000000000000000e+01
6.000000000000000000e+00
0.000000000000000000e+00
2.000000000000000000e+00
4.000000000000000000e+00
0.000000000000000000e+00
1.620000000000000000e+02
0.000000000000000000e+00
1.000000000000000000e+00
1.000000000000000000e+00
2.600000000000000000e+01
0.000000000000000000e+00
0.000000000000000000e+00
5.000000000000000000e+00
1.000000000000000000e+00
1.130000000000000000e+03
0.000000000000000000e+00
0.000000000000000000e+00
0.000000000000000000e+00
1.000000000000000000e+01
9.900000000000000000e+01
0.000000000000000000e+00
0.000000000000000000e+00
3.290000000000000000e+02
4.000000000000000000e+00
4.000000000000000000e+00
0.000000000000000000e+00
8.600000000000000000e+01
2.000000000000000000e+00
0.000000000000000000e+00
2.480000000000000000e+02
2.000000000000000000e+00
1.500000000000000000e+01
6.700000000000000000e+01
0.000000000000000000e+00
2.800000000000000000e+02
8.990000000000000000e+02
4.000000000000000000e+00
4.800000000000000000e+02
8.700000000000000000e+01
6.400000000000000000e+01
9.450000000000000000e+02
1.760000000000000000e+02
3.265000000000000000e+03
5.580000000000000000e+02
4.590000000000000000e+02
1.043000000000000000e+03
1.230000000000000000e+03
1.110000000000000000e+03
4.309000000000000000e+03
7.280000000000000000e+03
1.008100000000000000e+04
1.136700000000000000e+04
7.549000000000000000e+03
8.766000000000000000e+03
3.774000000000000000e+03
5.860000000000000000e+03
8.800000000000000000e+01
1.720000000000000000e+02
2.000000000000000000e+01
6.618000000000000000e+03
0.000000000000000000e+00
2.280000000000000000e+02
0.000000000000000000e+00
8.460000000000000000e+02
1.855000000000000000e+03
1.645000000000000000e+03
0.000000000000000000e+00
2.100000000000000000e+01
1.000000000000000000e+00
5.000000000000000000e+01
0.000000000000000000e+00
3.720000000000000000e+02
2.100000000000000000e+02
0.000000000000000000e+00
2.000000000000000000e+00
0.000000000000000000e+00
0.000000000000000000e+00
1.000000000000000000e+01
0.000000000000000000e+00
6.200000000000000000e+02
2.600000000000000000e+01
1.000000000000000000e+00
0.000000000000000000e+00
0.000000000000000000e+00
8.500000000000000000e+01
4.000000000000000000e+00
0.000000000000000000e+00
0.000000000000000000e+00
0.000000000000000000e+00
7.000000000000000000e+00
0.000000000000000000e+00
0.000000000000000000e+00
0.000000000000000000e+00
0.000000000000000000e+00
0.000000000000000000e+00
1.970000000000000000e+02
1.000000000000000000e+00
1.000000000000000000e+00
0.000000000000000000e+00
2.800000000000000000e+01
0.000000000000000000e+00
0.000000000000000000e+00
1.200000000000000000e+01
4.000000000000000000e+00
9.150000000000000000e+02
2.000000000000000000e+00
0.000000000000000000e+00
0.000000000000000000e+00
3.000000000000000000e+00
1.230000000000000000e+02
0.000000000000000000e+00
1.000000000000000000e+00
3.460000000000000000e+02
4.000000000000000000e+00
4.000000000000000000e+00
3.000000000000000000e+00
7.200000000000000000e+01
1.400000000000000000e+01
4.000000000000000000e+00
7.662000000000000000e+03
0.000000000000000000e+00
1.140000000000000000e+02
2.165000000000000000e+03
9.970000000000000000e+02
1.028000000000000000e+03
2.814000000000000000e+03
3.769000000000000000e+03
3.386000000000000000e+03
3.724000000000000000e+03
3.081000000000000000e+03
5.071000000000000000e+03
1.957000000000000000e+03
5.540000000000000000e+03
3.186000000000000000e+03
3.240000000000000000e+03
3.628000000000000000e+03
3.989000000000000000e+03
3.548000000000000000e+03
2.990000000000000000e+03
4.820000000000000000e+03
6.189000000000000000e+03
6.462000000000000000e+03
6.153000000000000000e+03
4.510000000000000000e+03
3.554000000000000000e+03
3.064000000000000000e+03
3.639000000000000000e+03
2.678000000000000000e+03
2.700000000000000000e+03
3.218000000000000000e+03
2.909000000000000000e+03
2.926000000000000000e+03
3.241000000000000000e+03
3.222000000000000000e+03
4.000000000000000000e+03
4.798000000000000000e+03
5.077000000000000000e+03
6.007000000000000000e+03
4.725000000000000000e+03
5.134000000000000000e+03
5.473000000000000000e+03
5.338000000000000000e+03
4.201000000000000000e+03
3.914000000000000000e+03
3.329000000000000000e+03
2.682000000000000000e+03
2.777000000000000000e+03
2.402000000000000000e+03
2.341000000000000000e+03
2.291000000000000000e+03
2.121000000000000000e+03
2.054000000000000000e+03
1.891000000000000000e+03
1.468000000000000000e+03
1.703000000000000000e+03
1.461000000000000000e+03
1.119000000000000000e+03
1.243000000000000000e+03
1.232000000000000000e+03
1.134000000000000000e+03
1.096000000000000000e+03
1.151000000000000000e+03
1.109000000000000000e+03
1.052000000000000000e+03
1.121000000000000000e+03
9.530000000000000000e+02
8.380000000000000000e+02
9.220000000000000000e+02
7.850000000000000000e+02
7.630000000000000000e+02
6.950000000000000000e+02
7.040000000000000000e+02
7.270000000000000000e+02
6.830000000000000000e+02
6.540000000000000000e+02
6.190000000000000000e+02
6.710000000000000000e+02
6.980000000000000000e+02
6.640000000000000000e+02
6.240000000000000000e+02
7.040000000000000000e+02
6.130000000000000000e+02
5.670000000000000000e+02
5.530000000000000000e+02
5.990000000000000000e+02
4.700000000000000000e+02
4.830000000000000000e+02
4.810000000000000000e+02
3.980000000000000000e+02
4.050000000000000000e+02
3.280000000000000000e+02
3.610000000000000000e+02
2.990000000000000000e+02
3.080000000000000000e+02
2.660000000000000000e+02
2.550000000000000000e+02
2.360000000000000000e+02
2.140000000000000000e+02
2.130000000000000000e+02
1.980000000000000000e+02
2.150000000000000000e+02
2.130000000000000000e+02
2.060000000000000000e+02
2.280000000000000000e+02
1.700000000000000000e+02
2.390000000000000000e+02
1.980000000000000000e+02
2.170000000000000000e+02
2.280000000000000000e+02
2.210000000000000000e+02
1.880000000000000000e+02
1.930000000000000000e+02
1.540000000000000000e+02
1.290000000000000000e+02
1.540000000000000000e+02
1.270000000000000000e+02
1.350000000000000000e+02
1.090000000000000000e+02
1.060000000000000000e+02
1.220000000000000000e+02
1.150000000000000000e+02
1.030000000000000000e+02
9.500000000000000000e+01
1.070000000000000000e+02
9.500000000000000000e+01
1.120000000000000000e+02
7.800000000000000000e+01
8.600000000000000000e+01
6.800000000000000000e+01
7.400000000000000000e+01
8.500000000000000000e+01
6.900000000000000000e+01
7.100000000000000000e+01
8.500000000000000000e+01
6.600000000000000000e+01
6.700000000000000000e+01
6.900000000000000000e+01
8.500000000000000000e+01
6.400000000000000000e+01
8.500000000000000000e+01
7.700000000000000000e+01
7.400000000000000000e+01
8.000000000000000000e+01
6.500000000000000000e+01
5.800000000000000000e+01
6.300000000000000000e+01
5.300000000000000000e+01
6.500000000000000000e+01
7.700000000000000000e+01
6.600000000000000000e+01
6.100000000000000000e+01
6.400000000000000000e+01
6.400000000000000000e+01
6.500000000000000000e+01
7.700000000000000000e+01
7.100000000000000000e+01
9.800000000000000000e+01
9.500000000000000000e+01
9.000000000000000000e+01
6.900000000000000000e+01
7.900000000000000000e+01
8.200000000000000000e+01
8.900000000000000000e+01
8.300000000000000000e+01
8.200000000000000000e+01
7.100000000000000000e+01
8.400000000000000000e+01
9.100000000000000000e+01
9.900000000000000000e+01
9.200000000000000000e+01
1.140000000000000000e+02
9.800000000000000000e+01
1.070000000000000000e+02
1.310000000000000000e+02
8.900000000000000000e+01
1.050000000000000000e+02
1.020000000000000000e+02
1.010000000000000000e+02
1.170000000000000000e+02
1.190000000000000000e+02
9.800000000000000000e+01
1.130000000000000000e+02
1.040000000000000000e+02
9.000000000000000000e+01
9.700000000000000000e+01
9.800000000000000000e+01
1.100000000000000000e+02
1.270000000000000000e+02
1.130000000000000000e+02
1.280000000000000000e+02
1.400000000000000000e+02
1.420000000000000000e+02
1.430000000000000000e+02
1.560000000000000000e+02
1.430000000000000000e+02
1.340000000000000000e+02
1.310000000000000000e+02
1.310000000000000000e+02
1.360000000000000000e+02
1.230000000000000000e+02
1.420000000000000000e+02
1.360000000000000000e+02
1.180000000000000000e+02
1.240000000000000000e+02
1.280000000000000000e+02
8.600000000000000000e+01
9.600000000000000000e+01
9.500000000000000000e+01
8.600000000000000000e+01
8.300000000000000000e+01
6.200000000000000000e+01
7.800000000000000000e+01
6.000000000000000000e+01
3.900000000000000000e+01
6.200000000000000000e+01
4.400000000000000000e+01
4.900000000000000000e+01
3.600000000000000000e+01
4.300000000000000000e+01
4.500000000000000000e+01
5.600000000000000000e+01
4.500000000000000000e+01
3.900000000000000000e+01
5.000000000000000000e+01
4.200000000000000000e+01
5.600000000000000000e+01
3.900000000000000000e+01
3.200000000000000000e+01
3.300000000000000000e+01
2.600000000000000000e+01
3.500000000000000000e+01
2.400000000000000000e+01
4.000000000000000000e+01
3.400000000000000000e+01
3.300000000000000000e+01
2.700000000000000000e+01
3.700000000000000000e+01
3.700000000000000000e+01
4.100000000000000000e+01
3.200000000000000000e+01
3.900000000000000000e+01
3.500000000000000000e+01
3.600000000000000000e+01
4.000000000000000000e+01
5.600000000000000000e+01
5.100000000000000000e+01
6.000000000000000000e+01
7.600000000000000000e+01
6.800000000000000000e+01
8.500000000000000000e+01
7.300000000000000000e+01
3.100000000000000000e+01
1.170000000000000000e+02
1.000000000000000000e+00
2.380000000000000000e+02
0.000000000000000000e+00
0.000000000000000000e+00
0.000000000000000000e+00
0.000000000000000000e+00
0.000000000000000000e+00
0.000000000000000000e+00
0.000000000000000000e+00
0.000000000000000000e+00
0.000000000000000000e+00
0.000000000000000000e+00
0.000000000000000000e+00
0.000000000000000000e+00
0.000000000000000000e+00
1.000000000000000000e+00
0.000000000000000000e+00
4.000000000000000000e+00
1.500000000000000000e+01
2.700000000000000000e+01
4.300000000000000000e+01
6.900000000000000000e+01
8.400000000000000000e+01
1.320000000000000000e+02
2.470000000000000000e+02
3.340000000000000000e+02
4.490000000000000000e+02
7.770000000000000000e+02
7.170000000000000000e+02
7.460000000000000000e+02
8.720000000000000000e+02
8.460000000000000000e+02
6.920000000000000000e+02
6.590000000000000000e+02
5.980000000000000000e+02
5.620000000000000000e+02
5.970000000000000000e+02
4.900000000000000000e+02
4.650000000000000000e+02
5.310000000000000000e+02
4.840000000000000000e+02
5.010000000000000000e+02
5.430000000000000000e+02
5.070000000000000000e+02
5.030000000000000000e+02
5.160000000000000000e+02
5.360000000000000000e+02
5.330000000000000000e+02
5.350000000000000000e+02
5.220000000000000000e+02
5.060000000000000000e+02
5.800000000000000000e+02
5.470000000000000000e+02
5.550000000000000000e+02
6.080000000000000000e+02
6.250000000000000000e+02
6.140000000000000000e+02
5.920000000000000000e+02
6.180000000000000000e+02
6.850000000000000000e+02
6.490000000000000000e+02
6.610000000000000000e+02
6.310000000000000000e+02
6.490000000000000000e+02
6.940000000000000000e+02
6.930000000000000000e+02
6.750000000000000000e+02
6.510000000000000000e+02
6.870000000000000000e+02
7.250000000000000000e+02
6.960000000000000000e+02
6.750000000000000000e+02
6.730000000000000000e+02
6.780000000000000000e+02
7.290000000000000000e+02
6.780000000000000000e+02
7.210000000000000000e+02
7.770000000000000000e+02
8.100000000000000000e+02
8.460000000000000000e+02
8.700000000000000000e+02
9.010000000000000000e+02
9.720000000000000000e+02
1.046000000000000000e+03
9.740000000000000000e+02
1.033000000000000000e+03
9.630000000000000000e+02
9.970000000000000000e+02
1.068000000000000000e+03
1.146000000000000000e+03
1.145000000000000000e+03
1.250000000000000000e+03
1.360000000000000000e+03
1.506000000000000000e+03
1.552000000000000000e+03
1.719000000000000000e+03
1.764000000000000000e+03
1.737000000000000000e+03
1.720000000000000000e+03
1.658000000000000000e+03
1.621000000000000000e+03
1.629000000000000000e+03
1.713000000000000000e+03
1.884000000000000000e+03
1.964000000000000000e+03
2.131000000000000000e+03
2.291000000000000000e+03
2.417000000000000000e+03
2.316000000000000000e+03
2.322000000000000000e+03
2.253000000000000000e+03
2.111000000000000000e+03
1.973000000000000000e+03
1.879000000000000000e+03
1.672000000000000000e+03
1.532000000000000000e+03
1.354000000000000000e+03
1.221000000000000000e+03
1.153000000000000000e+03
1.047000000000000000e+03
9.980000000000000000e+02
1.005000000000000000e+03
9.230000000000000000e+02
8.470000000000000000e+02
8.480000000000000000e+02
7.670000000000000000e+02
7.600000000000000000e+02
7.430000000000000000e+02
7.210000000000000000e+02
6.790000000000000000e+02
6.610000000000000000e+02
6.370000000000000000e+02
7.190000000000000000e+02
7.230000000000000000e+02
7.580000000000000000e+02
7.350000000000000000e+02
7.250000000000000000e+02
7.960000000000000000e+02
7.920000000000000000e+02
7.540000000000000000e+02
8.160000000000000000e+02
9.860000000000000000e+02
1.051000000000000000e+03
1.156000000000000000e+03
1.258000000000000000e+03
1.322000000000000000e+03
1.263000000000000000e+03
1.245000000000000000e+03
1.261000000000000000e+03
1.321000000000000000e+03
1.402000000000000000e+03
1.674000000000000000e+03
1.893000000000000000e+03
2.097000000000000000e+03
2.081000000000000000e+03
2.138000000000000000e+03
1.981000000000000000e+03
1.834000000000000000e+03
1.754000000000000000e+03
1.580000000000000000e+03
1.531000000000000000e+03
1.358000000000000000e+03
1.348000000000000000e+03
1.307000000000000000e+03
1.299000000000000000e+03
1.186000000000000000e+03
1.265000000000000000e+03
1.270000000000000000e+03
1.207000000000000000e+03
1.262000000000000000e+03
1.232000000000000000e+03
1.228000000000000000e+03
1.214000000000000000e+03
1.226000000000000000e+03
1.178000000000000000e+03
1.188000000000000000e+03
1.144000000000000000e+03
1.010000000000000000e+03
1.036000000000000000e+03
1.029000000000000000e+03
9.790000000000000000e+02
1.030000000000000000e+03
9.990000000000000000e+02
1.142000000000000000e+03
1.135000000000000000e+03
1.099000000000000000e+03
1.041000000000000000e+03
1.099000000000000000e+03
1.002000000000000000e+03
1.067000000000000000e+03
1.036000000000000000e+03
1.103000000000000000e+03
1.109000000000000000e+03
1.077000000000000000e+03
1.096000000000000000e+03
1.077000000000000000e+03
1.105000000000000000e+03
1.179000000000000000e+03
1.182000000000000000e+03
1.217000000000000000e+03
1.234000000000000000e+03
1.149000000000000000e+03
1.126000000000000000e+03
1.048000000000000000e+03
9.960000000000000000e+02
1.009000000000000000e+03
9.180000000000000000e+02
9.780000000000000000e+02
9.120000000000000000e+02
9.140000000000000000e+02
9.170000000000000000e+02
8.690000000000000000e+02
8.190000000000000000e+02
9.050000000000000000e+02
8.950000000000000000e+02
8.990000000000000000e+02
9.480000000000000000e+02
1.001000000000000000e+03
1.054000000000000000e+03
1.037000000000000000e+03
1.100000000000000000e+03
9.430000000000000000e+02
8.260000000000000000e+02
7.410000000000000000e+02
8.020000000000000000e+02
9.090000000000000000e+02
8.890000000000000000e+02
8.870000000000000000e+02
8.860000000000000000e+02
1.026000000000000000e+03
1.237000000000000000e+03
1.428000000000000000e+03
2.648000000000000000e+03
2.074000000000000000e+03
3.234000000000000000e+03
1.662000000000000000e+03
1.252000000000000000e+03
8.550000000000000000e+02
7.450000000000000000e+02
5.860000000000000000e+02
5.800000000000000000e+02
4.960000000000000000e+02
4.580000000000000000e+02
5.390000000000000000e+02
5.560000000000000000e+02
7.030000000000000000e+02
7.190000000000000000e+02
7.110000000000000000e+02
5.600000000000000000e+02
3.420000000000000000e+02
3.250000000000000000e+02
1.880000000000000000e+02
1.280000000000000000e+02
8.100000000000000000e+01
6.900000000000000000e+01
5.600000000000000000e+01
5.000000000000000000e+01
1.560000000000000000e+02
