3.100000000000000000e+01
2.600000000000000000e+01
3.500000000000000000e+01
4.600000000000000000e+01
7.300000000000000000e+01
1.050000000000000000e+02
1.590000000000000000e+02
2.550000000000000000e+02
3.750000000000000000e+02
4.500000000000000000e+02
4.800000000000000000e+02
7.160000000000000000e+02
9.370000000000000000e+02
1.240000000000000000e+03
1.216000000000000000e+03
1.072000000000000000e+03
1.106000000000000000e+03
1.155000000000000000e+03
1.334000000000000000e+03
1.474000000000000000e+03
1.440000000000000000e+03
1.291000000000000000e+03
1.211000000000000000e+03
1.076000000000000000e+03
1.160000000000000000e+03
1.115000000000000000e+03
1.064000000000000000e+03
9.410000000000000000e+02
8.990000000000000000e+02
9.130000000000000000e+02
9.520000000000000000e+02
1.011000000000000000e+03
1.081000000000000000e+03
1.301000000000000000e+03
1.331000000000000000e+03
1.284000000000000000e+03
1.112000000000000000e+03
9.200000000000000000e+02
8.610000000000000000e+02
8.360000000000000000e+02
7.430000000000000000e+02
6.950000000000000000e+02
6.540000000000000000e+02
6.070000000000000000e+02
6.560000000000000000e+02
6.690000000000000000e+02
6.530000000000000000e+02
6.400000000000000000e+02
6.770000000000000000e+02
6.810000000000000000e+02
6.680000000000000000e+02
7.630000000000000000e+02
8.050000000000000000e+02
9.640000000000000000e+02
1.111000000000000000e+03
1.208000000000000000e+03
1.213000000000000000e+03
1.175000000000000000e+03
9.390000000000000000e+02
8.790000000000000000e+02
7.800000000000000000e+02
6.440000000000000000e+02
5.650000000000000000e+02
4.350000000000000000e+02
4.280000000000000000e+02
4.050000000000000000e+02
4.540000000000000000e+02
4.240000000000000000e+02
4.230000000000000000e+02
4.350000000000000000e+02
4.480000000000000000e+02
4.670000000000000000e+02
5.260000000000000000e+02
5.550000000000000000e+02
6.110000000000000000e+02
6.530000000000000000e+02
7.070000000000000000e+02
6.850000000000000000e+02
7.170000000000000000e+02
7.360000000000000000e+02
7.960000000000000000e+02
8.520000000000000000e+02
8.830000000000000000e+02
8.630000000000000000e+02
8.010000000000000000e+02
8.770000000000000000e+02
7.800000000000000000e+02
7.280000000000000000e+02
6.240000000000000000e+02
6.270000000000000000e+02
6.300000000000000000e+02
6.030000000000000000e+02
5.780000000000000000e+02
5.760000000000000000e+02
5.890000000000000000e+02
5.840000000000000000e+02
5.940000000000000000e+02
5.710000000000000000e+02
5.700000000000000000e+02
6.360000000000000000e+02
6.510000000000000000e+02
6.800000000000000000e+02
6.830000000000000000e+02
7.000000000000000000e+02
6.810000000000000000e+02
7.230000000000000000e+02
7.600000000000000000e+02
7.990000000000000000e+02
8.380000000000000000e+02
7.940000000000000000e+02
6.630000000000000000e+02
5.360000000000000000e+02
5.580000000000000000e+02
5.100000000000000000e+02
5.440000000000000000e+02
5.180000000000000000e+02
5.090000000000000000e+02
5.650000000000000000e+02
5.550000000000000000e+02
6.310000000000000000e+02
6.760000000000000000e+02
7.690000000000000000e+02
8.230000000000000000e+02
8.520000000000000000e+02
9.360000000000000000e+02
1.063000000000000000e+03
1.180000000000000000e+03
1.354000000000000000e+03
1.584000000000000000e+03
1.718000000000000000e+03
1.922000000000000000e+03
2.104000000000000000e+03
2.198000000000000000e+03
2.209000000000000000e+03
2.350000000000000000e+03
2.208000000000000000e+03
2.231000000000000000e+03
2.211000000000000000e+03
2.145000000000000000e+03
2.254000000000000000e+03
2.207000000000000000e+03
2.266000000000000000e+03
2.364000000000000000e+03
2.218000000000000000e+03
2.231000000000000000e+03
2.164000000000000000e+03
2.046000000000000000e+03
2.154000000000000000e+03
2.184000000000000000e+03
2.167000000000000000e+03
2.321000000000000000e+03
2.354000000000000000e+03
2.347000000000000000e+03
2.456000000000000000e+03
2.383000000000000000e+03
2.295000000000000000e+03
2.307000000000000000e+03
2.201000000000000000e+03
2.255000000000000000e+03
2.053000000000000000e+03
1.863000000000000000e+03
1.759000000000000000e+03
1.459000000000000000e+03
1.386000000000000000e+03
1.291000000000000000e+03
1.289000000000000000e+03
1.129000000000000000e+03
1.177000000000000000e+03
1.083000000000000000e+03
1.030000000000000000e+03
1.189000000000000000e+03
1.130000000000000000e+03
9.700000000000000000e+02
1.245000000000000000e+03
1.142000000000000000e+03
1.249000000000000000e+03
1.288000000000000000e+03
1.218000000000000000e+03
1.322000000000000000e+03
1.421000000000000000e+03
1.453000000000000000e+03
1.878000000000000000e+03
2.106000000000000000e+03
1.886000000000000000e+03
1.725000000000000000e+03
1.142000000000000000e+03
9.250000000000000000e+02
9.170000000000000000e+02
1.156000000000000000e+03
1.293000000000000000e+03
1.402000000000000000e+03
1.604000000000000000e+03
1.176000000000000000e+03
1.045000000000000000e+03
1.043000000000000000e+03
8.250000000000000000e+02
8.350000000000000000e+02
7.830000000000000000e+02
9.560000000000000000e+02
8.010000000000000000e+02
8.050000000000000000e+02
7.910000000000000000e+02
7.990000000000000000e+02
1.008000000000000000e+03
1.149000000000000000e+03
1.179000000000000000e+03
1.026000000000000000e+03
1.066000000000000000e+03
1.549000000000000000e+03
1.677000000000000000e+03
1.800000000000000000e+03
1.894000000000000000e+03
1.666000000000000000e+03
1.365000000000000000e+03
1.365000000000000000e+03
9.070000000000000000e+02
3.390000000000000000e+02
3.030000000000000000e+02
2.050000000000000000e+02
1.130000000000000000e+02
7.800000000000000000e+01
5.600000000000000000e+01
7.500000000000000000e+01
5.600000000000000000e+01
5.800000000000000000e+01
5.300000000000000000e+01
5.100000000000000000e+01
4.600000000000000000e+01
2.600000000000000000e+01
1.700000000000000000e+01
1.000000000000000000e+01
7.000000000000000000e+00
7.000000000000000000e+00
8.000000000000000000e+00
5.000000000000000000e+00
9.000000000000000000e+00
6.000000000000000000e+00
1.300000000000000000e+01
1.200000000000000000e+01
1.200000000000000000e+01
1.500000000000000000e+01
1.900000000000000000e+01
1.700000000000000000e+01
1.600000000000000000e+01
1.800000000000000000e+01
2.100000000000000000e+01
3.000000000000000000e+01
3.800000000000000000e+01
5.300000000000000000e+01
6.200000000000000000e+01
9.800000000000000000e+01
1.130000000000000000e+02
1.370000000000000000e+02
1.750000000000000000e+02
2.080000000000000000e+02
7.760000000000000000e+02
2.800000000000000000e+01
1.800000000000000000e+01
3.600000000000000000e+01
3.900000000000000000e+01
4.500000000000000000e+01
7.100000000000000000e+01
1.320000000000000000e+02
2.030000000000000000e+02
3.060000000000000000e+02
4.020000000000000000e+02
4.740000000000000000e+02
6.550000000000000000e+02
8.870000000000000000e+02
1.224000000000000000e+03
1.227000000000000000e+03
1.090000000000000000e+03
1.125000000000000000e+03
1.148000000000000000e+03
1.355000000000000000e+03
1.490000000000000000e+03
1.472000000000000000e+03
1.265000000000000000e+03
1.148000000000000000e+03
1.071000000000000000e+03
1.172000000000000000e+03
1.110000000000000000e+03
1.075000000000000000e+03
9.320000000000000000e+02
8.630000000000000000e+02
9.190000000000000000e+02
9.500000000000000000e+02
9.850000000000000000e+02
1.140000000000000000e+03
1.317000000000000000e+03
1.291000000000000000e+03
1.381000000000000000e+03
1.175000000000000000e+03
9.380000000000000000e+02
8.790000000000000000e+02
8.320000000000000000e+02
7.270000000000000000e+02
7.000000000000000000e+02
6.650000000000000000e+02
6.280000000000000000e+02
6.200000000000000000e+02
6.630000000000000000e+02
6.450000000000000000e+02
6.750000000000000000e+02
6.190000000000000000e+02
6.270000000000000000e+02
7.020000000000000000e+02
7.030000000000000000e+02
7.670000000000000000e+02
8.900000000000000000e+02
1.079000000000000000e+03
1.192000000000000000e+03
1.222000000000000000e+03
1.145000000000000000e+03
9.830000000000000000e+02
8.420000000000000000e+02
7.490000000000000000e+02
6.690000000000000000e+02
5.670000000000000000e+02
4.790000000000000000e+02
4.560000000000000000e+02
4.460000000000000000e+02
4.070000000000000000e+02
3.980000000000000000e+02
4.180000000000000000e+02
3.890000000000000000e+02
4.320000000000000000e+02
4.520000000000000000e+02
4.590000000000000000e+02
5.280000000000000000e+02
5.500000000000000000e+02
5.670000000000000000e+02
6.620000000000000000e+02
6.710000000000000000e+02
7.200000000000000000e+02
7.030000000000000000e+02
7.240000000000000000e+02
7.150000000000000000e+02
8.430000000000000000e+02
7.690000000000000000e+02
9.040000000000000000e+02
9.340000000000000000e+02
8.400000000000000000e+02
9.100000000000000000e+02
7.980000000000000000e+02
7.170000000000000000e+02
6.610000000000000000e+02
5.880000000000000000e+02
6.280000000000000000e+02
5.620000000000000000e+02
6.100000000000000000e+02
5.790000000000000000e+02
5.740000000000000000e+02
5.650000000000000000e+02
5.560000000000000000e+02
5.070000000000000000e+02
5.230000000000000000e+02
5.490000000000000000e+02
5.360000000000000000e+02
5.250000000000000000e+02
5.970000000000000000e+02
5.750000000000000000e+02
5.940000000000000000e+02
6.620000000000000000e+02
7.260000000000000000e+02
7.320000000000000000e+02
7.800000000000000000e+02
7.420000000000000000e+02
7.330000000000000000e+02
6.710000000000000000e+02
7.280000000000000000e+02
7.490000000000000000e+02
7.470000000000000000e+02
8.080000000000000000e+02
8.420000000000000000e+02
9.460000000000000000e+02
1.023000000000000000e+03
9.630000000000000000e+02
1.207000000000000000e+03
1.252000000000000000e+03
1.435000000000000000e+03
1.539000000000000000e+03
1.695000000000000000e+03
1.846000000000000000e+03
2.079000000000000000e+03
2.197000000000000000e+03
2.252000000000000000e+03
2.305000000000000000e+03
2.354000000000000000e+03
2.327000000000000000e+03
2.316000000000000000e+03
2.342000000000000000e+03
2.258000000000000000e+03
2.223000000000000000e+03
2.163000000000000000e+03
2.218000000000000000e+03
2.126000000000000000e+03
2.099000000000000000e+03
2.130000000000000000e+03
2.080000000000000000e+03
1.923000000000000000e+03
1.986000000000000000e+03
1.986000000000000000e+03
2.001000000000000000e+03
1.984000000000000000e+03
2.157000000000000000e+03
2.262000000000000000e+03
2.347000000000000000e+03
2.268000000000000000e+03
2.299000000000000000e+03
2.188000000000000000e+03
1.967000000000000000e+03
1.886000000000000000e+03
1.742000000000000000e+03
1.786000000000000000e+03
1.596000000000000000e+03
1.405000000000000000e+03
1.403000000000000000e+03
1.191000000000000000e+03
1.234000000000000000e+03
1.169000000000000000e+03
1.233000000000000000e+03
1.131000000000000000e+03
1.138000000000000000e+03
1.055000000000000000e+03
9.850000000000000000e+02
1.133000000000000000e+03
1.047000000000000000e+03
1.033000000000000000e+03
1.212000000000000000e+03
1.125000000000000000e+03
1.225000000000000000e+03
1.235000000000000000e+03
1.202000000000000000e+03
1.397000000000000000e+03
1.424000000000000000e+03
1.419000000000000000e+03
1.845000000000000000e+03
2.309000000000000000e+03
1.885000000000000000e+03
1.778000000000000000e+03
1.075000000000000000e+03
9.430000000000000000e+02
9.770000000000000000e+02
1.142000000000000000e+03
1.286000000000000000e+03
1.410000000000000000e+03
1.586000000000000000e+03
1.217000000000000000e+03
1.082000000000000000e+03
1.040000000000000000e+03
8.320000000000000000e+02
8.240000000000000000e+02
8.020000000000000000e+02
9.780000000000000000e+02
8.400000000000000000e+02
7.480000000000000000e+02
8.090000000000000000e+02
8.020000000000000000e+02
1.035000000000000000e+03
1.132000000000000000e+03
1.470000000000000000e+03
1.377000000000000000e+03
1.697000000000000000e+03
1.798000000000000000e+03
1.801000000000000000e+03
1.962000000000000000e+03
1.723000000000000000e+03
1.391000000000000000e+03
1.420000000000000000e+03
9.710000000000000000e+02
3.700000000000000000e+02
2.660000000000000000e+02
1.850000000000000000e+02
1.470000000000000000e+02
8.700000000000000000e+01
6.500000000000000000e+01
6.400000000000000000e+01
7.700000000000000000e+01
6.600000000000000000e+01
6.800000000000000000e+01
6.900000000000000000e+01
6.800000000000000000e+01
5.900000000000000000e+01
3.900000000000000000e+01
1.800000000000000000e+01
2.000000000000000000e+01
2.200000000000000000e+01
2.200000000000000000e+01
1.900000000000000000e+01
2.100000000000000000e+01
1.400000000000000000e+01
2.000000000000000000e+01
2.700000000000000000e+01
3.100000000000000000e+01
2.500000000000000000e+01
2.500000000000000000e+01
3.000000000000000000e+01
3.100000000000000000e+01
3.000000000000000000e+01
3.700000000000000000e+01
3.500000000000000000e+01
4.900000000000000000e+01
6.600000000000000000e+01
8.800000000000000000e+01
9.500000000000000000e+01
1.050000000000000000e+02
1.180000000000000000e+02
1.370000000000000000e+02
1.730000000000000000e+02
2.140000000000000000e+02
2.730000000000000000e+02
2.900000000000000000e+01
2.200000000000000000e+01
3.400000000000000000e+01
3.700000000000000000e+01
4.600000000000000000e+01
7.300000000000000000e+01
1.260000000000000000e+02
2.180000000000000000e+02
3.040000000000000000e+02
4.000000000000000000e+02
4.770000000000000000e+02
6.550000000000000000e+02
9.270000000000000000e+02
1.229000000000000000e+03
1.189000000000000000e+03
1.108000000000000000e+03
1.159000000000000000e+03
1.235000000000000000e+03
1.435000000000000000e+03
1.591000000000000000e+03
1.474000000000000000e+03
1.310000000000000000e+03
1.299000000000000000e+03
1.148000000000000000e+03
1.150000000000000000e+03
1.107000000000000000e+03
1.049000000000000000e+03
9.540000000000000000e+02
9.310000000000000000e+02
9.530000000000000000e+02
1.004000000000000000e+03
1.069000000000000000e+03
1.118000000000000000e+03
1.234000000000000000e+03
1.288000000000000000e+03
1.282000000000000000e+03
1.148000000000000000e+03
1.050000000000000000e+03
9.400000000000000000e+02
8.410000000000000000e+02
7.050000000000000000e+02
6.930000000000000000e+02
6.820000000000000000e+02
5.950000000000000000e+02
5.890000000000000000e+02
6.040000000000000000e+02
6.080000000000000000e+02
5.810000000000000000e+02
6.200000000000000000e+02
6.170000000000000000e+02
6.170000000000000000e+02
7.240000000000000000e+02
7.100000000000000000e+02
8.470000000000000000e+02
1.040000000000000000e+03
1.139000000000000000e+03
1.102000000000000000e+03
1.109000000000000000e+03
9.350000000000000000e+02
8.070000000000000000e+02
7.300000000000000000e+02
6.840000000000000000e+02
5.070000000000000000e+02
5.030000000000000000e+02
4.540000000000000000e+02
3.830000000000000000e+02
4.100000000000000000e+02
4.620000000000000000e+02
3.680000000000000000e+02
3.910000000000000000e+02
4.510000000000000000e+02
4.430000000000000000e+02
4.700000000000000000e+02
5.290000000000000000e+02
5.370000000000000000e+02
6.070000000000000000e+02
6.450000000000000000e+02
7.030000000000000000e+02
7.100000000000000000e+02
7.390000000000000000e+02
7.660000000000000000e+02
7.910000000000000000e+02
8.030000000000000000e+02
9.250000000000000000e+02
9.450000000000000000e+02
9.110000000000000000e+02
8.800000000000000000e+02
8.150000000000000000e+02
7.110000000000000000e+02
7.020000000000000000e+02
6.900000000000000000e+02
6.320000000000000000e+02
6.660000000000000000e+02
5.920000000000000000e+02
6.050000000000000000e+02
6.130000000000000000e+02
5.630000000000000000e+02
5.470000000000000000e+02
5.080000000000000000e+02
5.350000000000000000e+02
5.790000000000000000e+02
5.760000000000000000e+02
5.820000000000000000e+02
6.580000000000000000e+02
6.200000000000000000e+02
6.440000000000000000e+02
7.110000000000000000e+02
7.910000000000000000e+02
9.090000000000000000e+02
9.760000000000000000e+02
9.410000000000000000e+02
9.350000000000000000e+02
8.950000000000000000e+02
9.330000000000000000e+02
9.960000000000000000e+02
1.057000000000000000e+03
1.099000000000000000e+03
1.169000000000000000e+03
1.252000000000000000e+03
1.379000000000000000e+03
1.465000000000000000e+03
1.557000000000000000e+03
1.796000000000000000e+03
1.953000000000000000e+03
2.013000000000000000e+03
2.209000000000000000e+03
2.398000000000000000e+03
2.533000000000000000e+03
2.546000000000000000e+03
2.617000000000000000e+03
2.597000000000000000e+03
2.495000000000000000e+03
2.286000000000000000e+03
2.242000000000000000e+03
2.068000000000000000e+03
1.886000000000000000e+03
1.870000000000000000e+03
1.794000000000000000e+03
1.722000000000000000e+03
1.698000000000000000e+03
1.688000000000000000e+03
1.665000000000000000e+03
1.743000000000000000e+03
1.665000000000000000e+03
1.846000000000000000e+03
1.885000000000000000e+03
2.029000000000000000e+03
2.025000000000000000e+03
2.095000000000000000e+03
2.051000000000000000e+03
1.946000000000000000e+03
1.932000000000000000e+03
1.725000000000000000e+03
1.719000000000000000e+03
1.621000000000000000e+03
1.505000000000000000e+03
1.419000000000000000e+03
1.311000000000000000e+03
1.180000000000000000e+03
1.087000000000000000e+03
9.930000000000000000e+02
1.005000000000000000e+03
1.048000000000000000e+03
1.074000000000000000e+03
1.023000000000000000e+03
1.033000000000000000e+03
1.095000000000000000e+03
1.068000000000000000e+03
1.146000000000000000e+03
1.071000000000000000e+03
1.078000000000000000e+03
1.125000000000000000e+03
1.076000000000000000e+03
1.364000000000000000e+03
1.235000000000000000e+03
1.170000000000000000e+03
1.307000000000000000e+03
1.412000000000000000e+03
1.340000000000000000e+03
1.694000000000000000e+03
2.115000000000000000e+03
1.823000000000000000e+03
1.630000000000000000e+03
9.520000000000000000e+02
7.320000000000000000e+02
7.350000000000000000e+02
7.710000000000000000e+02
9.080000000000000000e+02
1.202000000000000000e+03
1.253000000000000000e+03
1.287000000000000000e+03
1.571000000000000000e+03
1.143000000000000000e+03
1.036000000000000000e+03
1.108000000000000000e+03
8.700000000000000000e+02
8.280000000000000000e+02
8.110000000000000000e+02
9.530000000000000000e+02
8.180000000000000000e+02
7.570000000000000000e+02
8.230000000000000000e+02
7.810000000000000000e+02
7.340000000000000000e+02
6.330000000000000000e+02
6.230000000000000000e+02
7.730000000000000000e+02
1.019000000000000000e+03
9.610000000000000000e+02
7.910000000000000000e+02
7.850000000000000000e+02
8.600000000000000000e+02
1.293000000000000000e+03
1.345000000000000000e+03
1.714000000000000000e+03
2.100000000000000000e+03
1.839000000000000000e+03
1.434000000000000000e+03
1.354000000000000000e+03
8.570000000000000000e+02
4.260000000000000000e+02
1.910000000000000000e+02
2.530000000000000000e+02
2.040000000000000000e+02
2.170000000000000000e+02
2.000000000000000000e+02
1.950000000000000000e+02
1.460000000000000000e+02
1.000000000000000000e+02
6.500000000000000000e+01
5.700000000000000000e+01
7.100000000000000000e+01
5.700000000000000000e+01
4.700000000000000000e+01
6.100000000000000000e+01
6.700000000000000000e+01
5.500000000000000000e+01
6.900000000000000000e+01
5.500000000000000000e+01
4.700000000000000000e+01
2.400000000000000000e+01
3.700000000000000000e+01
2.400000000000000000e+01
3.700000000000000000e+01
5.300000000000000000e+01
4.400000000000000000e+01
5.600000000000000000e+01
7.600000000000000000e+01
9.300000000000000000e+01
1.040000000000000000e+02
1.120000000000000000e+02
1.330000000000000000e+02
1.550000000000000000e+02
1.830000000000000000e+02
1.530000000000000000e+02
2.770000000000000000e+02
4.501900000000000000e+04
6.400000000000000000e+01
6.200000000000000000e+01
1.250000000000000000e+02
1.900000000000000000e+01
1.650000000000000000e+02
1.285000000000000000e+03
2.300000000000000000e+01
9.590000000000000000e+02
2.900000000000000000e+01
4.700000000000000000e+01
1.775000000000000000e+03
3.800000000000000000e+01
8.251000000000000000e+03
5.880000000000000000e+02
2.170000000000000000e+02
2.681000000000000000e+03
2.800000000000000000e+01
3.660000000000000000e+02
1.020500000000000000e+04
3.262000000000000000e+03
8.459000000000000000e+03
1.391000000000000000e+03
5.586000000000000000e+03
5.316000000000000000e+03
3.638000000000000000e+03
1.878000000000000000e+03
1.000000000000000000e+00
0.000000000000000000e+00
0.000000000000000000e+00
3.307300000000000000e+04
0.000000000000000000e+00
8.000000000000000000e+00
0.000000000000000000e+00
4.680000000000000000e+02
2.069000000000000000e+03
5.462000000000000000e+03
0.000000000000000000e+00
1.400000000000000000e+01
6.000000000000000000e+00
2.000000000000000000e+01
0.000000000000000000e+00
4.650000000000000000e+02
9.700000000000000000e+01
0.000000000000000000e+00
1.100000000000000000e+01
0.000000000000000000e+00
0.000000000000000000e+00
9.000000000000000000e+00
0.000000000000000000e+00
2.440000000000000000e+03
1.100000000000000000e+01
1.000000000000000000e+00
0.000000000000000000e+00
0.000000000000000000e+00
2.900000000000000000e+01
3.000000000000000000e+00
0.000000000000000000e+00
0.000000000000000000e+00
0.000000000000000000e+00
3.000000000000000000e+00
0.000000000000000000e+00
0.000000000000000000e+00
0.000000000000000000e+00
0.000000000000000000e+00
0.000000000000000000e+00
2.540000000000000000e+02
0.000000000000000000e+00
0.000000000000000000e+00
7.000000000000000000e+00
3.100000000000000000e+01
0.000000000000000000e+00
3.000000000000000000e+00
3.000000000000000000e+01
4.440000000000000000e+02
1.582400000000000000e+04
1.200000000000000000e+01
1.610000000000000000e+02
0.000000000000000000e+00
1.338000000000000000e+03
1.719000000000000000e+03
1.120000000000000000e+02
4.000000000000000000e+01
2.336000000000000000e+03
3.150000000000000000e+02
1.730000000000000000e+02
3.000000000000000000e+00
9.950000000000000000e+02
1.920000000000000000e+02
3.700000000000000000e+01
1.748000000000000000e+03
1.200000000000000000e+01
2.620000000000000000e+02
2.530000000000000000e+02
0.000000000000000000e+00
4.360000000000000000e+02
2.769000000000000000e+03
0.000000000000000000e+00
2.560000000000000000e+02
2.500000000000000000e+01
1.000000000000000000e+00
6.820000000000000000e+02
7.000000000000000000e+00
3.222000000000000000e+03
1.080000000000000000e+02
2.300000000000000000e+01
2.280000000000000000e+02
9.000000000000000000e+00
1.700000000000000000e+01
2.766000000000000000e+03
8.461000000000000000e+03
1.197000000000000000e+03
3.900000000000000000e+01
4.090000000000000000e+02
6.363000000000000000e+03
5.464000000000000000e+03
1.250000000000000000e+02
2.000000000000000000e+00
5.000000000000000000e+00
4.000000000000000000e+00
1.190700000000000000e+04
0.000000000000000000e+00
2.140000000000000000e+02
1.300000000000000000e+01
1.604000000000000000e+03
5.915000000000000000e+03
1.247700000000000000e+04
3.400000000000000000e+01
1.900000000000000000e+02
5.600000000000000000e+01
2.180000000000000000e+02
5.000000000000000000e+00
1.350000000000000000e+02
1.740000000000000000e+02
0.000000000000000000e+00
1.000000000000000000e+01
0.000000000000000000e+00
0.000000000000000000e+00
8.000000000000000000e+00
0.000000000000000000e+00
1.860000000000000000e+02
9.000000000000000000e+00
0.000000000000000000e+00
0.000000000000000000e+00
0.000000000000000000e+00
9.000000000000000000e+00
7.000000000000000000e+00
0.000000000000000000e+00
0.000000000000000000e+00
0.000000000000000000e+00
4.300000000000000000e+01
0.000000000000000000e+00
0.000000000000000000e+00
1.000000000000000000e+00
0.000000000000000000e+00
0.000000000000000000e+00
2.000000000000000000e+01
0.000000000000000000e+00
2.000000000000000000e+00
0.000000000000000000e+00
1.100000000000000000e+01
0.000000000000000000e+00
1.000000000000000000e+00
1.000000000000000000e+00
3.000000000000000000e+00
9.190000000000000000e+02
3.000000000000000000e+00
1.000000000000000000e+00
6.000000000000000000e+00
1.000000000000000000e+01
1.210000000000000000e+02
2.000000000000000000e+00
4.000000000000000000e+00
9.800000000000000000e+01
2.400000000000000000e+01
3.000000000000000000e+01
3.800000000000000000e+01
3.310000000000000000e+02
2.400000000000000000e+02
3.350000000000000000e+02
4.417100000000000000e+04
6.300000000000000000e+01
2.558000000000000000e+03
2.561800000000000000e+04
4.969000000000000000e+03
6.545000000000000000e+03
1.848000000000000000e+04
1.048900000000000000e+04
8.386000000000000000e+03
8.714000000000000000e+03
8.333000000000000000e+03
5.430000000000000000e+03
5.974000000000000000e+03
9.333000000000000000e+03
7.311000000000000000e+03
6.373000000000000000e+03
5.571000000000000000e+03
5.105000000000000000e+03
6.200000000000000000e+03
4.265000000000000000e+03
3.755000000000000000e+03
4.176000000000000000e+03
3.821000000000000000e+03
3.624000000000000000e+03
3.588000000000000000e+03
2.702000000000000000e+03
2.775000000000000000e+03
2.285000000000000000e+03
1.810000000000000000e+03
1.284000000000000000e+03
1.468000000000000000e+03
1.233000000000000000e+03
1.247000000000000000e+03
1.076000000000000000e+03
1.252000000000000000e+03
8.880000000000000000e+02
1.092000000000000000e+03
3.420000000000000000e+02
6.640000000000000000e+02
6.530000000000000000e+02
5.160000000000000000e+02
3.700000000000000000e+02
1.770000000000000000e+02
5.790000000000000000e+02
2.610000000000000000e+02
2.740000000000000000e+02
3.380000000000000000e+02
2.060000000000000000e+02
2.130000000000000000e+02
1.890000000000000000e+02
7.800000000000000000e+01
3.720000000000000000e+02
6.000000000000000000e+01
1.230000000000000000e+02
7.100000000000000000e+01
1.920000000000000000e+02
3.200000000000000000e+01
1.380000000000000000e+02
7.800000000000000000e+01
9.500000000000000000e+01
4.100000000000000000e+01
6.300000000000000000e+01
3.200000000000000000e+01
5.000000000000000000e+00
1.970000000000000000e+02
1.800000000000000000e+01
2.100000000000000000e+01
6.700000000000000000e+01
2.900000000000000000e+01
1.500000000000000000e+01
7.700000000000000000e+01
4.800000000000000000e+01
9.000000000000000000e+00
5.200000000000000000e+01
2.200000000000000000e+01
3.800000000000000000e+01
1.100000000000000000e+01
5.400000000000000000e+01
2.100000000000000000e+01
8.000000000000000000e+00
4.400000000000000000e+01
1.500000000000000000e+01
1.200000000000000000e+01
8.000000000000000000e+00
3.000000000000000000e+00
9.800000000000000000e+01
4.000000000000000000e+00
6.000000000000000000e+00
7.000000000000000000e+00
1.100000000000000000e+01
9.000000000000000000e+00
3.400000000000000000e+01
5.000000000000000000e+00
7.000000000000000000e+00
8.000000000000000000e+00
3.000000000000000000e+00
2.900000000000000000e+01
7.000000000000000000e+00
1.700000000000000000e+01
4.000000000000000000e+00
3.000000000000000000e+00
1.000000000000000000e+00
1.600000000000000000e+01
2.000000000000000000e+00
0.000000000000000000e+00
9.000000000000000000e+00
2.400000000000000000e+01
6.000000000000000000e+00
4.000000000000000000e+00
2.200000000000000000e+01
1.000000000000000000e+00
1.000000000000000000e+00
6.000000000000000000e+00
6.000000000000000000e+00
2.000000000000000000e+00
3.000000000000000000e+00
1.700000000000000000e+01
2.000000000000000000e+00
6.000000000000000000e+00
3.000000000000000000e+00
2.000000000000000000e+00
1.000000000000000000e+00
3.000000000000000000e+00
3.000000000000000000e+00
4.000000000000000000e+00
2.000000000000000000e+00
3.000000000000000000e+00
5.000000000000000000e+00
4.000000000000000000e+01
1.000000000000000000e+00
1.000000000000000000e+00
7.000000000000000000e+00
0.000000000000000000e+00
9.000000000000000000e+00
3.000000000000000000e+00
4.000000000000000000e+00
2.000000000000000000e+00
5.000000000000000000e+00
3.000000000000000000e+00
2.000000000000000000e+00
1.000000000000000000e+00
7.000000000000000000e+00
9.000000000000000000e+00
2.000000000000000000e+00
2.000000000000000000e+00
4.000000000000000000e+00
4.000000000000000000e+00
4.000000000000000000e+00
2.000000000000000000e+00
8.000000000000000000e+00
0.000000000000000000e+00
2.000000000000000000e+00
4.000000000000000000e+00
5.000000000000000000e+00
1.000000000000000000e+00
3.000000000000000000e+00
4.000000000000000000e+00
5.000000000000000000e+00
2.000000000000000000e+00
6.000000000000000000e+00
0.000000000000000000e+00
3.000000000000000000e+00
4.000000000000000000e+00
5.000000000000000000e+00
5.000000000000000000e+00
4.000000000000000000e+00
4.000000000000000000e+00
3.000000000000000000e+00
3.000000000000000000e+00
1.000000000000000000e+00
1.000000000000000000e+01
4.000000000000000000e+00
1.000000000000000000e+00
3.000000000000000000e+00
1.200000000000000000e+01
7.000000000000000000e+00
5.000000000000000000e+00
1.100000000000000000e+01
6.000000000000000000e+00
7.000000000000000000e+00
4.000000000000000000e+00
1.000000000000000000e+01
1.400000000000000000e+01
2.000000000000000000e+01
9.000000000000000000e+00
2.000000000000000000e+01
2.600000000000000000e+01
1.300000000000000000e+01
7.000000000000000000e+00
1.700000000000000000e+01
1.000000000000000000e+01
1.500000000000000000e+01
9.000000000000000000e+00
1.200000000000000000e+01
8.000000000000000000e+00
5.000000000000000000e+00
1.000000000000000000e+01
7.000000000000000000e+00
1.100000000000000000e+01
5.000000000000000000e+00
1.000000000000000000e+01
9.000000000000000000e+00
6.000000000000000000e+00
1.300000000000000000e+01
1.000000000000000000e+01
1.300000000000000000e+01
6.000000000000000000e+00
1.000000000000000000e+01
1.400000000000000000e+01
1.200000000000000000e+01
1.100000000000000000e+01
8.000000000000000000e+00
1.400000000000000000e+01
1.500000000000000000e+01
1.100000000000000000e+01
1.000000000000000000e+01
1.300000000000000000e+01
8.000000000000000000e+00
7.000000000000000000e+00
4.000000000000000000e+00
1.000000000000000000e+00
2.000000000000000000e+00
0.000000000000000000e+00
1.000000000000000000e+00
0.000000000000000000e+00
0.000000000000000000e+00
0.000000000000000000e+00
1.000000000000000000e+00
0.000000000000000000e+00
0.000000000000000000e+00
0.000000000000000000e+00
0.000000000000000000e+00
0.000000000000000000e+00
0.000000000000000000e+00
0.000000000000000000e+00
0.000000000000000000e+00
0.000000000000000000e+00
0.000000000000000000e+00
0.000000000000000000e+00
0.000000000000000000e+00
0.000000000000000000e+00
0.000000000000000000e+00
0.000000000000000000e+00
0.000000000000000000e+00
0.000000000000000000e+00
0.000000000000000000e+00
0.000000000000000000e+00
0.000000000000000000e+00
0.000000000000000000e+00
0.000000000000000000e+00
0.000000000000000000e+00
0.000000000000000000e+00
0.000000000000000000e+00
0.000000000000000000e+00
0.000000000000000000e+00
8.000000000000000000e+00
2.600000000000000000e+01
1.600000000000000000e+01
2.900000000000000000e+01
3.600000000000000000e+01
4.600000000000000000e+01
5.300000000000000000e+01
1.060000000000000000e+02
1.880000000000000000e+02
2.760000000000000000e+02
3.380000000000000000e+02
4.100000000000000000e+02
6.180000000000000000e+02
8.550000000000000000e+02
1.190000000000000000e+03
1.180000000000000000e+03
1.061000000000000000e+03
1.107000000000000000e+03
1.144000000000000000e+03
1.351000000000000000e+03
1.499000000000000000e+03
1.462000000000000000e+03
1.305000000000000000e+03
1.171000000000000000e+03
1.048000000000000000e+03
1.175000000000000000e+03
1.079000000000000000e+03
1.068000000000000000e+03
9.230000000000000000e+02
8.620000000000000000e+02
8.970000000000000000e+02
9.130000000000000000e+02
9.630000000000000000e+02
1.103000000000000000e+03
1.232000000000000000e+03
1.257000000000000000e+03
1.300000000000000000e+03
1.154000000000000000e+03
9.600000000000000000e+02
9.090000000000000000e+02
8.010000000000000000e+02
7.260000000000000000e+02
6.730000000000000000e+02
6.780000000000000000e+02
5.830000000000000000e+02
5.860000000000000000e+02
6.470000000000000000e+02
5.970000000000000000e+02
6.210000000000000000e+02
6.540000000000000000e+02
6.330000000000000000e+02
6.900000000000000000e+02
7.310000000000000000e+02
7.460000000000000000e+02
8.670000000000000000e+02
1.072000000000000000e+03
1.146000000000000000e+03
1.177000000000000000e+03
1.143000000000000000e+03
9.660000000000000000e+02
8.630000000000000000e+02
7.520000000000000000e+02
6.910000000000000000e+02
5.560000000000000000e+02
5.100000000000000000e+02
4.800000000000000000e+02
4.260000000000000000e+02
3.850000000000000000e+02
4.380000000000000000e+02
4.000000000000000000e+02
3.690000000000000000e+02
4.210000000000000000e+02
4.410000000000000000e+02
4.510000000000000000e+02
5.050000000000000000e+02
5.010000000000000000e+02
5.520000000000000000e+02
6.180000000000000000e+02
6.410000000000000000e+02
7.060000000000000000e+02
6.950000000000000000e+02
7.020000000000000000e+02
7.340000000000000000e+02
7.660000000000000000e+02
7.460000000000000000e+02
8.800000000000000000e+02
9.080000000000000000e+02
8.300000000000000000e+02
8.670000000000000000e+02
7.480000000000000000e+02
6.960000000000000000e+02
6.780000000000000000e+02
5.880000000000000000e+02
6.240000000000000000e+02
5.430000000000000000e+02
5.720000000000000000e+02
5.550000000000000000e+02
5.480000000000000000e+02
5.340000000000000000e+02
5.180000000000000000e+02
4.970000000000000000e+02
5.270000000000000000e+02
5.220000000000000000e+02
5.440000000000000000e+02
5.460000000000000000e+02
5.550000000000000000e+02
5.580000000000000000e+02
5.510000000000000000e+02
6.350000000000000000e+02
7.030000000000000000e+02
7.420000000000000000e+02
7.510000000000000000e+02
6.800000000000000000e+02
6.860000000000000000e+02
6.350000000000000000e+02
6.400000000000000000e+02
6.610000000000000000e+02
6.350000000000000000e+02
6.710000000000000000e+02
7.080000000000000000e+02
7.210000000000000000e+02
7.730000000000000000e+02
7.360000000000000000e+02
7.890000000000000000e+02
8.340000000000000000e+02
8.900000000000000000e+02
9.980000000000000000e+02
1.135000000000000000e+03
1.329000000000000000e+03
1.529000000000000000e+03
1.686000000000000000e+03
1.952000000000000000e+03
2.135000000000000000e+03
2.235000000000000000e+03
2.277000000000000000e+03
2.448000000000000000e+03
2.248000000000000000e+03
2.269000000000000000e+03
2.218000000000000000e+03
2.184000000000000000e+03
2.228000000000000000e+03
2.208000000000000000e+03
2.233000000000000000e+03
2.339000000000000000e+03
2.106000000000000000e+03
2.174000000000000000e+03
2.116000000000000000e+03
2.059000000000000000e+03
2.154000000000000000e+03
2.155000000000000000e+03
2.126000000000000000e+03
2.306000000000000000e+03
2.364000000000000000e+03
2.321000000000000000e+03
2.454000000000000000e+03
2.377000000000000000e+03
2.330000000000000000e+03
2.267000000000000000e+03
2.152000000000000000e+03
2.234000000000000000e+03
2.063000000000000000e+03
1.865000000000000000e+03
1.716000000000000000e+03
1.421000000000000000e+03
1.396000000000000000e+03
1.322000000000000000e+03
1.285000000000000000e+03
1.237000000000000000e+03
1.219000000000000000e+03
1.110000000000000000e+03
1.056000000000000000e+03
1.215000000000000000e+03
1.135000000000000000e+03
1.066000000000000000e+03
1.258000000000000000e+03
1.096000000000000000e+03
1.256000000000000000e+03
1.257000000000000000e+03
1.186000000000000000e+03
1.384000000000000000e+03
1.419000000000000000e+03
1.423000000000000000e+03
1.760000000000000000e+03
2.291000000000000000e+03
1.828000000000000000e+03
1.708000000000000000e+03
1.103000000000000000e+03
8.710000000000000000e+02
9.390000000000000000e+02
1.256000000000000000e+03
1.310000000000000000e+03
1.351000000000000000e+03
1.616000000000000000e+03
1.208000000000000000e+03
1.097000000000000000e+03
1.141000000000000000e+03
8.880000000000000000e+02
8.400000000000000000e+02
8.170000000000000000e+02
9.780000000000000000e+02
8.270000000000000000e+02
7.700000000000000000e+02
8.240000000000000000e+02
7.900000000000000000e+02
7.460000000000000000e+02
6.410000000000000000e+02
6.330000000000000000e+02
7.780000000000000000e+02
1.015000000000000000e+03
9.570000000000000000e+02
7.930000000000000000e+02
7.820000000000000000e+02
8.570000000000000000e+02
1.290000000000000000e+03
1.341000000000000000e+03
1.713000000000000000e+03
2.097000000000000000e+03
1.839000000000000000e+03
1.433000000000000000e+03
1.354000000000000000e+03
8.550000000000000000e+02
4.200000000000000000e+02
1.890000000000000000e+02
2.550000000000000000e+02
2.010000000000000000e+02
2.090000000000000000e+02
1.940000000000000000e+02
1.850000000000000000e+02
1.400000000000000000e+02
8.800000000000000000e+01
6.200000000000000000e+01
5.300000000000000000e+01
5.300000000000000000e+01
4.400000000000000000e+01
4.100000000000000000e+01
5.000000000000000000e+01
5.800000000000000000e+01
4.500000000000000000e+01
5.600000000000000000e+01
3.800000000000000000e+01
2.600000000000000000e+01
1.400000000000000000e+01
1.900000000000000000e+01
1.300000000000000000e+01
2.200000000000000000e+01
2.100000000000000000e+01
1.600000000000000000e+01
2.200000000000000000e+01
3.100000000000000000e+01
5.300000000000000000e+01
5.200000000000000000e+01
6.500000000000000000e+01
9.300000000000000000e+01
9.800000000000000000e+01
1.390000000000000000e+02
1.940000000000000000e+02
9.980000000000000000e+02
