2.375100000000000000e+04
1.135800000000000000e+04
7.015000000000000000e+03
5.388000000000000000e+03
5.063000000000000000e+03
4.661000000000000000e+03
4.561000000000000000e+03
4.942000000000000000e+03
5.016000000000000000e+03
5.370000000000000000e+03
5.856000000000000000e+03
5.688000000000000000e+03
5.735000000000000000e+03
5.681000000000000000e+03
5.982000000000000000e+03
7.366000000000000000e+03
5.828000000000000000e+03
1.095200000000000000e+04
7.495000000000000000e+03
6.975000000000000000e+03
6.658000000000000000e+03
6.831000000000000000e+03
7.022000000000000000e+03
6.987000000000000000e+03
6.764000000000000000e+03
6.372000000000000000e+03
6.302000000000000000e+03
5.934000000000000000e+03
5.734000000000000000e+03
5.570000000000000000e+03
5.433000000000000000e+03
5.379000000000000000e+03
5.356000000000000000e+03
5.301000000000000000e+03
4.941000000000000000e+03
4.802000000000000000e+03
4.777000000000000000e+03
4.583000000000000000e+03
4.390000000000000000e+03
4.086000000000000000e+03
4.163000000000000000e+03
4.091000000000000000e+03
3.930000000000000000e+03
3.948000000000000000e+03
4.042000000000000000e+03
4.051000000000000000e+03
4.352000000000000000e+03
4.385000000000000000e+03
4.380000000000000000e+03
4.423000000000000000e+03
4.607000000000000000e+03
4.639000000000000000e+03
4.734000000000000000e+03
4.986000000000000000e+03
5.274000000000000000e+03
5.388000000000000000e+03
5.164000000000000000e+03
5.384000000000000000e+03
5.556000000000000000e+03
5.663000000000000000e+03
5.403000000000000000e+03
5.431000000000000000e+03
5.644000000000000000e+03
5.539000000000000000e+03
5.490000000000000000e+03
5.521000000000000000e+03
5.623000000000000000e+03
5.781000000000000000e+03
5.426000000000000000e+03
5.355000000000000000e+03
5.240000000000000000e+03
5.379000000000000000e+03
5.458000000000000000e+03
5.450000000000000000e+03
5.266000000000000000e+03
5.478000000000000000e+03
5.464000000000000000e+03
5.255000000000000000e+03
5.358000000000000000e+03
5.477000000000000000e+03
5.362000000000000000e+03
5.606000000000000000e+03
5.870000000000000000e+03
6.199000000000000000e+03
6.237000000000000000e+03
6.188000000000000000e+03
6.994000000000000000e+03
7.101000000000000000e+03
7.687000000000000000e+03
7.558000000000000000e+03
7.544000000000000000e+03
7.732000000000000000e+03
7.466000000000000000e+03
8.003000000000000000e+03
8.139000000000000000e+03
7.585000000000000000e+03
7.197000000000000000e+03
6.527000000000000000e+03
6.117000000000000000e+03
5.320000000000000000e+03
5.460000000000000000e+03
5.015000000000000000e+03
4.871000000000000000e+03
4.797000000000000000e+03
4.840000000000000000e+03
4.864000000000000000e+03
4.721000000000000000e+03
4.785000000000000000e+03
4.832000000000000000e+03
4.946000000000000000e+03
4.878000000000000000e+03
4.765000000000000000e+03
4.994000000000000000e+03
5.141000000000000000e+03
4.760000000000000000e+03
4.889000000000000000e+03
5.006000000000000000e+03
5.076000000000000000e+03
5.085000000000000000e+03
5.241000000000000000e+03
5.716000000000000000e+03
5.420000000000000000e+03
5.114000000000000000e+03
5.144000000000000000e+03
4.669000000000000000e+03
4.295000000000000000e+03
4.152000000000000000e+03
4.006000000000000000e+03
3.418000000000000000e+03
3.096000000000000000e+03
2.968000000000000000e+03
2.677000000000000000e+03
2.560000000000000000e+03
2.506000000000000000e+03
2.370000000000000000e+03
2.253000000000000000e+03
2.170000000000000000e+03
2.147000000000000000e+03
2.038000000000000000e+03
1.982000000000000000e+03
2.011000000000000000e+03
1.995000000000000000e+03
2.004000000000000000e+03
1.983000000000000000e+03
1.915000000000000000e+03
1.884000000000000000e+03
1.834000000000000000e+03
1.941000000000000000e+03
2.045000000000000000e+03
1.990000000000000000e+03
1.586000000000000000e+03
1.610000000000000000e+03
1.589000000000000000e+03
1.703000000000000000e+03
1.777000000000000000e+03
1.634000000000000000e+03
1.655000000000000000e+03
1.682000000000000000e+03
1.585000000000000000e+03
1.545000000000000000e+03
1.398000000000000000e+03
1.358000000000000000e+03
1.298000000000000000e+03
1.436000000000000000e+03
1.468000000000000000e+03
1.406000000000000000e+03
1.393000000000000000e+03
1.379000000000000000e+03
1.256000000000000000e+03
1.205000000000000000e+03
1.098000000000000000e+03
1.151000000000000000e+03
1.172000000000000000e+03
1.123000000000000000e+03
1.127000000000000000e+03
1.063000000000000000e+03
1.093000000000000000e+03
1.091000000000000000e+03
1.111000000000000000e+03
1.080000000000000000e+03
1.035000000000000000e+03
9.760000000000000000e+02
9.690000000000000000e+02
1.025000000000000000e+03
1.091000000000000000e+03
1.064000000000000000e+03
1.035000000000000000e+03
1.024000000000000000e+03
9.710000000000000000e+02
1.006000000000000000e+03
1.034000000000000000e+03
1.057000000000000000e+03
9.070000000000000000e+02
9.120000000000000000e+02
1.020000000000000000e+03
8.780000000000000000e+02
8.750000000000000000e+02
8.190000000000000000e+02
8.060000000000000000e+02
7.600000000000000000e+02
6.490000000000000000e+02
5.950000000000000000e+02
6.300000000000000000e+02
6.450000000000000000e+02
5.960000000000000000e+02
5.330000000000000000e+02
5.430000000000000000e+02
4.780000000000000000e+02
5.340000000000000000e+02
5.350000000000000000e+02
4.680000000000000000e+02
4.600000000000000000e+02
4.520000000000000000e+02
4.510000000000000000e+02
4.130000000000000000e+02
3.970000000000000000e+02
3.970000000000000000e+02
4.310000000000000000e+02
3.990000000000000000e+02
4.500000000000000000e+02
4.540000000000000000e+02
4.380000000000000000e+02
3.870000000000000000e+02
4.120000000000000000e+02
4.190000000000000000e+02
4.050000000000000000e+02
4.510000000000000000e+02
5.040000000000000000e+02
5.320000000000000000e+02
4.950000000000000000e+02
4.600000000000000000e+02
5.060000000000000000e+02
4.930000000000000000e+02
4.620000000000000000e+02
4.910000000000000000e+02
4.580000000000000000e+02
5.520000000000000000e+02
4.520000000000000000e+02
4.870000000000000000e+02
4.760000000000000000e+02
5.560000000000000000e+02
5.830000000000000000e+02
6.940000000000000000e+02
6.950000000000000000e+02
7.900000000000000000e+02
9.800000000000000000e+02
1.055000000000000000e+03
1.282000000000000000e+03
1.506000000000000000e+03
1.704000000000000000e+03
1.793000000000000000e+03
2.572000000000000000e+03
2.953000000000000000e+03
3.080000000000000000e+03
5.303000000000000000e+03
3.252400000000000000e+04
2.810200000000000000e+04
1.094100000000000000e+04
8.303000000000000000e+03
6.375000000000000000e+03
5.795000000000000000e+03
5.427000000000000000e+03
5.525000000000000000e+03
6.047000000000000000e+03
5.772000000000000000e+03
6.265000000000000000e+03
6.628000000000000000e+03
6.438000000000000000e+03
6.177000000000000000e+03
5.723000000000000000e+03
5.872000000000000000e+03
5.552000000000000000e+03
5.495000000000000000e+03
5.582000000000000000e+03
5.650000000000000000e+03
5.498000000000000000e+03
5.623000000000000000e+03
5.962000000000000000e+03
6.483000000000000000e+03
6.894000000000000000e+03
7.224000000000000000e+03
7.044000000000000000e+03
6.824000000000000000e+03
7.559000000000000000e+03
7.632000000000000000e+03
7.769000000000000000e+03
7.612000000000000000e+03
7.407000000000000000e+03
7.509000000000000000e+03
7.602000000000000000e+03
7.712000000000000000e+03
7.840000000000000000e+03
7.622000000000000000e+03
7.626000000000000000e+03
7.302000000000000000e+03
7.579000000000000000e+03
7.783000000000000000e+03
8.658000000000000000e+03
9.718000000000000000e+03
1.400200000000000000e+04
9.557000000000000000e+03
7.999000000000000000e+03
7.880000000000000000e+03
7.431000000000000000e+03
7.397000000000000000e+03
7.100000000000000000e+03
6.845000000000000000e+03
6.770000000000000000e+03
6.719000000000000000e+03
6.765000000000000000e+03
6.492000000000000000e+03
6.285000000000000000e+03
5.982000000000000000e+03
5.550000000000000000e+03
5.592000000000000000e+03
5.592000000000000000e+03
5.738000000000000000e+03
5.638000000000000000e+03
5.614000000000000000e+03
5.603000000000000000e+03
5.468000000000000000e+03
5.355000000000000000e+03
5.229000000000000000e+03
5.061000000000000000e+03
4.800000000000000000e+03
4.657000000000000000e+03
4.686000000000000000e+03
4.668000000000000000e+03
4.381000000000000000e+03
4.447000000000000000e+03
4.359000000000000000e+03
4.555000000000000000e+03
4.757000000000000000e+03
4.713000000000000000e+03
4.482000000000000000e+03
4.273000000000000000e+03
4.116000000000000000e+03
4.165000000000000000e+03
4.068000000000000000e+03
3.857000000000000000e+03
3.944000000000000000e+03
3.772000000000000000e+03
3.757000000000000000e+03
3.617000000000000000e+03
3.696000000000000000e+03
3.793000000000000000e+03
4.032000000000000000e+03
4.191000000000000000e+03
4.367000000000000000e+03
5.139000000000000000e+03
5.197000000000000000e+03
5.710000000000000000e+03
6.004000000000000000e+03
6.342000000000000000e+03
6.363000000000000000e+03
7.006000000000000000e+03
7.528000000000000000e+03
7.170000000000000000e+03
7.348000000000000000e+03
6.942000000000000000e+03
6.049000000000000000e+03
5.504000000000000000e+03
5.169000000000000000e+03
4.859000000000000000e+03
4.385000000000000000e+03
3.984000000000000000e+03
3.695000000000000000e+03
3.784000000000000000e+03
3.673000000000000000e+03
3.575000000000000000e+03
3.527000000000000000e+03
3.656000000000000000e+03
3.657000000000000000e+03
3.561000000000000000e+03
3.392000000000000000e+03
3.307000000000000000e+03
3.238000000000000000e+03
3.051000000000000000e+03
3.185000000000000000e+03
2.966000000000000000e+03
2.792000000000000000e+03
2.889000000000000000e+03
2.731000000000000000e+03
2.648000000000000000e+03
2.674000000000000000e+03
2.562000000000000000e+03
2.353000000000000000e+03
2.387000000000000000e+03
2.464000000000000000e+03
2.254000000000000000e+03
2.257000000000000000e+03
2.136000000000000000e+03
2.047000000000000000e+03
1.968000000000000000e+03
1.868000000000000000e+03
1.865000000000000000e+03
1.729000000000000000e+03
1.714000000000000000e+03
1.675000000000000000e+03
1.817000000000000000e+03
1.858000000000000000e+03
1.858000000000000000e+03
1.922000000000000000e+03
1.881000000000000000e+03
1.911000000000000000e+03
2.090000000000000000e+03
2.718000000000000000e+03
3.135000000000000000e+03
2.689000000000000000e+03
2.491000000000000000e+03
2.669000000000000000e+03
2.293000000000000000e+03
2.289000000000000000e+03
2.181000000000000000e+03
1.694000000000000000e+03
1.653000000000000000e+03
1.633000000000000000e+03
1.469000000000000000e+03
1.342000000000000000e+03
1.374000000000000000e+03
1.379000000000000000e+03
1.299000000000000000e+03
1.331000000000000000e+03
1.262000000000000000e+03
1.245000000000000000e+03
1.279000000000000000e+03
1.331000000000000000e+03
1.322000000000000000e+03
1.303000000000000000e+03
1.383000000000000000e+03
1.451000000000000000e+03
1.332000000000000000e+03
1.512000000000000000e+03
1.495000000000000000e+03
1.379000000000000000e+03
1.337000000000000000e+03
1.344000000000000000e+03
1.277000000000000000e+03
1.347000000000000000e+03
1.293000000000000000e+03
1.346000000000000000e+03
1.390000000000000000e+03
1.226000000000000000e+03
1.146000000000000000e+03
1.081000000000000000e+03
9.810000000000000000e+02
9.350000000000000000e+02
9.680000000000000000e+02
8.880000000000000000e+02
8.550000000000000000e+02
8.190000000000000000e+02
7.550000000000000000e+02
6.870000000000000000e+02
5.970000000000000000e+02
6.230000000000000000e+02
5.630000000000000000e+02
4.740000000000000000e+02
4.740000000000000000e+02
4.030000000000000000e+02
4.320000000000000000e+02
4.450000000000000000e+02
4.360000000000000000e+02
4.220000000000000000e+02
3.810000000000000000e+02
3.440000000000000000e+02
4.090000000000000000e+02
3.490000000000000000e+02
3.710000000000000000e+02
4.020000000000000000e+02
3.680000000000000000e+02
3.460000000000000000e+02
3.690000000000000000e+02
3.170000000000000000e+02
2.890000000000000000e+02
3.070000000000000000e+02
3.010000000000000000e+02
2.330000000000000000e+02
2.060000000000000000e+02
1.930000000000000000e+02
2.250000000000000000e+02
1.640000000000000000e+02
1.740000000000000000e+02
1.720000000000000000e+02
1.870000000000000000e+02
1.730000000000000000e+02
1.620000000000000000e+02
1.680000000000000000e+02
1.600000000000000000e+02
1.610000000000000000e+02
1.630000000000000000e+02
1.500000000000000000e+02
1.520000000000000000e+02
1.690000000000000000e+02
1.680000000000000000e+02
1.560000000000000000e+02
1.620000000000000000e+02
1.570000000000000000e+02
1.670000000000000000e+02
1.950000000000000000e+02
1.900000000000000000e+02
2.300000000000000000e+02
2.370000000000000000e+02
3.020000000000000000e+02
3.370000000000000000e+02
4.330000000000000000e+02
6.010000000000000000e+02
8.370000000000000000e+02
1.151000000000000000e+03
1.534000000000000000e+03
2.734000000000000000e+03
3.845000000000000000e+03
2.883800000000000000e+04
1.369900000000000000e+04
4.542000000000000000e+03
6.313000000000000000e+03
4.688000000000000000e+03
5.416000000000000000e+03
6.461000000000000000e+03
6.713000000000000000e+03
6.455000000000000000e+03
6.604000000000000000e+03
7.182000000000000000e+03
7.057000000000000000e+03
7.466000000000000000e+03
8.141000000000000000e+03
8.191000000000000000e+03
8.567000000000000000e+03
8.644000000000000000e+03
8.740000000000000000e+03
8.707000000000000000e+03
8.697000000000000000e+03
8.426000000000000000e+03
8.379000000000000000e+03
8.241000000000000000e+03
8.011000000000000000e+03
8.364000000000000000e+03
8.179000000000000000e+03
8.094000000000000000e+03
7.856000000000000000e+03
8.187000000000000000e+03
7.779000000000000000e+03
7.635000000000000000e+03
7.308000000000000000e+03
7.099000000000000000e+03
6.748000000000000000e+03
6.614000000000000000e+03
6.293000000000000000e+03
6.038000000000000000e+03
5.725000000000000000e+03
5.355000000000000000e+03
5.438000000000000000e+03
5.489000000000000000e+03
5.575000000000000000e+03
5.406000000000000000e+03
5.514000000000000000e+03
5.344000000000000000e+03
5.247000000000000000e+03
5.356000000000000000e+03
5.214000000000000000e+03
5.213000000000000000e+03
5.119000000000000000e+03
5.230000000000000000e+03
5.513000000000000000e+03
5.869000000000000000e+03
6.118000000000000000e+03
6.402000000000000000e+03
6.395000000000000000e+03
6.235000000000000000e+03
5.784000000000000000e+03
5.930000000000000000e+03
5.468000000000000000e+03
5.530000000000000000e+03
5.496000000000000000e+03
5.597000000000000000e+03
5.737000000000000000e+03
5.496000000000000000e+03
5.424000000000000000e+03
5.282000000000000000e+03
5.239000000000000000e+03
5.211000000000000000e+03
5.152000000000000000e+03
5.140000000000000000e+03
5.315000000000000000e+03
5.406000000000000000e+03
4.987000000000000000e+03
5.457000000000000000e+03
5.426000000000000000e+03
4.851000000000000000e+03
5.509000000000000000e+03
4.432000000000000000e+03
8.730000000000000000e+03
4.138000000000000000e+03
5.214000000000000000e+03
3.855000000000000000e+03
4.169000000000000000e+03
4.132000000000000000e+03
3.899000000000000000e+03
4.033000000000000000e+03
3.951000000000000000e+03
3.550000000000000000e+03
3.532000000000000000e+03
3.340000000000000000e+03
3.331000000000000000e+03
3.361000000000000000e+03
3.232000000000000000e+03
3.190000000000000000e+03
3.070000000000000000e+03
3.041000000000000000e+03
2.963000000000000000e+03
2.762000000000000000e+03
2.710000000000000000e+03
2.898000000000000000e+03
2.927000000000000000e+03
2.968000000000000000e+03
3.079000000000000000e+03
3.184000000000000000e+03
3.460000000000000000e+03
3.832000000000000000e+03
3.752000000000000000e+03
4.345000000000000000e+03
4.647000000000000000e+03
5.077000000000000000e+03
5.370000000000000000e+03
5.612000000000000000e+03
5.950000000000000000e+03
6.448000000000000000e+03
6.880000000000000000e+03
6.713000000000000000e+03
6.805000000000000000e+03
6.420000000000000000e+03
5.790000000000000000e+03
5.637000000000000000e+03
5.343000000000000000e+03
4.660000000000000000e+03
4.305000000000000000e+03
4.022000000000000000e+03
3.789000000000000000e+03
3.646000000000000000e+03
3.522000000000000000e+03
3.398000000000000000e+03
3.418000000000000000e+03
3.326000000000000000e+03
3.300000000000000000e+03
3.208000000000000000e+03
3.149000000000000000e+03
3.112000000000000000e+03
2.994000000000000000e+03
2.916000000000000000e+03
2.812000000000000000e+03
2.709000000000000000e+03
2.644000000000000000e+03
2.554000000000000000e+03
2.537000000000000000e+03
2.363000000000000000e+03
2.290000000000000000e+03
2.201000000000000000e+03
2.094000000000000000e+03
2.048000000000000000e+03
1.937000000000000000e+03
1.887000000000000000e+03
1.846000000000000000e+03
1.788000000000000000e+03
1.695000000000000000e+03
1.561000000000000000e+03
1.542000000000000000e+03
1.567000000000000000e+03
1.548000000000000000e+03
1.485000000000000000e+03
1.526000000000000000e+03
1.508000000000000000e+03
1.460000000000000000e+03
1.411000000000000000e+03
1.427000000000000000e+03
1.499000000000000000e+03
1.395000000000000000e+03
1.469000000000000000e+03
1.404000000000000000e+03
1.299000000000000000e+03
1.299000000000000000e+03
1.387000000000000000e+03
1.474000000000000000e+03
1.411000000000000000e+03
1.490000000000000000e+03
1.560000000000000000e+03
1.738000000000000000e+03
1.591000000000000000e+03
1.613000000000000000e+03
1.712000000000000000e+03
1.772000000000000000e+03
1.894000000000000000e+03
1.875000000000000000e+03
2.353000000000000000e+03
2.354000000000000000e+03
2.570000000000000000e+03
2.871000000000000000e+03
2.931000000000000000e+03
2.451000000000000000e+03
2.481000000000000000e+03
2.472000000000000000e+03
2.025000000000000000e+03
1.613000000000000000e+03
1.629000000000000000e+03
1.540000000000000000e+03
1.473000000000000000e+03
1.460000000000000000e+03
1.412000000000000000e+03
1.429000000000000000e+03
1.449000000000000000e+03
1.350000000000000000e+03
1.303000000000000000e+03
1.493000000000000000e+03
1.499000000000000000e+03
1.194000000000000000e+03
1.194000000000000000e+03
1.070000000000000000e+03
1.019000000000000000e+03
1.047000000000000000e+03
9.820000000000000000e+02
8.860000000000000000e+02
8.610000000000000000e+02
8.020000000000000000e+02
8.280000000000000000e+02
7.010000000000000000e+02
7.210000000000000000e+02
6.540000000000000000e+02
6.210000000000000000e+02
5.870000000000000000e+02
5.340000000000000000e+02
5.230000000000000000e+02
4.560000000000000000e+02
4.720000000000000000e+02
4.410000000000000000e+02
4.300000000000000000e+02
4.130000000000000000e+02
3.340000000000000000e+02
3.070000000000000000e+02
2.870000000000000000e+02
2.930000000000000000e+02
2.470000000000000000e+02
2.410000000000000000e+02
2.620000000000000000e+02
2.360000000000000000e+02
2.560000000000000000e+02
2.240000000000000000e+02
2.130000000000000000e+02
2.370000000000000000e+02
2.130000000000000000e+02
2.020000000000000000e+02
1.950000000000000000e+02
1.870000000000000000e+02
1.920000000000000000e+02
2.070000000000000000e+02
1.730000000000000000e+02
1.900000000000000000e+02
2.120000000000000000e+02
2.260000000000000000e+02
2.450000000000000000e+02
3.080000000000000000e+02
3.280000000000000000e+02
4.030000000000000000e+02
5.080000000000000000e+02
5.800000000000000000e+02
8.650000000000000000e+02
1.285000000000000000e+03
1.466000000000000000e+03
3.511000000000000000e+03
2.077000000000000000e+03
3.070900000000000000e+04
4.481800000000000000e+04
4.900000000000000000e+02
6.490000000000000000e+02
8.770000000000000000e+02
1.420000000000000000e+02
1.886000000000000000e+03
2.698000000000000000e+03
1.460000000000000000e+02
1.725000000000000000e+03
6.020000000000000000e+02
6.600000000000000000e+02
2.318000000000000000e+03
4.220000000000000000e+02
2.074000000000000000e+03
5.680000000000000000e+02
9.030000000000000000e+02
6.760000000000000000e+02
3.090000000000000000e+02
3.630000000000000000e+02
6.830000000000000000e+02
4.325000000000000000e+03
7.550000000000000000e+02
3.820000000000000000e+02
4.480000000000000000e+02
2.017000000000000000e+03
1.233000000000000000e+03
4.890000000000000000e+02
2.710000000000000000e+02
3.070000000000000000e+02
3.050000000000000000e+02
6.872000000000000000e+03
1.650000000000000000e+02
4.370000000000000000e+02
1.870000000000000000e+02
9.170000000000000000e+02
1.859000000000000000e+03
1.675000000000000000e+03
1.019000000000000000e+03
1.547000000000000000e+03
9.500000000000000000e+02
2.280000000000000000e+03
2.256000000000000000e+03
3.759000000000000000e+03
6.326000000000000000e+03
3.141000000000000000e+03
3.858000000000000000e+03
8.960000000000000000e+03
2.128000000000000000e+03
6.801000000000000000e+03
2.303000000000000000e+03
3.816000000000000000e+03
5.652000000000000000e+03
3.727000000000000000e+03
3.809000000000000000e+03
4.743000000000000000e+03
3.684000000000000000e+03
4.294000000000000000e+03
4.170000000000000000e+03
2.897000000000000000e+03
7.930000000000000000e+02
6.019000000000000000e+03
3.760000000000000000e+02
2.085000000000000000e+03
3.799000000000000000e+03
1.370000000000000000e+02
2.852000000000000000e+03
4.212000000000000000e+03
2.372000000000000000e+03
1.810000000000000000e+03
2.925000000000000000e+03
2.211000000000000000e+03
1.414000000000000000e+03
9.040000000000000000e+02
2.083000000000000000e+03
2.426000000000000000e+03
3.732000000000000000e+03
1.272000000000000000e+03
4.160000000000000000e+02
1.230000000000000000e+02
2.568000000000000000e+03
6.827000000000000000e+03
4.250000000000000000e+02
1.630000000000000000e+02
2.071000000000000000e+03
1.111000000000000000e+03
8.660000000000000000e+02
4.110000000000000000e+02
5.270000000000000000e+03
5.300000000000000000e+02
2.570000000000000000e+02
9.168000000000000000e+03
4.950000000000000000e+02
5.630000000000000000e+02
1.537000000000000000e+03
7.730000000000000000e+02
2.620000000000000000e+03
6.231000000000000000e+03
4.730000000000000000e+02
5.673000000000000000e+03
1.248000000000000000e+03
1.531000000000000000e+03
7.840000000000000000e+03
5.054000000000000000e+03
1.857500000000000000e+04
1.248500000000000000e+04
2.010200000000000000e+04
1.992700000000000000e+04
1.893100000000000000e+04
1.305800000000000000e+04
2.799700000000000000e+04
2.288100000000000000e+04
3.602500000000000000e+04
1.479900000000000000e+04
1.243800000000000000e+04
1.227200000000000000e+04
1.985900000000000000e+04
1.285000000000000000e+04
3.070000000000000000e+02
6.950000000000000000e+02
3.340000000000000000e+02
4.773100000000000000e+04
5.000000000000000000e+01
2.576000000000000000e+03
2.510000000000000000e+02
8.917000000000000000e+03
2.171400000000000000e+04
1.603300000000000000e+04
2.100000000000000000e+02
3.220000000000000000e+03
9.270000000000000000e+02
4.275000000000000000e+03
7.000000000000000000e+01
8.248000000000000000e+03
7.488000000000000000e+03
7.900000000000000000e+01
1.814000000000000000e+03
3.250000000000000000e+02
7.400000000000000000e+01
2.966000000000000000e+03
9.400000000000000000e+01
1.391500000000000000e+04
3.740000000000000000e+03
1.732000000000000000e+03
1.770000000000000000e+02
5.400000000000000000e+02
4.416000000000000000e+03
2.045000000000000000e+03
1.598000000000000000e+03
2.600000000000000000e+02
6.800000000000000000e+01
4.413000000000000000e+03
4.900000000000000000e+01
9.630000000000000000e+02
1.438000000000000000e+03
7.800000000000000000e+01
1.444000000000000000e+03
7.153000000000000000e+03
2.075000000000000000e+03
1.466000000000000000e+03
2.676000000000000000e+03
3.883000000000000000e+03
1.551000000000000000e+03
2.315000000000000000e+03
2.525000000000000000e+03
4.198000000000000000e+03
8.939000000000000000e+03
2.034000000000000000e+03
3.089000000000000000e+03
1.308000000000000000e+03
2.801000000000000000e+03
1.151300000000000000e+04
4.531000000000000000e+03
1.194300000000000000e+04
2.989800000000000000e+04
3.814700000000000000e+04
3.824300000000000000e+04
1.956200000000000000e+04
1.487800000000000000e+04
4.253000000000000000e+03
1.707000000000000000e+03
3.629200000000000000e+04
2.754000000000000000e+03
5.553000000000000000e+03
2.906000000000000000e+03
3.659000000000000000e+03
4.841000000000000000e+03
6.334000000000000000e+03
7.564000000000000000e+03
9.535000000000000000e+03
7.680000000000000000e+03
7.200000000000000000e+03
6.531000000000000000e+03
7.080000000000000000e+03
6.939000000000000000e+03
7.083000000000000000e+03
7.484000000000000000e+03
7.292000000000000000e+03
8.093000000000000000e+03
8.297000000000000000e+03
8.085000000000000000e+03
8.151000000000000000e+03
9.482000000000000000e+03
9.559000000000000000e+03
1.032200000000000000e+04
1.101100000000000000e+04
9.860000000000000000e+03
1.090000000000000000e+04
1.000000000000000000e+04
1.097800000000000000e+04
1.000800000000000000e+04
9.933000000000000000e+03
8.433000000000000000e+03
8.602000000000000000e+03
9.034000000000000000e+03
8.821000000000000000e+03
7.941000000000000000e+03
9.508000000000000000e+03
5.975000000000000000e+03
7.611000000000000000e+03
7.811000000000000000e+03
6.801000000000000000e+03
6.340000000000000000e+03
5.764000000000000000e+03
7.936000000000000000e+03
8.001000000000000000e+03
7.677000000000000000e+03
8.587000000000000000e+03
6.775000000000000000e+03
6.422000000000000000e+03
6.163000000000000000e+03
5.778000000000000000e+03
7.414000000000000000e+03
5.117000000000000000e+03
6.216000000000000000e+03
5.471000000000000000e+03
6.398000000000000000e+03
5.813000000000000000e+03
7.161000000000000000e+03
5.427000000000000000e+03
4.731000000000000000e+03
3.945000000000000000e+03
3.967000000000000000e+03
3.802000000000000000e+03
2.377000000000000000e+03
5.516000000000000000e+03
3.048000000000000000e+03
2.948000000000000000e+03
3.363000000000000000e+03
2.978000000000000000e+03
2.236000000000000000e+03
3.191000000000000000e+03
2.858000000000000000e+03
2.399000000000000000e+03
3.522000000000000000e+03
2.446000000000000000e+03
2.658000000000000000e+03
2.393000000000000000e+03
3.592000000000000000e+03
3.238000000000000000e+03
2.317000000000000000e+03
3.729000000000000000e+03
3.997000000000000000e+03
3.607000000000000000e+03
4.908000000000000000e+03
3.473000000000000000e+03
8.361000000000000000e+03
2.133000000000000000e+03
3.525000000000000000e+03
3.587000000000000000e+03
2.652000000000000000e+03
3.818000000000000000e+03
3.160000000000000000e+03
2.836000000000000000e+03
2.579000000000000000e+03
3.504000000000000000e+03
2.081000000000000000e+03
4.254000000000000000e+03
2.409000000000000000e+03
3.303000000000000000e+03
2.889000000000000000e+03
3.205000000000000000e+03
2.204000000000000000e+03
4.297000000000000000e+03
2.403000000000000000e+03
2.991000000000000000e+03
2.453000000000000000e+03
3.503000000000000000e+03
2.412000000000000000e+03
2.797000000000000000e+03
3.553000000000000000e+03
1.613000000000000000e+03
2.649000000000000000e+03
2.731000000000000000e+03
2.568000000000000000e+03
2.082000000000000000e+03
2.399000000000000000e+03
2.641000000000000000e+03
2.871000000000000000e+03
2.585000000000000000e+03
1.991000000000000000e+03
3.066000000000000000e+03
2.231000000000000000e+03
2.291000000000000000e+03
2.779000000000000000e+03
2.933000000000000000e+03
1.746000000000000000e+03
1.521000000000000000e+03
2.749000000000000000e+03
6.725000000000000000e+03
1.619000000000000000e+03
1.580000000000000000e+03
2.572000000000000000e+03
2.579000000000000000e+03
2.105000000000000000e+03
2.525000000000000000e+03
2.721000000000000000e+03
2.001000000000000000e+03
2.177000000000000000e+03
1.863000000000000000e+03
2.058000000000000000e+03
2.259000000000000000e+03
1.799000000000000000e+03
2.406000000000000000e+03
2.045000000000000000e+03
1.392000000000000000e+03
1.772000000000000000e+03
2.154000000000000000e+03
1.562000000000000000e+03
1.825000000000000000e+03
2.135000000000000000e+03
1.488000000000000000e+03
1.833000000000000000e+03
1.175000000000000000e+03
3.282000000000000000e+03
1.200000000000000000e+03
2.035000000000000000e+03
1.608000000000000000e+03
1.906000000000000000e+03
1.531000000000000000e+03
2.713000000000000000e+03
1.024000000000000000e+03
1.764000000000000000e+03
1.934000000000000000e+03
1.550000000000000000e+03
1.590000000000000000e+03
1.624000000000000000e+03
1.901000000000000000e+03
1.441000000000000000e+03
1.283000000000000000e+03
1.240000000000000000e+03
5.525000000000000000e+03
1.258000000000000000e+03
1.212000000000000000e+03
1.747000000000000000e+03
1.633000000000000000e+03
1.555000000000000000e+03
1.389000000000000000e+03
1.972000000000000000e+03
1.121000000000000000e+03
1.906000000000000000e+03
1.463000000000000000e+03
1.212000000000000000e+03
2.557000000000000000e+03
1.315000000000000000e+03
1.234000000000000000e+03
1.885000000000000000e+03
1.136000000000000000e+03
1.350000000000000000e+03
1.430000000000000000e+03
1.479000000000000000e+03
1.419000000000000000e+03
3.739000000000000000e+03
1.194000000000000000e+03
1.382000000000000000e+03
1.366000000000000000e+03
1.610000000000000000e+03
2.279000000000000000e+03
1.255000000000000000e+03
2.097000000000000000e+03
5.021000000000000000e+03
1.514000000000000000e+03
1.864000000000000000e+03
1.436000000000000000e+03
1.692000000000000000e+03
1.857000000000000000e+03
1.703000000000000000e+03
1.827000000000000000e+03
1.888000000000000000e+03
1.458000000000000000e+03
1.819000000000000000e+03
1.519000000000000000e+03
1.406000000000000000e+03
1.249000000000000000e+03
3.234000000000000000e+03
1.477000000000000000e+03
1.533000000000000000e+03
1.731000000000000000e+03
1.545000000000000000e+03
1.454000000000000000e+03
3.356000000000000000e+03
1.597000000000000000e+03
1.650000000000000000e+03
1.631000000000000000e+03
1.698000000000000000e+03
1.418000000000000000e+03
1.386000000000000000e+03
1.039000000000000000e+03
1.471000000000000000e+03
1.170000000000000000e+03
9.790000000000000000e+02
1.346000000000000000e+03
9.170000000000000000e+02
1.130000000000000000e+03
8.440000000000000000e+02
1.094000000000000000e+03
9.610000000000000000e+02
6.160000000000000000e+02
7.030000000000000000e+02
8.440000000000000000e+02
6.730000000000000000e+02
5.960000000000000000e+02
6.050000000000000000e+02
6.050000000000000000e+02
6.350000000000000000e+02
5.170000000000000000e+02
5.190000000000000000e+02
4.960000000000000000e+02
3.850000000000000000e+02
5.290000000000000000e+02
5.510000000000000000e+02
3.930000000000000000e+02
4.330000000000000000e+02
6.620000000000000000e+02
2.800000000000000000e+01
1.000000000000000000e+00
3.418200000000000000e+04
6.524000000000000000e+03
3.539000000000000000e+03
6.480000000000000000e+03
4.375000000000000000e+03
5.387000000000000000e+03
5.534000000000000000e+03
5.320000000000000000e+03
4.481000000000000000e+03
4.080000000000000000e+03
4.649000000000000000e+03
3.893000000000000000e+03
4.248000000000000000e+03
4.433000000000000000e+03
4.156000000000000000e+03
4.141000000000000000e+03
3.657000000000000000e+03
3.699000000000000000e+03
3.698000000000000000e+03
3.746000000000000000e+03
3.519000000000000000e+03
3.643000000000000000e+03
3.889000000000000000e+03
4.093000000000000000e+03
4.536000000000000000e+03
4.584000000000000000e+03
4.498000000000000000e+03
4.589000000000000000e+03
5.234000000000000000e+03
5.458000000000000000e+03
5.632000000000000000e+03
6.000000000000000000e+03
6.012000000000000000e+03
5.853000000000000000e+03
5.718000000000000000e+03
5.646000000000000000e+03
5.770000000000000000e+03
5.522000000000000000e+03
5.571000000000000000e+03
5.297000000000000000e+03
5.393000000000000000e+03
5.230000000000000000e+03
5.199000000000000000e+03
4.995000000000000000e+03
4.767000000000000000e+03
4.497000000000000000e+03
4.724000000000000000e+03
4.850000000000000000e+03
4.789000000000000000e+03
4.754000000000000000e+03
4.889000000000000000e+03
4.809000000000000000e+03
5.027000000000000000e+03
5.176000000000000000e+03
5.228000000000000000e+03
5.198000000000000000e+03
5.188000000000000000e+03
4.998000000000000000e+03
5.199000000000000000e+03
5.378000000000000000e+03
5.277000000000000000e+03
5.409000000000000000e+03
5.603000000000000000e+03
5.691000000000000000e+03
5.582000000000000000e+03
5.674000000000000000e+03
5.874000000000000000e+03
5.869000000000000000e+03
6.186000000000000000e+03
6.111000000000000000e+03
6.101000000000000000e+03
6.316000000000000000e+03
6.510000000000000000e+03
6.321000000000000000e+03
6.869000000000000000e+03
6.848000000000000000e+03
6.543000000000000000e+03
7.385000000000000000e+03
5.973000000000000000e+03
1.051400000000000000e+04
6.070000000000000000e+03
7.159000000000000000e+03
5.939000000000000000e+03
6.397000000000000000e+03
6.559000000000000000e+03
6.206000000000000000e+03
6.068000000000000000e+03
6.360000000000000000e+03
5.773000000000000000e+03
5.820000000000000000e+03
5.436000000000000000e+03
5.241000000000000000e+03
5.158000000000000000e+03
4.841000000000000000e+03
4.750000000000000000e+03
4.472000000000000000e+03
4.503000000000000000e+03
4.311000000000000000e+03
4.069000000000000000e+03
3.934000000000000000e+03
3.889000000000000000e+03
4.071000000000000000e+03
4.002000000000000000e+03
4.043000000000000000e+03
4.110000000000000000e+03
4.310000000000000000e+03
4.636000000000000000e+03
4.587000000000000000e+03
4.969000000000000000e+03
5.289000000000000000e+03
5.551000000000000000e+03
5.683000000000000000e+03
5.863000000000000000e+03
6.296000000000000000e+03
6.714000000000000000e+03
7.092000000000000000e+03
7.061000000000000000e+03
7.279000000000000000e+03
6.818000000000000000e+03
6.505000000000000000e+03
6.373000000000000000e+03
6.252000000000000000e+03
5.734000000000000000e+03
5.209000000000000000e+03
4.843000000000000000e+03
4.640000000000000000e+03
4.523000000000000000e+03
4.202000000000000000e+03
3.975000000000000000e+03
3.917000000000000000e+03
3.699000000000000000e+03
3.763000000000000000e+03
3.554000000000000000e+03
3.491000000000000000e+03
3.483000000000000000e+03
3.346000000000000000e+03
3.260000000000000000e+03
3.167000000000000000e+03
3.004000000000000000e+03
2.900000000000000000e+03
2.823000000000000000e+03
2.841000000000000000e+03
2.642000000000000000e+03
2.660000000000000000e+03
2.538000000000000000e+03
2.417000000000000000e+03
2.386000000000000000e+03
2.294000000000000000e+03
2.212000000000000000e+03
2.251000000000000000e+03
2.143000000000000000e+03
1.975000000000000000e+03
1.830000000000000000e+03
1.817000000000000000e+03
1.869000000000000000e+03
1.834000000000000000e+03
1.764000000000000000e+03
1.797000000000000000e+03
1.803000000000000000e+03
1.721000000000000000e+03
1.707000000000000000e+03
1.687000000000000000e+03
1.691000000000000000e+03
1.622000000000000000e+03
1.682000000000000000e+03
1.652000000000000000e+03
1.533000000000000000e+03
1.554000000000000000e+03
1.595000000000000000e+03
1.619000000000000000e+03
1.523000000000000000e+03
1.504000000000000000e+03
1.578000000000000000e+03
1.777000000000000000e+03
1.582000000000000000e+03
1.663000000000000000e+03
1.722000000000000000e+03
1.791000000000000000e+03
1.838000000000000000e+03
1.849000000000000000e+03
2.276000000000000000e+03
2.326000000000000000e+03
2.490000000000000000e+03
2.819000000000000000e+03
2.862000000000000000e+03
2.403000000000000000e+03
2.442000000000000000e+03
2.479000000000000000e+03
2.078000000000000000e+03
1.729000000000000000e+03
1.731000000000000000e+03
1.776000000000000000e+03
1.707000000000000000e+03
1.569000000000000000e+03
1.547000000000000000e+03
1.598000000000000000e+03
1.586000000000000000e+03
1.528000000000000000e+03
1.458000000000000000e+03
1.658000000000000000e+03
1.634000000000000000e+03
1.297000000000000000e+03
1.231000000000000000e+03
1.226000000000000000e+03
1.176000000000000000e+03
1.208000000000000000e+03
1.075000000000000000e+03
9.660000000000000000e+02
9.230000000000000000e+02
8.940000000000000000e+02
9.190000000000000000e+02
7.440000000000000000e+02
7.550000000000000000e+02
7.130000000000000000e+02
6.750000000000000000e+02
6.590000000000000000e+02
6.050000000000000000e+02
6.290000000000000000e+02
5.820000000000000000e+02
5.870000000000000000e+02
6.010000000000000000e+02
5.900000000000000000e+02
5.940000000000000000e+02
5.400000000000000000e+02
5.120000000000000000e+02
5.260000000000000000e+02
5.380000000000000000e+02
5.350000000000000000e+02
5.330000000000000000e+02
6.180000000000000000e+02
5.300000000000000000e+02
5.470000000000000000e+02
5.480000000000000000e+02
5.360000000000000000e+02
4.980000000000000000e+02
5.080000000000000000e+02
4.740000000000000000e+02
5.450000000000000000e+02
4.700000000000000000e+02
4.740000000000000000e+02
4.560000000000000000e+02
4.760000000000000000e+02
4.910000000000000000e+02
5.200000000000000000e+02
5.410000000000000000e+02
5.730000000000000000e+02
6.490000000000000000e+02
7.020000000000000000e+02
7.950000000000000000e+02
9.710000000000000000e+02
1.035000000000000000e+03
1.341000000000000000e+03
1.720000000000000000e+03
2.130000000000000000e+03
2.631000000000000000e+03
3.564000000000000000e+03
4.172500000000000000e+04
