7.550000000000000000e+02
3.840000000000000000e+02
4.090000000000000000e+02
5.380000000000000000e+02
7.210000000000000000e+02
1.042000000000000000e+03
1.840000000000000000e+03
2.615000000000000000e+03
2.703000000000000000e+03
2.698000000000000000e+03
2.830000000000000000e+03
3.366000000000000000e+03
3.569000000000000000e+03
3.863000000000000000e+03
4.028000000000000000e+03
4.014000000000000000e+03
3.949000000000000000e+03
4.370000000000000000e+03
4.996000000000000000e+03
6.424000000000000000e+03
7.494000000000000000e+03
7.121000000000000000e+03
6.357000000000000000e+03
5.859000000000000000e+03
6.150000000000000000e+03
6.858000000000000000e+03
6.477000000000000000e+03
6.351000000000000000e+03
6.330000000000000000e+03
6.525000000000000000e+03
7.265000000000000000e+03
7.835000000000000000e+03
8.524000000000000000e+03
9.733000000000000000e+03
1.097900000000000000e+04
1.151400000000000000e+04
1.164100000000000000e+04
1.189000000000000000e+04
1.212600000000000000e+04
1.165000000000000000e+04
1.147100000000000000e+04
1.070100000000000000e+04
9.385000000000000000e+03
8.671000000000000000e+03
8.597000000000000000e+03
8.602000000000000000e+03
9.135000000000000000e+03
1.033700000000000000e+04
1.140400000000000000e+04
1.218000000000000000e+04
1.304600000000000000e+04
1.387200000000000000e+04
1.550600000000000000e+04
1.705200000000000000e+04
1.821100000000000000e+04
1.817100000000000000e+04
1.801700000000000000e+04
1.760700000000000000e+04
1.856500000000000000e+04
2.038000000000000000e+04
2.102500000000000000e+04
2.010200000000000000e+04
1.886400000000000000e+04
1.923100000000000000e+04
1.996600000000000000e+04
2.163100000000000000e+04
2.472400000000000000e+04
2.893700000000000000e+04
3.399100000000000000e+04
3.816500000000000000e+04
4.152900000000000000e+04
4.319700000000000000e+04
4.435700000000000000e+04
4.441800000000000000e+04
4.440000000000000000e+04
4.303700000000000000e+04
4.120800000000000000e+04
3.852500000000000000e+04
3.451000000000000000e+04
3.083000000000000000e+04
2.716800000000000000e+04
2.327200000000000000e+04
2.015100000000000000e+04
1.761400000000000000e+04
1.559100000000000000e+04
1.446100000000000000e+04
1.333600000000000000e+04
1.293300000000000000e+04
1.229400000000000000e+04
1.151900000000000000e+04
1.078100000000000000e+04
1.010500000000000000e+04
9.435000000000000000e+03
8.963000000000000000e+03
8.172000000000000000e+03
7.886000000000000000e+03
7.199000000000000000e+03
6.901000000000000000e+03
6.424000000000000000e+03
6.218000000000000000e+03
5.773000000000000000e+03
5.622000000000000000e+03
5.481000000000000000e+03
5.177000000000000000e+03
5.226000000000000000e+03
5.067000000000000000e+03
4.896000000000000000e+03
4.778000000000000000e+03
4.569000000000000000e+03
4.391000000000000000e+03
4.295000000000000000e+03
4.189000000000000000e+03
4.170000000000000000e+03
4.127000000000000000e+03
4.130000000000000000e+03
4.130000000000000000e+03
4.070000000000000000e+03
4.060000000000000000e+03
4.280000000000000000e+03
4.268000000000000000e+03
4.277000000000000000e+03
4.357000000000000000e+03
4.441000000000000000e+03
4.334000000000000000e+03
4.274000000000000000e+03
4.461000000000000000e+03
4.711000000000000000e+03
5.034000000000000000e+03
5.323000000000000000e+03
5.524000000000000000e+03
5.685000000000000000e+03
5.591000000000000000e+03
5.428000000000000000e+03
5.367000000000000000e+03
5.048000000000000000e+03
4.911000000000000000e+03
4.593000000000000000e+03
4.367000000000000000e+03
3.917000000000000000e+03
3.677000000000000000e+03
3.299000000000000000e+03
3.081000000000000000e+03
2.945000000000000000e+03
2.985000000000000000e+03
2.824000000000000000e+03
2.804000000000000000e+03
2.658000000000000000e+03
2.577000000000000000e+03
2.518000000000000000e+03
2.400000000000000000e+03
2.304000000000000000e+03
2.343000000000000000e+03
2.156000000000000000e+03
2.104000000000000000e+03
2.145000000000000000e+03
2.009000000000000000e+03
2.007000000000000000e+03
2.062000000000000000e+03
2.005000000000000000e+03
1.959000000000000000e+03
1.995000000000000000e+03
1.972000000000000000e+03
2.048000000000000000e+03
2.007000000000000000e+03
2.015000000000000000e+03
2.048000000000000000e+03
2.151000000000000000e+03
2.113000000000000000e+03
2.181000000000000000e+03
2.245000000000000000e+03
2.247000000000000000e+03
2.308000000000000000e+03
2.326000000000000000e+03
2.410000000000000000e+03
2.504000000000000000e+03
2.525000000000000000e+03
2.563000000000000000e+03
2.646000000000000000e+03
2.741000000000000000e+03
2.991000000000000000e+03
3.106000000000000000e+03
3.394000000000000000e+03
3.825000000000000000e+03
4.299000000000000000e+03
4.871000000000000000e+03
5.658000000000000000e+03
6.277000000000000000e+03
7.125000000000000000e+03
7.468000000000000000e+03
7.674000000000000000e+03
7.918000000000000000e+03
8.029000000000000000e+03
8.336000000000000000e+03
8.359000000000000000e+03
8.617000000000000000e+03
8.365000000000000000e+03
8.605000000000000000e+03
8.670000000000000000e+03
8.757000000000000000e+03
8.916000000000000000e+03
9.079000000000000000e+03
9.279000000000000000e+03
9.784000000000000000e+03
1.002400000000000000e+04
1.056800000000000000e+04
1.083800000000000000e+04
1.131200000000000000e+04
1.157700000000000000e+04
1.214400000000000000e+04
1.287200000000000000e+04
1.351700000000000000e+04
1.447300000000000000e+04
1.559800000000000000e+04
1.647100000000000000e+04
1.784600000000000000e+04
1.872500000000000000e+04
1.996200000000000000e+04
2.058300000000000000e+04
2.149500000000000000e+04
2.221800000000000000e+04
2.321500000000000000e+04
2.384600000000000000e+04
2.440800000000000000e+04
2.403000000000000000e+04
2.348000000000000000e+04
2.188700000000000000e+04
1.951500000000000000e+04
1.755700000000000000e+04
1.528100000000000000e+04
1.325500000000000000e+04
1.105000000000000000e+04
9.349000000000000000e+03
7.956000000000000000e+03
6.856000000000000000e+03
5.588000000000000000e+03
4.903000000000000000e+03
4.360000000000000000e+03
3.760000000000000000e+03
3.196000000000000000e+03
2.743000000000000000e+03
2.471000000000000000e+03
2.306000000000000000e+03
2.177000000000000000e+03
2.111000000000000000e+03
2.119000000000000000e+03
2.240000000000000000e+03
2.493000000000000000e+03
2.963000000000000000e+03
3.611000000000000000e+03
4.496000000000000000e+03
5.883000000000000000e+03
7.508000000000000000e+03
1.086500000000000000e+04
1.061800000000000000e+04
8.440000000000000000e+03
1.341700000000000000e+04
6.810000000000000000e+02
2.160000000000000000e+02
2.590000000000000000e+02
2.210000000000000000e+02
3.140000000000000000e+02
3.430000000000000000e+02
4.060000000000000000e+02
4.870000000000000000e+02
7.150000000000000000e+02
1.160000000000000000e+03
2.030000000000000000e+03
3.334000000000000000e+03
4.694000000000000000e+03
5.168000000000000000e+03
5.244000000000000000e+03
5.989000000000000000e+03
7.168000000000000000e+03
9.002000000000000000e+03
1.153200000000000000e+04
1.321900000000000000e+04
1.207400000000000000e+04
1.046900000000000000e+04
9.899000000000000000e+03
9.547000000000000000e+03
1.055100000000000000e+04
1.217100000000000000e+04
1.458900000000000000e+04
1.595700000000000000e+04
1.523400000000000000e+04
1.420400000000000000e+04
1.300500000000000000e+04
1.273000000000000000e+04
1.276000000000000000e+04
1.275500000000000000e+04
1.205000000000000000e+04
1.181800000000000000e+04
1.218900000000000000e+04
1.372600000000000000e+04
1.507100000000000000e+04
1.632800000000000000e+04
1.738500000000000000e+04
1.810900000000000000e+04
1.598600000000000000e+04
1.382300000000000000e+04
1.257400000000000000e+04
1.208800000000000000e+04
1.194900000000000000e+04
1.165600000000000000e+04
1.149200000000000000e+04
1.141900000000000000e+04
1.177900000000000000e+04
1.219000000000000000e+04
1.246400000000000000e+04
1.235100000000000000e+04
1.251600000000000000e+04
1.252800000000000000e+04
1.199800000000000000e+04
1.173500000000000000e+04
1.159600000000000000e+04
1.191800000000000000e+04
1.155400000000000000e+04
1.128700000000000000e+04
1.088200000000000000e+04
1.107100000000000000e+04
1.140200000000000000e+04
1.212100000000000000e+04
1.229400000000000000e+04
1.356200000000000000e+04
1.514400000000000000e+04
1.725900000000000000e+04
1.996800000000000000e+04
2.305300000000000000e+04
2.697400000000000000e+04
2.981800000000000000e+04
3.066500000000000000e+04
2.915000000000000000e+04
2.559700000000000000e+04
2.237500000000000000e+04
2.067700000000000000e+04
1.968300000000000000e+04
1.899400000000000000e+04
1.882800000000000000e+04
1.804600000000000000e+04
1.777800000000000000e+04
1.695500000000000000e+04
1.592200000000000000e+04
1.522900000000000000e+04
1.425200000000000000e+04
1.366300000000000000e+04
1.325700000000000000e+04
1.267300000000000000e+04
1.201500000000000000e+04
1.170000000000000000e+04
1.127600000000000000e+04
1.092300000000000000e+04
1.040100000000000000e+04
1.013400000000000000e+04
9.585000000000000000e+03
9.475000000000000000e+03
9.535000000000000000e+03
9.148000000000000000e+03
9.172000000000000000e+03
8.971000000000000000e+03
8.922000000000000000e+03
8.524000000000000000e+03
8.616000000000000000e+03
8.521000000000000000e+03
8.795000000000000000e+03
8.943000000000000000e+03
9.509000000000000000e+03
1.022000000000000000e+04
1.107400000000000000e+04
1.215000000000000000e+04
1.305900000000000000e+04
1.381500000000000000e+04
1.506100000000000000e+04
1.602000000000000000e+04
1.701100000000000000e+04
1.791800000000000000e+04
1.867600000000000000e+04
1.788900000000000000e+04
1.694900000000000000e+04
1.572900000000000000e+04
1.448700000000000000e+04
1.306200000000000000e+04
1.220100000000000000e+04
1.136800000000000000e+04
1.078800000000000000e+04
1.013900000000000000e+04
9.475000000000000000e+03
8.574000000000000000e+03
8.174000000000000000e+03
7.546000000000000000e+03
6.902000000000000000e+03
6.636000000000000000e+03
6.249000000000000000e+03
5.928000000000000000e+03
5.678000000000000000e+03
5.300000000000000000e+03
4.759000000000000000e+03
4.467000000000000000e+03
3.975000000000000000e+03
3.547000000000000000e+03
3.263000000000000000e+03
3.097000000000000000e+03
2.878000000000000000e+03
2.610000000000000000e+03
2.419000000000000000e+03
2.442000000000000000e+03
2.339000000000000000e+03
2.392000000000000000e+03
2.260000000000000000e+03
2.292000000000000000e+03
2.276000000000000000e+03
2.251000000000000000e+03
2.288000000000000000e+03
2.322000000000000000e+03
2.268000000000000000e+03
2.232000000000000000e+03
2.404000000000000000e+03
2.279000000000000000e+03
2.347000000000000000e+03
2.407000000000000000e+03
2.559000000000000000e+03
2.483000000000000000e+03
2.632000000000000000e+03
2.686000000000000000e+03
2.911000000000000000e+03
2.899000000000000000e+03
3.091000000000000000e+03
3.167000000000000000e+03
3.329000000000000000e+03
3.544000000000000000e+03
3.667000000000000000e+03
3.873000000000000000e+03
3.926000000000000000e+03
3.992000000000000000e+03
4.279000000000000000e+03
4.454000000000000000e+03
4.699000000000000000e+03
4.997000000000000000e+03
5.478000000000000000e+03
5.861000000000000000e+03
6.427000000000000000e+03
7.179000000000000000e+03
7.984000000000000000e+03
8.828000000000000000e+03
9.795000000000000000e+03
1.045700000000000000e+04
1.133800000000000000e+04
1.201500000000000000e+04
1.251200000000000000e+04
1.319200000000000000e+04
1.346400000000000000e+04
1.360000000000000000e+04
1.370900000000000000e+04
1.366800000000000000e+04
1.372600000000000000e+04
1.384200000000000000e+04
1.377000000000000000e+04
1.365300000000000000e+04
1.342000000000000000e+04
1.351700000000000000e+04
1.303300000000000000e+04
1.311500000000000000e+04
1.316500000000000000e+04
1.348200000000000000e+04
1.399000000000000000e+04
1.460900000000000000e+04
1.530900000000000000e+04
1.662900000000000000e+04
1.861700000000000000e+04
2.072100000000000000e+04
2.306100000000000000e+04
2.352700000000000000e+04
2.230800000000000000e+04
2.050600000000000000e+04
1.762600000000000000e+04
1.483000000000000000e+04
1.214500000000000000e+04
1.005200000000000000e+04
8.117000000000000000e+03
6.972000000000000000e+03
5.803000000000000000e+03
5.070000000000000000e+03
4.172000000000000000e+03
3.729000000000000000e+03
3.182000000000000000e+03
2.918000000000000000e+03
2.519000000000000000e+03
2.272000000000000000e+03
2.081000000000000000e+03
1.782000000000000000e+03
1.678000000000000000e+03
1.558000000000000000e+03
1.474000000000000000e+03
1.354000000000000000e+03
1.311000000000000000e+03
1.238000000000000000e+03
1.165000000000000000e+03
1.139000000000000000e+03
1.093000000000000000e+03
1.195000000000000000e+03
1.192000000000000000e+03
1.327000000000000000e+03
1.428000000000000000e+03
1.667000000000000000e+03
2.272000000000000000e+03
2.995000000000000000e+03
4.412000000000000000e+03
7.261000000000000000e+03
8.915000000000000000e+03
8.885000000000000000e+03
7.966000000000000000e+03
5.963000000000000000e+03
9.092000000000000000e+03
1.633000000000000000e+03
8.230000000000000000e+02
8.170000000000000000e+02
7.390000000000000000e+02
8.690000000000000000e+02
1.104000000000000000e+03
1.495000000000000000e+03
1.959000000000000000e+03
2.662000000000000000e+03
3.084000000000000000e+03
3.660000000000000000e+03
3.896000000000000000e+03
4.272000000000000000e+03
4.138000000000000000e+03
4.489000000000000000e+03
5.067000000000000000e+03
5.972000000000000000e+03
7.122000000000000000e+03
8.156000000000000000e+03
8.338000000000000000e+03
8.858000000000000000e+03
9.055000000000000000e+03
9.148000000000000000e+03
9.726000000000000000e+03
8.836000000000000000e+03
8.163000000000000000e+03
7.801000000000000000e+03
7.520000000000000000e+03
7.491000000000000000e+03
7.548000000000000000e+03
8.016000000000000000e+03
8.232000000000000000e+03
8.363000000000000000e+03
8.370000000000000000e+03
8.138000000000000000e+03
8.198000000000000000e+03
8.331000000000000000e+03
8.507000000000000000e+03
9.240000000000000000e+03
1.009400000000000000e+04
1.106700000000000000e+04
1.165300000000000000e+04
1.234300000000000000e+04
1.252900000000000000e+04
1.256200000000000000e+04
1.210300000000000000e+04
1.105200000000000000e+04
1.020400000000000000e+04
9.554000000000000000e+03
9.069000000000000000e+03
9.632000000000000000e+03
1.000700000000000000e+04
1.087900000000000000e+04
1.156900000000000000e+04
1.225200000000000000e+04
1.237500000000000000e+04
1.182500000000000000e+04
1.247200000000000000e+04
1.329000000000000000e+04
1.457700000000000000e+04
1.503200000000000000e+04
1.572100000000000000e+04
1.610500000000000000e+04
1.615600000000000000e+04
1.627800000000000000e+04
1.639200000000000000e+04
1.556000000000000000e+04
1.515100000000000000e+04
1.478500000000000000e+04
1.429500000000000000e+04
1.402000000000000000e+04
1.372500000000000000e+04
1.340400000000000000e+04
1.306700000000000000e+04
1.284300000000000000e+04
1.272100000000000000e+04
1.300600000000000000e+04
1.345700000000000000e+04
1.351600000000000000e+04
1.351100000000000000e+04
1.284300000000000000e+04
1.259600000000000000e+04
1.268300000000000000e+04
1.272600000000000000e+04
1.323600000000000000e+04
1.424200000000000000e+04
1.461400000000000000e+04
1.470500000000000000e+04
1.480700000000000000e+04
1.470500000000000000e+04
1.486800000000000000e+04
1.456500000000000000e+04
1.470200000000000000e+04
1.466600000000000000e+04
1.448100000000000000e+04
1.495800000000000000e+04
1.520000000000000000e+04
1.497300000000000000e+04
1.570900000000000000e+04
1.588700000000000000e+04
1.596400000000000000e+04
1.642000000000000000e+04
1.616400000000000000e+04
1.551400000000000000e+04
1.431400000000000000e+04
1.323100000000000000e+04
1.223000000000000000e+04
1.155500000000000000e+04
1.108300000000000000e+04
1.064900000000000000e+04
1.074100000000000000e+04
1.090200000000000000e+04
1.106200000000000000e+04
1.088100000000000000e+04
1.110600000000000000e+04
1.149400000000000000e+04
1.204900000000000000e+04
1.242500000000000000e+04
1.301600000000000000e+04
1.393100000000000000e+04
1.438300000000000000e+04
1.487200000000000000e+04
1.546900000000000000e+04
1.595100000000000000e+04
1.600600000000000000e+04
1.606200000000000000e+04
1.549500000000000000e+04
1.495000000000000000e+04
1.437200000000000000e+04
1.399400000000000000e+04
1.334800000000000000e+04
1.317000000000000000e+04
1.304300000000000000e+04
1.282200000000000000e+04
1.298300000000000000e+04
1.328400000000000000e+04
1.317500000000000000e+04
1.300400000000000000e+04
1.271800000000000000e+04
1.226200000000000000e+04
1.161400000000000000e+04
1.073900000000000000e+04
1.009600000000000000e+04
9.163000000000000000e+03
8.375000000000000000e+03
7.813000000000000000e+03
7.503000000000000000e+03
6.862000000000000000e+03
6.577000000000000000e+03
6.153000000000000000e+03
5.981000000000000000e+03
5.692000000000000000e+03
5.430000000000000000e+03
5.108000000000000000e+03
4.981000000000000000e+03
4.889000000000000000e+03
4.808000000000000000e+03
4.530000000000000000e+03
4.506000000000000000e+03
4.367000000000000000e+03
4.277000000000000000e+03
4.379000000000000000e+03
4.242000000000000000e+03
4.393000000000000000e+03
4.294000000000000000e+03
4.300000000000000000e+03
4.477000000000000000e+03
4.477000000000000000e+03
4.548000000000000000e+03
4.669000000000000000e+03
4.871000000000000000e+03
4.989000000000000000e+03
5.177000000000000000e+03
5.459000000000000000e+03
5.878000000000000000e+03
6.507000000000000000e+03
6.652000000000000000e+03
7.028000000000000000e+03
7.709000000000000000e+03
8.381000000000000000e+03
8.868000000000000000e+03
9.694000000000000000e+03
1.033500000000000000e+04
1.120000000000000000e+04
1.187300000000000000e+04
1.228200000000000000e+04
1.314100000000000000e+04
1.359200000000000000e+04
1.386900000000000000e+04
1.403000000000000000e+04
1.425800000000000000e+04
1.393000000000000000e+04
1.388600000000000000e+04
1.347600000000000000e+04
1.353800000000000000e+04
1.331100000000000000e+04
1.328700000000000000e+04
1.325600000000000000e+04
1.358900000000000000e+04
1.364800000000000000e+04
1.375600000000000000e+04
1.415100000000000000e+04
1.390500000000000000e+04
1.424400000000000000e+04
1.423700000000000000e+04
1.375900000000000000e+04
1.374700000000000000e+04
1.394200000000000000e+04
1.358400000000000000e+04
1.372000000000000000e+04
1.371300000000000000e+04
1.446700000000000000e+04
1.428500000000000000e+04
1.401100000000000000e+04
1.368500000000000000e+04
1.231200000000000000e+04
1.110000000000000000e+04
9.481000000000000000e+03
8.277000000000000000e+03
7.310000000000000000e+03
6.297000000000000000e+03
5.684000000000000000e+03
5.017000000000000000e+03
4.354000000000000000e+03
3.962000000000000000e+03
3.332000000000000000e+03
3.089000000000000000e+03
2.614000000000000000e+03
2.355000000000000000e+03
2.131000000000000000e+03
1.943000000000000000e+03
1.634000000000000000e+03
1.661000000000000000e+03
1.640000000000000000e+03
1.580000000000000000e+03
1.525000000000000000e+03
1.464000000000000000e+03
1.468000000000000000e+03
1.358000000000000000e+03
1.331000000000000000e+03
1.263000000000000000e+03
1.294000000000000000e+03
1.232000000000000000e+03
1.324000000000000000e+03
1.371000000000000000e+03
1.359000000000000000e+03
1.824000000000000000e+03
1.884000000000000000e+03
2.751000000000000000e+03
3.288000000000000000e+03
5.328000000000000000e+03
7.724000000000000000e+03
8.665000000000000000e+03
9.111000000000000000e+03
5.012000000000000000e+03
1.213900000000000000e+04
4.312300000000000000e+04
1.038400000000000000e+04
1.850400000000000000e+04
3.452700000000000000e+04
1.727800000000000000e+04
1.066440000000000000e+05
2.904400000000000000e+04
1.403800000000000000e+04
6.878600000000000000e+04
3.623200000000000000e+04
2.846000000000000000e+04
9.655300000000000000e+04
3.364900000000000000e+04
4.950600000000000000e+04
3.934500000000000000e+04
4.791900000000000000e+04
2.442000000000000000e+04
2.607600000000000000e+04
1.303600000000000000e+04
2.223300000000000000e+04
2.114400000000000000e+04
1.699400000000000000e+04
1.622000000000000000e+04
8.876000000000000000e+03
1.198500000000000000e+04
6.042000000000000000e+03
7.203000000000000000e+03
1.642000000000000000e+03
1.596000000000000000e+03
1.122000000000000000e+03
1.438300000000000000e+04
1.380000000000000000e+02
1.206000000000000000e+03
4.350000000000000000e+02
2.448000000000000000e+03
5.847000000000000000e+03
4.540000000000000000e+03
1.310000000000000000e+02
9.270000000000000000e+02
2.600000000000000000e+02
1.210000000000000000e+03
3.600000000000000000e+01
3.069000000000000000e+03
1.933000000000000000e+03
3.500000000000000000e+01
4.510000000000000000e+02
8.800000000000000000e+01
1.900000000000000000e+01
7.580000000000000000e+02
2.300000000000000000e+01
4.989000000000000000e+03
1.166000000000000000e+03
2.880000000000000000e+02
8.300000000000000000e+01
1.010000000000000000e+02
4.326000000000000000e+03
7.490000000000000000e+02
8.700000000000000000e+01
1.700000000000000000e+01
0.000000000000000000e+00
1.643000000000000000e+03
0.000000000000000000e+00
2.700000000000000000e+01
2.260000000000000000e+02
4.000000000000000000e+00
1.050000000000000000e+02
1.004200000000000000e+04
4.400000000000000000e+01
2.460000000000000000e+02
1.130000000000000000e+02
2.784000000000000000e+03
4.800000000000000000e+01
4.400000000000000000e+01
6.810000000000000000e+02
4.320000000000000000e+02
5.416000000000000000e+03
1.010000000000000000e+02
5.700000000000000000e+01
1.200000000000000000e+01
5.230000000000000000e+02
4.357000000000000000e+03
5.100000000000000000e+01
1.010000000000000000e+02
6.391000000000000000e+03
4.850000000000000000e+02
7.310000000000000000e+02
4.830000000000000000e+02
4.064000000000000000e+03
2.162000000000000000e+03
5.510000000000000000e+03
1.238500000000000000e+04
1.143900000000000000e+04
2.750100000000000000e+04
4.422100000000000000e+04
6.446400000000000000e+04
6.713500000000000000e+04
3.445700000000000000e+04
2.782500000000000000e+04
2.003600000000000000e+04
7.434000000000000000e+03
6.155000000000000000e+03
2.092100000000000000e+04
4.033000000000000000e+03
2.663600000000000000e+04
1.724100000000000000e+04
1.051860000000000000e+05
2.453600000000000000e+04
5.320700000000000000e+04
6.438000000000000000e+04
7.796000000000000000e+04
1.092190000000000000e+05
5.510700000000000000e+04
4.641000000000000000e+04
2.548300000000000000e+04
5.614500000000000000e+04
2.199700000000000000e+04
5.218800000000000000e+04
5.325000000000000000e+03
5.222000000000000000e+03
4.408000000000000000e+03
3.979900000000000000e+04
3.930000000000000000e+02
6.571000000000000000e+03
2.140000000000000000e+03
1.170500000000000000e+04
2.842800000000000000e+04
1.517400000000000000e+04
9.340000000000000000e+02
3.644000000000000000e+03
1.614000000000000000e+03
3.385000000000000000e+03
2.850000000000000000e+02
7.078000000000000000e+03
7.080000000000000000e+03
2.730000000000000000e+02
1.454000000000000000e+03
7.600000000000000000e+02
1.550000000000000000e+02
2.098000000000000000e+03
2.350000000000000000e+02
6.315000000000000000e+03
2.479000000000000000e+03
7.860000000000000000e+02
3.400000000000000000e+02
5.390000000000000000e+02
3.829000000000000000e+03
1.389000000000000000e+03
6.820000000000000000e+02
4.320000000000000000e+02
2.740000000000000000e+02
3.996000000000000000e+03
3.440000000000000000e+02
4.610000000000000000e+02
1.032000000000000000e+03
3.950000000000000000e+02
8.140000000000000000e+02
5.025000000000000000e+03
9.330000000000000000e+02
1.793000000000000000e+03
2.459000000000000000e+03
3.432000000000000000e+03
1.746000000000000000e+03
3.358000000000000000e+03
1.044000000000000000e+04
1.040700000000000000e+04
2.543800000000000000e+04
4.966000000000000000e+03
6.960000000000000000e+03
6.434000000000000000e+03
8.179000000000000000e+03
1.510600000000000000e+04
8.892000000000000000e+03
1.045000000000000000e+04
1.252700000000000000e+04
6.985000000000000000e+03
1.032500000000000000e+04
9.110000000000000000e+03
3.789400000000000000e+04
3.090300000000000000e+04
1.866300000000000000e+04
1.303500000000000000e+04
2.381000000000000000e+03
2.093100000000000000e+04
9.060000000000000000e+03
5.755000000000000000e+03
1.313100000000000000e+04
1.146400000000000000e+04
1.235600000000000000e+04
9.675000000000000000e+03
1.128000000000000000e+04
1.331800000000000000e+04
1.815500000000000000e+04
2.913000000000000000e+04
4.037600000000000000e+04
4.472500000000000000e+04
3.438300000000000000e+04
4.028200000000000000e+04
3.570600000000000000e+04
3.403400000000000000e+04
3.451600000000000000e+04
3.485300000000000000e+04
3.280300000000000000e+04
3.536900000000000000e+04
3.135600000000000000e+04
3.235500000000000000e+04
3.042800000000000000e+04
3.447300000000000000e+04
2.675400000000000000e+04
2.428300000000000000e+04
2.038900000000000000e+04
2.353700000000000000e+04
1.839900000000000000e+04
1.701700000000000000e+04
1.537400000000000000e+04
1.446400000000000000e+04
1.431100000000000000e+04
1.619700000000000000e+04
1.228900000000000000e+04
1.555000000000000000e+04
1.691600000000000000e+04
1.874900000000000000e+04
2.005400000000000000e+04
2.237200000000000000e+04
2.289800000000000000e+04
2.284400000000000000e+04
2.548500000000000000e+04
2.368100000000000000e+04
2.315800000000000000e+04
2.320800000000000000e+04
2.258500000000000000e+04
2.293000000000000000e+04
1.556000000000000000e+04
2.044200000000000000e+04
1.978700000000000000e+04
1.533400000000000000e+04
1.771000000000000000e+04
1.335500000000000000e+04
1.642700000000000000e+04
1.281700000000000000e+04
1.161400000000000000e+04
1.472400000000000000e+04
1.155000000000000000e+04
1.068800000000000000e+04
8.974000000000000000e+03
1.184700000000000000e+04
1.023800000000000000e+04
9.554000000000000000e+03
1.026400000000000000e+04
9.822000000000000000e+03
7.941000000000000000e+03
9.382000000000000000e+03
9.343000000000000000e+03
8.949000000000000000e+03
7.778000000000000000e+03
8.094000000000000000e+03
8.940000000000000000e+03
6.151000000000000000e+03
9.245000000000000000e+03
9.236000000000000000e+03
7.344000000000000000e+03
8.960000000000000000e+03
1.024000000000000000e+04
9.408000000000000000e+03
1.127400000000000000e+04
6.783000000000000000e+03
1.160200000000000000e+04
5.707000000000000000e+03
7.596000000000000000e+03
6.401000000000000000e+03
6.481000000000000000e+03
7.254000000000000000e+03
7.056000000000000000e+03
6.903000000000000000e+03
7.698000000000000000e+03
8.341000000000000000e+03
7.356000000000000000e+03
1.105300000000000000e+04
8.825000000000000000e+03
1.081000000000000000e+04
1.135900000000000000e+04
1.338000000000000000e+04
1.224300000000000000e+04
1.932500000000000000e+04
1.444300000000000000e+04
1.708700000000000000e+04
1.963400000000000000e+04
2.117600000000000000e+04
1.899500000000000000e+04
1.917700000000000000e+04
1.971000000000000000e+04
1.949700000000000000e+04
2.059400000000000000e+04
1.885400000000000000e+04
1.958700000000000000e+04
2.057500000000000000e+04
1.942600000000000000e+04
1.921400000000000000e+04
1.892200000000000000e+04
1.812400000000000000e+04
1.614200000000000000e+04
1.507100000000000000e+04
1.323700000000000000e+04
1.384100000000000000e+04
1.297800000000000000e+04
1.144300000000000000e+04
1.447800000000000000e+04
1.059800000000000000e+04
1.329800000000000000e+04
1.283500000000000000e+04
8.948000000000000000e+03
1.180100000000000000e+04
8.265000000000000000e+03
9.116000000000000000e+03
7.099000000000000000e+03
7.728000000000000000e+03
6.523000000000000000e+03
7.382000000000000000e+03
6.163000000000000000e+03
6.231000000000000000e+03
7.358000000000000000e+03
5.985000000000000000e+03
5.138000000000000000e+03
5.437000000000000000e+03
4.889000000000000000e+03
4.012000000000000000e+03
3.953000000000000000e+03
4.158000000000000000e+03
3.357000000000000000e+03
3.964000000000000000e+03
3.561000000000000000e+03
3.228000000000000000e+03
3.013000000000000000e+03
3.509000000000000000e+03
3.403000000000000000e+03
3.026000000000000000e+03
3.447000000000000000e+03
2.873000000000000000e+03
2.831000000000000000e+03
2.854000000000000000e+03
3.539000000000000000e+03
2.379000000000000000e+03
2.923000000000000000e+03
2.993000000000000000e+03
2.886000000000000000e+03
2.383000000000000000e+03
3.385000000000000000e+03
2.533000000000000000e+03
3.234000000000000000e+03
2.600000000000000000e+03
2.265000000000000000e+03
5.153000000000000000e+03
2.766000000000000000e+03
2.140000000000000000e+03
4.224000000000000000e+03
3.861000000000000000e+03
2.430000000000000000e+03
3.763000000000000000e+03
3.242000000000000000e+03
2.294000000000000000e+03
3.762000000000000000e+03
2.692000000000000000e+03
2.431000000000000000e+03
3.388000000000000000e+03
2.987000000000000000e+03
3.130000000000000000e+03
4.245000000000000000e+03
3.829000000000000000e+03
3.979000000000000000e+03
4.620000000000000000e+03
3.883000000000000000e+03
4.168000000000000000e+03
4.137000000000000000e+03
3.972000000000000000e+03
3.751000000000000000e+03
3.397000000000000000e+03
3.316000000000000000e+03
3.123000000000000000e+03
2.122000000000000000e+03
2.843000000000000000e+03
2.140000000000000000e+03
1.951000000000000000e+03
1.972000000000000000e+03
1.565000000000000000e+03
1.679000000000000000e+03
1.513000000000000000e+03
1.468000000000000000e+03
1.505000000000000000e+03
1.301000000000000000e+03
1.121000000000000000e+03
1.169000000000000000e+03
1.054000000000000000e+03
1.035000000000000000e+03
7.520000000000000000e+02
9.360000000000000000e+02
6.520000000000000000e+02
5.850000000000000000e+02
6.320000000000000000e+02
3.940000000000000000e+02
2.810000000000000000e+02
5.740000000000000000e+02
2.910000000000000000e+02
2.630000000000000000e+02
2.190000000000000000e+02
2.800000000000000000e+02
1.710000000000000000e+02
2.040000000000000000e+02
1.260000000000000000e+02
2.180000000000000000e+02
1.190000000000000000e+02
7.600000000000000000e+01
1.720000000000000000e+02
8.300000000000000000e+01
1.410000000000000000e+02
5.900000000000000000e+01
3.110000000000000000e+02
1.850000000000000000e+02
2.800000000000000000e+01
1.180000000000000000e+02
1.240000000000000000e+02
8.500000000000000000e+01
5.700000000000000000e+01
8.700000000000000000e+01
6.900000000000000000e+01
3.900000000000000000e+01
2.900000000000000000e+01
3.000000000000000000e+01
2.500000000000000000e+01
2.200000000000000000e+01
2.100000000000000000e+01
1.300000000000000000e+01
1.900000000000000000e+01
1.300000000000000000e+01
2.000000000000000000e+00
9.000000000000000000e+00
0.000000000000000000e+00
2.718000000000000000e+03
5.000000000000000000e+00
3.100000000000000000e+01
4.700000000000000000e+01
6.500000000000000000e+01
1.090000000000000000e+02
1.540000000000000000e+02
2.240000000000000000e+02
2.580000000000000000e+02
3.390000000000000000e+02
6.160000000000000000e+02
1.080000000000000000e+03
2.007000000000000000e+03
2.955000000000000000e+03
3.082000000000000000e+03
3.084000000000000000e+03
3.068000000000000000e+03
3.069000000000000000e+03
3.037000000000000000e+03
2.914000000000000000e+03
2.995000000000000000e+03
2.819000000000000000e+03
2.695000000000000000e+03
2.573000000000000000e+03
2.365000000000000000e+03
2.455000000000000000e+03
2.761000000000000000e+03
2.961000000000000000e+03
3.341000000000000000e+03
3.708000000000000000e+03
4.351000000000000000e+03
4.729000000000000000e+03
5.152000000000000000e+03
5.410000000000000000e+03
5.582000000000000000e+03
5.539000000000000000e+03
5.571000000000000000e+03
5.740000000000000000e+03
5.776000000000000000e+03
6.462000000000000000e+03
7.202000000000000000e+03
8.413000000000000000e+03
8.790000000000000000e+03
8.239000000000000000e+03
7.650000000000000000e+03
7.876000000000000000e+03
7.783000000000000000e+03
7.602000000000000000e+03
8.101000000000000000e+03
8.628000000000000000e+03
8.477000000000000000e+03
9.272000000000000000e+03
9.896000000000000000e+03
1.105400000000000000e+04
1.192700000000000000e+04
1.244700000000000000e+04
1.164600000000000000e+04
1.080300000000000000e+04
1.106000000000000000e+04
1.248600000000000000e+04
1.491400000000000000e+04
1.574100000000000000e+04
1.403700000000000000e+04
1.231500000000000000e+04
1.159900000000000000e+04
1.160300000000000000e+04
1.167400000000000000e+04
1.161000000000000000e+04
1.181800000000000000e+04
1.236100000000000000e+04
1.273700000000000000e+04
1.303200000000000000e+04
1.312300000000000000e+04
1.326500000000000000e+04
1.389100000000000000e+04
1.401400000000000000e+04
1.416600000000000000e+04
1.463400000000000000e+04
1.538600000000000000e+04
1.561800000000000000e+04
1.568300000000000000e+04
1.497500000000000000e+04
1.468000000000000000e+04
1.462300000000000000e+04
1.466800000000000000e+04
1.480700000000000000e+04
1.566000000000000000e+04
1.593200000000000000e+04
1.592300000000000000e+04
1.582400000000000000e+04
1.546600000000000000e+04
1.538100000000000000e+04
1.495900000000000000e+04
1.494200000000000000e+04
1.495200000000000000e+04
1.456800000000000000e+04
1.508400000000000000e+04
1.526800000000000000e+04
1.518700000000000000e+04
1.566400000000000000e+04
1.594100000000000000e+04
1.593900000000000000e+04
1.644500000000000000e+04
1.636500000000000000e+04
1.566200000000000000e+04
1.450800000000000000e+04
1.358000000000000000e+04
1.267700000000000000e+04
1.198500000000000000e+04
1.159600000000000000e+04
1.115500000000000000e+04
1.110300000000000000e+04
1.141400000000000000e+04
1.148900000000000000e+04
1.130800000000000000e+04
1.149400000000000000e+04
1.205400000000000000e+04
1.247600000000000000e+04
1.286100000000000000e+04
1.354800000000000000e+04
1.437200000000000000e+04
1.478900000000000000e+04
1.540900000000000000e+04
1.618900000000000000e+04
1.680200000000000000e+04
1.708000000000000000e+04
1.771900000000000000e+04
1.744500000000000000e+04
1.727500000000000000e+04
1.714000000000000000e+04
1.688300000000000000e+04
1.640300000000000000e+04
1.606900000000000000e+04
1.583300000000000000e+04
1.563800000000000000e+04
1.546300000000000000e+04
1.560200000000000000e+04
1.513000000000000000e+04
1.479000000000000000e+04
1.409500000000000000e+04
1.329200000000000000e+04
1.218800000000000000e+04
1.119800000000000000e+04
1.031300000000000000e+04
9.367000000000000000e+03
8.492000000000000000e+03
7.857000000000000000e+03
7.319000000000000000e+03
6.645000000000000000e+03
6.253000000000000000e+03
5.610000000000000000e+03
5.300000000000000000e+03
4.954000000000000000e+03
4.492000000000000000e+03
4.057000000000000000e+03
4.030000000000000000e+03
3.589000000000000000e+03
3.410000000000000000e+03
3.234000000000000000e+03
2.992000000000000000e+03
2.812000000000000000e+03
2.674000000000000000e+03
2.629000000000000000e+03
2.608000000000000000e+03
2.553000000000000000e+03
2.414000000000000000e+03
2.372000000000000000e+03
2.502000000000000000e+03
2.431000000000000000e+03
2.483000000000000000e+03
2.524000000000000000e+03
2.571000000000000000e+03
2.629000000000000000e+03
2.717000000000000000e+03
2.816000000000000000e+03
2.937000000000000000e+03
3.044000000000000000e+03
3.141000000000000000e+03
3.319000000000000000e+03
3.526000000000000000e+03
3.928000000000000000e+03
4.076000000000000000e+03
4.460000000000000000e+03
4.960000000000000000e+03
5.440000000000000000e+03
6.044000000000000000e+03
6.688000000000000000e+03
7.336000000000000000e+03
8.080000000000000000e+03
8.303000000000000000e+03
8.455000000000000000e+03
8.677000000000000000e+03
8.710000000000000000e+03
8.958000000000000000e+03
8.924000000000000000e+03
9.110000000000000000e+03
8.804000000000000000e+03
9.009000000000000000e+03
9.054000000000000000e+03
9.165000000000000000e+03
9.264000000000000000e+03
9.362000000000000000e+03
9.586000000000000000e+03
9.979000000000000000e+03
1.028000000000000000e+04
1.092000000000000000e+04
1.112500000000000000e+04
1.166700000000000000e+04
1.185500000000000000e+04
1.244700000000000000e+04
1.321800000000000000e+04
1.372100000000000000e+04
1.473800000000000000e+04
1.585700000000000000e+04
1.666600000000000000e+04
1.800000000000000000e+04
1.887900000000000000e+04
2.016200000000000000e+04
2.073100000000000000e+04
2.168300000000000000e+04
2.242400000000000000e+04
2.360900000000000000e+04
2.417200000000000000e+04
2.478200000000000000e+04
2.443600000000000000e+04
2.391100000000000000e+04
2.218600000000000000e+04
1.985800000000000000e+04
1.779400000000000000e+04
1.552900000000000000e+04
1.352000000000000000e+04
1.128200000000000000e+04
9.556000000000000000e+03
8.217000000000000000e+03
7.259000000000000000e+03
6.017000000000000000e+03
5.341000000000000000e+03
4.708000000000000000e+03
4.200000000000000000e+03
3.570000000000000000e+03
3.016000000000000000e+03
2.730000000000000000e+03
2.479000000000000000e+03
2.237000000000000000e+03
2.130000000000000000e+03
2.045000000000000000e+03
1.992000000000000000e+03
2.112000000000000000e+03
2.216000000000000000e+03
2.496000000000000000e+03
3.009000000000000000e+03
4.050000000000000000e+03
5.623000000000000000e+03
1.014200000000000000e+04
1.207700000000000000e+04
9.926000000000000000e+03
2.534300000000000000e+04
