8.760000000000000000e+02
2.290000000000000000e+02
2.170000000000000000e+02
4.290000000000000000e+02
4.100000000000000000e+02
6.070000000000000000e+02
7.170000000000000000e+02
7.570000000000000000e+02
8.090000000000000000e+02
8.020000000000000000e+02
1.231000000000000000e+03
8.990000000000000000e+02
1.253000000000000000e+03
9.300000000000000000e+02
1.181000000000000000e+03
9.100000000000000000e+02
1.192000000000000000e+03
1.008000000000000000e+03
1.098000000000000000e+03
9.360000000000000000e+02
8.960000000000000000e+02
8.930000000000000000e+02
9.030000000000000000e+02
8.570000000000000000e+02
8.820000000000000000e+02
7.670000000000000000e+02
7.590000000000000000e+02
7.620000000000000000e+02
6.940000000000000000e+02
7.250000000000000000e+02
6.400000000000000000e+02
6.610000000000000000e+02
6.810000000000000000e+02
6.490000000000000000e+02
6.190000000000000000e+02
6.450000000000000000e+02
6.300000000000000000e+02
6.900000000000000000e+02
6.120000000000000000e+02
6.200000000000000000e+02
6.510000000000000000e+02
6.780000000000000000e+02
6.870000000000000000e+02
6.400000000000000000e+02
6.150000000000000000e+02
6.680000000000000000e+02
6.650000000000000000e+02
6.960000000000000000e+02
6.910000000000000000e+02
7.420000000000000000e+02
7.140000000000000000e+02
6.540000000000000000e+02
6.990000000000000000e+02
6.900000000000000000e+02
7.840000000000000000e+02
7.860000000000000000e+02
9.440000000000000000e+02
7.890000000000000000e+02
9.110000000000000000e+02
8.180000000000000000e+02
8.570000000000000000e+02
7.570000000000000000e+02
7.730000000000000000e+02
7.730000000000000000e+02
7.330000000000000000e+02
8.030000000000000000e+02
7.480000000000000000e+02
8.220000000000000000e+02
8.370000000000000000e+02
8.440000000000000000e+02
8.420000000000000000e+02
8.720000000000000000e+02
9.550000000000000000e+02
9.480000000000000000e+02
9.960000000000000000e+02
9.990000000000000000e+02
1.268000000000000000e+03
1.036000000000000000e+03
1.666000000000000000e+03
1.124000000000000000e+03
1.279000000000000000e+03
1.189000000000000000e+03
1.425000000000000000e+03
1.449000000000000000e+03
1.719000000000000000e+03
1.587000000000000000e+03
2.706000000000000000e+03
1.763000000000000000e+03
2.644000000000000000e+03
2.085000000000000000e+03
2.694000000000000000e+03
2.269000000000000000e+03
2.832000000000000000e+03
2.277000000000000000e+03
3.195000000000000000e+03
2.232000000000000000e+03
2.376000000000000000e+03
1.784000000000000000e+03
1.766000000000000000e+03
2.016000000000000000e+03
1.423000000000000000e+03
1.367000000000000000e+03
1.295000000000000000e+03
1.187000000000000000e+03
1.213000000000000000e+03
1.199000000000000000e+03
1.145000000000000000e+03
1.076000000000000000e+03
1.126000000000000000e+03
1.064000000000000000e+03
9.860000000000000000e+02
9.680000000000000000e+02
9.720000000000000000e+02
1.023000000000000000e+03
9.060000000000000000e+02
9.360000000000000000e+02
9.370000000000000000e+02
9.260000000000000000e+02
9.190000000000000000e+02
9.010000000000000000e+02
9.930000000000000000e+02
9.310000000000000000e+02
9.060000000000000000e+02
8.830000000000000000e+02
9.940000000000000000e+02
8.820000000000000000e+02
8.950000000000000000e+02
8.810000000000000000e+02
8.030000000000000000e+02
8.380000000000000000e+02
8.260000000000000000e+02
8.630000000000000000e+02
9.000000000000000000e+02
7.480000000000000000e+02
8.450000000000000000e+02
7.920000000000000000e+02
8.660000000000000000e+02
7.730000000000000000e+02
8.210000000000000000e+02
7.810000000000000000e+02
1.050000000000000000e+03
8.320000000000000000e+02
9.410000000000000000e+02
8.790000000000000000e+02
9.850000000000000000e+02
1.067000000000000000e+03
1.234000000000000000e+03
1.040000000000000000e+03
1.123000000000000000e+03
1.164000000000000000e+03
1.199000000000000000e+03
1.112000000000000000e+03
1.246000000000000000e+03
1.102000000000000000e+03
1.424000000000000000e+03
1.320000000000000000e+03
1.188000000000000000e+03
1.197000000000000000e+03
1.117000000000000000e+03
1.108000000000000000e+03
1.167000000000000000e+03
1.136000000000000000e+03
1.133000000000000000e+03
1.355000000000000000e+03
1.132000000000000000e+03
1.253000000000000000e+03
1.085000000000000000e+03
1.157000000000000000e+03
9.570000000000000000e+02
1.313000000000000000e+03
8.990000000000000000e+02
1.203000000000000000e+03
8.650000000000000000e+02
1.077000000000000000e+03
8.140000000000000000e+02
1.284000000000000000e+03
9.590000000000000000e+02
1.259000000000000000e+03
1.033000000000000000e+03
1.102000000000000000e+03
1.001000000000000000e+03
1.027000000000000000e+03
8.470000000000000000e+02
9.740000000000000000e+02
8.200000000000000000e+02
1.144000000000000000e+03
7.620000000000000000e+02
9.380000000000000000e+02
7.200000000000000000e+02
9.030000000000000000e+02
6.290000000000000000e+02
7.380000000000000000e+02
6.110000000000000000e+02
8.620000000000000000e+02
5.780000000000000000e+02
8.280000000000000000e+02
5.740000000000000000e+02
8.040000000000000000e+02
5.340000000000000000e+02
9.170000000000000000e+02
4.830000000000000000e+02
4.950000000000000000e+02
4.230000000000000000e+02
3.850000000000000000e+02
3.680000000000000000e+02
3.600000000000000000e+02
3.380000000000000000e+02
3.420000000000000000e+02
2.750000000000000000e+02
2.990000000000000000e+02
2.820000000000000000e+02
4.850000000000000000e+02
3.220000000000000000e+02
5.010000000000000000e+02
3.210000000000000000e+02
2.580000000000000000e+02
3.350000000000000000e+02
4.690000000000000000e+02
4.460000000000000000e+02
6.780000000000000000e+02
1.421000000000000000e+03
1.074000000000000000e+03
1.262000000000000000e+03
9.210000000000000000e+02
9.580000000000000000e+02
1.471000000000000000e+03
1.536000000000000000e+03
2.046000000000000000e+03
5.590000000000000000e+03
4.083000000000000000e+03
3.538000000000000000e+03
1.369000000000000000e+03
4.828000000000000000e+03
9.270000000000000000e+02
5.244000000000000000e+03
8.950000000000000000e+02
3.619000000000000000e+03
9.620000000000000000e+02
6.990000000000000000e+03
1.305000000000000000e+03
8.408000000000000000e+03
1.604000000000000000e+03
1.327000000000000000e+03
1.140000000000000000e+03
1.689000000000000000e+03
1.329000000000000000e+03
1.274000000000000000e+03
9.440000000000000000e+02
1.524000000000000000e+03
1.446000000000000000e+03
1.553000000000000000e+03
1.919000000000000000e+03
1.862000000000000000e+03
2.292000000000000000e+03
4.867000000000000000e+03
1.106800000000000000e+04
3.560000000000000000e+02
1.800000000000000000e+02
1.730000000000000000e+02
1.940000000000000000e+02
2.980000000000000000e+02
3.710000000000000000e+02
6.840000000000000000e+02
7.020000000000000000e+02
9.240000000000000000e+02
6.740000000000000000e+02
1.099000000000000000e+03
8.290000000000000000e+02
9.980000000000000000e+02
9.800000000000000000e+02
9.730000000000000000e+02
1.132000000000000000e+03
1.086000000000000000e+03
1.156000000000000000e+03
1.009000000000000000e+03
1.150000000000000000e+03
1.032000000000000000e+03
1.087000000000000000e+03
1.003000000000000000e+03
1.074000000000000000e+03
9.170000000000000000e+02
1.002000000000000000e+03
8.340000000000000000e+02
8.310000000000000000e+02
8.210000000000000000e+02
7.300000000000000000e+02
7.170000000000000000e+02
7.340000000000000000e+02
6.990000000000000000e+02
7.170000000000000000e+02
6.890000000000000000e+02
6.440000000000000000e+02
6.620000000000000000e+02
7.220000000000000000e+02
7.260000000000000000e+02
6.890000000000000000e+02
7.310000000000000000e+02
6.980000000000000000e+02
7.490000000000000000e+02
7.200000000000000000e+02
7.130000000000000000e+02
7.500000000000000000e+02
6.760000000000000000e+02
7.500000000000000000e+02
7.080000000000000000e+02
7.610000000000000000e+02
7.310000000000000000e+02
7.650000000000000000e+02
8.220000000000000000e+02
7.390000000000000000e+02
7.310000000000000000e+02
7.920000000000000000e+02
8.230000000000000000e+02
8.200000000000000000e+02
8.370000000000000000e+02
8.280000000000000000e+02
8.480000000000000000e+02
9.070000000000000000e+02
9.140000000000000000e+02
9.570000000000000000e+02
9.360000000000000000e+02
1.065000000000000000e+03
9.700000000000000000e+02
1.004000000000000000e+03
8.710000000000000000e+02
8.590000000000000000e+02
8.020000000000000000e+02
8.580000000000000000e+02
8.320000000000000000e+02
8.040000000000000000e+02
8.690000000000000000e+02
9.560000000000000000e+02
9.450000000000000000e+02
9.690000000000000000e+02
1.081000000000000000e+03
1.152000000000000000e+03
1.297000000000000000e+03
1.221000000000000000e+03
1.571000000000000000e+03
1.440000000000000000e+03
2.014000000000000000e+03
1.582000000000000000e+03
1.653000000000000000e+03
1.843000000000000000e+03
1.577000000000000000e+03
1.558000000000000000e+03
1.738000000000000000e+03
1.635000000000000000e+03
1.872000000000000000e+03
2.226000000000000000e+03
1.871000000000000000e+03
2.551000000000000000e+03
2.283000000000000000e+03
2.688000000000000000e+03
2.590000000000000000e+03
2.546000000000000000e+03
2.850000000000000000e+03
2.816000000000000000e+03
3.092000000000000000e+03
2.646000000000000000e+03
2.152000000000000000e+03
2.329000000000000000e+03
2.195000000000000000e+03
1.664000000000000000e+03
1.835000000000000000e+03
1.746000000000000000e+03
1.722000000000000000e+03
1.598000000000000000e+03
1.797000000000000000e+03
1.520000000000000000e+03
1.785000000000000000e+03
1.311000000000000000e+03
1.416000000000000000e+03
1.505000000000000000e+03
1.688000000000000000e+03
1.429000000000000000e+03
1.370000000000000000e+03
9.540000000000000000e+02
1.172000000000000000e+03
9.300000000000000000e+02
9.830000000000000000e+02
8.970000000000000000e+02
8.720000000000000000e+02
8.150000000000000000e+02
8.290000000000000000e+02
7.020000000000000000e+02
7.070000000000000000e+02
6.240000000000000000e+02
6.220000000000000000e+02
5.430000000000000000e+02
5.640000000000000000e+02
5.430000000000000000e+02
4.980000000000000000e+02
4.900000000000000000e+02
4.850000000000000000e+02
4.990000000000000000e+02
5.230000000000000000e+02
5.920000000000000000e+02
6.140000000000000000e+02
6.100000000000000000e+02
6.840000000000000000e+02
7.330000000000000000e+02
6.860000000000000000e+02
8.780000000000000000e+02
9.080000000000000000e+02
7.840000000000000000e+02
8.650000000000000000e+02
1.059000000000000000e+03
1.044000000000000000e+03
1.149000000000000000e+03
1.044000000000000000e+03
1.119000000000000000e+03
1.154000000000000000e+03
1.111000000000000000e+03
1.240000000000000000e+03
1.263000000000000000e+03
1.155000000000000000e+03
1.472000000000000000e+03
1.341000000000000000e+03
1.390000000000000000e+03
1.243000000000000000e+03
1.318000000000000000e+03
1.639000000000000000e+03
1.285000000000000000e+03
1.364000000000000000e+03
1.243000000000000000e+03
1.254000000000000000e+03
1.244000000000000000e+03
1.238000000000000000e+03
1.352000000000000000e+03
1.138000000000000000e+03
1.100000000000000000e+03
9.780000000000000000e+02
1.078000000000000000e+03
1.145000000000000000e+03
1.366000000000000000e+03
1.253000000000000000e+03
1.224000000000000000e+03
1.109000000000000000e+03
1.019000000000000000e+03
9.730000000000000000e+02
9.360000000000000000e+02
1.066000000000000000e+03
8.590000000000000000e+02
1.082000000000000000e+03
8.790000000000000000e+02
8.780000000000000000e+02
7.780000000000000000e+02
7.630000000000000000e+02
7.180000000000000000e+02
8.240000000000000000e+02
6.560000000000000000e+02
6.130000000000000000e+02
5.790000000000000000e+02
5.990000000000000000e+02
5.280000000000000000e+02
5.050000000000000000e+02
4.580000000000000000e+02
5.580000000000000000e+02
3.840000000000000000e+02
4.860000000000000000e+02
4.440000000000000000e+02
5.880000000000000000e+02
3.950000000000000000e+02
3.350000000000000000e+02
3.700000000000000000e+02
4.670000000000000000e+02
7.330000000000000000e+02
4.210000000000000000e+02
6.970000000000000000e+02
6.060000000000000000e+02
7.010000000000000000e+02
8.010000000000000000e+02
1.037000000000000000e+03
1.055000000000000000e+03
7.820000000000000000e+02
8.760000000000000000e+02
1.654000000000000000e+03
8.620000000000000000e+02
2.204000000000000000e+03
9.420000000000000000e+02
3.180000000000000000e+03
1.608000000000000000e+03
1.358000000000000000e+03
1.014000000000000000e+03
5.376000000000000000e+03
7.740000000000000000e+02
3.679000000000000000e+03
8.910000000000000000e+02
5.190000000000000000e+03
7.800000000000000000e+02
5.455000000000000000e+03
8.750000000000000000e+02
4.110000000000000000e+03
6.400000000000000000e+02
6.567000000000000000e+03
1.030000000000000000e+03
7.637000000000000000e+03
1.102000000000000000e+03
6.780000000000000000e+02
4.880000000000000000e+02
5.170000000000000000e+02
5.110000000000000000e+02
5.090000000000000000e+02
8.210000000000000000e+02
6.630000000000000000e+02
1.010000000000000000e+03
1.128000000000000000e+03
1.336000000000000000e+03
1.718000000000000000e+03
3.800000000000000000e+03
6.663000000000000000e+03
3.770000000000000000e+02
1.040000000000000000e+02
1.960000000000000000e+02
2.190000000000000000e+02
5.140000000000000000e+02
4.390000000000000000e+02
8.480000000000000000e+02
6.870000000000000000e+02
9.620000000000000000e+02
7.840000000000000000e+02
1.472000000000000000e+03
8.310000000000000000e+02
1.260000000000000000e+03
9.470000000000000000e+02
1.326000000000000000e+03
1.042000000000000000e+03
1.279000000000000000e+03
1.136000000000000000e+03
1.252000000000000000e+03
1.115000000000000000e+03
1.207000000000000000e+03
1.082000000000000000e+03
1.030000000000000000e+03
1.063000000000000000e+03
1.047000000000000000e+03
1.117000000000000000e+03
1.359000000000000000e+03
1.413000000000000000e+03
1.476000000000000000e+03
1.152000000000000000e+03
1.534000000000000000e+03
1.432000000000000000e+03
1.894000000000000000e+03
1.383000000000000000e+03
1.355000000000000000e+03
1.038000000000000000e+03
1.171000000000000000e+03
1.287000000000000000e+03
1.021000000000000000e+03
1.349000000000000000e+03
1.068000000000000000e+03
1.132000000000000000e+03
9.860000000000000000e+02
8.980000000000000000e+02
1.309000000000000000e+03
1.041000000000000000e+03
9.320000000000000000e+02
1.026000000000000000e+03
9.830000000000000000e+02
8.910000000000000000e+02
8.850000000000000000e+02
8.570000000000000000e+02
9.820000000000000000e+02
8.690000000000000000e+02
9.330000000000000000e+02
8.700000000000000000e+02
8.420000000000000000e+02
8.850000000000000000e+02
9.490000000000000000e+02
8.030000000000000000e+02
9.530000000000000000e+02
8.850000000000000000e+02
1.089000000000000000e+03
8.410000000000000000e+02
9.460000000000000000e+02
9.600000000000000000e+02
8.620000000000000000e+02
9.550000000000000000e+02
1.089000000000000000e+03
1.002000000000000000e+03
1.000000000000000000e+03
1.077000000000000000e+03
9.820000000000000000e+02
1.129000000000000000e+03
1.198000000000000000e+03
1.361000000000000000e+03
1.238000000000000000e+03
1.371000000000000000e+03
1.283000000000000000e+03
1.320000000000000000e+03
1.243000000000000000e+03
1.338000000000000000e+03
1.055000000000000000e+03
1.035000000000000000e+03
9.460000000000000000e+02
9.770000000000000000e+02
1.024000000000000000e+03
9.570000000000000000e+02
1.040000000000000000e+03
1.000000000000000000e+03
1.046000000000000000e+03
9.970000000000000000e+02
1.073000000000000000e+03
1.046000000000000000e+03
1.083000000000000000e+03
1.047000000000000000e+03
1.173000000000000000e+03
1.170000000000000000e+03
1.445000000000000000e+03
1.762000000000000000e+03
1.983000000000000000e+03
2.207000000000000000e+03
1.800000000000000000e+03
2.384000000000000000e+03
1.813000000000000000e+03
2.087000000000000000e+03
2.033000000000000000e+03
2.363000000000000000e+03
2.085000000000000000e+03
2.422000000000000000e+03
1.862000000000000000e+03
1.699000000000000000e+03
1.950000000000000000e+03
1.451000000000000000e+03
1.914000000000000000e+03
1.532000000000000000e+03
1.699000000000000000e+03
1.544000000000000000e+03
1.705000000000000000e+03
1.254000000000000000e+03
1.378000000000000000e+03
1.208000000000000000e+03
1.090000000000000000e+03
9.290000000000000000e+02
9.340000000000000000e+02
8.180000000000000000e+02
7.400000000000000000e+02
6.580000000000000000e+02
6.420000000000000000e+02
6.180000000000000000e+02
6.100000000000000000e+02
5.440000000000000000e+02
5.820000000000000000e+02
5.460000000000000000e+02
5.230000000000000000e+02
5.360000000000000000e+02
4.930000000000000000e+02
5.400000000000000000e+02
5.130000000000000000e+02
5.540000000000000000e+02
5.470000000000000000e+02
5.890000000000000000e+02
5.590000000000000000e+02
6.250000000000000000e+02
5.960000000000000000e+02
6.720000000000000000e+02
6.710000000000000000e+02
6.860000000000000000e+02
6.780000000000000000e+02
8.050000000000000000e+02
7.880000000000000000e+02
7.980000000000000000e+02
7.890000000000000000e+02
9.710000000000000000e+02
9.830000000000000000e+02
1.036000000000000000e+03
9.420000000000000000e+02
1.117000000000000000e+03
1.207000000000000000e+03
1.038000000000000000e+03
1.016000000000000000e+03
1.100000000000000000e+03
1.003000000000000000e+03
1.055000000000000000e+03
1.049000000000000000e+03
1.344000000000000000e+03
1.315000000000000000e+03
1.384000000000000000e+03
1.233000000000000000e+03
1.341000000000000000e+03
1.201000000000000000e+03
1.153000000000000000e+03
1.149000000000000000e+03
1.478000000000000000e+03
1.214000000000000000e+03
1.358000000000000000e+03
1.342000000000000000e+03
1.276000000000000000e+03
1.260000000000000000e+03
1.196000000000000000e+03
1.222000000000000000e+03
9.750000000000000000e+02
1.161000000000000000e+03
9.890000000000000000e+02
1.044000000000000000e+03
1.190000000000000000e+03
1.052000000000000000e+03
1.097000000000000000e+03
1.073000000000000000e+03
1.020000000000000000e+03
1.071000000000000000e+03
9.090000000000000000e+02
1.264000000000000000e+03
9.430000000000000000e+02
9.190000000000000000e+02
1.214000000000000000e+03
8.220000000000000000e+02
1.103000000000000000e+03
7.660000000000000000e+02
1.060000000000000000e+03
7.180000000000000000e+02
1.062000000000000000e+03
6.030000000000000000e+02
1.193000000000000000e+03
5.310000000000000000e+02
7.280000000000000000e+02
4.510000000000000000e+02
7.030000000000000000e+02
5.670000000000000000e+02
7.300000000000000000e+02
4.260000000000000000e+02
1.058000000000000000e+03
4.280000000000000000e+02
7.780000000000000000e+02
7.160000000000000000e+02
1.067000000000000000e+03
1.565000000000000000e+03
7.800000000000000000e+02
1.708000000000000000e+03
1.383000000000000000e+03
1.738000000000000000e+03
8.530000000000000000e+02
3.649000000000000000e+03
6.840000000000000000e+02
5.488000000000000000e+03
5.040000000000000000e+02
3.310000000000000000e+03
7.350000000000000000e+02
5.033000000000000000e+03
9.930000000000000000e+02
5.090000000000000000e+03
8.790000000000000000e+02
3.626000000000000000e+03
8.600000000000000000e+02
7.068000000000000000e+03
7.840000000000000000e+02
7.530000000000000000e+03
4.820000000000000000e+02
7.310000000000000000e+02
4.520000000000000000e+02
7.370000000000000000e+02
5.130000000000000000e+02
5.390000000000000000e+02
3.230000000000000000e+02
5.540000000000000000e+02
5.160000000000000000e+02
3.730000000000000000e+02
4.700000000000000000e+02
7.060000000000000000e+02
7.160000000000000000e+02
8.820000000000000000e+02
8.510000000000000000e+02
1.434000000000000000e+03
9.030000000000000000e+02
3.865000000000000000e+03
7.094000000000000000e+03
2.289500000000000000e+04
1.410000000000000000e+02
1.650000000000000000e+02
1.540000000000000000e+02
1.750000000000000000e+02
4.350000000000000000e+02
5.015000000000000000e+03
6.900000000000000000e+01
8.750000000000000000e+02
3.768000000000000000e+03
6.529000000000000000e+03
3.813000000000000000e+03
1.905000000000000000e+03
2.391100000000000000e+04
1.530300000000000000e+04
4.740000000000000000e+02
1.794000000000000000e+03
7.460000000000000000e+02
1.814000000000000000e+03
2.020000000000000000e+03
1.498000000000000000e+03
1.391400000000000000e+04
1.890000000000000000e+02
8.530000000000000000e+02
1.434000000000000000e+03
4.290000000000000000e+02
8.520000000000000000e+02
1.230000000000000000e+02
1.070000000000000000e+02
3.050000000000000000e+02
1.901000000000000000e+03
4.000000000000000000e+00
7.200000000000000000e+01
4.500000000000000000e+01
1.314000000000000000e+03
2.328000000000000000e+03
4.448400000000000000e+04
1.600000000000000000e+01
3.500000000000000000e+01
1.500000000000000000e+01
3.120000000000000000e+02
5.000000000000000000e+00
3.970000000000000000e+02
4.700000000000000000e+02
1.000000000000000000e+00
2.160000000000000000e+02
1.000000000000000000e+01
4.000000000000000000e+00
2.026000000000000000e+03
2.500000000000000000e+01
3.680000000000000000e+02
7.100000000000000000e+02
5.520000000000000000e+02
1.600000000000000000e+01
8.900000000000000000e+01
1.440000000000000000e+03
3.180000000000000000e+02
3.064000000000000000e+03
7.000000000000000000e+00
2.000000000000000000e+00
5.230000000000000000e+02
0.000000000000000000e+00
5.140000000000000000e+02
8.200000000000000000e+01
3.000000000000000000e+00
4.800000000000000000e+01
2.333000000000000000e+03
1.601000000000000000e+03
1.040000000000000000e+02
4.290000000000000000e+02
3.020000000000000000e+02
5.500000000000000000e+01
3.000000000000000000e+01
2.090000000000000000e+02
4.190000000000000000e+02
1.401000000000000000e+03
1.840000000000000000e+02
2.350000000000000000e+02
6.200000000000000000e+01
1.708000000000000000e+03
4.294000000000000000e+03
2.700000000000000000e+02
3.200000000000000000e+01
1.118500000000000000e+04
1.790000000000000000e+02
2.230000000000000000e+02
2.730000000000000000e+02
3.490000000000000000e+02
1.840000000000000000e+02
6.600000000000000000e+01
4.011000000000000000e+03
2.210000000000000000e+02
7.400000000000000000e+01
3.130000000000000000e+02
6.600000000000000000e+01
2.540000000000000000e+02
2.809000000000000000e+03
1.450000000000000000e+02
8.030000000000000000e+02
2.280000000000000000e+02
2.320000000000000000e+02
8.460000000000000000e+02
2.450000000000000000e+02
1.559000000000000000e+04
1.167900000000000000e+04
8.870000000000000000e+02
2.521000000000000000e+03
8.120000000000000000e+02
9.294000000000000000e+03
5.043000000000000000e+03
2.412000000000000000e+03
2.354400000000000000e+04
6.174000000000000000e+03
2.318000000000000000e+03
8.830000000000000000e+02
5.730000000000000000e+02
1.403000000000000000e+03
1.000000000000000000e+01
4.900000000000000000e+01
2.800000000000000000e+01
1.557000000000000000e+03
1.000000000000000000e+00
5.000000000000000000e+01
6.000000000000000000e+00
2.040000000000000000e+02
7.310000000000000000e+02
1.863000000000000000e+03
2.000000000000000000e+00
3.000000000000000000e+01
3.000000000000000000e+00
5.400000000000000000e+01
0.000000000000000000e+00
4.630000000000000000e+02
6.000000000000000000e+01
2.000000000000000000e+00
5.000000000000000000e+01
5.000000000000000000e+00
4.000000000000000000e+00
1.700000000000000000e+01
0.000000000000000000e+00
4.800000000000000000e+02
3.100000000000000000e+01
2.000000000000000000e+00
3.000000000000000000e+00
1.000000000000000000e+00
1.140000000000000000e+02
1.900000000000000000e+01
5.000000000000000000e+00
0.000000000000000000e+00
0.000000000000000000e+00
1.160000000000000000e+03
0.000000000000000000e+00
8.000000000000000000e+00
2.100000000000000000e+01
7.000000000000000000e+00
1.500000000000000000e+01
3.170000000000000000e+02
7.000000000000000000e+00
9.100000000000000000e+01
1.530000000000000000e+02
9.600000000000000000e+01
3.000000000000000000e+01
7.700000000000000000e+01
3.300000000000000000e+01
7.300000000000000000e+02
1.564000000000000000e+03
1.940000000000000000e+02
1.840000000000000000e+02
5.380000000000000000e+02
3.900000000000000000e+01
9.140000000000000000e+02
2.340000000000000000e+02
5.300000000000000000e+01
3.320000000000000000e+02
2.550000000000000000e+02
1.200000000000000000e+02
7.960000000000000000e+02
3.270000000000000000e+02
1.890000000000000000e+02
2.440000000000000000e+02
2.221100000000000000e+04
1.340000000000000000e+03
2.606000000000000000e+03
3.148000000000000000e+03
2.352000000000000000e+03
2.934600000000000000e+04
1.804200000000000000e+04
5.476000000000000000e+03
7.566000000000000000e+03
3.458000000000000000e+03
6.333000000000000000e+03
6.195000000000000000e+03
5.093000000000000000e+03
6.436000000000000000e+03
6.917000000000000000e+03
7.481000000000000000e+03
6.812000000000000000e+03
5.900000000000000000e+03
5.586000000000000000e+03
6.038000000000000000e+03
5.437000000000000000e+03
5.464000000000000000e+03
4.911000000000000000e+03
4.713000000000000000e+03
4.755000000000000000e+03
5.362000000000000000e+03
4.239000000000000000e+03
3.412000000000000000e+03
2.896000000000000000e+03
2.493000000000000000e+03
2.994000000000000000e+03
3.142000000000000000e+03
3.192000000000000000e+03
3.356000000000000000e+03
2.444000000000000000e+03
3.019000000000000000e+03
3.328000000000000000e+03
2.213000000000000000e+03
2.541000000000000000e+03
2.717000000000000000e+03
2.234000000000000000e+03
2.423000000000000000e+03
1.771000000000000000e+03
2.447000000000000000e+03
1.740000000000000000e+03
1.658000000000000000e+03
1.861000000000000000e+03
1.959000000000000000e+03
1.969000000000000000e+03
2.039000000000000000e+03
1.676000000000000000e+03
2.401000000000000000e+03
1.907000000000000000e+03
2.206000000000000000e+03
1.677000000000000000e+03
1.710000000000000000e+03
1.914000000000000000e+03
1.411000000000000000e+03
1.447000000000000000e+03
1.005000000000000000e+03
9.250000000000000000e+02
1.040000000000000000e+03
7.430000000000000000e+02
5.950000000000000000e+02
1.219000000000000000e+03
3.670000000000000000e+02
6.020000000000000000e+02
7.710000000000000000e+02
3.670000000000000000e+02
5.580000000000000000e+02
4.190000000000000000e+02
7.550000000000000000e+02
1.380000000000000000e+02
4.280000000000000000e+02
3.360000000000000000e+02
6.570000000000000000e+02
1.390000000000000000e+02
3.380000000000000000e+02
4.360000000000000000e+02
1.110000000000000000e+02
4.350000000000000000e+02
2.740000000000000000e+02
2.440000000000000000e+02
1.580000000000000000e+02
1.390000000000000000e+02
8.930000000000000000e+02
9.800000000000000000e+01
9.600000000000000000e+01
9.400000000000000000e+01
4.350000000000000000e+02
1.290000000000000000e+02
3.810000000000000000e+02
7.100000000000000000e+01
1.600000000000000000e+02
2.170000000000000000e+02
5.500000000000000000e+01
1.460000000000000000e+02
5.800000000000000000e+01
4.100000000000000000e+02
1.240000000000000000e+02
9.800000000000000000e+01
1.330000000000000000e+02
2.100000000000000000e+02
8.200000000000000000e+01
1.110000000000000000e+02
1.440000000000000000e+02
3.290000000000000000e+02
4.900000000000000000e+01
4.600000000000000000e+01
1.750000000000000000e+02
4.000000000000000000e+01
6.000000000000000000e+01
1.080000000000000000e+02
1.410000000000000000e+02
2.600000000000000000e+01
2.800000000000000000e+01
2.890000000000000000e+02
3.500000000000000000e+01
1.080000000000000000e+02
8.300000000000000000e+01
6.600000000000000000e+01
1.020000000000000000e+02
3.400000000000000000e+01
5.200000000000000000e+01
1.110000000000000000e+02
1.430000000000000000e+02
1.950000000000000000e+02
2.090000000000000000e+02
3.840000000000000000e+02
7.500000000000000000e+01
5.000000000000000000e+01
3.700000000000000000e+01
1.200000000000000000e+01
2.400000000000000000e+01
4.900000000000000000e+01
3.600000000000000000e+01
4.400000000000000000e+01
7.200000000000000000e+01
1.900000000000000000e+01
4.500000000000000000e+01
3.700000000000000000e+01
2.600000000000000000e+01
1.480000000000000000e+02
2.700000000000000000e+01
2.500000000000000000e+01
2.100000000000000000e+01
1.720000000000000000e+02
2.500000000000000000e+01
7.100000000000000000e+01
1.040000000000000000e+02
4.900000000000000000e+01
7.400000000000000000e+01
8.200000000000000000e+01
1.100000000000000000e+02
5.300000000000000000e+01
5.400000000000000000e+01
2.000000000000000000e+01
4.100000000000000000e+01
2.600000000000000000e+01
1.480000000000000000e+02
3.200000000000000000e+01
1.900000000000000000e+01
8.000000000000000000e+01
6.000000000000000000e+01
9.400000000000000000e+01
9.800000000000000000e+01
1.130000000000000000e+02
2.200000000000000000e+01
4.100000000000000000e+01
4.100000000000000000e+01
1.410000000000000000e+02
3.000000000000000000e+01
1.450000000000000000e+02
1.490000000000000000e+02
2.740000000000000000e+02
4.500000000000000000e+01
4.700000000000000000e+01
1.210000000000000000e+02
5.800000000000000000e+01
1.640000000000000000e+02
1.310000000000000000e+02
4.400000000000000000e+01
8.600000000000000000e+01
1.420000000000000000e+02
7.300000000000000000e+01
1.170000000000000000e+02
1.560000000000000000e+02
2.600000000000000000e+02
1.400000000000000000e+02
1.470000000000000000e+02
1.000000000000000000e+02
9.600000000000000000e+01
7.300000000000000000e+01
3.200000000000000000e+01
4.200000000000000000e+01
7.100000000000000000e+01
4.000000000000000000e+01
5.700000000000000000e+01
2.830000000000000000e+02
1.640000000000000000e+02
1.290000000000000000e+02
1.840000000000000000e+02
1.120000000000000000e+02
1.570000000000000000e+02
1.310000000000000000e+02
3.380000000000000000e+02
1.120000000000000000e+02
1.690000000000000000e+02
2.220000000000000000e+02
2.340000000000000000e+02
2.650000000000000000e+02
4.190000000000000000e+02
2.470000000000000000e+02
4.170000000000000000e+02
5.160000000000000000e+02
2.380000000000000000e+02
3.660000000000000000e+02
3.990000000000000000e+02
5.960000000000000000e+02
5.000000000000000000e+02
2.670000000000000000e+02
8.550000000000000000e+02
7.790000000000000000e+02
1.095000000000000000e+03
8.070000000000000000e+02
4.840000000000000000e+02
2.670000000000000000e+02
7.320000000000000000e+02
7.170000000000000000e+02
3.080000000000000000e+02
1.270000000000000000e+02
1.090000000000000000e+02
6.200000000000000000e+01
1.200000000000000000e+02
7.400000000000000000e+01
9.400000000000000000e+01
6.600000000000000000e+01
2.900000000000000000e+01
2.800000000000000000e+01
2.600000000000000000e+01
2.400000000000000000e+01
2.400000000000000000e+01
3.000000000000000000e+01
2.200000000000000000e+01
2.200000000000000000e+01
1.500000000000000000e+01
1.600000000000000000e+01
2.500000000000000000e+01
2.400000000000000000e+01
1.900000000000000000e+01
8.000000000000000000e+00
1.600000000000000000e+01
1.600000000000000000e+01
1.100000000000000000e+01
0.000000000000000000e+00
7.560000000000000000e+02
2.230000000000000000e+02
1.110000000000000000e+02
1.560000000000000000e+02
1.210000000000000000e+02
2.350000000000000000e+02
3.300000000000000000e+02
4.930000000000000000e+02
5.960000000000000000e+02
7.310000000000000000e+02
6.620000000000000000e+02
1.109000000000000000e+03
8.530000000000000000e+02
1.019000000000000000e+03
1.030000000000000000e+03
9.830000000000000000e+02
1.019000000000000000e+03
9.770000000000000000e+02
1.162000000000000000e+03
9.510000000000000000e+02
1.102000000000000000e+03
8.730000000000000000e+02
1.030000000000000000e+03
8.830000000000000000e+02
9.880000000000000000e+02
8.630000000000000000e+02
9.470000000000000000e+02
7.610000000000000000e+02
8.290000000000000000e+02
6.980000000000000000e+02
7.070000000000000000e+02
6.850000000000000000e+02
6.900000000000000000e+02
6.680000000000000000e+02
6.270000000000000000e+02
5.930000000000000000e+02
6.250000000000000000e+02
6.020000000000000000e+02
6.550000000000000000e+02
5.820000000000000000e+02
5.840000000000000000e+02
6.500000000000000000e+02
6.080000000000000000e+02
6.610000000000000000e+02
5.890000000000000000e+02
5.680000000000000000e+02
6.420000000000000000e+02
6.100000000000000000e+02
6.350000000000000000e+02
6.680000000000000000e+02
6.600000000000000000e+02
6.750000000000000000e+02
5.860000000000000000e+02
6.410000000000000000e+02
6.110000000000000000e+02
6.480000000000000000e+02
6.200000000000000000e+02
7.490000000000000000e+02
6.560000000000000000e+02
6.350000000000000000e+02
6.760000000000000000e+02
6.720000000000000000e+02
6.780000000000000000e+02
6.470000000000000000e+02
7.330000000000000000e+02
7.130000000000000000e+02
7.460000000000000000e+02
7.130000000000000000e+02
7.960000000000000000e+02
8.020000000000000000e+02
8.110000000000000000e+02
8.250000000000000000e+02
9.040000000000000000e+02
8.820000000000000000e+02
9.760000000000000000e+02
9.140000000000000000e+02
9.830000000000000000e+02
8.540000000000000000e+02
9.230000000000000000e+02
8.820000000000000000e+02
8.420000000000000000e+02
8.150000000000000000e+02
8.990000000000000000e+02
9.180000000000000000e+02
9.790000000000000000e+02
9.960000000000000000e+02
1.079000000000000000e+03
1.167000000000000000e+03
1.187000000000000000e+03
1.303000000000000000e+03
1.338000000000000000e+03
1.392000000000000000e+03
1.354000000000000000e+03
1.521000000000000000e+03
1.507000000000000000e+03
1.580000000000000000e+03
1.376000000000000000e+03
1.503000000000000000e+03
1.374000000000000000e+03
1.694000000000000000e+03
1.753000000000000000e+03
2.071000000000000000e+03
2.304000000000000000e+03
1.848000000000000000e+03
2.463000000000000000e+03
1.911000000000000000e+03
2.157000000000000000e+03
2.102000000000000000e+03
2.348000000000000000e+03
2.050000000000000000e+03
2.422000000000000000e+03
1.738000000000000000e+03
1.563000000000000000e+03
1.817000000000000000e+03
1.386000000000000000e+03
1.642000000000000000e+03
1.302000000000000000e+03
1.657000000000000000e+03
1.180000000000000000e+03
1.593000000000000000e+03
1.078000000000000000e+03
1.222000000000000000e+03
1.027000000000000000e+03
1.048000000000000000e+03
9.690000000000000000e+02
1.080000000000000000e+03
9.780000000000000000e+02
8.940000000000000000e+02
9.400000000000000000e+02
8.740000000000000000e+02
9.210000000000000000e+02
9.650000000000000000e+02
9.800000000000000000e+02
1.008000000000000000e+03
8.440000000000000000e+02
8.800000000000000000e+02
7.480000000000000000e+02
7.320000000000000000e+02
7.010000000000000000e+02
6.410000000000000000e+02
5.880000000000000000e+02
6.310000000000000000e+02
6.220000000000000000e+02
5.890000000000000000e+02
5.460000000000000000e+02
6.170000000000000000e+02
5.940000000000000000e+02
6.160000000000000000e+02
6.500000000000000000e+02
6.440000000000000000e+02
7.380000000000000000e+02
7.860000000000000000e+02
7.900000000000000000e+02
8.850000000000000000e+02
9.100000000000000000e+02
9.580000000000000000e+02
1.068000000000000000e+03
1.038000000000000000e+03
1.191000000000000000e+03
9.060000000000000000e+02
1.170000000000000000e+03
9.590000000000000000e+02
1.167000000000000000e+03
1.150000000000000000e+03
1.206000000000000000e+03
1.092000000000000000e+03
1.426000000000000000e+03
1.210000000000000000e+03
1.420000000000000000e+03
1.164000000000000000e+03
1.379000000000000000e+03
1.251000000000000000e+03
1.236000000000000000e+03
1.221000000000000000e+03
1.359000000000000000e+03
1.294000000000000000e+03
1.308000000000000000e+03
1.311000000000000000e+03
1.261000000000000000e+03
1.315000000000000000e+03
1.347000000000000000e+03
1.181000000000000000e+03
1.084000000000000000e+03
1.196000000000000000e+03
1.067000000000000000e+03
1.121000000000000000e+03
1.175000000000000000e+03
1.126000000000000000e+03
1.168000000000000000e+03
1.042000000000000000e+03
1.069000000000000000e+03
9.240000000000000000e+02
9.740000000000000000e+02
8.480000000000000000e+02
9.410000000000000000e+02
9.630000000000000000e+02
1.167000000000000000e+03
7.640000000000000000e+02
9.010000000000000000e+02
7.280000000000000000e+02
8.330000000000000000e+02
6.500000000000000000e+02
7.250000000000000000e+02
5.510000000000000000e+02
6.840000000000000000e+02
4.990000000000000000e+02
4.700000000000000000e+02
4.460000000000000000e+02
4.070000000000000000e+02
3.610000000000000000e+02
4.020000000000000000e+02
4.000000000000000000e+02
9.840000000000000000e+02
4.790000000000000000e+02
8.240000000000000000e+02
5.040000000000000000e+02
5.370000000000000000e+02
4.750000000000000000e+02
9.030000000000000000e+02
6.310000000000000000e+02
8.280000000000000000e+02
6.850000000000000000e+02
2.023000000000000000e+03
4.590000000000000000e+02
1.648000000000000000e+03
6.350000000000000000e+02
1.502000000000000000e+03
8.030000000000000000e+02
2.563000000000000000e+03
9.180000000000000000e+02
8.612000000000000000e+03
8.860000000000000000e+02
3.872000000000000000e+03
6.660000000000000000e+02
4.781000000000000000e+03
7.260000000000000000e+02
5.210000000000000000e+03
7.790000000000000000e+02
3.465000000000000000e+03
1.012000000000000000e+03
6.777000000000000000e+03
1.471000000000000000e+03
8.459000000000000000e+03
1.709000000000000000e+03
1.292000000000000000e+03
1.623000000000000000e+03
1.251000000000000000e+03
1.121000000000000000e+03
7.930000000000000000e+02
1.172000000000000000e+03
1.126000000000000000e+03
1.405000000000000000e+03
1.409000000000000000e+03
1.637000000000000000e+03
1.983000000000000000e+03
4.440000000000000000e+03
1.698600000000000000e+04
