8.781000000000000000e+03
2.368000000000000000e+03
1.487000000000000000e+03
2.234000000000000000e+03
2.147000000000000000e+03
2.130000000000000000e+03
2.385000000000000000e+03
2.610000000000000000e+03
2.533000000000000000e+03
2.715000000000000000e+03
2.923000000000000000e+03
3.443000000000000000e+03
3.764000000000000000e+03
2.999000000000000000e+03
2.659000000000000000e+03
2.446000000000000000e+03
2.332000000000000000e+03
2.292000000000000000e+03
2.400000000000000000e+03
2.292000000000000000e+03
2.418000000000000000e+03
2.533000000000000000e+03
2.600000000000000000e+03
2.672000000000000000e+03
2.723000000000000000e+03
2.955000000000000000e+03
2.864000000000000000e+03
2.952000000000000000e+03
3.032000000000000000e+03
3.124000000000000000e+03
3.225000000000000000e+03
3.543000000000000000e+03
3.808000000000000000e+03
4.102000000000000000e+03
4.100000000000000000e+03
4.533000000000000000e+03
4.884000000000000000e+03
5.104000000000000000e+03
5.423000000000000000e+03
5.746000000000000000e+03
7.552000000000000000e+03
7.504000000000000000e+03
9.492000000000000000e+03
1.265000000000000000e+04
9.747000000000000000e+03
8.054000000000000000e+03
7.884000000000000000e+03
9.185000000000000000e+03
1.128200000000000000e+04
1.103900000000000000e+04
1.052900000000000000e+04
1.095100000000000000e+04
9.687000000000000000e+03
9.852000000000000000e+03
9.559000000000000000e+03
1.020300000000000000e+04
9.822000000000000000e+03
9.627000000000000000e+03
9.723000000000000000e+03
1.040000000000000000e+04
1.010600000000000000e+04
1.011400000000000000e+04
9.970000000000000000e+03
1.065800000000000000e+04
9.958000000000000000e+03
9.519000000000000000e+03
9.002000000000000000e+03
8.361000000000000000e+03
7.770000000000000000e+03
7.465000000000000000e+03
6.818000000000000000e+03
6.407000000000000000e+03
6.194000000000000000e+03
5.903000000000000000e+03
5.573000000000000000e+03
5.289000000000000000e+03
5.012000000000000000e+03
4.737000000000000000e+03
4.498000000000000000e+03
4.139000000000000000e+03
3.984000000000000000e+03
3.678000000000000000e+03
3.646000000000000000e+03
3.489000000000000000e+03
3.404000000000000000e+03
3.459000000000000000e+03
3.409000000000000000e+03
3.512000000000000000e+03
3.607000000000000000e+03
3.531000000000000000e+03
3.453000000000000000e+03
3.602000000000000000e+03
3.541000000000000000e+03
3.547000000000000000e+03
3.843000000000000000e+03
3.790000000000000000e+03
3.783000000000000000e+03
3.808000000000000000e+03
3.725000000000000000e+03
3.772000000000000000e+03
3.503000000000000000e+03
3.641000000000000000e+03
3.619000000000000000e+03
3.621000000000000000e+03
3.514000000000000000e+03
3.485000000000000000e+03
3.427000000000000000e+03
3.539000000000000000e+03
3.369000000000000000e+03
3.320000000000000000e+03
3.274000000000000000e+03
3.207000000000000000e+03
3.126000000000000000e+03
3.341000000000000000e+03
3.052000000000000000e+03
3.120000000000000000e+03
3.062000000000000000e+03
3.170000000000000000e+03
3.009000000000000000e+03
3.108000000000000000e+03
3.047000000000000000e+03
3.017000000000000000e+03
3.123000000000000000e+03
3.148000000000000000e+03
3.103000000000000000e+03
3.090000000000000000e+03
3.176000000000000000e+03
3.054000000000000000e+03
3.058000000000000000e+03
3.162000000000000000e+03
3.150000000000000000e+03
3.126000000000000000e+03
3.344000000000000000e+03
3.483000000000000000e+03
3.635000000000000000e+03
3.726000000000000000e+03
3.964000000000000000e+03
4.269000000000000000e+03
4.542000000000000000e+03
4.736000000000000000e+03
5.034000000000000000e+03
5.193000000000000000e+03
5.318000000000000000e+03
5.290000000000000000e+03
5.476000000000000000e+03
5.409000000000000000e+03
5.377000000000000000e+03
5.144000000000000000e+03
5.232000000000000000e+03
5.310000000000000000e+03
5.376000000000000000e+03
5.350000000000000000e+03
5.242000000000000000e+03
5.470000000000000000e+03
5.469000000000000000e+03
5.734000000000000000e+03
6.100000000000000000e+03
6.353000000000000000e+03
6.644000000000000000e+03
6.922000000000000000e+03
7.280000000000000000e+03
8.238000000000000000e+03
8.488000000000000000e+03
8.885000000000000000e+03
9.285000000000000000e+03
1.130400000000000000e+04
1.163200000000000000e+04
1.158600000000000000e+04
1.226500000000000000e+04
1.162600000000000000e+04
1.149600000000000000e+04
1.197500000000000000e+04
1.235600000000000000e+04
1.187600000000000000e+04
1.141700000000000000e+04
1.069600000000000000e+04
1.091700000000000000e+04
1.104000000000000000e+04
1.052600000000000000e+04
1.028200000000000000e+04
1.016000000000000000e+04
9.819000000000000000e+03
9.555000000000000000e+03
9.381000000000000000e+03
9.205000000000000000e+03
9.064000000000000000e+03
9.068000000000000000e+03
9.267000000000000000e+03
9.583000000000000000e+03
9.868000000000000000e+03
9.986000000000000000e+03
9.988000000000000000e+03
1.039900000000000000e+04
1.078500000000000000e+04
1.074500000000000000e+04
1.108000000000000000e+04
1.133400000000000000e+04
1.141800000000000000e+04
1.172900000000000000e+04
1.192200000000000000e+04
1.218100000000000000e+04
1.249700000000000000e+04
1.257400000000000000e+04
1.301500000000000000e+04
1.342300000000000000e+04
1.331100000000000000e+04
1.382700000000000000e+04
1.384700000000000000e+04
1.421400000000000000e+04
1.455600000000000000e+04
1.495000000000000000e+04
1.502800000000000000e+04
1.546200000000000000e+04
1.562400000000000000e+04
1.586000000000000000e+04
1.602000000000000000e+04
1.603900000000000000e+04
1.650900000000000000e+04
1.660700000000000000e+04
1.685100000000000000e+04
1.727100000000000000e+04
1.773500000000000000e+04
1.788900000000000000e+04
1.820100000000000000e+04
1.905700000000000000e+04
1.933400000000000000e+04
1.965100000000000000e+04
2.037900000000000000e+04
2.127300000000000000e+04
2.170900000000000000e+04
2.267800000000000000e+04
2.360200000000000000e+04
2.430900000000000000e+04
2.442300000000000000e+04
2.455100000000000000e+04
2.345800000000000000e+04
2.261800000000000000e+04
2.099400000000000000e+04
1.989800000000000000e+04
1.844100000000000000e+04
1.711200000000000000e+04
1.564200000000000000e+04
1.428900000000000000e+04
1.262100000000000000e+04
1.141300000000000000e+04
1.037200000000000000e+04
9.152000000000000000e+03
8.445000000000000000e+03
7.560000000000000000e+03
6.946000000000000000e+03
5.514000000000000000e+03
5.667000000000000000e+03
5.244000000000000000e+03
3.787000000000000000e+03
4.047000000000000000e+03
1.739500000000000000e+04
6.914100000000000000e+04
1.908800000000000000e+04
1.137900000000000000e+04
8.874000000000000000e+03
7.611000000000000000e+03
7.288000000000000000e+03
8.014000000000000000e+03
7.534000000000000000e+03
7.987000000000000000e+03
9.140000000000000000e+03
1.023400000000000000e+04
1.297200000000000000e+04
1.443300000000000000e+04
2.107700000000000000e+04
1.663200000000000000e+04
1.446900000000000000e+04
1.297200000000000000e+04
1.199500000000000000e+04
1.122700000000000000e+04
1.183400000000000000e+04
1.223000000000000000e+04
1.429800000000000000e+04
1.139300000000000000e+04
1.115000000000000000e+04
1.023100000000000000e+04
9.041000000000000000e+03
8.665000000000000000e+03
9.052000000000000000e+03
8.534000000000000000e+03
9.103000000000000000e+03
9.782000000000000000e+03
1.060500000000000000e+04
1.163300000000000000e+04
1.113200000000000000e+04
1.158000000000000000e+04
1.156900000000000000e+04
1.043200000000000000e+04
1.011400000000000000e+04
1.011500000000000000e+04
1.065000000000000000e+04
1.095300000000000000e+04
1.102100000000000000e+04
1.094000000000000000e+04
1.086100000000000000e+04
1.037500000000000000e+04
9.655000000000000000e+03
9.067000000000000000e+03
8.157000000000000000e+03
7.643000000000000000e+03
7.177000000000000000e+03
6.624000000000000000e+03
6.469000000000000000e+03
6.319000000000000000e+03
5.998000000000000000e+03
5.986000000000000000e+03
5.906000000000000000e+03
5.663000000000000000e+03
5.745000000000000000e+03
5.495000000000000000e+03
5.501000000000000000e+03
5.337000000000000000e+03
5.367000000000000000e+03
5.319000000000000000e+03
5.484000000000000000e+03
5.459000000000000000e+03
5.490000000000000000e+03
5.421000000000000000e+03
5.556000000000000000e+03
5.415000000000000000e+03
5.143000000000000000e+03
5.016000000000000000e+03
4.741000000000000000e+03
4.528000000000000000e+03
4.233000000000000000e+03
4.062000000000000000e+03
4.012000000000000000e+03
3.918000000000000000e+03
3.788000000000000000e+03
3.761000000000000000e+03
3.545000000000000000e+03
3.615000000000000000e+03
3.490000000000000000e+03
3.694000000000000000e+03
3.528000000000000000e+03
3.540000000000000000e+03
3.511000000000000000e+03
3.543000000000000000e+03
3.451000000000000000e+03
3.471000000000000000e+03
3.421000000000000000e+03
3.414000000000000000e+03
3.376000000000000000e+03
3.229000000000000000e+03
3.372000000000000000e+03
3.327000000000000000e+03
3.380000000000000000e+03
3.618000000000000000e+03
3.526000000000000000e+03
3.653000000000000000e+03
3.825000000000000000e+03
3.949000000000000000e+03
4.282000000000000000e+03
4.443000000000000000e+03
4.684000000000000000e+03
4.464000000000000000e+03
4.546000000000000000e+03
4.630000000000000000e+03
4.571000000000000000e+03
4.685000000000000000e+03
4.481000000000000000e+03
4.477000000000000000e+03
4.470000000000000000e+03
4.304000000000000000e+03
4.236000000000000000e+03
4.190000000000000000e+03
3.982000000000000000e+03
3.968000000000000000e+03
3.944000000000000000e+03
3.963000000000000000e+03
3.767000000000000000e+03
3.989000000000000000e+03
4.080000000000000000e+03
4.210000000000000000e+03
4.225000000000000000e+03
4.180000000000000000e+03
4.301000000000000000e+03
4.274000000000000000e+03
4.229000000000000000e+03
4.194000000000000000e+03
4.162000000000000000e+03
4.393000000000000000e+03
4.465000000000000000e+03
4.796000000000000000e+03
4.976000000000000000e+03
5.265000000000000000e+03
5.110000000000000000e+03
5.293000000000000000e+03
5.432000000000000000e+03
5.298000000000000000e+03
5.179000000000000000e+03
5.161000000000000000e+03
5.149000000000000000e+03
5.114000000000000000e+03
5.191000000000000000e+03
5.233000000000000000e+03
5.146000000000000000e+03
5.292000000000000000e+03
5.496000000000000000e+03
5.768000000000000000e+03
5.732000000000000000e+03
5.985000000000000000e+03
6.178000000000000000e+03
6.285000000000000000e+03
6.373000000000000000e+03
6.625000000000000000e+03
6.688000000000000000e+03
6.771000000000000000e+03
7.028000000000000000e+03
7.241000000000000000e+03
7.541000000000000000e+03
7.549000000000000000e+03
7.822000000000000000e+03
8.015000000000000000e+03
8.218000000000000000e+03
8.538000000000000000e+03
8.963000000000000000e+03
9.426000000000000000e+03
9.805000000000000000e+03
1.011600000000000000e+04
1.055300000000000000e+04
1.083000000000000000e+04
1.087400000000000000e+04
1.117300000000000000e+04
1.141900000000000000e+04
1.153700000000000000e+04
1.194400000000000000e+04
1.201700000000000000e+04
1.212300000000000000e+04
1.236100000000000000e+04
1.237800000000000000e+04
1.230400000000000000e+04
1.270100000000000000e+04
1.285800000000000000e+04
1.289900000000000000e+04
1.277700000000000000e+04
1.308100000000000000e+04
1.374100000000000000e+04
1.379300000000000000e+04
1.409500000000000000e+04
1.455400000000000000e+04
1.509200000000000000e+04
1.556400000000000000e+04
1.593400000000000000e+04
1.608700000000000000e+04
1.687900000000000000e+04
1.677700000000000000e+04
1.728100000000000000e+04
1.745400000000000000e+04
1.768500000000000000e+04
1.849600000000000000e+04
1.863500000000000000e+04
1.857300000000000000e+04
1.856800000000000000e+04
1.844800000000000000e+04
1.847700000000000000e+04
1.839900000000000000e+04
1.833100000000000000e+04
1.833200000000000000e+04
1.816600000000000000e+04
1.803500000000000000e+04
1.756700000000000000e+04
1.683300000000000000e+04
1.628100000000000000e+04
1.508400000000000000e+04
1.370900000000000000e+04
1.265300000000000000e+04
1.173600000000000000e+04
1.092000000000000000e+04
1.009100000000000000e+04
9.241000000000000000e+03
8.563000000000000000e+03
7.642000000000000000e+03
7.116000000000000000e+03
6.217000000000000000e+03
5.920000000000000000e+03
5.376000000000000000e+03
5.074000000000000000e+03
4.581000000000000000e+03
4.310000000000000000e+03
3.929000000000000000e+03
3.621000000000000000e+03
3.321000000000000000e+03
3.028000000000000000e+03
2.781000000000000000e+03
2.489000000000000000e+03
2.425000000000000000e+03
2.208000000000000000e+03
2.054000000000000000e+03
2.024000000000000000e+03
1.855000000000000000e+03
1.742000000000000000e+03
1.711000000000000000e+03
1.678000000000000000e+03
1.569000000000000000e+03
1.594000000000000000e+03
1.623000000000000000e+03
1.495000000000000000e+03
1.684000000000000000e+03
1.822000000000000000e+03
1.918000000000000000e+03
2.140000000000000000e+03
2.449000000000000000e+03
2.528000000000000000e+03
2.756000000000000000e+03
3.173000000000000000e+03
1.096400000000000000e+04
1.007500000000000000e+04
2.752000000000000000e+03
5.191000000000000000e+03
7.196000000000000000e+03
1.307800000000000000e+04
2.021200000000000000e+04
1.465300000000000000e+04
1.418900000000000000e+04
1.245700000000000000e+04
1.353900000000000000e+04
1.439800000000000000e+04
1.538700000000000000e+04
1.718100000000000000e+04
1.783700000000000000e+04
1.940700000000000000e+04
2.069800000000000000e+04
2.327900000000000000e+04
2.495500000000000000e+04
2.516500000000000000e+04
2.380900000000000000e+04
2.322500000000000000e+04
2.145600000000000000e+04
2.022600000000000000e+04
1.980500000000000000e+04
1.850200000000000000e+04
1.754000000000000000e+04
1.620900000000000000e+04
1.541900000000000000e+04
1.410600000000000000e+04
1.316000000000000000e+04
1.173200000000000000e+04
1.051100000000000000e+04
1.011400000000000000e+04
9.334000000000000000e+03
8.674000000000000000e+03
8.237000000000000000e+03
7.689000000000000000e+03
7.220000000000000000e+03
7.024000000000000000e+03
6.897000000000000000e+03
6.543000000000000000e+03
6.359000000000000000e+03
6.163000000000000000e+03
6.212000000000000000e+03
6.150000000000000000e+03
5.954000000000000000e+03
6.067000000000000000e+03
5.968000000000000000e+03
5.698000000000000000e+03
5.661000000000000000e+03
5.485000000000000000e+03
5.528000000000000000e+03
5.365000000000000000e+03
5.337000000000000000e+03
5.184000000000000000e+03
4.813000000000000000e+03
4.782000000000000000e+03
4.755000000000000000e+03
4.672000000000000000e+03
4.532000000000000000e+03
4.359000000000000000e+03
4.465000000000000000e+03
4.182000000000000000e+03
4.128000000000000000e+03
4.341000000000000000e+03
4.260000000000000000e+03
4.164000000000000000e+03
4.212000000000000000e+03
4.091000000000000000e+03
4.020000000000000000e+03
4.139000000000000000e+03
4.219000000000000000e+03
4.041000000000000000e+03
4.121000000000000000e+03
3.984000000000000000e+03
4.098000000000000000e+03
4.088000000000000000e+03
4.125000000000000000e+03
4.201000000000000000e+03
4.268000000000000000e+03
4.246000000000000000e+03
4.126000000000000000e+03
4.321000000000000000e+03
4.374000000000000000e+03
4.470000000000000000e+03
4.514000000000000000e+03
4.524000000000000000e+03
4.481000000000000000e+03
4.561000000000000000e+03
4.411000000000000000e+03
4.314000000000000000e+03
4.303000000000000000e+03
4.440000000000000000e+03
4.289000000000000000e+03
4.348000000000000000e+03
4.373000000000000000e+03
4.512000000000000000e+03
4.358000000000000000e+03
4.470000000000000000e+03
4.544000000000000000e+03
4.551000000000000000e+03
4.548000000000000000e+03
4.673000000000000000e+03
4.769000000000000000e+03
5.028000000000000000e+03
4.954000000000000000e+03
5.108000000000000000e+03
5.253000000000000000e+03
5.179000000000000000e+03
5.355000000000000000e+03
5.383000000000000000e+03
5.455000000000000000e+03
5.551000000000000000e+03
5.663000000000000000e+03
5.927000000000000000e+03
5.872000000000000000e+03
6.172000000000000000e+03
6.275000000000000000e+03
6.277000000000000000e+03
6.354000000000000000e+03
6.505000000000000000e+03
6.709000000000000000e+03
6.831000000000000000e+03
7.023000000000000000e+03
7.244000000000000000e+03
7.266000000000000000e+03
7.536000000000000000e+03
7.818000000000000000e+03
7.859000000000000000e+03
7.987000000000000000e+03
8.314000000000000000e+03
8.698000000000000000e+03
8.879000000000000000e+03
8.917000000000000000e+03
9.042000000000000000e+03
9.334000000000000000e+03
9.555000000000000000e+03
9.556000000000000000e+03
9.711000000000000000e+03
9.748000000000000000e+03
9.771000000000000000e+03
9.912000000000000000e+03
9.782000000000000000e+03
9.906000000000000000e+03
9.866000000000000000e+03
9.728000000000000000e+03
9.660000000000000000e+03
9.731000000000000000e+03
9.928000000000000000e+03
9.772000000000000000e+03
9.710000000000000000e+03
9.392000000000000000e+03
9.666000000000000000e+03
9.738000000000000000e+03
9.643000000000000000e+03
9.704000000000000000e+03
9.755000000000000000e+03
9.803000000000000000e+03
9.709000000000000000e+03
9.889000000000000000e+03
9.805000000000000000e+03
1.014500000000000000e+04
1.014900000000000000e+04
1.028600000000000000e+04
1.036100000000000000e+04
1.069800000000000000e+04
1.079300000000000000e+04
1.091800000000000000e+04
1.115200000000000000e+04
1.114400000000000000e+04
1.119900000000000000e+04
1.130300000000000000e+04
1.136900000000000000e+04
1.133200000000000000e+04
1.129900000000000000e+04
1.168900000000000000e+04
1.152500000000000000e+04
1.171200000000000000e+04
1.158300000000000000e+04
1.159800000000000000e+04
1.202400000000000000e+04
1.188900000000000000e+04
1.222200000000000000e+04
1.229000000000000000e+04
1.240000000000000000e+04
1.240700000000000000e+04
1.254900000000000000e+04
1.255400000000000000e+04
1.249300000000000000e+04
1.280300000000000000e+04
1.268000000000000000e+04
1.246800000000000000e+04
1.272300000000000000e+04
1.222400000000000000e+04
1.223500000000000000e+04
1.214200000000000000e+04
1.177300000000000000e+04
1.168200000000000000e+04
1.115300000000000000e+04
1.132500000000000000e+04
1.086600000000000000e+04
1.057800000000000000e+04
1.033000000000000000e+04
9.996000000000000000e+03
9.432000000000000000e+03
9.213000000000000000e+03
8.958000000000000000e+03
8.627000000000000000e+03
8.462000000000000000e+03
8.179000000000000000e+03
8.160000000000000000e+03
8.027000000000000000e+03
7.670000000000000000e+03
7.378000000000000000e+03
7.058000000000000000e+03
6.864000000000000000e+03
6.498000000000000000e+03
6.164000000000000000e+03
5.952000000000000000e+03
5.829000000000000000e+03
5.556000000000000000e+03
5.306000000000000000e+03
5.301000000000000000e+03
5.281000000000000000e+03
5.091000000000000000e+03
4.977000000000000000e+03
4.484000000000000000e+03
4.216000000000000000e+03
3.886000000000000000e+03
3.746000000000000000e+03
3.465000000000000000e+03
3.166000000000000000e+03
2.704000000000000000e+03
2.545000000000000000e+03
2.249000000000000000e+03
2.073000000000000000e+03
1.987000000000000000e+03
1.719000000000000000e+03
1.649000000000000000e+03
1.641000000000000000e+03
1.589000000000000000e+03
1.530000000000000000e+03
1.570000000000000000e+03
1.609000000000000000e+03
1.739000000000000000e+03
1.641000000000000000e+03
1.884000000000000000e+03
1.859000000000000000e+03
2.127000000000000000e+03
2.087000000000000000e+03
2.534000000000000000e+03
2.720000000000000000e+03
1.979000000000000000e+03
2.993000000000000000e+03
1.698000000000000000e+03
1.146700000000000000e+04
5.448700000000000000e+04
1.026400000000000000e+04
5.778000000000000000e+03
4.099000000000000000e+03
4.562000000000000000e+03
8.605000000000000000e+03
3.149000000000000000e+04
9.853000000000000000e+03
1.840000000000000000e+04
2.678000000000000000e+04
8.570500000000000000e+04
5.190800000000000000e+04
5.802000000000000000e+04
9.032300000000000000e+04
8.503800000000000000e+04
1.274130000000000000e+05
1.345090000000000000e+05
1.062430000000000000e+05
5.667900000000000000e+04
2.954400000000000000e+04
3.260600000000000000e+04
1.414900000000000000e+04
8.840000000000000000e+03
6.353000000000000000e+03
3.804700000000000000e+04
1.493000000000000000e+04
4.901000000000000000e+03
9.880000000000000000e+02
9.270000000000000000e+02
8.290000000000000000e+02
3.848700000000000000e+04
2.860000000000000000e+02
1.645000000000000000e+03
4.610000000000000000e+02
8.926000000000000000e+03
1.475700000000000000e+04
2.128200000000000000e+04
5.380000000000000000e+02
1.073000000000000000e+03
6.980000000000000000e+02
1.262000000000000000e+03
4.700000000000000000e+02
3.663000000000000000e+03
2.002000000000000000e+03
2.360000000000000000e+02
8.530000000000000000e+02
3.120000000000000000e+02
1.490000000000000000e+02
1.205000000000000000e+03
8.800000000000000000e+01
4.257000000000000000e+03
1.701000000000000000e+03
2.270000000000000000e+02
1.700000000000000000e+02
1.130000000000000000e+02
3.036000000000000000e+03
4.420000000000000000e+02
1.120000000000000000e+02
3.900000000000000000e+01
3.200000000000000000e+01
1.179000000000000000e+03
1.900000000000000000e+01
4.200000000000000000e+01
2.030000000000000000e+02
4.500000000000000000e+01
1.080000000000000000e+02
7.584000000000000000e+03
1.030000000000000000e+02
2.320000000000000000e+02
1.930000000000000000e+02
1.657000000000000000e+03
9.100000000000000000e+01
1.290000000000000000e+02
6.140000000000000000e+02
4.790000000000000000e+02
7.523000000000000000e+03
2.220000000000000000e+02
2.190000000000000000e+02
1.500000000000000000e+02
6.510000000000000000e+02
4.119000000000000000e+03
3.350000000000000000e+02
3.780000000000000000e+02
7.759000000000000000e+03
1.055000000000000000e+03
9.170000000000000000e+02
4.550000000000000000e+02
2.882000000000000000e+03
6.230000000000000000e+02
5.510000000000000000e+02
1.597100000000000000e+04
8.860000000000000000e+02
1.517000000000000000e+03
2.505000000000000000e+03
2.656000000000000000e+03
7.454000000000000000e+03
2.600400000000000000e+04
7.095000000000000000e+03
1.946200000000000000e+04
1.134800000000000000e+04
1.081000000000000000e+04
3.661600000000000000e+04
1.910600000000000000e+04
5.669200000000000000e+04
1.857700000000000000e+04
2.385300000000000000e+04
1.563800000000000000e+04
1.249900000000000000e+04
5.568000000000000000e+03
1.199700000000000000e+04
1.323300000000000000e+04
1.032700000000000000e+04
5.348000000000000000e+03
4.223000000000000000e+03
7.236000000000000000e+03
3.538000000000000000e+03
4.052000000000000000e+03
6.170000000000000000e+02
8.370000000000000000e+02
5.110000000000000000e+02
1.549400000000000000e+04
7.200000000000000000e+01
1.177000000000000000e+03
5.270000000000000000e+02
2.621000000000000000e+03
5.214000000000000000e+03
5.208000000000000000e+03
3.790000000000000000e+02
2.858000000000000000e+03
1.146000000000000000e+03
2.334000000000000000e+03
1.400000000000000000e+02
8.755000000000000000e+03
4.230000000000000000e+03
1.390000000000000000e+02
2.764000000000000000e+03
3.960000000000000000e+02
8.200000000000000000e+01
1.456000000000000000e+03
1.250000000000000000e+02
1.485000000000000000e+04
1.045000000000000000e+03
4.090000000000000000e+02
2.590000000000000000e+02
3.150000000000000000e+02
1.375000000000000000e+03
6.010000000000000000e+02
2.520000000000000000e+02
1.670000000000000000e+02
7.600000000000000000e+01
1.942000000000000000e+03
7.000000000000000000e+01
1.830000000000000000e+02
3.380000000000000000e+02
1.140000000000000000e+02
2.720000000000000000e+02
2.639000000000000000e+03
2.920000000000000000e+02
2.920000000000000000e+02
4.010000000000000000e+02
1.300000000000000000e+03
3.320000000000000000e+02
4.580000000000000000e+02
8.580000000000000000e+02
1.250000000000000000e+03
1.359800000000000000e+04
1.640000000000000000e+03
2.697000000000000000e+03
4.420000000000000000e+03
7.424000000000000000e+03
1.051700000000000000e+04
1.553800000000000000e+04
1.922100000000000000e+04
3.198300000000000000e+04
2.788100000000000000e+04
2.942200000000000000e+04
4.187200000000000000e+04
4.383000000000000000e+04
4.375500000000000000e+04
6.711000000000000000e+04
1.225400000000000000e+04
1.119000000000000000e+03
2.027100000000000000e+04
2.680400000000000000e+04
2.571500000000000000e+04
1.877900000000000000e+04
5.617300000000000000e+04
4.278200000000000000e+04
3.484200000000000000e+04
3.387200000000000000e+04
2.833500000000000000e+04
1.759900000000000000e+04
1.205700000000000000e+04
1.125300000000000000e+04
9.683000000000000000e+03
8.751000000000000000e+03
7.424000000000000000e+03
6.428000000000000000e+03
6.429000000000000000e+03
5.896000000000000000e+03
6.024000000000000000e+03
5.621000000000000000e+03
5.029000000000000000e+03
5.455000000000000000e+03
4.866000000000000000e+03
4.329000000000000000e+03
5.321000000000000000e+03
4.800000000000000000e+03
4.969000000000000000e+03
4.743000000000000000e+03
4.667000000000000000e+03
4.973000000000000000e+03
4.965000000000000000e+03
5.038000000000000000e+03
5.295000000000000000e+03
5.230000000000000000e+03
6.538000000000000000e+03
4.526000000000000000e+03
5.899000000000000000e+03
5.724000000000000000e+03
6.403000000000000000e+03
5.959000000000000000e+03
6.442000000000000000e+03
7.540000000000000000e+03
8.504000000000000000e+03
7.930000000000000000e+03
7.751000000000000000e+03
7.708000000000000000e+03
7.919000000000000000e+03
9.463000000000000000e+03
7.638000000000000000e+03
1.001400000000000000e+04
8.868000000000000000e+03
9.532000000000000000e+03
8.842000000000000000e+03
9.574000000000000000e+03
8.803000000000000000e+03
9.774000000000000000e+03
9.748000000000000000e+03
9.946000000000000000e+03
1.013600000000000000e+04
1.070300000000000000e+04
1.094300000000000000e+04
1.069300000000000000e+04
1.019600000000000000e+04
1.039200000000000000e+04
9.846000000000000000e+03
9.808000000000000000e+03
1.017200000000000000e+04
9.679000000000000000e+03
1.059100000000000000e+04
9.963000000000000000e+03
1.004300000000000000e+04
1.067400000000000000e+04
1.022300000000000000e+04
1.055200000000000000e+04
1.034300000000000000e+04
1.122900000000000000e+04
1.083700000000000000e+04
9.993000000000000000e+03
1.032700000000000000e+04
1.073200000000000000e+04
1.022100000000000000e+04
1.016500000000000000e+04
9.721000000000000000e+03
1.256700000000000000e+04
9.404000000000000000e+03
9.777000000000000000e+03
1.003400000000000000e+04
1.017600000000000000e+04
1.029200000000000000e+04
1.007900000000000000e+04
9.967000000000000000e+03
9.991000000000000000e+03
1.035000000000000000e+04
9.995000000000000000e+03
1.022500000000000000e+04
9.194000000000000000e+03
9.881000000000000000e+03
9.586000000000000000e+03
9.610000000000000000e+03
8.830000000000000000e+03
9.359000000000000000e+03
8.749000000000000000e+03
8.978000000000000000e+03
8.781000000000000000e+03
9.045000000000000000e+03
8.739000000000000000e+03
8.847000000000000000e+03
9.634000000000000000e+03
8.255000000000000000e+03
8.915000000000000000e+03
8.735000000000000000e+03
9.347000000000000000e+03
8.350000000000000000e+03
8.208000000000000000e+03
8.316000000000000000e+03
8.234000000000000000e+03
8.408000000000000000e+03
8.474000000000000000e+03
8.301000000000000000e+03
8.666000000000000000e+03
8.327000000000000000e+03
8.315000000000000000e+03
8.188000000000000000e+03
8.378000000000000000e+03
8.625000000000000000e+03
7.070000000000000000e+03
9.306000000000000000e+03
8.990000000000000000e+03
8.312000000000000000e+03
8.190000000000000000e+03
8.118000000000000000e+03
8.765000000000000000e+03
8.662000000000000000e+03
8.965000000000000000e+03
8.649000000000000000e+03
8.516000000000000000e+03
9.464000000000000000e+03
8.309000000000000000e+03
8.923000000000000000e+03
8.429000000000000000e+03
8.876000000000000000e+03
8.272000000000000000e+03
7.395000000000000000e+03
7.566000000000000000e+03
8.556000000000000000e+03
7.558000000000000000e+03
8.271000000000000000e+03
7.477000000000000000e+03
6.789000000000000000e+03
7.322000000000000000e+03
6.254000000000000000e+03
8.926000000000000000e+03
6.296000000000000000e+03
7.020000000000000000e+03
8.262000000000000000e+03
4.746000000000000000e+03
9.446000000000000000e+03
5.475000000000000000e+03
5.888000000000000000e+03
7.104000000000000000e+03
5.913000000000000000e+03
4.729000000000000000e+03
6.743000000000000000e+03
5.348000000000000000e+03
5.135000000000000000e+03
7.139000000000000000e+03
3.704000000000000000e+03
3.925000000000000000e+03
9.787000000000000000e+03
3.967000000000000000e+03
3.079000000000000000e+03
6.505000000000000000e+03
4.647000000000000000e+03
3.019000000000000000e+03
4.246000000000000000e+03
5.666000000000000000e+03
2.659000000000000000e+03
5.062000000000000000e+03
5.220000000000000000e+03
2.688000000000000000e+03
4.502000000000000000e+03
3.457000000000000000e+03
4.375000000000000000e+03
4.302000000000000000e+03
2.952000000000000000e+03
3.621000000000000000e+03
4.287000000000000000e+03
2.689000000000000000e+03
3.286000000000000000e+03
5.625000000000000000e+03
2.416000000000000000e+03
2.549000000000000000e+03
3.235000000000000000e+03
4.721000000000000000e+03
2.716000000000000000e+03
2.980000000000000000e+03
4.556000000000000000e+03
2.538000000000000000e+03
2.882000000000000000e+03
2.422000000000000000e+03
3.978000000000000000e+03
2.846000000000000000e+03
2.762000000000000000e+03
2.123000000000000000e+03
4.311000000000000000e+03
2.981000000000000000e+03
2.224000000000000000e+03
2.478000000000000000e+03
3.728000000000000000e+03
3.283000000000000000e+03
2.260000000000000000e+03
3.681000000000000000e+03
3.975000000000000000e+03
3.447000000000000000e+03
2.697000000000000000e+03
2.592000000000000000e+03
2.568000000000000000e+03
6.363000000000000000e+03
5.613000000000000000e+03
3.354000000000000000e+03
3.820000000000000000e+03
5.560000000000000000e+03
3.645000000000000000e+03
1.115100000000000000e+04
4.199000000000000000e+03
4.710000000000000000e+03
5.317000000000000000e+03
4.317000000000000000e+03
7.199000000000000000e+03
6.562000000000000000e+03
5.735000000000000000e+03
6.821000000000000000e+03
6.997000000000000000e+03
6.825000000000000000e+03
7.111000000000000000e+03
6.444000000000000000e+03
5.208000000000000000e+03
5.375000000000000000e+03
4.907000000000000000e+03
4.103000000000000000e+03
4.587000000000000000e+03
4.061000000000000000e+03
3.632000000000000000e+03
3.296000000000000000e+03
3.595000000000000000e+03
3.173000000000000000e+03
3.835000000000000000e+03
4.184000000000000000e+03
3.840000000000000000e+03
3.938000000000000000e+03
7.659000000000000000e+03
8.813000000000000000e+03
7.459000000000000000e+03
7.964900000000000000e+04
1.310000000000000000e+02
5.940000000000000000e+02
7.090000000000000000e+02
6.050000000000000000e+02
1.351000000000000000e+03
1.360000000000000000e+03
9.890000000000000000e+02
1.722000000000000000e+03
1.199000000000000000e+03
1.671000000000000000e+03
1.434000000000000000e+03
2.020000000000000000e+03
2.222000000000000000e+03
1.837000000000000000e+03
2.240000000000000000e+03
2.409000000000000000e+03
2.550000000000000000e+03
2.698000000000000000e+03
3.261000000000000000e+03
2.736000000000000000e+03
2.559000000000000000e+03
2.526000000000000000e+03
2.493000000000000000e+03
2.399000000000000000e+03
2.506000000000000000e+03
2.546000000000000000e+03
2.600000000000000000e+03
2.601000000000000000e+03
2.578000000000000000e+03
2.640000000000000000e+03
2.758000000000000000e+03
2.867000000000000000e+03
2.957000000000000000e+03
3.140000000000000000e+03
3.176000000000000000e+03
3.322000000000000000e+03
3.488000000000000000e+03
3.720000000000000000e+03
4.020000000000000000e+03
4.235000000000000000e+03
6.110000000000000000e+03
5.954000000000000000e+03
8.013000000000000000e+03
1.142300000000000000e+04
8.457000000000000000e+03
6.875000000000000000e+03
6.864000000000000000e+03
8.247000000000000000e+03
1.027800000000000000e+04
1.006400000000000000e+04
9.675000000000000000e+03
1.015900000000000000e+04
9.031000000000000000e+03
9.226000000000000000e+03
8.946000000000000000e+03
9.547000000000000000e+03
9.251000000000000000e+03
9.250000000000000000e+03
9.505000000000000000e+03
1.003700000000000000e+04
9.891000000000000000e+03
1.004300000000000000e+04
9.954000000000000000e+03
1.068800000000000000e+04
1.016300000000000000e+04
9.755000000000000000e+03
9.403000000000000000e+03
8.873000000000000000e+03
8.281000000000000000e+03
7.940000000000000000e+03
7.477000000000000000e+03
6.997000000000000000e+03
6.666000000000000000e+03
6.434000000000000000e+03
5.942000000000000000e+03
5.771000000000000000e+03
5.482000000000000000e+03
5.142000000000000000e+03
5.041000000000000000e+03
4.806000000000000000e+03
4.667000000000000000e+03
4.334000000000000000e+03
4.298000000000000000e+03
4.183000000000000000e+03
4.122000000000000000e+03
4.073000000000000000e+03
4.088000000000000000e+03
4.088000000000000000e+03
4.112000000000000000e+03
3.870000000000000000e+03
3.776000000000000000e+03
3.780000000000000000e+03
3.517000000000000000e+03
3.416000000000000000e+03
3.475000000000000000e+03
3.329000000000000000e+03
3.262000000000000000e+03
3.265000000000000000e+03
3.102000000000000000e+03
3.236000000000000000e+03
3.108000000000000000e+03
3.121000000000000000e+03
3.118000000000000000e+03
3.080000000000000000e+03
3.126000000000000000e+03
3.153000000000000000e+03
2.993000000000000000e+03
3.104000000000000000e+03
2.861000000000000000e+03
2.825000000000000000e+03
2.825000000000000000e+03
2.737000000000000000e+03
2.655000000000000000e+03
2.802000000000000000e+03
2.573000000000000000e+03
2.519000000000000000e+03
2.451000000000000000e+03
2.563000000000000000e+03
2.498000000000000000e+03
2.479000000000000000e+03
2.384000000000000000e+03
2.390000000000000000e+03
2.476000000000000000e+03
2.461000000000000000e+03
2.396000000000000000e+03
2.409000000000000000e+03
2.450000000000000000e+03
2.482000000000000000e+03
2.560000000000000000e+03
2.510000000000000000e+03
2.600000000000000000e+03
2.698000000000000000e+03
2.723000000000000000e+03
2.861000000000000000e+03
2.917000000000000000e+03
3.162000000000000000e+03
3.342000000000000000e+03
3.574000000000000000e+03
3.740000000000000000e+03
4.076000000000000000e+03
4.254000000000000000e+03
4.482000000000000000e+03
4.607000000000000000e+03
4.716000000000000000e+03
4.824000000000000000e+03
4.859000000000000000e+03
4.889000000000000000e+03
4.900000000000000000e+03
5.039000000000000000e+03
5.191000000000000000e+03
5.227000000000000000e+03
5.148000000000000000e+03
5.085000000000000000e+03
5.360000000000000000e+03
5.356000000000000000e+03
5.770000000000000000e+03
6.040000000000000000e+03
6.290000000000000000e+03
6.415000000000000000e+03
6.761000000000000000e+03
7.175000000000000000e+03
8.063000000000000000e+03
8.377000000000000000e+03
8.796000000000000000e+03
9.164000000000000000e+03
1.106500000000000000e+04
1.129100000000000000e+04
1.126600000000000000e+04
1.210300000000000000e+04
1.138100000000000000e+04
1.130800000000000000e+04
1.169100000000000000e+04
1.214500000000000000e+04
1.188000000000000000e+04
1.140400000000000000e+04
1.057700000000000000e+04
1.092000000000000000e+04
1.090900000000000000e+04
1.078000000000000000e+04
1.028400000000000000e+04
1.024500000000000000e+04
9.914000000000000000e+03
9.869000000000000000e+03
9.764000000000000000e+03
9.528000000000000000e+03
9.316000000000000000e+03
9.213000000000000000e+03
9.434000000000000000e+03
9.598000000000000000e+03
9.815000000000000000e+03
1.026000000000000000e+04
1.019700000000000000e+04
1.090700000000000000e+04
1.124200000000000000e+04
1.132500000000000000e+04
1.186100000000000000e+04
1.208900000000000000e+04
1.229900000000000000e+04
1.260400000000000000e+04
1.300700000000000000e+04
1.310900000000000000e+04
1.345700000000000000e+04
1.381800000000000000e+04
1.407600000000000000e+04
1.434100000000000000e+04
1.461400000000000000e+04
1.479300000000000000e+04
1.507800000000000000e+04
1.548400000000000000e+04
1.576800000000000000e+04
1.642500000000000000e+04
1.671100000000000000e+04
1.722000000000000000e+04
1.735800000000000000e+04
1.748500000000000000e+04
1.791200000000000000e+04
1.780500000000000000e+04
1.822600000000000000e+04
1.825300000000000000e+04
1.857700000000000000e+04
1.897100000000000000e+04
1.951600000000000000e+04
1.975700000000000000e+04
2.024900000000000000e+04
2.119100000000000000e+04
2.137100000000000000e+04
2.154600000000000000e+04
2.216300000000000000e+04
2.285700000000000000e+04
2.332800000000000000e+04
2.409400000000000000e+04
2.490900000000000000e+04
2.520800000000000000e+04
2.529500000000000000e+04
2.514800000000000000e+04
2.393500000000000000e+04
2.306200000000000000e+04
2.120500000000000000e+04
2.009600000000000000e+04
1.859200000000000000e+04
1.728200000000000000e+04
1.567700000000000000e+04
1.423200000000000000e+04
1.258200000000000000e+04
1.128400000000000000e+04
1.008900000000000000e+04
9.012000000000000000e+03
8.053000000000000000e+03
7.135000000000000000e+03
6.554000000000000000e+03
5.925000000000000000e+03
5.454000000000000000e+03
5.213000000000000000e+03
4.999000000000000000e+03
4.742000000000000000e+03
3.076000000000000000e+04
