9.738000000000000000e+03
2.047000000000000000e+04
3.259700000000000000e+04
4.585900000000000000e+04
7.387300000000000000e+04
1.168790000000000000e+05
1.557050000000000000e+05
1.656450000000000000e+05
1.524980000000000000e+05
1.398790000000000000e+05
1.818190000000000000e+05
2.287180000000000000e+05
2.653690000000000000e+05
2.540690000000000000e+05
1.659070000000000000e+05
1.250490000000000000e+05
1.146340000000000000e+05
1.089590000000000000e+05
1.087990000000000000e+05
1.089160000000000000e+05
1.085820000000000000e+05
1.009600000000000000e+05
9.643700000000000000e+04
9.654900000000000000e+04
1.000660000000000000e+05
1.054800000000000000e+05
1.107540000000000000e+05
1.160370000000000000e+05
1.254740000000000000e+05
1.391650000000000000e+05
1.556340000000000000e+05
1.612850000000000000e+05
1.600310000000000000e+05
1.512090000000000000e+05
1.375030000000000000e+05
1.202420000000000000e+05
1.087430000000000000e+05
1.029410000000000000e+05
9.840800000000000000e+04
9.508200000000000000e+04
9.207200000000000000e+04
8.828000000000000000e+04
8.708600000000000000e+04
8.772300000000000000e+04
8.667400000000000000e+04
8.478400000000000000e+04
8.406900000000000000e+04
8.061700000000000000e+04
7.797900000000000000e+04
7.373500000000000000e+04
6.901400000000000000e+04
6.503700000000000000e+04
6.302300000000000000e+04
6.389100000000000000e+04
6.385600000000000000e+04
6.301300000000000000e+04
6.310900000000000000e+04
6.434400000000000000e+04
6.361500000000000000e+04
6.245100000000000000e+04
6.149900000000000000e+04
6.060800000000000000e+04
6.145300000000000000e+04
5.860600000000000000e+04
5.405500000000000000e+04
4.929600000000000000e+04
4.549300000000000000e+04
4.404800000000000000e+04
4.235600000000000000e+04
4.154000000000000000e+04
4.237300000000000000e+04
4.432200000000000000e+04
4.515700000000000000e+04
4.492500000000000000e+04
4.550200000000000000e+04
4.619100000000000000e+04
4.689700000000000000e+04
4.667200000000000000e+04
4.352100000000000000e+04
4.250400000000000000e+04
4.101200000000000000e+04
4.140500000000000000e+04
4.154400000000000000e+04
3.897500000000000000e+04
3.796300000000000000e+04
4.159700000000000000e+04
4.086200000000000000e+04
3.963100000000000000e+04
3.863000000000000000e+04
4.038900000000000000e+04
4.167800000000000000e+04
4.306700000000000000e+04
4.434900000000000000e+04
4.618300000000000000e+04
4.784300000000000000e+04
4.884800000000000000e+04
4.999300000000000000e+04
5.154500000000000000e+04
5.273800000000000000e+04
5.433800000000000000e+04
5.453100000000000000e+04
5.416700000000000000e+04
5.206200000000000000e+04
5.177600000000000000e+04
5.287300000000000000e+04
5.287400000000000000e+04
5.174100000000000000e+04
5.113400000000000000e+04
4.998700000000000000e+04
4.926500000000000000e+04
4.837500000000000000e+04
4.903700000000000000e+04
5.020000000000000000e+04
5.325900000000000000e+04
5.383900000000000000e+04
5.387700000000000000e+04
5.248500000000000000e+04
5.341100000000000000e+04
5.326300000000000000e+04
5.290200000000000000e+04
5.339200000000000000e+04
5.324000000000000000e+04
5.390900000000000000e+04
5.403700000000000000e+04
5.333600000000000000e+04
5.238200000000000000e+04
5.240000000000000000e+04
5.308400000000000000e+04
5.363100000000000000e+04
5.405400000000000000e+04
5.505900000000000000e+04
5.728800000000000000e+04
5.938000000000000000e+04
6.189700000000000000e+04
6.425900000000000000e+04
6.610000000000000000e+04
6.981600000000000000e+04
7.100500000000000000e+04
7.068700000000000000e+04
7.093100000000000000e+04
7.153100000000000000e+04
7.298800000000000000e+04
7.365200000000000000e+04
7.524700000000000000e+04
7.879400000000000000e+04
8.405100000000000000e+04
8.667200000000000000e+04
8.764200000000000000e+04
8.996000000000000000e+04
9.112400000000000000e+04
9.440200000000000000e+04
9.557900000000000000e+04
9.449200000000000000e+04
9.611800000000000000e+04
9.896000000000000000e+04
1.047490000000000000e+05
1.086780000000000000e+05
1.093430000000000000e+05
1.131840000000000000e+05
1.164670000000000000e+05
1.184970000000000000e+05
1.196360000000000000e+05
1.250230000000000000e+05
1.311520000000000000e+05
1.391330000000000000e+05
1.446250000000000000e+05
1.455060000000000000e+05
1.391960000000000000e+05
1.238400000000000000e+05
1.047600000000000000e+05
8.766800000000000000e+04
7.336400000000000000e+04
6.345100000000000000e+04
5.781100000000000000e+04
5.380400000000000000e+04
4.984300000000000000e+04
4.551500000000000000e+04
4.233500000000000000e+04
3.925800000000000000e+04
3.544000000000000000e+04
3.076500000000000000e+04
2.768600000000000000e+04
2.713600000000000000e+04
2.618900000000000000e+04
2.422900000000000000e+04
2.237800000000000000e+04
2.139000000000000000e+04
2.149800000000000000e+04
2.066400000000000000e+04
1.935900000000000000e+04
1.874800000000000000e+04
1.763300000000000000e+04
1.723100000000000000e+04
1.613400000000000000e+04
1.418100000000000000e+04
1.212700000000000000e+04
1.063500000000000000e+04
9.575000000000000000e+03
9.003000000000000000e+03
7.145000000000000000e+03
5.432000000000000000e+03
4.244000000000000000e+03
3.453000000000000000e+03
2.890000000000000000e+03
2.532000000000000000e+03
2.300000000000000000e+03
2.067000000000000000e+03
1.956000000000000000e+03
1.892000000000000000e+03
1.773000000000000000e+03
1.586000000000000000e+03
1.308000000000000000e+03
1.140000000000000000e+03
1.079000000000000000e+03
8.860000000000000000e+02
6.950000000000000000e+02
5.590000000000000000e+02
4.330000000000000000e+02
3.570000000000000000e+02
3.310000000000000000e+02
2.620000000000000000e+02
2.060000000000000000e+02
1.920000000000000000e+02
1.990000000000000000e+02
1.850000000000000000e+02
1.800000000000000000e+02
1.620000000000000000e+02
1.490000000000000000e+02
1.640000000000000000e+02
1.770000000000000000e+02
1.520000000000000000e+02
1.410000000000000000e+02
1.490000000000000000e+02
1.300000000000000000e+02
1.630000000000000000e+02
1.370000000000000000e+02
1.300000000000000000e+02
1.090000000000000000e+02
1.510000000000000000e+02
1.870000000000000000e+02
1.670000000000000000e+02
1.630000000000000000e+02
1.690000000000000000e+02
1.340000000000000000e+02
1.500000000000000000e+02
1.290000000000000000e+02
1.120000000000000000e+02
7.600000000000000000e+01
3.300000000000000000e+01
2.900000000000000000e+01
1.700000000000000000e+01
1.400000000000000000e+01
1.300000000000000000e+01
1.100000000000000000e+01
9.000000000000000000e+00
2.100000000000000000e+01
7.337200000000000000e+04
4.143700000000000000e+04
4.268200000000000000e+04
5.373900000000000000e+04
8.007000000000000000e+04
1.224720000000000000e+05
1.623140000000000000e+05
1.830440000000000000e+05
1.763690000000000000e+05
1.646910000000000000e+05
2.124540000000000000e+05
2.519790000000000000e+05
2.802340000000000000e+05
2.557340000000000000e+05
1.607110000000000000e+05
1.237400000000000000e+05
1.097230000000000000e+05
1.057030000000000000e+05
1.081230000000000000e+05
1.077780000000000000e+05
1.087470000000000000e+05
1.050600000000000000e+05
1.013320000000000000e+05
1.034060000000000000e+05
1.050090000000000000e+05
1.096030000000000000e+05
1.150820000000000000e+05
1.248280000000000000e+05
1.369140000000000000e+05
1.341290000000000000e+05
1.277980000000000000e+05
1.227210000000000000e+05
1.193760000000000000e+05
1.201200000000000000e+05
1.149840000000000000e+05
1.137140000000000000e+05
1.162110000000000000e+05
1.243090000000000000e+05
1.331960000000000000e+05
1.336790000000000000e+05
1.341440000000000000e+05
1.340560000000000000e+05
1.223400000000000000e+05
1.113420000000000000e+05
1.013750000000000000e+05
9.087800000000000000e+04
8.275700000000000000e+04
7.271300000000000000e+04
6.730400000000000000e+04
6.264100000000000000e+04
6.028300000000000000e+04
6.063700000000000000e+04
5.974800000000000000e+04
5.798700000000000000e+04
5.657300000000000000e+04
5.366300000000000000e+04
5.092100000000000000e+04
4.669500000000000000e+04
4.504900000000000000e+04
4.373000000000000000e+04
4.463700000000000000e+04
4.564900000000000000e+04
4.587300000000000000e+04
4.659200000000000000e+04
4.922800000000000000e+04
5.162400000000000000e+04
5.468200000000000000e+04
5.782800000000000000e+04
5.978700000000000000e+04
6.321900000000000000e+04
6.306200000000000000e+04
6.308000000000000000e+04
6.185200000000000000e+04
5.884600000000000000e+04
5.637000000000000000e+04
5.386300000000000000e+04
5.211400000000000000e+04
5.093000000000000000e+04
5.002900000000000000e+04
5.026400000000000000e+04
5.087100000000000000e+04
5.191400000000000000e+04
5.293700000000000000e+04
5.373500000000000000e+04
5.521400000000000000e+04
5.451400000000000000e+04
5.397800000000000000e+04
5.362200000000000000e+04
5.071900000000000000e+04
4.809800000000000000e+04
4.502200000000000000e+04
4.237100000000000000e+04
3.927600000000000000e+04
3.496400000000000000e+04
3.186400000000000000e+04
2.901600000000000000e+04
2.713100000000000000e+04
2.662500000000000000e+04
2.490500000000000000e+04
2.456300000000000000e+04
2.440100000000000000e+04
2.458100000000000000e+04
2.582600000000000000e+04
2.592000000000000000e+04
2.675700000000000000e+04
2.621800000000000000e+04
2.450200000000000000e+04
2.377500000000000000e+04
2.224000000000000000e+04
2.235400000000000000e+04
2.214900000000000000e+04
2.310500000000000000e+04
2.391300000000000000e+04
2.350400000000000000e+04
2.374700000000000000e+04
2.559200000000000000e+04
2.722200000000000000e+04
2.835200000000000000e+04
3.028200000000000000e+04
3.280100000000000000e+04
3.646200000000000000e+04
3.875600000000000000e+04
4.153900000000000000e+04
4.283300000000000000e+04
4.254400000000000000e+04
4.329500000000000000e+04
4.206600000000000000e+04
4.220100000000000000e+04
4.307500000000000000e+04
4.366900000000000000e+04
4.784200000000000000e+04
4.863600000000000000e+04
5.013900000000000000e+04
5.168600000000000000e+04
5.239100000000000000e+04
5.431300000000000000e+04
5.500000000000000000e+04
5.630400000000000000e+04
5.662800000000000000e+04
5.308900000000000000e+04
5.048600000000000000e+04
4.811600000000000000e+04
4.835400000000000000e+04
4.921900000000000000e+04
4.968700000000000000e+04
5.196400000000000000e+04
5.662600000000000000e+04
6.120300000000000000e+04
6.354300000000000000e+04
6.183800000000000000e+04
6.179700000000000000e+04
6.284200000000000000e+04
6.481200000000000000e+04
6.977000000000000000e+04
7.329700000000000000e+04
7.563000000000000000e+04
7.586100000000000000e+04
7.633700000000000000e+04
7.766200000000000000e+04
7.661400000000000000e+04
7.918700000000000000e+04
8.414800000000000000e+04
8.613200000000000000e+04
8.489000000000000000e+04
8.283100000000000000e+04
8.666900000000000000e+04
9.235900000000000000e+04
9.350800000000000000e+04
9.480200000000000000e+04
9.713200000000000000e+04
9.968100000000000000e+04
1.052760000000000000e+05
1.024410000000000000e+05
1.000500000000000000e+05
9.591700000000000000e+04
8.934600000000000000e+04
9.166200000000000000e+04
9.917900000000000000e+04
1.204570000000000000e+05
1.402950000000000000e+05
1.444690000000000000e+05
1.364010000000000000e+05
1.165440000000000000e+05
1.007840000000000000e+05
8.974600000000000000e+04
7.657600000000000000e+04
6.734300000000000000e+04
6.143200000000000000e+04
5.850300000000000000e+04
5.382100000000000000e+04
4.588300000000000000e+04
4.297000000000000000e+04
4.076700000000000000e+04
3.592700000000000000e+04
3.207200000000000000e+04
3.183500000000000000e+04
3.220900000000000000e+04
3.094900000000000000e+04
2.742600000000000000e+04
2.369200000000000000e+04
1.949700000000000000e+04
1.730800000000000000e+04
1.570100000000000000e+04
1.326800000000000000e+04
9.553000000000000000e+03
6.341000000000000000e+03
4.654000000000000000e+03
3.564000000000000000e+03
3.029000000000000000e+03
2.596000000000000000e+03
2.023000000000000000e+03
1.518000000000000000e+03
1.180000000000000000e+03
8.430000000000000000e+02
7.340000000000000000e+02
5.900000000000000000e+02
4.960000000000000000e+02
3.520000000000000000e+02
2.700000000000000000e+02
2.000000000000000000e+02
2.020000000000000000e+02
1.730000000000000000e+02
1.590000000000000000e+02
1.540000000000000000e+02
1.400000000000000000e+02
1.430000000000000000e+02
1.490000000000000000e+02
1.250000000000000000e+02
1.070000000000000000e+02
1.030000000000000000e+02
1.200000000000000000e+02
1.360000000000000000e+02
1.010000000000000000e+02
1.040000000000000000e+02
9.000000000000000000e+01
8.800000000000000000e+01
6.200000000000000000e+01
7.000000000000000000e+01
7.600000000000000000e+01
6.200000000000000000e+01
6.900000000000000000e+01
6.200000000000000000e+01
5.700000000000000000e+01
5.500000000000000000e+01
4.600000000000000000e+01
3.300000000000000000e+01
2.500000000000000000e+01
3.400000000000000000e+01
1.900000000000000000e+01
2.900000000000000000e+01
2.200000000000000000e+01
2.000000000000000000e+01
1.200000000000000000e+01
7.000000000000000000e+00
1.100000000000000000e+01
1.900000000000000000e+01
1.043900000000000000e+04
2.347000000000000000e+04
3.841200000000000000e+04
5.273900000000000000e+04
8.090700000000000000e+04
1.268100000000000000e+05
1.714230000000000000e+05
1.930560000000000000e+05
1.849660000000000000e+05
1.764970000000000000e+05
2.177470000000000000e+05
2.580250000000000000e+05
2.740080000000000000e+05
2.509710000000000000e+05
1.566850000000000000e+05
1.239180000000000000e+05
1.125970000000000000e+05
1.113640000000000000e+05
1.146710000000000000e+05
1.160750000000000000e+05
1.142110000000000000e+05
1.066050000000000000e+05
1.059970000000000000e+05
1.089150000000000000e+05
1.123580000000000000e+05
1.179270000000000000e+05
1.160060000000000000e+05
1.103300000000000000e+05
1.089710000000000000e+05
1.082790000000000000e+05
1.090280000000000000e+05
1.083690000000000000e+05
1.071340000000000000e+05
1.035810000000000000e+05
1.006680000000000000e+05
1.003370000000000000e+05
1.029040000000000000e+05
1.058540000000000000e+05
1.047650000000000000e+05
1.004610000000000000e+05
9.542500000000000000e+04
8.970300000000000000e+04
8.526500000000000000e+04
7.985100000000000000e+04
7.432600000000000000e+04
7.109700000000000000e+04
6.930200000000000000e+04
7.089400000000000000e+04
7.403100000000000000e+04
7.710300000000000000e+04
7.685900000000000000e+04
8.102900000000000000e+04
8.708100000000000000e+04
9.095500000000000000e+04
9.063400000000000000e+04
8.874700000000000000e+04
8.888100000000000000e+04
8.206300000000000000e+04
7.561400000000000000e+04
7.090800000000000000e+04
6.546300000000000000e+04
6.206900000000000000e+04
6.042800000000000000e+04
6.112500000000000000e+04
6.380500000000000000e+04
6.613200000000000000e+04
6.880600000000000000e+04
6.919400000000000000e+04
6.926100000000000000e+04
7.075400000000000000e+04
7.259400000000000000e+04
7.400700000000000000e+04
7.417200000000000000e+04
7.221600000000000000e+04
7.064200000000000000e+04
7.075900000000000000e+04
7.164700000000000000e+04
6.948800000000000000e+04
6.720500000000000000e+04
6.346100000000000000e+04
5.887400000000000000e+04
5.419900000000000000e+04
4.971700000000000000e+04
4.506100000000000000e+04
3.969800000000000000e+04
3.565700000000000000e+04
3.293000000000000000e+04
2.964800000000000000e+04
2.721100000000000000e+04
2.553000000000000000e+04
2.419000000000000000e+04
2.316400000000000000e+04
2.240500000000000000e+04
2.222900000000000000e+04
2.159500000000000000e+04
2.110700000000000000e+04
2.094500000000000000e+04
2.117000000000000000e+04
2.136000000000000000e+04
2.174800000000000000e+04
2.204600000000000000e+04
2.177800000000000000e+04
2.138000000000000000e+04
2.168400000000000000e+04
2.166000000000000000e+04
2.272100000000000000e+04
2.314100000000000000e+04
2.371500000000000000e+04
2.423300000000000000e+04
2.441300000000000000e+04
2.452300000000000000e+04
2.402200000000000000e+04
2.359300000000000000e+04
2.281500000000000000e+04
2.248700000000000000e+04
2.327700000000000000e+04
2.401600000000000000e+04
2.517500000000000000e+04
2.588800000000000000e+04
2.649700000000000000e+04
2.766900000000000000e+04
2.903600000000000000e+04
3.160000000000000000e+04
3.326600000000000000e+04
3.435700000000000000e+04
3.569600000000000000e+04
3.669500000000000000e+04
3.785400000000000000e+04
3.806600000000000000e+04
3.706900000000000000e+04
3.689900000000000000e+04
3.729900000000000000e+04
3.858900000000000000e+04
3.915200000000000000e+04
3.969500000000000000e+04
3.961400000000000000e+04
3.957600000000000000e+04
3.911100000000000000e+04
3.925700000000000000e+04
4.058200000000000000e+04
4.053400000000000000e+04
4.072400000000000000e+04
4.102400000000000000e+04
4.121000000000000000e+04
4.244900000000000000e+04
4.317700000000000000e+04
4.305200000000000000e+04
4.415900000000000000e+04
4.486900000000000000e+04
4.410300000000000000e+04
4.392000000000000000e+04
4.288400000000000000e+04
4.148500000000000000e+04
4.079700000000000000e+04
4.107500000000000000e+04
4.193800000000000000e+04
4.630600000000000000e+04
5.202600000000000000e+04
5.778000000000000000e+04
6.203100000000000000e+04
6.345900000000000000e+04
6.300600000000000000e+04
6.145900000000000000e+04
5.982200000000000000e+04
6.019200000000000000e+04
6.192900000000000000e+04
6.435900000000000000e+04
6.788300000000000000e+04
7.017900000000000000e+04
7.229800000000000000e+04
7.624900000000000000e+04
7.848900000000000000e+04
7.884500000000000000e+04
7.963000000000000000e+04
7.879000000000000000e+04
7.705300000000000000e+04
7.693700000000000000e+04
7.881900000000000000e+04
8.048500000000000000e+04
7.923900000000000000e+04
7.799000000000000000e+04
7.815300000000000000e+04
8.183000000000000000e+04
8.530600000000000000e+04
8.678200000000000000e+04
8.586500000000000000e+04
8.391100000000000000e+04
8.451700000000000000e+04
8.750800000000000000e+04
9.217500000000000000e+04
9.801500000000000000e+04
1.031340000000000000e+05
1.072150000000000000e+05
1.075380000000000000e+05
1.068750000000000000e+05
1.026150000000000000e+05
9.626800000000000000e+04
8.836100000000000000e+04
7.934800000000000000e+04
7.233000000000000000e+04
6.721000000000000000e+04
6.345700000000000000e+04
5.860800000000000000e+04
5.232700000000000000e+04
4.906900000000000000e+04
4.616400000000000000e+04
4.375700000000000000e+04
4.270200000000000000e+04
4.061400000000000000e+04
3.831300000000000000e+04
3.664500000000000000e+04
3.298200000000000000e+04
2.949600000000000000e+04
2.674400000000000000e+04
2.297000000000000000e+04
2.000000000000000000e+04
1.629600000000000000e+04
1.299200000000000000e+04
9.932000000000000000e+03
7.808000000000000000e+03
6.425000000000000000e+03
5.269000000000000000e+03
3.539000000000000000e+03
2.042000000000000000e+03
9.750000000000000000e+02
5.670000000000000000e+02
4.090000000000000000e+02
3.260000000000000000e+02
2.730000000000000000e+02
2.280000000000000000e+02
2.060000000000000000e+02
1.660000000000000000e+02
1.580000000000000000e+02
1.330000000000000000e+02
1.090000000000000000e+02
1.170000000000000000e+02
1.170000000000000000e+02
1.070000000000000000e+02
1.050000000000000000e+02
9.600000000000000000e+01
8.800000000000000000e+01
8.100000000000000000e+01
7.200000000000000000e+01
5.100000000000000000e+01
6.000000000000000000e+01
4.500000000000000000e+01
5.400000000000000000e+01
4.600000000000000000e+01
3.100000000000000000e+01
2.500000000000000000e+01
3.000000000000000000e+01
1.400000000000000000e+01
1.400000000000000000e+01
1.400000000000000000e+01
1.100000000000000000e+01
2.000000000000000000e+01
2.092757000000000000e+06
1.188100000000000000e+04
5.388800000000000000e+04
9.263400000000000000e+04
1.204300000000000000e+04
3.990460000000000000e+05
2.660860000000000000e+05
3.205700000000000000e+04
3.680160000000000000e+05
1.809160000000000000e+05
1.794180000000000000e+05
4.223860000000000000e+05
1.452610000000000000e+05
3.092020000000000000e+05
1.027510000000000000e+05
9.401000000000000000e+04
6.790700000000000000e+04
4.086000000000000000e+04
1.489300000000000000e+04
4.361500000000000000e+04
1.147750000000000000e+05
3.116000000000000000e+04
1.677300000000000000e+04
1.098500000000000000e+04
8.753100000000000000e+04
1.314900000000000000e+04
1.232700000000000000e+04
7.980000000000000000e+02
1.613000000000000000e+03
1.180000000000000000e+03
1.014850000000000000e+05
6.500000000000000000e+01
3.811000000000000000e+03
9.150000000000000000e+02
1.260900000000000000e+04
2.440800000000000000e+04
5.788900000000000000e+04
1.113000000000000000e+03
5.617000000000000000e+03
2.774000000000000000e+03
3.237000000000000000e+03
2.060000000000000000e+02
5.780000000000000000e+03
5.203000000000000000e+03
1.420000000000000000e+02
1.488000000000000000e+03
5.510000000000000000e+02
9.000000000000000000e+00
1.768000000000000000e+03
7.000000000000000000e+01
8.364000000000000000e+03
1.494000000000000000e+03
5.230000000000000000e+02
6.800000000000000000e+01
2.670000000000000000e+02
2.068000000000000000e+03
7.930000000000000000e+02
3.630000000000000000e+02
5.100000000000000000e+01
5.000000000000000000e+00
1.289000000000000000e+03
4.000000000000000000e+00
8.100000000000000000e+01
4.880000000000000000e+02
3.000000000000000000e+00
3.310000000000000000e+02
4.225000000000000000e+03
1.490000000000000000e+02
4.700000000000000000e+02
2.970000000000000000e+02
1.472000000000000000e+03
1.580000000000000000e+02
5.500000000000000000e+01
8.540000000000000000e+02
1.133000000000000000e+03
1.099800000000000000e+05
4.580000000000000000e+02
1.240000000000000000e+02
8.000000000000000000e+00
1.403000000000000000e+03
1.498300000000000000e+04
1.730000000000000000e+02
4.300000000000000000e+01
4.970800000000000000e+04
1.465000000000000000e+03
1.333000000000000000e+03
4.260000000000000000e+02
1.042100000000000000e+04
2.522000000000000000e+03
4.620000000000000000e+03
3.607200000000000000e+04
7.607000000000000000e+03
7.736000000000000000e+03
1.105700000000000000e+04
1.119800000000000000e+04
4.934300000000000000e+04
1.036730000000000000e+05
1.174300000000000000e+04
8.751800000000000000e+04
4.559500000000000000e+04
6.316900000000000000e+04
3.703770000000000000e+05
3.782340000000000000e+05
1.051130000000000000e+06
6.627940000000000000e+05
1.183674000000000000e+06
7.783230000000000000e+05
4.954960000000000000e+05
1.506240000000000000e+05
3.898370000000000000e+05
2.561100000000000000e+05
3.137630000000000000e+05
1.455100000000000000e+05
8.174900000000000000e+04
1.449920000000000000e+05
9.037600000000000000e+04
6.101600000000000000e+04
1.997000000000000000e+03
3.710000000000000000e+03
2.028000000000000000e+03
3.645410000000000000e+05
3.430000000000000000e+02
7.917000000000000000e+03
1.564000000000000000e+03
2.656300000000000000e+04
9.304500000000000000e+04
1.995320000000000000e+05
1.189000000000000000e+03
5.175000000000000000e+03
2.121000000000000000e+03
9.359000000000000000e+03
2.880000000000000000e+02
4.251300000000000000e+04
2.236500000000000000e+04
3.760000000000000000e+02
2.142000000000000000e+03
9.750000000000000000e+02
1.490000000000000000e+02
5.506000000000000000e+03
3.230000000000000000e+02
6.152800000000000000e+04
1.023700000000000000e+04
1.884000000000000000e+03
3.960000000000000000e+02
6.440000000000000000e+02
1.913500000000000000e+04
4.963000000000000000e+03
1.046000000000000000e+03
4.810000000000000000e+02
2.660000000000000000e+02
8.610000000000000000e+03
2.430000000000000000e+02
6.060000000000000000e+02
2.580000000000000000e+03
2.880000000000000000e+02
1.230000000000000000e+03
3.362300000000000000e+04
1.164000000000000000e+03
2.075000000000000000e+03
2.149000000000000000e+03
1.383400000000000000e+04
1.620000000000000000e+03
2.322000000000000000e+03
7.614000000000000000e+03
7.524000000000000000e+03
3.130850000000000000e+05
3.626000000000000000e+03
4.760000000000000000e+03
2.882000000000000000e+03
1.278800000000000000e+04
1.078400000000000000e+05
6.116000000000000000e+03
8.022000000000000000e+03
2.062830000000000000e+05
2.286200000000000000e+04
3.169300000000000000e+04
3.468900000000000000e+04
1.419510000000000000e+05
5.398900000000000000e+04
2.875500000000000000e+04
1.884631000000000000e+06
1.000000000000000000e+00
2.457000000000000000e+03
9.947000000000000000e+03
1.677100000000000000e+04
3.021900000000000000e+04
3.140600000000000000e+04
3.582000000000000000e+04
4.572900000000000000e+04
5.210700000000000000e+04
5.864300000000000000e+04
5.763200000000000000e+04
7.075700000000000000e+04
7.837900000000000000e+04
8.139900000000000000e+04
9.180200000000000000e+04
1.014990000000000000e+05
1.004970000000000000e+05
1.142990000000000000e+05
1.028090000000000000e+05
1.330890000000000000e+05
1.145190000000000000e+05
1.238620000000000000e+05
1.455560000000000000e+05
1.410420000000000000e+05
1.373350000000000000e+05
1.980740000000000000e+05
1.897800000000000000e+05
2.104350000000000000e+05
1.884350000000000000e+05
2.215710000000000000e+05
2.097490000000000000e+05
2.557480000000000000e+05
2.589120000000000000e+05
3.049010000000000000e+05
2.963290000000000000e+05
3.311920000000000000e+05
1.929990000000000000e+05
2.735050000000000000e+05
2.775460000000000000e+05
2.372150000000000000e+05
2.300210000000000000e+05
2.017250000000000000e+05
2.630410000000000000e+05
2.284730000000000000e+05
2.174120000000000000e+05
2.730420000000000000e+05
2.265340000000000000e+05
2.264300000000000000e+05
2.358020000000000000e+05
1.884340000000000000e+05
2.153170000000000000e+05
1.514590000000000000e+05
1.520160000000000000e+05
1.236760000000000000e+05
1.363280000000000000e+05
9.329500000000000000e+04
1.305820000000000000e+05
1.151710000000000000e+05
9.567600000000000000e+04
1.045290000000000000e+05
1.071230000000000000e+05
9.482300000000000000e+04
6.250700000000000000e+04
1.666510000000000000e+05
7.664400000000000000e+04
8.212900000000000000e+04
9.185800000000000000e+04
9.579300000000000000e+04
6.237100000000000000e+04
8.704800000000000000e+04
8.518500000000000000e+04
6.363000000000000000e+04
8.410000000000000000e+04
6.204700000000000000e+04
7.362000000000000000e+04
5.310400000000000000e+04
6.662500000000000000e+04
7.117800000000000000e+04
4.282000000000000000e+04
6.527000000000000000e+04
5.886600000000000000e+04
4.374800000000000000e+04
5.372100000000000000e+04
2.947100000000000000e+04
1.080470000000000000e+05
2.622300000000000000e+04
4.645500000000000000e+04
4.418900000000000000e+04
4.368000000000000000e+04
4.744200000000000000e+04
5.665800000000000000e+04
4.066100000000000000e+04
3.863700000000000000e+04
5.155900000000000000e+04
2.633100000000000000e+04
5.104400000000000000e+04
3.452700000000000000e+04
6.062700000000000000e+04
4.036800000000000000e+04
3.542200000000000000e+04
3.047200000000000000e+04
4.136000000000000000e+04
2.877200000000000000e+04
3.271300000000000000e+04
3.262600000000000000e+04
4.894300000000000000e+04
3.408100000000000000e+04
2.067000000000000000e+04
3.573900000000000000e+04
1.338100000000000000e+04
2.774700000000000000e+04
2.457000000000000000e+04
2.665400000000000000e+04
1.786500000000000000e+04
1.543400000000000000e+04
2.788600000000000000e+04
1.162700000000000000e+04
2.203300000000000000e+04
1.475700000000000000e+04
1.300000000000000000e+04
1.669600000000000000e+04
9.004000000000000000e+03
1.410200000000000000e+04
5.773000000000000000e+03
1.298700000000000000e+04
2.438000000000000000e+03
1.165700000000000000e+04
2.823400000000000000e+04
2.279000000000000000e+03
9.656000000000000000e+03
4.491000000000000000e+03
7.012000000000000000e+03
7.119000000000000000e+03
5.822000000000000000e+03
6.403000000000000000e+03
5.424000000000000000e+03
7.923000000000000000e+03
5.308000000000000000e+03
5.199000000000000000e+03
4.708000000000000000e+03
4.519000000000000000e+03
7.391000000000000000e+03
5.270000000000000000e+03
3.337000000000000000e+03
3.562000000000000000e+03
8.099000000000000000e+03
3.383000000000000000e+03
3.603000000000000000e+03
4.431000000000000000e+03
2.907000000000000000e+03
3.815000000000000000e+03
2.125000000000000000e+03
5.340000000000000000e+03
2.247000000000000000e+03
3.158000000000000000e+03
2.641000000000000000e+03
2.518000000000000000e+03
2.737000000000000000e+03
4.080000000000000000e+03
1.384000000000000000e+03
2.664000000000000000e+03
3.466000000000000000e+03
1.794000000000000000e+03
2.827000000000000000e+03
2.606000000000000000e+03
1.964000000000000000e+03
2.189000000000000000e+03
2.068000000000000000e+03
7.420000000000000000e+02
7.748000000000000000e+03
6.700000000000000000e+02
1.871000000000000000e+03
2.014000000000000000e+03
1.881000000000000000e+03
1.954000000000000000e+03
1.545000000000000000e+03
2.888000000000000000e+03
9.310000000000000000e+02
2.483000000000000000e+03
2.138000000000000000e+03
1.684000000000000000e+03
3.265000000000000000e+03
1.198000000000000000e+03
1.749000000000000000e+03
2.534000000000000000e+03
1.334000000000000000e+03
2.273000000000000000e+03
1.930000000000000000e+03
1.621000000000000000e+03
1.425000000000000000e+03
4.320000000000000000e+03
7.100000000000000000e+02
1.701000000000000000e+03
1.969000000000000000e+03
1.788000000000000000e+03
2.506000000000000000e+03
1.177000000000000000e+03
2.165000000000000000e+03
1.438000000000000000e+03
3.019000000000000000e+03
1.654000000000000000e+03
1.434000000000000000e+03
1.637000000000000000e+03
3.689000000000000000e+03
1.431000000000000000e+03
1.570000000000000000e+03
1.536000000000000000e+03
1.605000000000000000e+03
2.735000000000000000e+03
1.820000000000000000e+03
1.611000000000000000e+03
1.373000000000000000e+03
3.553000000000000000e+03
1.660000000000000000e+03
1.988000000000000000e+03
2.338000000000000000e+03
1.550000000000000000e+03
1.541000000000000000e+03
3.185000000000000000e+03
1.738000000000000000e+03
1.863000000000000000e+03
1.805000000000000000e+03
2.120000000000000000e+03
1.979000000000000000e+03
2.012000000000000000e+03
1.659000000000000000e+03
2.734000000000000000e+03
1.785000000000000000e+03
1.553000000000000000e+03
2.289000000000000000e+03
2.011000000000000000e+03
2.314000000000000000e+03
2.024000000000000000e+03
2.535000000000000000e+03
2.277000000000000000e+03
1.992000000000000000e+03
1.781000000000000000e+03
2.362000000000000000e+03
2.476000000000000000e+03
2.528000000000000000e+03
2.134000000000000000e+03
2.416000000000000000e+03
2.926000000000000000e+03
2.379000000000000000e+03
2.541000000000000000e+03
2.242000000000000000e+03
2.550000000000000000e+03
3.289000000000000000e+03
2.961000000000000000e+03
3.754000000000000000e+03
3.813000000000000000e+03
1.121900000000000000e+04
5.835000000000000000e+03
1.377000000000000000e+03
8.326300000000000000e+04
1.487000000000000000e+03
1.604100000000000000e+04
2.881900000000000000e+04
3.918800000000000000e+04
6.373400000000000000e+04
1.020210000000000000e+05
1.379720000000000000e+05
1.563510000000000000e+05
1.455170000000000000e+05
1.252950000000000000e+05
1.629290000000000000e+05
2.091240000000000000e+05
2.517240000000000000e+05
2.460110000000000000e+05
1.637090000000000000e+05
1.244590000000000000e+05
1.106850000000000000e+05
1.024020000000000000e+05
9.970000000000000000e+04
9.770300000000000000e+04
9.724200000000000000e+04
8.996500000000000000e+04
8.430900000000000000e+04
8.227000000000000000e+04
8.313900000000000000e+04
8.643800000000000000e+04
8.850600000000000000e+04
8.803400000000000000e+04
8.957200000000000000e+04
9.065200000000000000e+04
9.295000000000000000e+04
9.156100000000000000e+04
9.141300000000000000e+04
9.221500000000000000e+04
9.308700000000000000e+04
9.441200000000000000e+04
9.648600000000000000e+04
9.835300000000000000e+04
9.595100000000000000e+04
9.199100000000000000e+04
8.914300000000000000e+04
8.688000000000000000e+04
8.587500000000000000e+04
8.666500000000000000e+04
8.501300000000000000e+04
8.290600000000000000e+04
8.292300000000000000e+04
8.359500000000000000e+04
8.806100000000000000e+04
9.128600000000000000e+04
9.073300000000000000e+04
9.425200000000000000e+04
1.006770000000000000e+05
1.051840000000000000e+05
1.048670000000000000e+05
1.024280000000000000e+05
1.020020000000000000e+05
9.464300000000000000e+04
8.555900000000000000e+04
7.705200000000000000e+04
6.868600000000000000e+04
6.136500000000000000e+04
5.705800000000000000e+04
5.402800000000000000e+04
5.297200000000000000e+04
5.252600000000000000e+04
5.273900000000000000e+04
5.261600000000000000e+04
5.158700000000000000e+04
5.179200000000000000e+04
5.287800000000000000e+04
5.482500000000000000e+04
5.628500000000000000e+04
5.459700000000000000e+04
5.321400000000000000e+04
5.321000000000000000e+04
5.321000000000000000e+04
5.301200000000000000e+04
5.162000000000000000e+04
5.206100000000000000e+04
4.984300000000000000e+04
5.069100000000000000e+04
5.018300000000000000e+04
4.708200000000000000e+04
4.462000000000000000e+04
4.700400000000000000e+04
4.541800000000000000e+04
4.248600000000000000e+04
3.971100000000000000e+04
4.060400000000000000e+04
4.092200000000000000e+04
4.184300000000000000e+04
4.241500000000000000e+04
4.430000000000000000e+04
4.577400000000000000e+04
4.661400000000000000e+04
4.816700000000000000e+04
4.955700000000000000e+04
5.084700000000000000e+04
5.304500000000000000e+04
5.404700000000000000e+04
5.404000000000000000e+04
5.183000000000000000e+04
5.130400000000000000e+04
5.115200000000000000e+04
5.033200000000000000e+04
4.819800000000000000e+04
4.678600000000000000e+04
4.367600000000000000e+04
4.110100000000000000e+04
3.761300000000000000e+04
3.447900000000000000e+04
3.116200000000000000e+04
2.905200000000000000e+04
2.704200000000000000e+04
2.599900000000000000e+04
2.503600000000000000e+04
2.570300000000000000e+04
2.491500000000000000e+04
2.550400000000000000e+04
2.635000000000000000e+04
2.736000000000000000e+04
2.879400000000000000e+04
3.058300000000000000e+04
3.152300000000000000e+04
3.300400000000000000e+04
3.401700000000000000e+04
3.483900000000000000e+04
3.475800000000000000e+04
3.382000000000000000e+04
3.408900000000000000e+04
3.484200000000000000e+04
3.612200000000000000e+04
3.706900000000000000e+04
3.781200000000000000e+04
3.874400000000000000e+04
3.935000000000000000e+04
3.921500000000000000e+04
3.949700000000000000e+04
4.120500000000000000e+04
4.208100000000000000e+04
4.306400000000000000e+04
4.404400000000000000e+04
4.506000000000000000e+04
4.640300000000000000e+04
4.799400000000000000e+04
4.856500000000000000e+04
5.012300000000000000e+04
5.118000000000000000e+04
5.035200000000000000e+04
5.046200000000000000e+04
4.925800000000000000e+04
4.769500000000000000e+04
4.687200000000000000e+04
4.665500000000000000e+04
4.745100000000000000e+04
5.097300000000000000e+04
5.594300000000000000e+04
6.166900000000000000e+04
6.585000000000000000e+04
6.752400000000000000e+04
6.672400000000000000e+04
6.484600000000000000e+04
6.257800000000000000e+04
6.215400000000000000e+04
6.317200000000000000e+04
6.479200000000000000e+04
6.720600000000000000e+04
6.907200000000000000e+04
7.020500000000000000e+04
7.194800000000000000e+04
7.246400000000000000e+04
7.252000000000000000e+04
7.474400000000000000e+04
7.572100000000000000e+04
7.547500000000000000e+04
7.645800000000000000e+04
7.938700000000000000e+04
8.228100000000000000e+04
8.219600000000000000e+04
8.210900000000000000e+04
8.323900000000000000e+04
8.747200000000000000e+04
9.105700000000000000e+04
9.237100000000000000e+04
9.177900000000000000e+04
9.009100000000000000e+04
9.125500000000000000e+04
9.434700000000000000e+04
9.938800000000000000e+04
1.059690000000000000e+05
1.117540000000000000e+05
1.169560000000000000e+05
1.174800000000000000e+05
1.161520000000000000e+05
1.103180000000000000e+05
1.031400000000000000e+05
9.454200000000000000e+04
8.516900000000000000e+04
7.686500000000000000e+04
7.025900000000000000e+04
6.561700000000000000e+04
6.021900000000000000e+04
5.361000000000000000e+04
5.005500000000000000e+04
4.699000000000000000e+04
4.437400000000000000e+04
4.315100000000000000e+04
4.094100000000000000e+04
3.844400000000000000e+04
3.680800000000000000e+04
3.325600000000000000e+04
2.996100000000000000e+04
2.734900000000000000e+04
2.353700000000000000e+04
2.044200000000000000e+04
1.665100000000000000e+04
1.326900000000000000e+04
1.018000000000000000e+04
8.041000000000000000e+03
6.612000000000000000e+03
5.375000000000000000e+03
3.651000000000000000e+03
2.181000000000000000e+03
1.095000000000000000e+03
6.870000000000000000e+02
4.990000000000000000e+02
4.210000000000000000e+02
3.610000000000000000e+02
3.160000000000000000e+02
3.100000000000000000e+02
2.630000000000000000e+02
2.630000000000000000e+02
2.450000000000000000e+02
2.340000000000000000e+02
2.100000000000000000e+02
2.010000000000000000e+02
1.860000000000000000e+02
2.210000000000000000e+02
2.410000000000000000e+02
2.220000000000000000e+02
2.190000000000000000e+02
2.100000000000000000e+02
1.640000000000000000e+02
1.990000000000000000e+02
1.550000000000000000e+02
1.370000000000000000e+02
1.110000000000000000e+02
5.600000000000000000e+01
5.300000000000000000e+01
3.900000000000000000e+01
2.500000000000000000e+01
2.000000000000000000e+01
2.400000000000000000e+01
1.700000000000000000e+01
4.700000000000000000e+01
