2.946000000000000000e+03
7.475000000000000000e+03
1.358200000000000000e+04
8.902000000000000000e+03
7.350000000000000000e+03
6.965000000000000000e+03
5.933000000000000000e+03
5.025000000000000000e+03
4.181000000000000000e+03
3.723000000000000000e+03
3.414000000000000000e+03
3.165000000000000000e+03
3.280000000000000000e+03
3.196000000000000000e+03
3.343000000000000000e+03
3.532000000000000000e+03
3.703000000000000000e+03
3.855000000000000000e+03
3.967000000000000000e+03
3.897000000000000000e+03
3.894000000000000000e+03
3.946000000000000000e+03
4.194000000000000000e+03
4.091000000000000000e+03
3.861000000000000000e+03
3.724000000000000000e+03
3.537000000000000000e+03
3.279000000000000000e+03
3.044000000000000000e+03
3.001000000000000000e+03
3.016000000000000000e+03
3.107000000000000000e+03
3.131000000000000000e+03
3.136000000000000000e+03
3.026000000000000000e+03
2.960000000000000000e+03
2.886000000000000000e+03
2.802000000000000000e+03
2.842000000000000000e+03
2.992000000000000000e+03
3.258000000000000000e+03
3.296000000000000000e+03
3.554000000000000000e+03
3.655000000000000000e+03
3.743000000000000000e+03
4.085000000000000000e+03
4.031000000000000000e+03
3.915000000000000000e+03
3.915000000000000000e+03
3.771000000000000000e+03
3.831000000000000000e+03
4.040000000000000000e+03
4.187000000000000000e+03
4.265000000000000000e+03
4.181000000000000000e+03
4.290000000000000000e+03
4.589000000000000000e+03
4.916000000000000000e+03
6.077000000000000000e+03
5.567000000000000000e+03
5.660000000000000000e+03
5.739000000000000000e+03
6.104000000000000000e+03
6.595000000000000000e+03
6.664000000000000000e+03
6.294000000000000000e+03
6.466000000000000000e+03
6.761000000000000000e+03
6.842000000000000000e+03
6.903000000000000000e+03
7.429000000000000000e+03
7.047000000000000000e+03
6.778000000000000000e+03
6.583000000000000000e+03
6.499000000000000000e+03
5.768000000000000000e+03
4.939000000000000000e+03
4.702000000000000000e+03
4.456000000000000000e+03
4.409000000000000000e+03
4.179000000000000000e+03
4.304000000000000000e+03
4.211000000000000000e+03
4.312000000000000000e+03
4.382000000000000000e+03
4.627000000000000000e+03
4.688000000000000000e+03
4.538000000000000000e+03
4.393000000000000000e+03
4.513000000000000000e+03
4.405000000000000000e+03
4.499000000000000000e+03
4.719000000000000000e+03
4.912000000000000000e+03
4.886000000000000000e+03
4.906000000000000000e+03
5.067000000000000000e+03
5.396000000000000000e+03
5.599000000000000000e+03
5.219000000000000000e+03
5.080000000000000000e+03
4.712000000000000000e+03
4.704000000000000000e+03
4.327000000000000000e+03
4.082000000000000000e+03
4.211000000000000000e+03
3.953000000000000000e+03
3.954000000000000000e+03
3.645000000000000000e+03
3.423000000000000000e+03
3.345000000000000000e+03
3.270000000000000000e+03
3.417000000000000000e+03
3.399000000000000000e+03
3.449000000000000000e+03
3.425000000000000000e+03
3.622000000000000000e+03
3.556000000000000000e+03
3.458000000000000000e+03
3.469000000000000000e+03
3.601000000000000000e+03
3.827000000000000000e+03
3.877000000000000000e+03
4.136000000000000000e+03
4.360000000000000000e+03
4.566000000000000000e+03
4.579000000000000000e+03
4.654000000000000000e+03
5.144000000000000000e+03
5.217000000000000000e+03
5.875000000000000000e+03
6.109000000000000000e+03
6.502000000000000000e+03
6.832000000000000000e+03
6.795000000000000000e+03
6.711000000000000000e+03
6.973000000000000000e+03
7.380000000000000000e+03
7.574000000000000000e+03
7.757000000000000000e+03
7.569000000000000000e+03
7.072000000000000000e+03
6.834000000000000000e+03
6.419000000000000000e+03
6.131000000000000000e+03
6.239000000000000000e+03
6.310000000000000000e+03
6.579000000000000000e+03
6.467000000000000000e+03
7.093000000000000000e+03
7.771000000000000000e+03
7.551000000000000000e+03
7.435000000000000000e+03
7.757000000000000000e+03
8.620000000000000000e+03
9.583000000000000000e+03
1.135700000000000000e+04
1.387500000000000000e+04
1.337900000000000000e+04
1.408100000000000000e+04
1.422000000000000000e+04
1.656600000000000000e+04
1.667000000000000000e+04
1.676100000000000000e+04
1.564000000000000000e+04
1.547000000000000000e+04
1.652200000000000000e+04
1.913500000000000000e+04
2.180600000000000000e+04
1.806700000000000000e+04
1.756100000000000000e+04
1.656800000000000000e+04
1.616800000000000000e+04
1.691500000000000000e+04
1.883000000000000000e+04
2.201400000000000000e+04
2.185300000000000000e+04
1.876100000000000000e+04
1.832800000000000000e+04
1.775400000000000000e+04
1.723300000000000000e+04
1.661300000000000000e+04
1.767300000000000000e+04
1.688800000000000000e+04
1.898200000000000000e+04
2.132400000000000000e+04
2.426800000000000000e+04
2.606900000000000000e+04
2.825800000000000000e+04
2.931800000000000000e+04
2.416000000000000000e+04
2.280000000000000000e+04
2.185400000000000000e+04
1.973400000000000000e+04
2.006900000000000000e+04
2.068700000000000000e+04
1.791500000000000000e+04
1.519000000000000000e+04
1.314600000000000000e+04
1.146900000000000000e+04
1.081900000000000000e+04
1.137700000000000000e+04
1.174000000000000000e+04
1.155200000000000000e+04
1.133000000000000000e+04
1.106800000000000000e+04
1.097900000000000000e+04
1.108000000000000000e+04
1.102300000000000000e+04
1.020000000000000000e+04
1.006000000000000000e+04
1.018700000000000000e+04
1.053900000000000000e+04
1.021900000000000000e+04
8.709000000000000000e+03
8.296000000000000000e+03
7.691000000000000000e+03
6.727000000000000000e+03
6.509000000000000000e+03
6.219000000000000000e+03
5.500000000000000000e+03
5.439000000000000000e+03
5.788000000000000000e+03
6.593000000000000000e+03
6.605000000000000000e+03
6.877000000000000000e+03
7.138000000000000000e+03
7.903000000000000000e+03
8.190000000000000000e+03
8.126000000000000000e+03
8.742000000000000000e+03
9.441000000000000000e+03
9.913000000000000000e+03
1.191800000000000000e+04
1.454000000000000000e+04
1.531100000000000000e+04
1.712100000000000000e+04
1.314500000000000000e+04
1.242200000000000000e+04
9.446000000000000000e+03
1.034400000000000000e+04
9.973000000000000000e+03
1.043300000000000000e+04
9.243000000000000000e+03
6.560000000000000000e+03
5.166000000000000000e+03
4.711000000000000000e+03
4.507000000000000000e+03
4.070000000000000000e+03
3.521000000000000000e+03
3.363000000000000000e+03
3.500000000000000000e+03
3.985000000000000000e+03
3.638000000000000000e+03
4.207000000000000000e+03
1.608400000000000000e+04
3.718400000000000000e+04
9.207000000000000000e+03
6.872000000000000000e+03
5.408000000000000000e+03
4.598000000000000000e+03
4.040000000000000000e+03
3.878000000000000000e+03
3.851000000000000000e+03
3.877000000000000000e+03
3.952000000000000000e+03
4.119000000000000000e+03
4.174000000000000000e+03
4.305000000000000000e+03
4.307000000000000000e+03
4.319000000000000000e+03
4.048000000000000000e+03
3.848000000000000000e+03
3.587000000000000000e+03
3.504000000000000000e+03
3.863000000000000000e+03
4.277000000000000000e+03
4.117000000000000000e+03
3.964000000000000000e+03
3.603000000000000000e+03
3.449000000000000000e+03
3.059000000000000000e+03
2.866000000000000000e+03
3.023000000000000000e+03
3.251000000000000000e+03
3.324000000000000000e+03
3.500000000000000000e+03
3.572000000000000000e+03
3.617000000000000000e+03
3.610000000000000000e+03
3.669000000000000000e+03
3.713000000000000000e+03
3.547000000000000000e+03
3.503000000000000000e+03
3.549000000000000000e+03
3.677000000000000000e+03
4.001000000000000000e+03
4.191000000000000000e+03
4.473000000000000000e+03
4.828000000000000000e+03
4.892000000000000000e+03
4.913000000000000000e+03
4.932000000000000000e+03
4.644000000000000000e+03
4.654000000000000000e+03
4.459000000000000000e+03
4.526000000000000000e+03
4.805000000000000000e+03
5.545000000000000000e+03
6.268000000000000000e+03
6.496000000000000000e+03
6.476000000000000000e+03
6.653000000000000000e+03
6.575000000000000000e+03
6.175000000000000000e+03
5.539000000000000000e+03
5.148000000000000000e+03
5.001000000000000000e+03
5.444000000000000000e+03
5.600000000000000000e+03
5.958000000000000000e+03
5.574000000000000000e+03
5.939000000000000000e+03
5.615000000000000000e+03
5.261000000000000000e+03
4.697000000000000000e+03
4.809000000000000000e+03
4.406000000000000000e+03
3.970000000000000000e+03
3.789000000000000000e+03
3.790000000000000000e+03
3.725000000000000000e+03
3.855000000000000000e+03
4.039000000000000000e+03
4.028000000000000000e+03
4.007000000000000000e+03
4.101000000000000000e+03
4.276000000000000000e+03
4.614000000000000000e+03
4.781000000000000000e+03
4.824000000000000000e+03
4.552000000000000000e+03
4.330000000000000000e+03
4.176000000000000000e+03
4.284000000000000000e+03
4.385000000000000000e+03
4.645000000000000000e+03
4.939000000000000000e+03
4.828000000000000000e+03
5.198000000000000000e+03
5.548000000000000000e+03
5.924000000000000000e+03
5.740000000000000000e+03
5.182000000000000000e+03
4.850000000000000000e+03
4.817000000000000000e+03
4.855000000000000000e+03
5.231000000000000000e+03
5.478000000000000000e+03
5.599000000000000000e+03
5.594000000000000000e+03
5.347000000000000000e+03
5.231000000000000000e+03
5.022000000000000000e+03
5.232000000000000000e+03
5.685000000000000000e+03
6.627000000000000000e+03
7.198000000000000000e+03
8.213000000000000000e+03
8.581000000000000000e+03
8.379000000000000000e+03
7.635000000000000000e+03
6.612000000000000000e+03
6.036000000000000000e+03
6.413000000000000000e+03
7.083000000000000000e+03
7.407000000000000000e+03
7.614000000000000000e+03
7.385000000000000000e+03
7.252000000000000000e+03
7.077000000000000000e+03
6.879000000000000000e+03
6.705000000000000000e+03
6.652000000000000000e+03
6.803000000000000000e+03
7.146000000000000000e+03
7.613000000000000000e+03
7.331000000000000000e+03
7.527000000000000000e+03
7.236000000000000000e+03
7.253000000000000000e+03
7.216000000000000000e+03
7.574000000000000000e+03
7.822000000000000000e+03
8.000000000000000000e+03
8.390000000000000000e+03
8.629000000000000000e+03
8.380000000000000000e+03
9.087000000000000000e+03
8.849000000000000000e+03
8.881000000000000000e+03
9.093000000000000000e+03
9.930000000000000000e+03
9.197000000000000000e+03
9.005000000000000000e+03
9.070000000000000000e+03
8.910000000000000000e+03
9.441000000000000000e+03
1.031000000000000000e+04
1.213900000000000000e+04
1.260300000000000000e+04
1.226300000000000000e+04
1.266800000000000000e+04
1.382300000000000000e+04
1.786800000000000000e+04
1.770100000000000000e+04
1.504900000000000000e+04
1.421300000000000000e+04
1.431200000000000000e+04
1.618600000000000000e+04
1.754800000000000000e+04
1.647100000000000000e+04
1.521500000000000000e+04
1.554700000000000000e+04
1.672700000000000000e+04
1.827400000000000000e+04
2.434000000000000000e+04
3.831000000000000000e+04
3.528000000000000000e+04
2.928000000000000000e+04
2.908400000000000000e+04
2.873800000000000000e+04
2.890800000000000000e+04
2.374700000000000000e+04
2.313600000000000000e+04
2.167200000000000000e+04
2.183100000000000000e+04
1.827400000000000000e+04
1.678200000000000000e+04
1.520300000000000000e+04
1.509100000000000000e+04
1.498300000000000000e+04
1.367600000000000000e+04
1.277600000000000000e+04
1.078400000000000000e+04
1.086800000000000000e+04
1.257500000000000000e+04
1.353700000000000000e+04
1.217100000000000000e+04
1.026800000000000000e+04
9.747000000000000000e+03
9.679000000000000000e+03
9.052000000000000000e+03
8.410000000000000000e+03
8.582000000000000000e+03
9.587000000000000000e+03
9.752000000000000000e+03
9.599000000000000000e+03
8.415000000000000000e+03
7.953000000000000000e+03
7.860000000000000000e+03
7.577000000000000000e+03
8.136000000000000000e+03
8.048000000000000000e+03
8.340000000000000000e+03
8.729000000000000000e+03
9.439000000000000000e+03
9.408000000000000000e+03
7.302000000000000000e+03
5.731000000000000000e+03
4.946000000000000000e+03
4.510000000000000000e+03
4.631000000000000000e+03
5.315000000000000000e+03
5.526000000000000000e+03
5.779000000000000000e+03
5.476000000000000000e+03
5.055000000000000000e+03
5.395000000000000000e+03
5.545000000000000000e+03
5.861000000000000000e+03
5.927000000000000000e+03
6.298000000000000000e+03
7.608000000000000000e+03
1.057000000000000000e+04
9.856000000000000000e+03
8.423000000000000000e+03
9.286000000000000000e+03
1.072700000000000000e+04
1.009800000000000000e+04
1.175700000000000000e+04
1.474300000000000000e+04
2.007000000000000000e+04
1.573800000000000000e+04
8.770000000000000000e+03
6.143000000000000000e+03
5.602000000000000000e+03
4.963000000000000000e+03
5.004000000000000000e+03
4.332000000000000000e+03
3.955000000000000000e+03
4.010000000000000000e+03
3.785000000000000000e+03
3.522000000000000000e+03
2.989000000000000000e+03
2.762000000000000000e+03
2.806000000000000000e+03
2.841000000000000000e+03
3.200000000000000000e+03
3.665000000000000000e+03
4.348000000000000000e+03
9.256000000000000000e+03
7.354000000000000000e+03
1.535000000000000000e+03
8.234000000000000000e+03
1.469500000000000000e+04
9.896000000000000000e+03
7.623000000000000000e+03
6.637000000000000000e+03
5.811000000000000000e+03
4.489000000000000000e+03
4.159000000000000000e+03
3.855000000000000000e+03
3.721000000000000000e+03
3.858000000000000000e+03
3.867000000000000000e+03
3.983000000000000000e+03
4.141000000000000000e+03
4.246000000000000000e+03
4.349000000000000000e+03
4.221000000000000000e+03
4.026000000000000000e+03
3.776000000000000000e+03
3.612000000000000000e+03
3.519000000000000000e+03
3.440000000000000000e+03
3.438000000000000000e+03
3.396000000000000000e+03
3.389000000000000000e+03
3.627000000000000000e+03
3.666000000000000000e+03
3.687000000000000000e+03
3.852000000000000000e+03
3.909000000000000000e+03
4.121000000000000000e+03
4.727000000000000000e+03
4.832000000000000000e+03
4.791000000000000000e+03
4.801000000000000000e+03
4.586000000000000000e+03
4.605000000000000000e+03
4.464000000000000000e+03
4.570000000000000000e+03
4.711000000000000000e+03
4.979000000000000000e+03
5.347000000000000000e+03
5.900000000000000000e+03
6.481000000000000000e+03
6.761000000000000000e+03
6.821000000000000000e+03
7.104000000000000000e+03
6.512000000000000000e+03
5.556000000000000000e+03
5.190000000000000000e+03
5.272000000000000000e+03
5.039000000000000000e+03
5.068000000000000000e+03
5.055000000000000000e+03
4.979000000000000000e+03
5.191000000000000000e+03
4.894000000000000000e+03
5.400000000000000000e+03
5.013000000000000000e+03
5.076000000000000000e+03
5.570000000000000000e+03
5.619000000000000000e+03
5.743000000000000000e+03
6.035000000000000000e+03
6.450000000000000000e+03
6.859000000000000000e+03
6.671000000000000000e+03
6.736000000000000000e+03
6.507000000000000000e+03
6.560000000000000000e+03
6.534000000000000000e+03
6.790000000000000000e+03
6.864000000000000000e+03
6.948000000000000000e+03
7.030000000000000000e+03
6.720000000000000000e+03
6.907000000000000000e+03
7.148000000000000000e+03
6.973000000000000000e+03
7.046000000000000000e+03
6.598000000000000000e+03
6.743000000000000000e+03
6.525000000000000000e+03
6.826000000000000000e+03
6.621000000000000000e+03
6.671000000000000000e+03
6.582000000000000000e+03
6.436000000000000000e+03
6.470000000000000000e+03
6.947000000000000000e+03
6.976000000000000000e+03
6.663000000000000000e+03
6.798000000000000000e+03
6.859000000000000000e+03
6.626000000000000000e+03
6.654000000000000000e+03
6.450000000000000000e+03
6.345000000000000000e+03
6.097000000000000000e+03
5.854000000000000000e+03
5.731000000000000000e+03
5.595000000000000000e+03
5.682000000000000000e+03
5.742000000000000000e+03
5.826000000000000000e+03
5.942000000000000000e+03
6.182000000000000000e+03
6.254000000000000000e+03
6.276000000000000000e+03
6.132000000000000000e+03
6.227000000000000000e+03
5.831000000000000000e+03
5.772000000000000000e+03
5.815000000000000000e+03
5.793000000000000000e+03
6.112000000000000000e+03
6.367000000000000000e+03
6.524000000000000000e+03
6.358000000000000000e+03
6.276000000000000000e+03
6.253000000000000000e+03
6.238000000000000000e+03
6.177000000000000000e+03
6.484000000000000000e+03
7.133000000000000000e+03
7.387000000000000000e+03
8.245000000000000000e+03
7.677000000000000000e+03
7.771000000000000000e+03
7.881000000000000000e+03
8.007000000000000000e+03
8.264000000000000000e+03
8.834000000000000000e+03
9.170000000000000000e+03
9.281000000000000000e+03
9.043000000000000000e+03
9.064000000000000000e+03
9.780000000000000000e+03
9.688000000000000000e+03
9.493000000000000000e+03
9.738000000000000000e+03
9.324000000000000000e+03
9.518000000000000000e+03
9.218000000000000000e+03
9.400000000000000000e+03
1.085200000000000000e+04
1.009200000000000000e+04
1.165300000000000000e+04
1.052500000000000000e+04
1.151200000000000000e+04
1.056900000000000000e+04
1.078000000000000000e+04
1.011300000000000000e+04
1.135300000000000000e+04
1.193700000000000000e+04
1.098300000000000000e+04
1.189200000000000000e+04
1.037700000000000000e+04
1.074800000000000000e+04
1.043900000000000000e+04
1.004200000000000000e+04
1.013400000000000000e+04
1.011800000000000000e+04
1.094400000000000000e+04
1.190600000000000000e+04
1.577900000000000000e+04
1.269300000000000000e+04
1.306700000000000000e+04
1.447400000000000000e+04
1.632500000000000000e+04
1.826400000000000000e+04
2.082000000000000000e+04
2.356300000000000000e+04
2.060800000000000000e+04
1.869700000000000000e+04
1.787100000000000000e+04
2.083100000000000000e+04
1.793900000000000000e+04
1.805300000000000000e+04
1.911400000000000000e+04
1.860600000000000000e+04
1.716400000000000000e+04
1.824000000000000000e+04
1.878700000000000000e+04
2.031200000000000000e+04
1.725800000000000000e+04
1.929700000000000000e+04
1.687100000000000000e+04
1.589100000000000000e+04
1.445700000000000000e+04
1.548200000000000000e+04
1.447100000000000000e+04
1.433200000000000000e+04
1.435700000000000000e+04
1.434600000000000000e+04
1.465300000000000000e+04
1.534200000000000000e+04
1.509400000000000000e+04
1.479600000000000000e+04
1.224200000000000000e+04
1.186500000000000000e+04
1.097500000000000000e+04
9.617000000000000000e+03
8.896000000000000000e+03
8.443000000000000000e+03
8.226000000000000000e+03
8.157000000000000000e+03
7.108000000000000000e+03
6.376000000000000000e+03
5.489000000000000000e+03
5.123000000000000000e+03
4.354000000000000000e+03
4.545000000000000000e+03
4.675000000000000000e+03
4.634000000000000000e+03
4.514000000000000000e+03
4.195000000000000000e+03
3.912000000000000000e+03
4.093000000000000000e+03
4.212000000000000000e+03
4.385000000000000000e+03
4.568000000000000000e+03
5.472000000000000000e+03
6.617000000000000000e+03
7.047000000000000000e+03
6.321000000000000000e+03
6.923000000000000000e+03
8.091000000000000000e+03
8.632000000000000000e+03
1.029000000000000000e+04
1.502000000000000000e+04
1.781600000000000000e+04
1.782000000000000000e+04
1.108200000000000000e+04
8.807000000000000000e+03
8.377000000000000000e+03
7.209000000000000000e+03
7.861000000000000000e+03
7.488000000000000000e+03
6.905000000000000000e+03
6.013000000000000000e+03
5.795000000000000000e+03
5.955000000000000000e+03
4.900000000000000000e+03
4.579000000000000000e+03
3.672000000000000000e+03
3.706000000000000000e+03
2.675000000000000000e+03
3.214000000000000000e+03
3.492000000000000000e+03
1.943000000000000000e+03
3.831000000000000000e+03
9.570000000000000000e+02
4.850000000000000000e+03
6.345100000000000000e+04
3.020000000000000000e+03
5.430000000000000000e+03
1.703800000000000000e+04
2.343000000000000000e+03
7.414100000000000000e+04
3.580500000000000000e+04
4.467000000000000000e+03
7.237000000000000000e+04
3.697100000000000000e+04
3.203200000000000000e+04
1.277760000000000000e+05
5.644900000000000000e+04
1.267470000000000000e+05
7.596100000000000000e+04
8.268500000000000000e+04
7.310400000000000000e+04
4.971800000000000000e+04
1.449100000000000000e+04
2.882800000000000000e+04
2.669400000000000000e+04
1.367500000000000000e+04
6.110000000000000000e+03
5.388000000000000000e+03
1.343100000000000000e+04
1.073000000000000000e+04
9.962000000000000000e+03
7.896000000000000000e+03
1.448000000000000000e+03
1.023000000000000000e+03
3.344400000000000000e+04
2.350000000000000000e+02
6.110000000000000000e+02
2.310000000000000000e+02
9.390000000000000000e+02
2.406000000000000000e+03
4.384000000000000000e+03
7.800000000000000000e+01
4.360000000000000000e+02
1.290000000000000000e+02
4.030000000000000000e+02
3.300000000000000000e+01
1.138000000000000000e+03
7.350000000000000000e+02
1.900000000000000000e+01
3.980000000000000000e+02
5.600000000000000000e+01
2.200000000000000000e+01
2.200000000000000000e+02
1.300000000000000000e+01
2.289000000000000000e+03
2.880000000000000000e+02
8.700000000000000000e+01
6.700000000000000000e+01
6.300000000000000000e+01
5.360000000000000000e+02
1.630000000000000000e+02
5.100000000000000000e+01
1.500000000000000000e+01
5.000000000000000000e+00
6.850000000000000000e+02
2.000000000000000000e+00
2.800000000000000000e+01
1.020000000000000000e+02
1.000000000000000000e+01
4.800000000000000000e+01
1.087000000000000000e+03
4.900000000000000000e+01
2.040000000000000000e+02
1.450000000000000000e+02
8.120000000000000000e+02
5.700000000000000000e+01
3.400000000000000000e+01
4.590000000000000000e+02
4.350000000000000000e+02
4.138000000000000000e+03
1.040000000000000000e+02
6.200000000000000000e+01
1.100000000000000000e+01
5.120000000000000000e+02
2.167000000000000000e+03
6.500000000000000000e+01
5.200000000000000000e+01
1.463000000000000000e+03
4.920000000000000000e+02
5.030000000000000000e+02
3.020000000000000000e+02
1.951000000000000000e+03
2.370000000000000000e+02
5.380000000000000000e+02
5.093000000000000000e+03
2.128000000000000000e+03
2.159000000000000000e+03
2.399000000000000000e+03
8.442000000000000000e+03
1.168400000000000000e+04
5.566000000000000000e+03
1.151000000000000000e+03
5.691000000000000000e+03
2.076000000000000000e+03
1.222000000000000000e+03
9.030000000000000000e+03
6.090000000000000000e+02
7.016000000000000000e+03
5.166000000000000000e+03
1.386000000000000000e+03
6.521000000000000000e+03
4.990000000000000000e+02
9.970000000000000000e+02
4.243000000000000000e+03
7.494000000000000000e+03
7.094000000000000000e+03
1.783000000000000000e+03
2.882000000000000000e+03
1.497100000000000000e+04
7.578000000000000000e+03
6.925000000000000000e+03
6.060000000000000000e+02
8.380000000000000000e+02
3.053000000000000000e+03
3.587200000000000000e+04
7.000000000000000000e+01
1.792100000000000000e+04
9.310000000000000000e+02
5.219900000000000000e+04
1.047020000000000000e+05
1.290800000000000000e+04
2.099800000000000000e+04
5.349500000000000000e+04
6.608500000000000000e+04
5.418400000000000000e+04
1.470000000000000000e+02
3.613400000000000000e+04
2.811400000000000000e+04
1.770000000000000000e+02
1.033400000000000000e+04
1.145000000000000000e+03
6.300000000000000000e+01
1.226900000000000000e+04
1.450000000000000000e+02
4.905500000000000000e+04
1.042800000000000000e+04
8.887000000000000000e+03
6.640000000000000000e+02
1.132000000000000000e+03
1.158000000000000000e+04
7.931000000000000000e+03
2.863000000000000000e+03
2.520000000000000000e+02
3.600000000000000000e+01
1.588600000000000000e+04
2.400000000000000000e+01
5.730000000000000000e+02
2.749000000000000000e+03
3.900000000000000000e+01
1.043000000000000000e+03
2.525100000000000000e+04
5.940000000000000000e+02
2.721000000000000000e+03
1.122000000000000000e+03
1.399100000000000000e+04
2.600000000000000000e+02
3.840000000000000000e+02
7.054000000000000000e+03
3.992000000000000000e+03
2.415000000000000000e+04
7.920000000000000000e+02
2.990000000000000000e+02
7.200000000000000000e+01
5.445000000000000000e+03
2.269800000000000000e+04
2.500000000000000000e+02
2.110000000000000000e+02
1.777500000000000000e+04
3.630000000000000000e+03
6.341000000000000000e+03
5.610000000000000000e+02
3.059200000000000000e+04
1.293000000000000000e+03
1.353000000000000000e+03
2.503800000000000000e+04
1.506000000000000000e+03
4.610300000000000000e+04
2.846800000000000000e+04
1.638700000000000000e+04
4.315000000000000000e+04
4.267700000000000000e+04
3.023300000000000000e+04
2.648800000000000000e+04
3.857600000000000000e+04
4.880700000000000000e+04
3.740500000000000000e+04
4.355100000000000000e+04
3.995000000000000000e+04
4.621500000000000000e+04
4.639800000000000000e+04
5.341000000000000000e+04
4.768300000000000000e+04
8.218500000000000000e+04
7.433100000000000000e+04
5.358800000000000000e+04
3.163000000000000000e+04
4.356100000000000000e+04
3.533700000000000000e+04
4.005700000000000000e+04
3.794100000000000000e+04
3.129300000000000000e+04
2.413300000000000000e+04
2.522700000000000000e+04
1.929900000000000000e+04
2.125000000000000000e+04
1.723100000000000000e+04
1.596600000000000000e+04
1.848500000000000000e+04
1.778300000000000000e+04
1.935500000000000000e+04
2.300600000000000000e+04
1.906400000000000000e+04
1.764700000000000000e+04
1.662000000000000000e+04
2.116600000000000000e+04
1.711700000000000000e+04
1.798000000000000000e+04
1.777600000000000000e+04
1.630500000000000000e+04
1.729300000000000000e+04
1.504300000000000000e+04
1.575700000000000000e+04
1.645300000000000000e+04
1.465400000000000000e+04
1.656700000000000000e+04
1.477600000000000000e+04
1.382500000000000000e+04
1.674900000000000000e+04
1.379000000000000000e+04
1.312000000000000000e+04
1.281100000000000000e+04
1.300100000000000000e+04
1.221500000000000000e+04
1.146200000000000000e+04
1.022700000000000000e+04
1.008500000000000000e+04
8.967000000000000000e+03
8.861000000000000000e+03
1.061700000000000000e+04
7.847000000000000000e+03
6.809000000000000000e+03
7.555000000000000000e+03
7.322000000000000000e+03
5.911000000000000000e+03
7.424000000000000000e+03
6.829000000000000000e+03
6.375000000000000000e+03
6.429000000000000000e+03
6.077000000000000000e+03
7.178000000000000000e+03
5.305000000000000000e+03
7.295000000000000000e+03
6.058000000000000000e+03
5.077000000000000000e+03
5.778000000000000000e+03
6.627000000000000000e+03
4.719000000000000000e+03
5.582000000000000000e+03
4.562000000000000000e+03
8.723000000000000000e+03
4.354000000000000000e+03
4.876000000000000000e+03
4.676000000000000000e+03
4.709000000000000000e+03
5.101000000000000000e+03
4.831000000000000000e+03
4.138000000000000000e+03
3.879000000000000000e+03
4.556000000000000000e+03
3.291000000000000000e+03
5.590000000000000000e+03
2.869000000000000000e+03
4.362000000000000000e+03
2.997000000000000000e+03
3.955000000000000000e+03
2.258000000000000000e+03
3.982000000000000000e+03
1.993000000000000000e+03
2.759000000000000000e+03
2.279000000000000000e+03
3.152000000000000000e+03
2.267000000000000000e+03
2.251000000000000000e+03
3.822000000000000000e+03
1.752000000000000000e+03
2.335000000000000000e+03
2.245000000000000000e+03
2.310000000000000000e+03
1.629000000000000000e+03
1.657000000000000000e+03
2.310000000000000000e+03
1.767000000000000000e+03
2.180000000000000000e+03
1.504000000000000000e+03
1.526000000000000000e+03
1.667000000000000000e+03
1.546000000000000000e+03
1.357000000000000000e+03
1.096000000000000000e+03
9.500000000000000000e+02
8.720000000000000000e+02
1.640000000000000000e+03
6.152000000000000000e+03
7.950000000000000000e+02
9.510000000000000000e+02
1.174000000000000000e+03
1.324000000000000000e+03
1.288000000000000000e+03
1.587000000000000000e+03
1.498000000000000000e+03
1.328000000000000000e+03
1.607000000000000000e+03
1.331000000000000000e+03
1.910000000000000000e+03
1.577000000000000000e+03
1.425000000000000000e+03
2.516000000000000000e+03
1.966000000000000000e+03
1.690000000000000000e+03
1.259000000000000000e+03
1.893000000000000000e+03
1.167000000000000000e+03
1.265000000000000000e+03
1.254000000000000000e+03
1.025000000000000000e+03
8.360000000000000000e+02
6.250000000000000000e+02
3.966000000000000000e+03
4.760000000000000000e+02
5.570000000000000000e+02
6.420000000000000000e+02
5.090000000000000000e+02
4.900000000000000000e+02
1.632000000000000000e+03
3.460000000000000000e+02
5.330000000000000000e+02
7.120000000000000000e+02
3.430000000000000000e+02
5.080000000000000000e+02
5.340000000000000000e+02
3.570000000000000000e+02
2.390000000000000000e+02
2.210000000000000000e+02
1.550000000000000000e+02
2.430000000000000000e+03
9.100000000000000000e+01
1.360000000000000000e+02
1.900000000000000000e+02
2.750000000000000000e+02
2.970000000000000000e+02
1.110000000000000000e+02
4.350000000000000000e+02
1.020000000000000000e+02
5.880000000000000000e+02
2.280000000000000000e+02
1.450000000000000000e+02
1.738000000000000000e+03
1.020000000000000000e+02
1.960000000000000000e+02
2.520000000000000000e+02
8.900000000000000000e+01
2.550000000000000000e+02
2.060000000000000000e+02
1.470000000000000000e+02
4.700000000000000000e+01
5.152000000000000000e+03
4.000000000000000000e+01
1.260000000000000000e+02
9.800000000000000000e+01
9.200000000000000000e+01
3.720000000000000000e+02
9.700000000000000000e+01
6.400000000000000000e+02
5.700000000000000000e+01
3.360000000000000000e+02
1.720000000000000000e+02
1.270000000000000000e+02
3.900000000000000000e+01
6.970000000000000000e+02
4.100000000000000000e+01
1.330000000000000000e+02
9.900000000000000000e+01
9.100000000000000000e+01
3.920000000000000000e+02
9.900000000000000000e+01
6.200000000000000000e+01
2.500000000000000000e+01
2.068000000000000000e+03
5.800000000000000000e+01
6.500000000000000000e+01
2.640000000000000000e+02
1.200000000000000000e+02
2.500000000000000000e+01
1.229000000000000000e+03
5.700000000000000000e+01
8.500000000000000000e+01
6.700000000000000000e+01
7.740000000000000000e+02
8.200000000000000000e+01
1.150000000000000000e+02
3.500000000000000000e+01
2.340000000000000000e+02
8.200000000000000000e+01
2.100000000000000000e+01
3.280000000000000000e+02
4.400000000000000000e+01
2.220000000000000000e+02
3.000000000000000000e+01
2.120000000000000000e+02
1.330000000000000000e+02
3.600000000000000000e+01
6.700000000000000000e+01
7.300000000000000000e+01
9.900000000000000000e+01
4.900000000000000000e+01
5.300000000000000000e+01
5.300000000000000000e+01
3.300000000000000000e+01
3.600000000000000000e+01
3.200000000000000000e+01
2.700000000000000000e+01
2.300000000000000000e+01
2.000000000000000000e+01
2.000000000000000000e+01
1.400000000000000000e+01
1.300000000000000000e+01
1.000000000000000000e+01
1.100000000000000000e+01
2.000000000000000000e+00
3.944600000000000000e+04
2.520000000000000000e+02
1.286000000000000000e+03
5.371000000000000000e+03
1.484100000000000000e+04
8.912000000000000000e+03
7.334000000000000000e+03
6.900000000000000000e+03
5.879000000000000000e+03
4.415000000000000000e+03
3.927000000000000000e+03
3.441000000000000000e+03
3.074000000000000000e+03
3.104000000000000000e+03
2.985000000000000000e+03
3.049000000000000000e+03
3.231000000000000000e+03
3.398000000000000000e+03
3.574000000000000000e+03
3.735000000000000000e+03
3.743000000000000000e+03
3.570000000000000000e+03
3.406000000000000000e+03
3.328000000000000000e+03
3.433000000000000000e+03
3.415000000000000000e+03
3.519000000000000000e+03
3.306000000000000000e+03
3.279000000000000000e+03
2.963000000000000000e+03
2.989000000000000000e+03
3.014000000000000000e+03
3.036000000000000000e+03
3.555000000000000000e+03
3.933000000000000000e+03
3.831000000000000000e+03
3.705000000000000000e+03
3.645000000000000000e+03
3.446000000000000000e+03
3.371000000000000000e+03
3.268000000000000000e+03
3.277000000000000000e+03
3.290000000000000000e+03
3.479000000000000000e+03
3.493000000000000000e+03
3.571000000000000000e+03
3.768000000000000000e+03
3.728000000000000000e+03
3.665000000000000000e+03
3.872000000000000000e+03
3.747000000000000000e+03
3.786000000000000000e+03
3.881000000000000000e+03
3.944000000000000000e+03
3.831000000000000000e+03
3.809000000000000000e+03
3.798000000000000000e+03
4.000000000000000000e+03
4.238000000000000000e+03
5.166000000000000000e+03
5.249000000000000000e+03
5.116000000000000000e+03
5.358000000000000000e+03
5.830000000000000000e+03
6.535000000000000000e+03
6.515000000000000000e+03
6.274000000000000000e+03
6.554000000000000000e+03
6.740000000000000000e+03
6.849000000000000000e+03
6.919000000000000000e+03
7.327000000000000000e+03
6.831000000000000000e+03
6.584000000000000000e+03
6.419000000000000000e+03
6.445000000000000000e+03
6.035000000000000000e+03
5.224000000000000000e+03
4.954000000000000000e+03
4.650000000000000000e+03
4.428000000000000000e+03
4.211000000000000000e+03
4.208000000000000000e+03
4.018000000000000000e+03
4.208000000000000000e+03
4.177000000000000000e+03
4.271000000000000000e+03
4.222000000000000000e+03
4.296000000000000000e+03
4.203000000000000000e+03
4.301000000000000000e+03
4.279000000000000000e+03
4.319000000000000000e+03
4.483000000000000000e+03
4.506000000000000000e+03
4.539000000000000000e+03
4.279000000000000000e+03
4.148000000000000000e+03
4.211000000000000000e+03
4.053000000000000000e+03
3.955000000000000000e+03
3.908000000000000000e+03
3.577000000000000000e+03
3.546000000000000000e+03
3.561000000000000000e+03
3.513000000000000000e+03
3.731000000000000000e+03
3.778000000000000000e+03
3.674000000000000000e+03
3.573000000000000000e+03
3.517000000000000000e+03
3.483000000000000000e+03
3.510000000000000000e+03
3.640000000000000000e+03
3.471000000000000000e+03
3.371000000000000000e+03
3.373000000000000000e+03
3.494000000000000000e+03
3.764000000000000000e+03
3.583000000000000000e+03
3.609000000000000000e+03
3.820000000000000000e+03
3.960000000000000000e+03
3.993000000000000000e+03
4.301000000000000000e+03
4.308000000000000000e+03
4.409000000000000000e+03
4.600000000000000000e+03
4.595000000000000000e+03
4.920000000000000000e+03
4.974000000000000000e+03
5.711000000000000000e+03
5.955000000000000000e+03
6.660000000000000000e+03
7.246000000000000000e+03
7.290000000000000000e+03
7.250000000000000000e+03
7.397000000000000000e+03
7.848000000000000000e+03
7.805000000000000000e+03
7.974000000000000000e+03
8.169000000000000000e+03
7.858000000000000000e+03
7.680000000000000000e+03
7.187000000000000000e+03
7.027000000000000000e+03
7.073000000000000000e+03
7.135000000000000000e+03
7.447000000000000000e+03
7.288000000000000000e+03
8.220000000000000000e+03
8.390000000000000000e+03
8.171000000000000000e+03
8.039000000000000000e+03
8.012000000000000000e+03
7.939000000000000000e+03
8.180000000000000000e+03
8.528000000000000000e+03
8.431000000000000000e+03
8.535000000000000000e+03
9.063000000000000000e+03
8.887000000000000000e+03
9.044000000000000000e+03
8.697000000000000000e+03
8.356000000000000000e+03
8.949000000000000000e+03
8.934000000000000000e+03
9.468000000000000000e+03
1.031300000000000000e+04
1.135300000000000000e+04
1.142000000000000000e+04
1.252300000000000000e+04
1.349400000000000000e+04
1.361000000000000000e+04
1.596200000000000000e+04
1.831800000000000000e+04
1.724200000000000000e+04
1.753000000000000000e+04
1.846300000000000000e+04
1.971800000000000000e+04
1.921600000000000000e+04
2.083700000000000000e+04
2.276200000000000000e+04
2.334600000000000000e+04
2.116300000000000000e+04
2.474800000000000000e+04
2.836700000000000000e+04
3.259900000000000000e+04
3.198000000000000000e+04
3.536300000000000000e+04
3.401600000000000000e+04
2.857200000000000000e+04
2.614500000000000000e+04
2.573300000000000000e+04
2.296300000000000000e+04
2.301600000000000000e+04
2.290300000000000000e+04
2.072200000000000000e+04
1.936100000000000000e+04
1.862900000000000000e+04
1.751600000000000000e+04
1.728000000000000000e+04
1.629000000000000000e+04
1.636900000000000000e+04
1.548900000000000000e+04
1.428700000000000000e+04
1.322900000000000000e+04
1.247400000000000000e+04
1.178200000000000000e+04
1.084500000000000000e+04
1.000100000000000000e+04
9.949000000000000000e+03
9.937000000000000000e+03
1.004500000000000000e+04
9.835000000000000000e+03
8.488000000000000000e+03
8.144000000000000000e+03
7.640000000000000000e+03
6.557000000000000000e+03
6.121000000000000000e+03
5.282000000000000000e+03
4.921000000000000000e+03
4.887000000000000000e+03
5.277000000000000000e+03
5.718000000000000000e+03
5.934000000000000000e+03
6.420000000000000000e+03
6.808000000000000000e+03
7.514000000000000000e+03
8.104000000000000000e+03
7.937000000000000000e+03
7.515000000000000000e+03
8.544000000000000000e+03
9.345000000000000000e+03
1.142000000000000000e+04
1.283800000000000000e+04
1.422700000000000000e+04
1.643600000000000000e+04
1.454800000000000000e+04
1.369800000000000000e+04
1.195100000000000000e+04
1.231000000000000000e+04
1.188200000000000000e+04
1.211300000000000000e+04
1.020000000000000000e+04
7.494000000000000000e+03
5.998000000000000000e+03
5.392000000000000000e+03
4.944000000000000000e+03
4.472000000000000000e+03
3.695000000000000000e+03
3.470000000000000000e+03
3.326000000000000000e+03
3.677000000000000000e+03
4.042000000000000000e+03
3.878000000000000000e+03
2.079000000000000000e+04
