6.700000000000000000e+01
3.500000000000000000e+01
3.900000000000000000e+01
4.300000000000000000e+01
4.400000000000000000e+01
4.500000000000000000e+01
3.400000000000000000e+01
4.800000000000000000e+01
3.800000000000000000e+01
2.100000000000000000e+01
4.000000000000000000e+01
2.600000000000000000e+01
3.400000000000000000e+01
4.000000000000000000e+01
4.300000000000000000e+01
3.400000000000000000e+01
4.400000000000000000e+01
4.000000000000000000e+01
4.300000000000000000e+01
4.700000000000000000e+01
4.800000000000000000e+01
5.800000000000000000e+01
5.900000000000000000e+01
5.700000000000000000e+01
6.100000000000000000e+01
6.500000000000000000e+01
6.100000000000000000e+01
7.300000000000000000e+01
5.800000000000000000e+01
4.600000000000000000e+01
7.800000000000000000e+01
5.800000000000000000e+01
7.500000000000000000e+01
7.600000000000000000e+01
7.200000000000000000e+01
8.800000000000000000e+01
8.400000000000000000e+01
8.000000000000000000e+01
9.400000000000000000e+01
1.050000000000000000e+02
8.700000000000000000e+01
1.020000000000000000e+02
1.170000000000000000e+02
9.500000000000000000e+01
1.010000000000000000e+02
9.500000000000000000e+01
1.190000000000000000e+02
1.120000000000000000e+02
1.190000000000000000e+02
1.710000000000000000e+02
1.740000000000000000e+02
1.930000000000000000e+02
2.020000000000000000e+02
2.530000000000000000e+02
2.830000000000000000e+02
3.360000000000000000e+02
3.620000000000000000e+02
4.450000000000000000e+02
4.630000000000000000e+02
5.060000000000000000e+02
5.210000000000000000e+02
6.100000000000000000e+02
5.640000000000000000e+02
6.070000000000000000e+02
6.080000000000000000e+02
5.210000000000000000e+02
5.070000000000000000e+02
4.960000000000000000e+02
4.500000000000000000e+02
4.280000000000000000e+02
3.840000000000000000e+02
3.640000000000000000e+02
3.010000000000000000e+02
3.220000000000000000e+02
3.080000000000000000e+02
2.570000000000000000e+02
2.790000000000000000e+02
2.280000000000000000e+02
2.370000000000000000e+02
2.320000000000000000e+02
2.610000000000000000e+02
2.220000000000000000e+02
2.150000000000000000e+02
2.190000000000000000e+02
2.140000000000000000e+02
2.150000000000000000e+02
1.960000000000000000e+02
2.030000000000000000e+02
1.840000000000000000e+02
2.070000000000000000e+02
1.800000000000000000e+02
1.780000000000000000e+02
2.020000000000000000e+02
2.030000000000000000e+02
2.070000000000000000e+02
1.960000000000000000e+02
1.860000000000000000e+02
1.980000000000000000e+02
2.110000000000000000e+02
1.990000000000000000e+02
2.280000000000000000e+02
2.300000000000000000e+02
2.230000000000000000e+02
2.510000000000000000e+02
2.430000000000000000e+02
2.650000000000000000e+02
2.530000000000000000e+02
2.430000000000000000e+02
2.700000000000000000e+02
2.810000000000000000e+02
3.270000000000000000e+02
3.010000000000000000e+02
3.620000000000000000e+02
4.460000000000000000e+02
4.640000000000000000e+02
5.810000000000000000e+02
5.530000000000000000e+02
5.990000000000000000e+02
6.160000000000000000e+02
5.940000000000000000e+02
6.010000000000000000e+02
5.930000000000000000e+02
5.900000000000000000e+02
6.420000000000000000e+02
6.400000000000000000e+02
7.010000000000000000e+02
7.200000000000000000e+02
7.320000000000000000e+02
7.050000000000000000e+02
6.970000000000000000e+02
7.100000000000000000e+02
7.550000000000000000e+02
7.630000000000000000e+02
7.890000000000000000e+02
7.780000000000000000e+02
8.190000000000000000e+02
7.960000000000000000e+02
7.890000000000000000e+02
8.470000000000000000e+02
8.530000000000000000e+02
9.790000000000000000e+02
9.400000000000000000e+02
9.750000000000000000e+02
9.730000000000000000e+02
9.590000000000000000e+02
9.850000000000000000e+02
9.830000000000000000e+02
1.073000000000000000e+03
1.112000000000000000e+03
1.128000000000000000e+03
1.167000000000000000e+03
1.168000000000000000e+03
1.225000000000000000e+03
1.125000000000000000e+03
1.204000000000000000e+03
1.142000000000000000e+03
1.130000000000000000e+03
1.123000000000000000e+03
1.100000000000000000e+03
1.108000000000000000e+03
1.144000000000000000e+03
1.237000000000000000e+03
1.118000000000000000e+03
1.142000000000000000e+03
1.214000000000000000e+03
1.209000000000000000e+03
1.245000000000000000e+03
1.270000000000000000e+03
1.238000000000000000e+03
1.227000000000000000e+03
1.199000000000000000e+03
1.096000000000000000e+03
1.210000000000000000e+03
1.095000000000000000e+03
1.106000000000000000e+03
1.099000000000000000e+03
1.058000000000000000e+03
1.052000000000000000e+03
1.057000000000000000e+03
1.058000000000000000e+03
1.055000000000000000e+03
1.071000000000000000e+03
1.037000000000000000e+03
1.032000000000000000e+03
1.078000000000000000e+03
1.113000000000000000e+03
1.038000000000000000e+03
1.131000000000000000e+03
1.219000000000000000e+03
1.197000000000000000e+03
1.281000000000000000e+03
1.245000000000000000e+03
1.271000000000000000e+03
1.271000000000000000e+03
1.343000000000000000e+03
1.355000000000000000e+03
1.447000000000000000e+03
1.436000000000000000e+03
1.480000000000000000e+03
1.424000000000000000e+03
1.484000000000000000e+03
1.580000000000000000e+03
1.663000000000000000e+03
1.673000000000000000e+03
1.810000000000000000e+03
1.835000000000000000e+03
1.882000000000000000e+03
1.908000000000000000e+03
1.985000000000000000e+03
2.065000000000000000e+03
2.074000000000000000e+03
2.109000000000000000e+03
2.167000000000000000e+03
2.242000000000000000e+03
2.233000000000000000e+03
2.358000000000000000e+03
2.251000000000000000e+03
2.327000000000000000e+03
2.496000000000000000e+03
2.649000000000000000e+03
2.541000000000000000e+03
2.385000000000000000e+03
2.356000000000000000e+03
2.344000000000000000e+03
2.457000000000000000e+03
2.353000000000000000e+03
2.399000000000000000e+03
2.346000000000000000e+03
2.251000000000000000e+03
2.394000000000000000e+03
2.424000000000000000e+03
2.358000000000000000e+03
2.510000000000000000e+03
2.466000000000000000e+03
2.495000000000000000e+03
2.750000000000000000e+03
2.838000000000000000e+03
3.020000000000000000e+03
3.277000000000000000e+03
3.301000000000000000e+03
3.337000000000000000e+03
3.542000000000000000e+03
3.760000000000000000e+03
3.168000000000000000e+03
3.144000000000000000e+03
2.622000000000000000e+03
2.259000000000000000e+03
2.153000000000000000e+03
2.163000000000000000e+03
1.436000000000000000e+03
1.267000000000000000e+03
1.265000000000000000e+03
9.810000000000000000e+02
1.211000000000000000e+03
2.827000000000000000e+03
2.906000000000000000e+03
3.000000000000000000e+00
3.000000000000000000e+00
5.000000000000000000e+00
6.000000000000000000e+00
1.100000000000000000e+01
9.000000000000000000e+00
1.400000000000000000e+01
1.100000000000000000e+01
1.200000000000000000e+01
1.500000000000000000e+01
2.300000000000000000e+01
1.700000000000000000e+01
1.900000000000000000e+01
2.100000000000000000e+01
2.000000000000000000e+01
3.300000000000000000e+01
2.500000000000000000e+01
3.400000000000000000e+01
3.300000000000000000e+01
3.000000000000000000e+01
2.700000000000000000e+01
5.600000000000000000e+01
3.000000000000000000e+01
5.100000000000000000e+01
4.900000000000000000e+01
4.000000000000000000e+01
3.100000000000000000e+01
4.500000000000000000e+01
4.700000000000000000e+01
4.100000000000000000e+01
4.600000000000000000e+01
5.200000000000000000e+01
7.100000000000000000e+01
8.600000000000000000e+01
7.300000000000000000e+01
8.200000000000000000e+01
6.700000000000000000e+01
8.600000000000000000e+01
8.400000000000000000e+01
9.800000000000000000e+01
8.700000000000000000e+01
9.300000000000000000e+01
9.100000000000000000e+01
1.140000000000000000e+02
1.160000000000000000e+02
1.120000000000000000e+02
1.110000000000000000e+02
1.280000000000000000e+02
1.230000000000000000e+02
1.400000000000000000e+02
1.320000000000000000e+02
1.370000000000000000e+02
1.390000000000000000e+02
1.450000000000000000e+02
1.730000000000000000e+02
1.660000000000000000e+02
1.980000000000000000e+02
2.610000000000000000e+02
2.910000000000000000e+02
3.230000000000000000e+02
4.040000000000000000e+02
4.640000000000000000e+02
5.430000000000000000e+02
5.520000000000000000e+02
6.520000000000000000e+02
5.650000000000000000e+02
5.950000000000000000e+02
6.070000000000000000e+02
5.110000000000000000e+02
5.120000000000000000e+02
5.120000000000000000e+02
5.190000000000000000e+02
5.320000000000000000e+02
3.920000000000000000e+02
4.080000000000000000e+02
3.460000000000000000e+02
3.630000000000000000e+02
3.340000000000000000e+02
2.780000000000000000e+02
2.750000000000000000e+02
2.570000000000000000e+02
2.630000000000000000e+02
2.550000000000000000e+02
2.520000000000000000e+02
2.160000000000000000e+02
2.470000000000000000e+02
2.210000000000000000e+02
2.460000000000000000e+02
2.220000000000000000e+02
2.050000000000000000e+02
2.050000000000000000e+02
1.960000000000000000e+02
2.110000000000000000e+02
2.190000000000000000e+02
1.980000000000000000e+02
2.010000000000000000e+02
1.890000000000000000e+02
2.130000000000000000e+02
1.930000000000000000e+02
2.170000000000000000e+02
2.000000000000000000e+02
2.160000000000000000e+02
2.200000000000000000e+02
2.160000000000000000e+02
2.430000000000000000e+02
2.580000000000000000e+02
2.440000000000000000e+02
2.480000000000000000e+02
2.850000000000000000e+02
2.780000000000000000e+02
3.100000000000000000e+02
3.240000000000000000e+02
2.940000000000000000e+02
3.700000000000000000e+02
4.630000000000000000e+02
4.730000000000000000e+02
6.110000000000000000e+02
5.860000000000000000e+02
6.260000000000000000e+02
6.290000000000000000e+02
6.090000000000000000e+02
6.170000000000000000e+02
6.240000000000000000e+02
6.340000000000000000e+02
6.670000000000000000e+02
6.710000000000000000e+02
6.960000000000000000e+02
6.630000000000000000e+02
7.100000000000000000e+02
7.350000000000000000e+02
7.100000000000000000e+02
6.990000000000000000e+02
7.090000000000000000e+02
6.550000000000000000e+02
6.800000000000000000e+02
7.470000000000000000e+02
7.340000000000000000e+02
6.640000000000000000e+02
7.920000000000000000e+02
8.570000000000000000e+02
9.820000000000000000e+02
9.730000000000000000e+02
9.970000000000000000e+02
1.056000000000000000e+03
1.041000000000000000e+03
1.051000000000000000e+03
1.069000000000000000e+03
1.069000000000000000e+03
1.101000000000000000e+03
1.143000000000000000e+03
1.122000000000000000e+03
1.174000000000000000e+03
1.165000000000000000e+03
1.078000000000000000e+03
1.153000000000000000e+03
1.122000000000000000e+03
1.233000000000000000e+03
1.161000000000000000e+03
1.280000000000000000e+03
1.270000000000000000e+03
1.298000000000000000e+03
1.272000000000000000e+03
1.173000000000000000e+03
1.223000000000000000e+03
1.225000000000000000e+03
1.261000000000000000e+03
1.345000000000000000e+03
1.312000000000000000e+03
1.367000000000000000e+03
1.371000000000000000e+03
1.316000000000000000e+03
1.340000000000000000e+03
1.309000000000000000e+03
1.240000000000000000e+03
1.262000000000000000e+03
1.143000000000000000e+03
1.167000000000000000e+03
1.117000000000000000e+03
1.158000000000000000e+03
1.129000000000000000e+03
1.101000000000000000e+03
1.136000000000000000e+03
1.125000000000000000e+03
1.156000000000000000e+03
1.204000000000000000e+03
1.160000000000000000e+03
1.293000000000000000e+03
1.274000000000000000e+03
1.332000000000000000e+03
1.312000000000000000e+03
1.376000000000000000e+03
1.451000000000000000e+03
1.444000000000000000e+03
1.464000000000000000e+03
1.468000000000000000e+03
1.493000000000000000e+03
1.507000000000000000e+03
1.541000000000000000e+03
1.656000000000000000e+03
1.601000000000000000e+03
1.747000000000000000e+03
1.818000000000000000e+03
1.916000000000000000e+03
1.977000000000000000e+03
2.067000000000000000e+03
2.098000000000000000e+03
2.131000000000000000e+03
2.142000000000000000e+03
2.286000000000000000e+03
2.201000000000000000e+03
2.222000000000000000e+03
2.463000000000000000e+03
2.375000000000000000e+03
2.406000000000000000e+03
2.598000000000000000e+03
2.768000000000000000e+03
2.694000000000000000e+03
2.553000000000000000e+03
2.548000000000000000e+03
2.538000000000000000e+03
2.557000000000000000e+03
2.476000000000000000e+03
2.527000000000000000e+03
2.422000000000000000e+03
2.394000000000000000e+03
2.536000000000000000e+03
2.755000000000000000e+03
2.943000000000000000e+03
3.128000000000000000e+03
3.092000000000000000e+03
3.009000000000000000e+03
3.210000000000000000e+03
3.218000000000000000e+03
3.445000000000000000e+03
3.287000000000000000e+03
3.228000000000000000e+03
3.527000000000000000e+03
3.260000000000000000e+03
3.438000000000000000e+03
3.683000000000000000e+03
3.537000000000000000e+03
2.505000000000000000e+03
2.255000000000000000e+03
1.448000000000000000e+03
1.278000000000000000e+03
1.237000000000000000e+03
9.170000000000000000e+02
9.150000000000000000e+02
1.212000000000000000e+03
8.190000000000000000e+02
5.230000000000000000e+02
1.191000000000000000e+03
1.525000000000000000e+03
7.640000000000000000e+02
3.540000000000000000e+02
1.320000000000000000e+02
0.000000000000000000e+00
0.000000000000000000e+00
0.000000000000000000e+00
0.000000000000000000e+00
0.000000000000000000e+00
5.000000000000000000e+00
2.000000000000000000e+00
5.000000000000000000e+00
8.000000000000000000e+00
5.000000000000000000e+00
7.000000000000000000e+00
1.000000000000000000e+01
1.100000000000000000e+01
1.000000000000000000e+01
1.600000000000000000e+01
1.100000000000000000e+01
2.300000000000000000e+01
1.300000000000000000e+01
2.100000000000000000e+01
1.400000000000000000e+01
2.000000000000000000e+01
1.300000000000000000e+01
2.100000000000000000e+01
2.800000000000000000e+01
3.300000000000000000e+01
3.100000000000000000e+01
2.900000000000000000e+01
3.000000000000000000e+01
2.900000000000000000e+01
3.700000000000000000e+01
4.400000000000000000e+01
4.800000000000000000e+01
4.000000000000000000e+01
3.800000000000000000e+01
3.200000000000000000e+01
4.300000000000000000e+01
4.700000000000000000e+01
4.500000000000000000e+01
5.600000000000000000e+01
5.300000000000000000e+01
5.500000000000000000e+01
7.700000000000000000e+01
7.900000000000000000e+01
8.500000000000000000e+01
7.500000000000000000e+01
8.900000000000000000e+01
1.140000000000000000e+02
1.090000000000000000e+02
1.050000000000000000e+02
1.200000000000000000e+02
1.050000000000000000e+02
1.270000000000000000e+02
1.300000000000000000e+02
1.210000000000000000e+02
1.340000000000000000e+02
1.280000000000000000e+02
1.540000000000000000e+02
1.500000000000000000e+02
1.550000000000000000e+02
1.740000000000000000e+02
2.010000000000000000e+02
1.770000000000000000e+02
1.940000000000000000e+02
2.430000000000000000e+02
3.200000000000000000e+02
3.440000000000000000e+02
4.310000000000000000e+02
4.430000000000000000e+02
5.070000000000000000e+02
5.280000000000000000e+02
5.420000000000000000e+02
6.030000000000000000e+02
5.810000000000000000e+02
5.850000000000000000e+02
6.130000000000000000e+02
5.400000000000000000e+02
5.260000000000000000e+02
5.250000000000000000e+02
5.160000000000000000e+02
4.520000000000000000e+02
4.090000000000000000e+02
4.040000000000000000e+02
3.590000000000000000e+02
3.320000000000000000e+02
3.360000000000000000e+02
2.810000000000000000e+02
2.710000000000000000e+02
2.790000000000000000e+02
2.520000000000000000e+02
2.290000000000000000e+02
2.670000000000000000e+02
2.370000000000000000e+02
2.260000000000000000e+02
2.370000000000000000e+02
2.220000000000000000e+02
2.370000000000000000e+02
2.140000000000000000e+02
2.180000000000000000e+02
2.220000000000000000e+02
2.020000000000000000e+02
2.080000000000000000e+02
1.900000000000000000e+02
2.140000000000000000e+02
2.110000000000000000e+02
2.180000000000000000e+02
2.170000000000000000e+02
2.250000000000000000e+02
2.610000000000000000e+02
2.400000000000000000e+02
2.570000000000000000e+02
2.640000000000000000e+02
2.650000000000000000e+02
2.980000000000000000e+02
3.030000000000000000e+02
3.140000000000000000e+02
3.490000000000000000e+02
3.590000000000000000e+02
4.560000000000000000e+02
5.640000000000000000e+02
5.960000000000000000e+02
6.660000000000000000e+02
6.690000000000000000e+02
6.710000000000000000e+02
6.430000000000000000e+02
6.480000000000000000e+02
6.930000000000000000e+02
7.310000000000000000e+02
6.220000000000000000e+02
6.840000000000000000e+02
6.460000000000000000e+02
7.140000000000000000e+02
7.220000000000000000e+02
6.890000000000000000e+02
7.080000000000000000e+02
7.630000000000000000e+02
7.330000000000000000e+02
6.560000000000000000e+02
7.280000000000000000e+02
7.290000000000000000e+02
7.080000000000000000e+02
7.870000000000000000e+02
8.030000000000000000e+02
8.900000000000000000e+02
9.820000000000000000e+02
1.019000000000000000e+03
1.117000000000000000e+03
1.182000000000000000e+03
1.274000000000000000e+03
1.237000000000000000e+03
1.317000000000000000e+03
1.304000000000000000e+03
1.317000000000000000e+03
1.269000000000000000e+03
1.203000000000000000e+03
1.161000000000000000e+03
1.198000000000000000e+03
1.235000000000000000e+03
1.138000000000000000e+03
1.224000000000000000e+03
1.189000000000000000e+03
1.256000000000000000e+03
1.335000000000000000e+03
1.282000000000000000e+03
1.339000000000000000e+03
1.461000000000000000e+03
1.427000000000000000e+03
1.410000000000000000e+03
1.385000000000000000e+03
1.350000000000000000e+03
1.418000000000000000e+03
1.390000000000000000e+03
1.401000000000000000e+03
1.452000000000000000e+03
1.400000000000000000e+03
1.365000000000000000e+03
1.368000000000000000e+03
1.305000000000000000e+03
1.246000000000000000e+03
1.264000000000000000e+03
1.233000000000000000e+03
1.166000000000000000e+03
1.195000000000000000e+03
1.264000000000000000e+03
1.210000000000000000e+03
1.219000000000000000e+03
1.268000000000000000e+03
1.375000000000000000e+03
1.311000000000000000e+03
1.369000000000000000e+03
1.417000000000000000e+03
1.406000000000000000e+03
1.485000000000000000e+03
1.453000000000000000e+03
1.491000000000000000e+03
1.465000000000000000e+03
1.605000000000000000e+03
1.515000000000000000e+03
1.554000000000000000e+03
1.635000000000000000e+03
1.627000000000000000e+03
1.658000000000000000e+03
1.722000000000000000e+03
1.694000000000000000e+03
1.763000000000000000e+03
1.772000000000000000e+03
1.962000000000000000e+03
1.857000000000000000e+03
1.879000000000000000e+03
2.010000000000000000e+03
2.039000000000000000e+03
2.279000000000000000e+03
2.186000000000000000e+03
2.211000000000000000e+03
2.250000000000000000e+03
2.499000000000000000e+03
2.466000000000000000e+03
2.493000000000000000e+03
2.636000000000000000e+03
2.494000000000000000e+03
2.454000000000000000e+03
2.354000000000000000e+03
2.375000000000000000e+03
2.327000000000000000e+03
2.223000000000000000e+03
2.285000000000000000e+03
2.535000000000000000e+03
2.517000000000000000e+03
2.516000000000000000e+03
2.562000000000000000e+03
2.787000000000000000e+03
2.779000000000000000e+03
2.767000000000000000e+03
2.849000000000000000e+03
2.901000000000000000e+03
3.099000000000000000e+03
3.309000000000000000e+03
3.114000000000000000e+03
3.255000000000000000e+03
3.482000000000000000e+03
3.240000000000000000e+03
2.971000000000000000e+03
3.503000000000000000e+03
2.910000000000000000e+03
2.733000000000000000e+03
2.519000000000000000e+03
1.573000000000000000e+03
1.277000000000000000e+03
1.268000000000000000e+03
9.260000000000000000e+02
9.040000000000000000e+02
1.259000000000000000e+03
8.470000000000000000e+02
1.054000000000000000e+03
1.028000000000000000e+03
7.470000000000000000e+02
1.617000000000000000e+03
2.361600000000000000e+04
0.000000000000000000e+00
0.000000000000000000e+00
0.000000000000000000e+00
0.000000000000000000e+00
0.000000000000000000e+00
2.580600000000000000e+04
0.000000000000000000e+00
4.000000000000000000e+00
0.000000000000000000e+00
1.000000000000000000e+00
1.642000000000000000e+03
0.000000000000000000e+00
1.374600000000000000e+04
0.000000000000000000e+00
2.000000000000000000e+00
0.000000000000000000e+00
0.000000000000000000e+00
0.000000000000000000e+00
2.460000000000000000e+02
1.440800000000000000e+04
5.000000000000000000e+00
0.000000000000000000e+00
0.000000000000000000e+00
5.460000000000000000e+02
3.000000000000000000e+00
0.000000000000000000e+00
0.000000000000000000e+00
0.000000000000000000e+00
0.000000000000000000e+00
2.349000000000000000e+03
0.000000000000000000e+00
0.000000000000000000e+00
0.000000000000000000e+00
0.000000000000000000e+00
0.000000000000000000e+00
3.500000000000000000e+01
0.000000000000000000e+00
0.000000000000000000e+00
0.000000000000000000e+00
0.000000000000000000e+00
0.000000000000000000e+00
0.000000000000000000e+00
0.000000000000000000e+00
0.000000000000000000e+00
0.000000000000000000e+00
0.000000000000000000e+00
0.000000000000000000e+00
0.000000000000000000e+00
0.000000000000000000e+00
3.800000000000000000e+01
0.000000000000000000e+00
0.000000000000000000e+00
0.000000000000000000e+00
0.000000000000000000e+00
0.000000000000000000e+00
0.000000000000000000e+00
0.000000000000000000e+00
0.000000000000000000e+00
0.000000000000000000e+00
0.000000000000000000e+00
0.000000000000000000e+00
0.000000000000000000e+00
0.000000000000000000e+00
0.000000000000000000e+00
0.000000000000000000e+00
0.000000000000000000e+00
0.000000000000000000e+00
0.000000000000000000e+00
0.000000000000000000e+00
0.000000000000000000e+00
0.000000000000000000e+00
0.000000000000000000e+00
0.000000000000000000e+00
0.000000000000000000e+00
1.944000000000000000e+03
0.000000000000000000e+00
0.000000000000000000e+00
0.000000000000000000e+00
0.000000000000000000e+00
4.000000000000000000e+00
0.000000000000000000e+00
0.000000000000000000e+00
4.200000000000000000e+01
0.000000000000000000e+00
0.000000000000000000e+00
0.000000000000000000e+00
2.000000000000000000e+00
0.000000000000000000e+00
0.000000000000000000e+00
3.000000000000000000e+01
0.000000000000000000e+00
0.000000000000000000e+00
1.000000000000000000e+00
0.000000000000000000e+00
4.500000000000000000e+01
5.290000000000000000e+02
0.000000000000000000e+00
3.320000000000000000e+02
3.500000000000000000e+01
5.600000000000000000e+01
1.114000000000000000e+03
1.980000000000000000e+02
9.828000000000000000e+03
2.910000000000000000e+03
2.770000000000000000e+02
8.323000000000000000e+03
6.900000000000000000e+01
1.130000000000000000e+02
4.850000000000000000e+03
8.363000000000000000e+03
4.075000000000000000e+03
8.000000000000000000e+00
8.900000000000000000e+01
7.485000000000000000e+03
1.448000000000000000e+03
3.000000000000000000e+00
0.000000000000000000e+00
0.000000000000000000e+00
0.000000000000000000e+00
1.435100000000000000e+04
0.000000000000000000e+00
0.000000000000000000e+00
0.000000000000000000e+00
8.000000000000000000e+00
1.600000000000000000e+02
2.322000000000000000e+03
0.000000000000000000e+00
0.000000000000000000e+00
0.000000000000000000e+00
1.000000000000000000e+00
0.000000000000000000e+00
3.610000000000000000e+02
1.400000000000000000e+01
0.000000000000000000e+00
0.000000000000000000e+00
0.000000000000000000e+00
0.000000000000000000e+00
0.000000000000000000e+00
0.000000000000000000e+00
1.009700000000000000e+04
0.000000000000000000e+00
0.000000000000000000e+00
0.000000000000000000e+00
0.000000000000000000e+00
9.400000000000000000e+01
0.000000000000000000e+00
0.000000000000000000e+00
0.000000000000000000e+00
0.000000000000000000e+00
8.220000000000000000e+02
0.000000000000000000e+00
0.000000000000000000e+00
0.000000000000000000e+00
0.000000000000000000e+00
0.000000000000000000e+00
1.020100000000000000e+04
0.000000000000000000e+00
0.000000000000000000e+00
0.000000000000000000e+00
5.970000000000000000e+02
0.000000000000000000e+00
0.000000000000000000e+00
4.000000000000000000e+00
0.000000000000000000e+00
1.154500000000000000e+04
0.000000000000000000e+00
8.000000000000000000e+00
1.150000000000000000e+02
1.800000000000000000e+01
2.098000000000000000e+04
0.000000000000000000e+00
0.000000000000000000e+00
3.350600000000000000e+04
1.000000000000000000e+00
1.000000000000000000e+00
8.000000000000000000e+00
1.660000000000000000e+02
0.000000000000000000e+00
0.000000000000000000e+00
1.242900000000000000e+04
1.130000000000000000e+02
9.725000000000000000e+03
2.140100000000000000e+04
4.302100000000000000e+04
2.743800000000000000e+04
5.493200000000000000e+04
1.207100000000000000e+04
2.679000000000000000e+03
1.392000000000000000e+04
7.472000000000000000e+03
2.946000000000000000e+03
2.362000000000000000e+03
1.713000000000000000e+03
2.310000000000000000e+03
1.423000000000000000e+03
1.167000000000000000e+03
1.130000000000000000e+03
1.084000000000000000e+03
1.149000000000000000e+03
9.490000000000000000e+02
1.007000000000000000e+03
1.304000000000000000e+03
9.760000000000000000e+02
5.740000000000000000e+02
5.180000000000000000e+02
4.720000000000000000e+02
4.230000000000000000e+02
3.970000000000000000e+02
4.010000000000000000e+02
5.390000000000000000e+02
5.840000000000000000e+02
5.580000000000000000e+02
6.730000000000000000e+02
8.970000000000000000e+02
8.340000000000000000e+02
1.024000000000000000e+03
5.590000000000000000e+02
6.080000000000000000e+02
3.430000000000000000e+02
5.330000000000000000e+02
5.140000000000000000e+02
4.420000000000000000e+02
2.290000000000000000e+02
2.010000000000000000e+02
2.420000000000000000e+02
1.370000000000000000e+02
1.660000000000000000e+02
1.320000000000000000e+02
1.090000000000000000e+02
8.000000000000000000e+01
6.100000000000000000e+01
5.100000000000000000e+01
9.000000000000000000e+01
5.000000000000000000e+01
8.300000000000000000e+01
8.600000000000000000e+01
6.500000000000000000e+01
5.800000000000000000e+01
5.700000000000000000e+01
5.400000000000000000e+01
5.500000000000000000e+01
3.000000000000000000e+01
3.500000000000000000e+01
4.400000000000000000e+01
5.200000000000000000e+01
4.000000000000000000e+01
4.700000000000000000e+01
5.200000000000000000e+01
2.400000000000000000e+01
4.200000000000000000e+01
5.200000000000000000e+01
4.900000000000000000e+01
2.100000000000000000e+01
5.900000000000000000e+01
4.200000000000000000e+01
1.300000000000000000e+01
3.400000000000000000e+01
3.500000000000000000e+01
1.700000000000000000e+01
2.700000000000000000e+01
1.600000000000000000e+01
2.600000000000000000e+01
4.200000000000000000e+01
3.000000000000000000e+00
4.900000000000000000e+01
2.000000000000000000e+00
4.200000000000000000e+01
2.400000000000000000e+01
1.800000000000000000e+01
2.100000000000000000e+01
2.200000000000000000e+01
2.200000000000000000e+01
2.500000000000000000e+01
1.900000000000000000e+01
1.400000000000000000e+01
2.800000000000000000e+01
1.400000000000000000e+01
1.200000000000000000e+01
2.900000000000000000e+01
1.500000000000000000e+01
2.100000000000000000e+01
1.500000000000000000e+01
2.200000000000000000e+01
1.300000000000000000e+01
3.000000000000000000e+01
1.700000000000000000e+01
1.400000000000000000e+01
2.300000000000000000e+01
1.700000000000000000e+01
2.200000000000000000e+01
2.000000000000000000e+01
1.900000000000000000e+01
2.400000000000000000e+01
1.700000000000000000e+01
2.100000000000000000e+01
1.500000000000000000e+01
1.900000000000000000e+01
1.500000000000000000e+01
2.600000000000000000e+01
9.000000000000000000e+00
1.400000000000000000e+01
1.400000000000000000e+01
1.600000000000000000e+01
1.700000000000000000e+01
1.400000000000000000e+01
0.000000000000000000e+00
2.500000000000000000e+01
2.600000000000000000e+01
0.000000000000000000e+00
1.600000000000000000e+01
9.000000000000000000e+00
7.000000000000000000e+00
1.400000000000000000e+01
1.600000000000000000e+01
8.000000000000000000e+00
1.700000000000000000e+01
1.000000000000000000e+01
8.000000000000000000e+00
5.000000000000000000e+00
1.700000000000000000e+01
7.000000000000000000e+00
6.000000000000000000e+00
1.400000000000000000e+01
4.000000000000000000e+00
6.000000000000000000e+00
6.000000000000000000e+00
1.000000000000000000e+01
1.200000000000000000e+01
4.000000000000000000e+00
5.000000000000000000e+00
5.000000000000000000e+00
7.000000000000000000e+00
1.500000000000000000e+01
1.000000000000000000e+00
6.000000000000000000e+00
1.300000000000000000e+01
0.000000000000000000e+00
3.000000000000000000e+00
9.000000000000000000e+00
0.000000000000000000e+00
1.000000000000000000e+00
1.400000000000000000e+01
1.000000000000000000e+01
3.000000000000000000e+00
3.000000000000000000e+00
6.000000000000000000e+00
4.000000000000000000e+00
8.000000000000000000e+00
0.000000000000000000e+00
1.400000000000000000e+01
0.000000000000000000e+00
2.000000000000000000e+00
9.000000000000000000e+00
8.000000000000000000e+00
1.100000000000000000e+01
3.000000000000000000e+00
6.000000000000000000e+00
2.000000000000000000e+00
7.000000000000000000e+00
1.000000000000000000e+00
7.000000000000000000e+00
8.000000000000000000e+00
3.000000000000000000e+00
4.000000000000000000e+00
7.000000000000000000e+00
4.000000000000000000e+00
4.000000000000000000e+00
5.000000000000000000e+00
3.000000000000000000e+00
1.000000000000000000e+00
1.200000000000000000e+01
0.000000000000000000e+00
6.000000000000000000e+00
3.000000000000000000e+00
2.000000000000000000e+00
3.000000000000000000e+00
6.000000000000000000e+00
3.000000000000000000e+00
3.000000000000000000e+00
7.000000000000000000e+00
4.000000000000000000e+00
9.000000000000000000e+00
3.000000000000000000e+00
6.000000000000000000e+00
1.000000000000000000e+00
7.000000000000000000e+00
3.000000000000000000e+00
2.000000000000000000e+00
6.000000000000000000e+00
1.000000000000000000e+00
5.000000000000000000e+00
1.000000000000000000e+00
6.000000000000000000e+00
4.000000000000000000e+00
2.000000000000000000e+00
1.000000000000000000e+01
4.000000000000000000e+00
2.000000000000000000e+00
1.000000000000000000e+00
5.000000000000000000e+00
2.000000000000000000e+00
9.000000000000000000e+00
7.000000000000000000e+00
7.000000000000000000e+00
6.000000000000000000e+00
4.000000000000000000e+00
4.000000000000000000e+00
2.000000000000000000e+00
1.000000000000000000e+00
4.000000000000000000e+00
4.000000000000000000e+00
1.000000000000000000e+00
9.000000000000000000e+00
7.000000000000000000e+00
1.000000000000000000e+00
0.000000000000000000e+00
5.000000000000000000e+00
2.000000000000000000e+00
1.200000000000000000e+01
3.000000000000000000e+00
1.000000000000000000e+00
1.000000000000000000e+00
0.000000000000000000e+00
3.000000000000000000e+00
3.000000000000000000e+00
3.000000000000000000e+00
3.000000000000000000e+00
1.000000000000000000e+00
0.000000000000000000e+00
0.000000000000000000e+00
0.000000000000000000e+00
0.000000000000000000e+00
0.000000000000000000e+00
0.000000000000000000e+00
6.700000000000000000e+01
0.000000000000000000e+00
0.000000000000000000e+00
0.000000000000000000e+00
0.000000000000000000e+00
0.000000000000000000e+00
5.000000000000000000e+00
2.000000000000000000e+00
5.000000000000000000e+00
8.000000000000000000e+00
5.000000000000000000e+00
7.000000000000000000e+00
1.000000000000000000e+01
1.100000000000000000e+01
1.000000000000000000e+01
1.600000000000000000e+01
1.100000000000000000e+01
2.300000000000000000e+01
1.300000000000000000e+01
2.100000000000000000e+01
1.400000000000000000e+01
2.000000000000000000e+01
1.300000000000000000e+01
2.100000000000000000e+01
2.800000000000000000e+01
3.300000000000000000e+01
3.100000000000000000e+01
2.900000000000000000e+01
3.000000000000000000e+01
2.900000000000000000e+01
3.700000000000000000e+01
4.400000000000000000e+01
4.800000000000000000e+01
4.000000000000000000e+01
3.800000000000000000e+01
3.200000000000000000e+01
4.300000000000000000e+01
4.700000000000000000e+01
4.500000000000000000e+01
5.600000000000000000e+01
5.300000000000000000e+01
5.500000000000000000e+01
7.700000000000000000e+01
7.900000000000000000e+01
8.500000000000000000e+01
7.500000000000000000e+01
8.900000000000000000e+01
1.140000000000000000e+02
1.090000000000000000e+02
1.050000000000000000e+02
1.200000000000000000e+02
1.050000000000000000e+02
1.270000000000000000e+02
1.300000000000000000e+02
1.210000000000000000e+02
1.340000000000000000e+02
1.280000000000000000e+02
1.540000000000000000e+02
1.500000000000000000e+02
1.530000000000000000e+02
1.760000000000000000e+02
2.010000000000000000e+02
1.770000000000000000e+02
1.940000000000000000e+02
2.430000000000000000e+02
3.200000000000000000e+02
3.440000000000000000e+02
4.310000000000000000e+02
4.400000000000000000e+02
5.090000000000000000e+02
5.280000000000000000e+02
5.430000000000000000e+02
6.010000000000000000e+02
5.810000000000000000e+02
5.840000000000000000e+02
6.160000000000000000e+02
5.390000000000000000e+02
5.270000000000000000e+02
5.240000000000000000e+02
5.150000000000000000e+02
4.520000000000000000e+02
4.100000000000000000e+02
4.030000000000000000e+02
3.610000000000000000e+02
3.280000000000000000e+02
3.400000000000000000e+02
2.790000000000000000e+02
2.670000000000000000e+02
2.820000000000000000e+02
2.520000000000000000e+02
2.310000000000000000e+02
2.610000000000000000e+02
2.420000000000000000e+02
2.230000000000000000e+02
2.380000000000000000e+02
2.230000000000000000e+02
2.380000000000000000e+02
2.100000000000000000e+02
2.210000000000000000e+02
2.240000000000000000e+02
1.990000000000000000e+02
2.070000000000000000e+02
1.890000000000000000e+02
2.120000000000000000e+02
2.130000000000000000e+02
2.190000000000000000e+02
2.190000000000000000e+02
2.220000000000000000e+02
2.590000000000000000e+02
2.400000000000000000e+02
2.590000000000000000e+02
2.610000000000000000e+02
2.620000000000000000e+02
2.990000000000000000e+02
2.980000000000000000e+02
3.150000000000000000e+02
3.440000000000000000e+02
3.590000000000000000e+02
4.510000000000000000e+02
5.650000000000000000e+02
5.920000000000000000e+02
6.590000000000000000e+02
6.640000000000000000e+02
6.760000000000000000e+02
6.360000000000000000e+02
6.530000000000000000e+02
6.890000000000000000e+02
7.280000000000000000e+02
6.240000000000000000e+02
6.810000000000000000e+02
6.510000000000000000e+02
7.010000000000000000e+02
7.230000000000000000e+02
6.940000000000000000e+02
6.930000000000000000e+02
7.630000000000000000e+02
7.240000000000000000e+02
6.670000000000000000e+02
7.240000000000000000e+02
7.290000000000000000e+02
6.990000000000000000e+02
7.820000000000000000e+02
8.070000000000000000e+02
8.960000000000000000e+02
9.610000000000000000e+02
1.020000000000000000e+03
1.083000000000000000e+03
1.176000000000000000e+03
1.234000000000000000e+03
1.218000000000000000e+03
1.272000000000000000e+03
1.274000000000000000e+03
1.261000000000000000e+03
1.229000000000000000e+03
1.111000000000000000e+03
1.106000000000000000e+03
1.090000000000000000e+03
1.151000000000000000e+03
1.077000000000000000e+03
1.152000000000000000e+03
1.088000000000000000e+03
1.129000000000000000e+03
1.285000000000000000e+03
1.189000000000000000e+03
1.208000000000000000e+03
1.278000000000000000e+03
1.279000000000000000e+03
1.264000000000000000e+03
1.253000000000000000e+03
1.250000000000000000e+03
1.291000000000000000e+03
1.261000000000000000e+03
1.232000000000000000e+03
1.343000000000000000e+03
1.254000000000000000e+03
1.242000000000000000e+03
1.233000000000000000e+03
1.202000000000000000e+03
1.138000000000000000e+03
1.087000000000000000e+03
1.110000000000000000e+03
1.108000000000000000e+03
1.084000000000000000e+03
1.052000000000000000e+03
1.030000000000000000e+03
1.015000000000000000e+03
1.080000000000000000e+03
1.056000000000000000e+03
1.128000000000000000e+03
1.217000000000000000e+03
1.200000000000000000e+03
1.274000000000000000e+03
1.275000000000000000e+03
1.272000000000000000e+03
1.340000000000000000e+03
1.353000000000000000e+03
1.405000000000000000e+03
1.464000000000000000e+03
1.500000000000000000e+03
1.469000000000000000e+03
1.463000000000000000e+03
1.512000000000000000e+03
1.617000000000000000e+03
1.667000000000000000e+03
1.653000000000000000e+03
1.750000000000000000e+03
1.857000000000000000e+03
1.919000000000000000e+03
1.911000000000000000e+03
1.992000000000000000e+03
2.152000000000000000e+03
2.172000000000000000e+03
2.098000000000000000e+03
2.183000000000000000e+03
2.315000000000000000e+03
2.263000000000000000e+03
2.381000000000000000e+03
2.334000000000000000e+03
2.415000000000000000e+03
2.545000000000000000e+03
2.678000000000000000e+03
2.576000000000000000e+03
2.400000000000000000e+03
2.425000000000000000e+03
2.376000000000000000e+03
2.403000000000000000e+03
2.462000000000000000e+03
2.401000000000000000e+03
2.345000000000000000e+03
2.340000000000000000e+03
2.392000000000000000e+03
2.512000000000000000e+03
2.454000000000000000e+03
2.621000000000000000e+03
2.487000000000000000e+03
2.521000000000000000e+03
2.748000000000000000e+03
2.848000000000000000e+03
3.026000000000000000e+03
3.279000000000000000e+03
3.324000000000000000e+03
3.330000000000000000e+03
3.546000000000000000e+03
3.738000000000000000e+03
3.185000000000000000e+03
3.145000000000000000e+03
2.634000000000000000e+03
2.261000000000000000e+03
2.152000000000000000e+03
2.177000000000000000e+03
1.437000000000000000e+03
1.266000000000000000e+03
1.261000000000000000e+03
9.660000000000000000e+02
1.131000000000000000e+03
2.297000000000000000e+03
3.591000000000000000e+03
