1.190000000000000000e+02
1.080000000000000000e+02
1.740000000000000000e+02
2.830000000000000000e+02
4.220000000000000000e+02
6.870000000000000000e+02
8.100000000000000000e+02
7.200000000000000000e+02
8.920000000000000000e+02
9.060000000000000000e+02
9.010000000000000000e+02
8.210000000000000000e+02
8.770000000000000000e+02
9.430000000000000000e+02
8.570000000000000000e+02
9.660000000000000000e+02
9.830000000000000000e+02
1.106000000000000000e+03
1.120000000000000000e+03
1.093000000000000000e+03
1.201000000000000000e+03
1.265000000000000000e+03
1.223000000000000000e+03
1.247000000000000000e+03
1.256000000000000000e+03
1.270000000000000000e+03
1.328000000000000000e+03
1.237000000000000000e+03
1.289000000000000000e+03
1.416000000000000000e+03
1.338000000000000000e+03
1.427000000000000000e+03
1.533000000000000000e+03
1.594000000000000000e+03
1.573000000000000000e+03
1.679000000000000000e+03
1.623000000000000000e+03
1.568000000000000000e+03
1.663000000000000000e+03
1.642000000000000000e+03
1.734000000000000000e+03
1.665000000000000000e+03
1.688000000000000000e+03
1.749000000000000000e+03
1.733000000000000000e+03
1.711000000000000000e+03
1.708000000000000000e+03
1.717000000000000000e+03
1.754000000000000000e+03
1.736000000000000000e+03
1.729000000000000000e+03
1.717000000000000000e+03
1.762000000000000000e+03
1.679000000000000000e+03
1.735000000000000000e+03
1.666000000000000000e+03
1.786000000000000000e+03
1.644000000000000000e+03
1.684000000000000000e+03
1.718000000000000000e+03
1.711000000000000000e+03
1.641000000000000000e+03
1.653000000000000000e+03
1.623000000000000000e+03
1.560000000000000000e+03
1.522000000000000000e+03
1.520000000000000000e+03
1.539000000000000000e+03
1.501000000000000000e+03
1.548000000000000000e+03
1.489000000000000000e+03
1.415000000000000000e+03
1.460000000000000000e+03
1.279000000000000000e+03
1.356000000000000000e+03
1.390000000000000000e+03
1.269000000000000000e+03
1.370000000000000000e+03
1.377000000000000000e+03
1.310000000000000000e+03
1.317000000000000000e+03
1.312000000000000000e+03
1.241000000000000000e+03
1.315000000000000000e+03
1.307000000000000000e+03
1.318000000000000000e+03
1.316000000000000000e+03
1.321000000000000000e+03
1.283000000000000000e+03
1.297000000000000000e+03
1.321000000000000000e+03
1.208000000000000000e+03
1.357000000000000000e+03
1.385000000000000000e+03
1.349000000000000000e+03
1.324000000000000000e+03
1.402000000000000000e+03
1.362000000000000000e+03
1.323000000000000000e+03
1.443000000000000000e+03
1.438000000000000000e+03
1.453000000000000000e+03
1.476000000000000000e+03
1.498000000000000000e+03
1.445000000000000000e+03
1.549000000000000000e+03
1.429000000000000000e+03
1.521000000000000000e+03
1.529000000000000000e+03
1.454000000000000000e+03
1.487000000000000000e+03
1.470000000000000000e+03
1.508000000000000000e+03
1.479000000000000000e+03
1.576000000000000000e+03
1.500000000000000000e+03
1.484000000000000000e+03
1.488000000000000000e+03
1.471000000000000000e+03
1.506000000000000000e+03
1.415000000000000000e+03
1.397000000000000000e+03
1.407000000000000000e+03
1.342000000000000000e+03
1.373000000000000000e+03
1.257000000000000000e+03
1.306000000000000000e+03
1.212000000000000000e+03
1.173000000000000000e+03
1.135000000000000000e+03
1.136000000000000000e+03
1.132000000000000000e+03
1.062000000000000000e+03
1.122000000000000000e+03
1.131000000000000000e+03
1.138000000000000000e+03
1.101000000000000000e+03
1.066000000000000000e+03
1.047000000000000000e+03
1.027000000000000000e+03
1.009000000000000000e+03
1.013000000000000000e+03
1.030000000000000000e+03
9.910000000000000000e+02
8.180000000000000000e+02
8.050000000000000000e+02
7.700000000000000000e+02
6.980000000000000000e+02
6.660000000000000000e+02
6.660000000000000000e+02
5.960000000000000000e+02
6.230000000000000000e+02
5.770000000000000000e+02
5.580000000000000000e+02
4.930000000000000000e+02
5.250000000000000000e+02
4.420000000000000000e+02
4.220000000000000000e+02
4.140000000000000000e+02
4.070000000000000000e+02
4.220000000000000000e+02
4.030000000000000000e+02
3.880000000000000000e+02
3.830000000000000000e+02
3.210000000000000000e+02
2.910000000000000000e+02
2.580000000000000000e+02
2.500000000000000000e+02
2.380000000000000000e+02
2.560000000000000000e+02
2.250000000000000000e+02
2.310000000000000000e+02
2.430000000000000000e+02
2.670000000000000000e+02
2.810000000000000000e+02
3.110000000000000000e+02
3.780000000000000000e+02
3.410000000000000000e+02
3.680000000000000000e+02
4.030000000000000000e+02
3.640000000000000000e+02
2.790000000000000000e+02
2.780000000000000000e+02
2.370000000000000000e+02
2.400000000000000000e+02
2.890000000000000000e+02
2.780000000000000000e+02
2.430000000000000000e+02
2.550000000000000000e+02
2.400000000000000000e+02
2.100000000000000000e+02
2.290000000000000000e+02
2.340000000000000000e+02
2.420000000000000000e+02
2.080000000000000000e+02
2.300000000000000000e+02
2.210000000000000000e+02
2.260000000000000000e+02
2.450000000000000000e+02
2.270000000000000000e+02
2.470000000000000000e+02
2.780000000000000000e+02
3.090000000000000000e+02
3.070000000000000000e+02
3.110000000000000000e+02
3.310000000000000000e+02
3.220000000000000000e+02
3.620000000000000000e+02
3.380000000000000000e+02
4.030000000000000000e+02
4.590000000000000000e+02
5.490000000000000000e+02
4.800000000000000000e+02
6.030000000000000000e+02
6.690000000000000000e+02
5.660000000000000000e+02
5.590000000000000000e+02
4.810000000000000000e+02
4.090000000000000000e+02
3.900000000000000000e+02
3.860000000000000000e+02
4.240000000000000000e+02
4.260000000000000000e+02
3.750000000000000000e+02
3.900000000000000000e+02
3.900000000000000000e+02
4.230000000000000000e+02
4.310000000000000000e+02
4.480000000000000000e+02
4.910000000000000000e+02
6.190000000000000000e+02
8.390000000000000000e+02
8.890000000000000000e+02
8.930000000000000000e+02
9.530000000000000000e+02
8.390000000000000000e+02
7.770000000000000000e+02
7.780000000000000000e+02
7.910000000000000000e+02
7.840000000000000000e+02
6.370000000000000000e+02
6.190000000000000000e+02
5.600000000000000000e+02
5.320000000000000000e+02
3.970000000000000000e+02
3.050000000000000000e+02
2.860000000000000000e+02
2.720000000000000000e+02
2.710000000000000000e+02
2.990000000000000000e+02
2.500000000000000000e+02
3.250000000000000000e+02
4.440000000000000000e+02
5.130000000000000000e+02
6.510000000000000000e+02
9.150000000000000000e+02
1.500000000000000000e+01
2.400000000000000000e+01
5.300000000000000000e+01
8.500000000000000000e+01
1.480000000000000000e+02
2.290000000000000000e+02
3.420000000000000000e+02
4.630000000000000000e+02
7.750000000000000000e+02
9.770000000000000000e+02
8.330000000000000000e+02
7.930000000000000000e+02
8.090000000000000000e+02
7.090000000000000000e+02
6.610000000000000000e+02
5.960000000000000000e+02
5.790000000000000000e+02
6.220000000000000000e+02
6.330000000000000000e+02
6.430000000000000000e+02
6.500000000000000000e+02
6.510000000000000000e+02
6.570000000000000000e+02
7.270000000000000000e+02
7.120000000000000000e+02
7.470000000000000000e+02
7.750000000000000000e+02
8.260000000000000000e+02
9.300000000000000000e+02
8.810000000000000000e+02
9.060000000000000000e+02
9.800000000000000000e+02
1.055000000000000000e+03
1.080000000000000000e+03
1.228000000000000000e+03
1.205000000000000000e+03
1.162000000000000000e+03
1.213000000000000000e+03
1.242000000000000000e+03
1.226000000000000000e+03
1.323000000000000000e+03
1.216000000000000000e+03
1.344000000000000000e+03
1.336000000000000000e+03
1.376000000000000000e+03
1.482000000000000000e+03
1.473000000000000000e+03
1.490000000000000000e+03
1.478000000000000000e+03
1.512000000000000000e+03
1.578000000000000000e+03
1.667000000000000000e+03
1.614000000000000000e+03
1.558000000000000000e+03
1.644000000000000000e+03
1.596000000000000000e+03
1.647000000000000000e+03
1.718000000000000000e+03
1.663000000000000000e+03
1.611000000000000000e+03
1.662000000000000000e+03
1.604000000000000000e+03
1.694000000000000000e+03
1.660000000000000000e+03
1.651000000000000000e+03
1.723000000000000000e+03
1.693000000000000000e+03
1.734000000000000000e+03
1.742000000000000000e+03
1.764000000000000000e+03
1.756000000000000000e+03
1.782000000000000000e+03
1.768000000000000000e+03
1.910000000000000000e+03
1.863000000000000000e+03
1.852000000000000000e+03
1.905000000000000000e+03
2.031000000000000000e+03
2.005000000000000000e+03
1.945000000000000000e+03
2.062000000000000000e+03
2.030000000000000000e+03
2.030000000000000000e+03
2.019000000000000000e+03
2.144000000000000000e+03
2.096000000000000000e+03
2.108000000000000000e+03
2.204000000000000000e+03
2.178000000000000000e+03
2.183000000000000000e+03
2.321000000000000000e+03
2.241000000000000000e+03
2.270000000000000000e+03
2.269000000000000000e+03
2.281000000000000000e+03
2.357000000000000000e+03
2.306000000000000000e+03
2.335000000000000000e+03
2.228000000000000000e+03
2.230000000000000000e+03
2.234000000000000000e+03
2.222000000000000000e+03
2.199000000000000000e+03
2.158000000000000000e+03
2.158000000000000000e+03
2.204000000000000000e+03
2.091000000000000000e+03
2.004000000000000000e+03
2.027000000000000000e+03
1.794000000000000000e+03
1.878000000000000000e+03
1.772000000000000000e+03
1.735000000000000000e+03
1.651000000000000000e+03
1.541000000000000000e+03
1.486000000000000000e+03
1.511000000000000000e+03
1.391000000000000000e+03
1.311000000000000000e+03
1.305000000000000000e+03
1.223000000000000000e+03
1.251000000000000000e+03
1.177000000000000000e+03
1.123000000000000000e+03
1.062000000000000000e+03
1.043000000000000000e+03
9.250000000000000000e+02
1.007000000000000000e+03
9.500000000000000000e+02
8.630000000000000000e+02
8.970000000000000000e+02
7.940000000000000000e+02
7.890000000000000000e+02
7.390000000000000000e+02
7.090000000000000000e+02
7.090000000000000000e+02
6.960000000000000000e+02
6.730000000000000000e+02
7.060000000000000000e+02
6.630000000000000000e+02
5.700000000000000000e+02
6.380000000000000000e+02
5.900000000000000000e+02
6.470000000000000000e+02
5.970000000000000000e+02
5.820000000000000000e+02
5.150000000000000000e+02
5.600000000000000000e+02
5.260000000000000000e+02
4.880000000000000000e+02
4.360000000000000000e+02
4.500000000000000000e+02
3.740000000000000000e+02
3.000000000000000000e+02
2.860000000000000000e+02
2.730000000000000000e+02
2.590000000000000000e+02
2.070000000000000000e+02
2.110000000000000000e+02
1.980000000000000000e+02
1.770000000000000000e+02
1.820000000000000000e+02
1.800000000000000000e+02
1.980000000000000000e+02
1.880000000000000000e+02
1.640000000000000000e+02
1.380000000000000000e+02
1.500000000000000000e+02
1.550000000000000000e+02
1.900000000000000000e+02
1.710000000000000000e+02
1.510000000000000000e+02
1.300000000000000000e+02
1.240000000000000000e+02
1.190000000000000000e+02
1.290000000000000000e+02
1.250000000000000000e+02
1.300000000000000000e+02
1.570000000000000000e+02
1.440000000000000000e+02
1.700000000000000000e+02
1.840000000000000000e+02
2.100000000000000000e+02
2.380000000000000000e+02
2.510000000000000000e+02
2.850000000000000000e+02
3.750000000000000000e+02
4.320000000000000000e+02
3.460000000000000000e+02
2.630000000000000000e+02
2.490000000000000000e+02
2.650000000000000000e+02
2.900000000000000000e+02
3.400000000000000000e+02
4.020000000000000000e+02
3.390000000000000000e+02
2.890000000000000000e+02
2.660000000000000000e+02
2.200000000000000000e+02
2.510000000000000000e+02
2.470000000000000000e+02
2.680000000000000000e+02
2.460000000000000000e+02
2.600000000000000000e+02
2.570000000000000000e+02
2.740000000000000000e+02
2.720000000000000000e+02
2.650000000000000000e+02
2.890000000000000000e+02
3.400000000000000000e+02
3.950000000000000000e+02
4.040000000000000000e+02
3.950000000000000000e+02
3.880000000000000000e+02
4.660000000000000000e+02
5.480000000000000000e+02
7.550000000000000000e+02
7.730000000000000000e+02
6.970000000000000000e+02
6.520000000000000000e+02
5.500000000000000000e+02
5.280000000000000000e+02
5.200000000000000000e+02
4.890000000000000000e+02
4.900000000000000000e+02
4.260000000000000000e+02
4.510000000000000000e+02
4.930000000000000000e+02
4.490000000000000000e+02
4.770000000000000000e+02
5.350000000000000000e+02
6.850000000000000000e+02
9.000000000000000000e+02
9.810000000000000000e+02
9.520000000000000000e+02
9.590000000000000000e+02
8.820000000000000000e+02
8.850000000000000000e+02
9.510000000000000000e+02
8.060000000000000000e+02
7.650000000000000000e+02
7.050000000000000000e+02
6.120000000000000000e+02
4.710000000000000000e+02
3.870000000000000000e+02
2.880000000000000000e+02
3.130000000000000000e+02
2.750000000000000000e+02
2.840000000000000000e+02
2.820000000000000000e+02
2.960000000000000000e+02
3.360000000000000000e+02
4.040000000000000000e+02
5.500000000000000000e+02
6.280000000000000000e+02
8.550000000000000000e+02
3.034000000000000000e+03
6.030000000000000000e+02
7.000000000000000000e+02
7.970000000000000000e+02
8.370000000000000000e+02
9.960000000000000000e+02
1.119000000000000000e+03
1.217000000000000000e+03
1.336000000000000000e+03
1.456000000000000000e+03
1.624000000000000000e+03
1.789000000000000000e+03
2.053000000000000000e+03
2.251000000000000000e+03
2.473000000000000000e+03
2.548000000000000000e+03
2.357000000000000000e+03
2.485000000000000000e+03
2.384000000000000000e+03
2.454000000000000000e+03
2.484000000000000000e+03
2.379000000000000000e+03
2.379000000000000000e+03
2.451000000000000000e+03
2.385000000000000000e+03
2.422000000000000000e+03
2.425000000000000000e+03
2.320000000000000000e+03
2.309000000000000000e+03
2.232000000000000000e+03
2.277000000000000000e+03
2.286000000000000000e+03
2.252000000000000000e+03
2.243000000000000000e+03
2.210000000000000000e+03
2.245000000000000000e+03
2.260000000000000000e+03
2.287000000000000000e+03
2.170000000000000000e+03
2.257000000000000000e+03
2.121000000000000000e+03
2.089000000000000000e+03
2.112000000000000000e+03
2.140000000000000000e+03
2.057000000000000000e+03
1.990000000000000000e+03
2.032000000000000000e+03
1.997000000000000000e+03
1.992000000000000000e+03
2.048000000000000000e+03
2.042000000000000000e+03
2.096000000000000000e+03
2.152000000000000000e+03
2.007000000000000000e+03
2.070000000000000000e+03
1.960000000000000000e+03
1.924000000000000000e+03
1.824000000000000000e+03
1.876000000000000000e+03
1.819000000000000000e+03
1.716000000000000000e+03
1.744000000000000000e+03
1.651000000000000000e+03
1.620000000000000000e+03
1.557000000000000000e+03
1.536000000000000000e+03
1.530000000000000000e+03
1.490000000000000000e+03
1.425000000000000000e+03
1.408000000000000000e+03
1.474000000000000000e+03
1.448000000000000000e+03
1.394000000000000000e+03
1.429000000000000000e+03
1.400000000000000000e+03
1.432000000000000000e+03
1.476000000000000000e+03
1.521000000000000000e+03
1.532000000000000000e+03
1.583000000000000000e+03
1.488000000000000000e+03
1.588000000000000000e+03
1.518000000000000000e+03
1.623000000000000000e+03
1.492000000000000000e+03
1.495000000000000000e+03
1.459000000000000000e+03
1.501000000000000000e+03
1.459000000000000000e+03
1.513000000000000000e+03
1.460000000000000000e+03
1.462000000000000000e+03
1.507000000000000000e+03
1.487000000000000000e+03
1.447000000000000000e+03
1.419000000000000000e+03
1.397000000000000000e+03
1.372000000000000000e+03
1.274000000000000000e+03
1.175000000000000000e+03
1.191000000000000000e+03
1.124000000000000000e+03
1.071000000000000000e+03
1.012000000000000000e+03
9.980000000000000000e+02
8.830000000000000000e+02
8.760000000000000000e+02
8.570000000000000000e+02
7.490000000000000000e+02
7.660000000000000000e+02
7.530000000000000000e+02
6.420000000000000000e+02
6.730000000000000000e+02
6.160000000000000000e+02
5.780000000000000000e+02
5.770000000000000000e+02
4.700000000000000000e+02
4.610000000000000000e+02
4.350000000000000000e+02
3.740000000000000000e+02
3.500000000000000000e+02
3.300000000000000000e+02
2.890000000000000000e+02
2.920000000000000000e+02
2.270000000000000000e+02
2.260000000000000000e+02
2.230000000000000000e+02
1.800000000000000000e+02
1.670000000000000000e+02
1.520000000000000000e+02
1.350000000000000000e+02
1.410000000000000000e+02
1.360000000000000000e+02
1.450000000000000000e+02
1.350000000000000000e+02
1.580000000000000000e+02
1.520000000000000000e+02
1.240000000000000000e+02
1.630000000000000000e+02
1.870000000000000000e+02
2.000000000000000000e+02
2.400000000000000000e+02
2.430000000000000000e+02
1.890000000000000000e+02
1.690000000000000000e+02
1.660000000000000000e+02
1.860000000000000000e+02
1.940000000000000000e+02
1.590000000000000000e+02
1.140000000000000000e+02
1.300000000000000000e+02
1.250000000000000000e+02
1.300000000000000000e+02
1.190000000000000000e+02
1.210000000000000000e+02
1.120000000000000000e+02
1.040000000000000000e+02
1.190000000000000000e+02
1.480000000000000000e+02
1.230000000000000000e+02
1.410000000000000000e+02
1.470000000000000000e+02
1.250000000000000000e+02
1.510000000000000000e+02
1.420000000000000000e+02
1.310000000000000000e+02
1.270000000000000000e+02
9.500000000000000000e+01
1.230000000000000000e+02
1.250000000000000000e+02
1.170000000000000000e+02
1.300000000000000000e+02
1.250000000000000000e+02
1.270000000000000000e+02
1.130000000000000000e+02
9.200000000000000000e+01
1.020000000000000000e+02
1.170000000000000000e+02
1.170000000000000000e+02
1.250000000000000000e+02
1.330000000000000000e+02
1.200000000000000000e+02
1.230000000000000000e+02
1.640000000000000000e+02
1.980000000000000000e+02
2.140000000000000000e+02
2.600000000000000000e+02
3.040000000000000000e+02
3.140000000000000000e+02
3.780000000000000000e+02
3.400000000000000000e+02
3.090000000000000000e+02
2.860000000000000000e+02
2.840000000000000000e+02
2.580000000000000000e+02
2.510000000000000000e+02
2.660000000000000000e+02
3.150000000000000000e+02
2.690000000000000000e+02
2.660000000000000000e+02
2.460000000000000000e+02
2.380000000000000000e+02
2.180000000000000000e+02
2.100000000000000000e+02
2.380000000000000000e+02
2.340000000000000000e+02
2.540000000000000000e+02
2.460000000000000000e+02
2.350000000000000000e+02
2.810000000000000000e+02
3.150000000000000000e+02
3.050000000000000000e+02
3.720000000000000000e+02
4.020000000000000000e+02
4.300000000000000000e+02
4.160000000000000000e+02
4.090000000000000000e+02
3.990000000000000000e+02
3.540000000000000000e+02
3.880000000000000000e+02
3.600000000000000000e+02
4.140000000000000000e+02
4.310000000000000000e+02
5.460000000000000000e+02
6.400000000000000000e+02
7.070000000000000000e+02
6.700000000000000000e+02
5.890000000000000000e+02
6.010000000000000000e+02
6.270000000000000000e+02
5.800000000000000000e+02
5.110000000000000000e+02
5.330000000000000000e+02
5.370000000000000000e+02
5.760000000000000000e+02
6.170000000000000000e+02
8.220000000000000000e+02
8.580000000000000000e+02
9.010000000000000000e+02
8.950000000000000000e+02
8.580000000000000000e+02
8.250000000000000000e+02
7.740000000000000000e+02
8.120000000000000000e+02
8.100000000000000000e+02
6.690000000000000000e+02
6.350000000000000000e+02
5.710000000000000000e+02
6.060000000000000000e+02
4.730000000000000000e+02
4.540000000000000000e+02
5.010000000000000000e+02
5.170000000000000000e+02
6.020000000000000000e+02
6.930000000000000000e+02
1.326000000000000000e+03
2.541000000000000000e+03
2.000000000000000000e+00
6.000000000000000000e+00
1.000000000000000000e+01
6.000000000000000000e+00
3.600000000000000000e+01
1.300000000000000000e+02
2.100000000000000000e+01
1.500000000000000000e+02
5.000000000000000000e+01
1.550000000000000000e+02
9.500000000000000000e+02
4.556000000000000000e+03
5.764000000000000000e+03
6.151000000000000000e+03
1.685000000000000000e+04
8.339000000000000000e+03
3.111000000000000000e+03
1.534000000000000000e+03
4.372000000000000000e+03
2.325000000000000000e+03
2.225000000000000000e+03
1.921000000000000000e+03
2.511000000000000000e+03
3.507000000000000000e+03
2.911000000000000000e+03
3.990000000000000000e+03
3.023000000000000000e+03
2.685000000000000000e+03
2.202000000000000000e+03
3.406000000000000000e+03
1.763000000000000000e+03
2.128000000000000000e+03
3.425000000000000000e+03
3.209000000000000000e+03
5.407000000000000000e+03
3.451000000000000000e+03
5.345000000000000000e+03
3.497000000000000000e+03
4.634000000000000000e+03
4.994000000000000000e+03
3.549000000000000000e+03
3.368000000000000000e+03
3.587000000000000000e+03
2.280000000000000000e+03
1.835000000000000000e+03
2.592000000000000000e+03
1.256000000000000000e+03
2.379000000000000000e+03
6.100000000000000000e+02
1.724000000000000000e+03
1.683000000000000000e+03
6.130000000000000000e+02
8.180000000000000000e+02
1.016000000000000000e+03
1.306000000000000000e+03
1.089000000000000000e+03
7.410000000000000000e+02
1.117000000000000000e+03
1.170000000000000000e+02
1.343000000000000000e+03
8.000000000000000000e+00
1.559000000000000000e+03
7.130000000000000000e+02
0.000000000000000000e+00
9.710000000000000000e+02
1.650000000000000000e+03
1.377000000000000000e+03
8.930000000000000000e+02
2.108000000000000000e+03
6.330000000000000000e+02
7.040000000000000000e+02
1.090000000000000000e+02
7.000000000000000000e+02
2.030000000000000000e+03
9.020000000000000000e+02
6.940000000000000000e+02
9.000000000000000000e+00
0.000000000000000000e+00
8.510000000000000000e+02
2.964000000000000000e+03
1.300000000000000000e+01
0.000000000000000000e+00
7.600000000000000000e+02
6.990000000000000000e+02
1.067000000000000000e+03
1.000000000000000000e+00
1.767000000000000000e+03
5.300000000000000000e+01
0.000000000000000000e+00
3.069000000000000000e+03
0.000000000000000000e+00
6.880000000000000000e+02
9.950000000000000000e+02
0.000000000000000000e+00
3.375000000000000000e+03
2.590000000000000000e+03
0.000000000000000000e+00
3.427000000000000000e+03
3.330000000000000000e+02
6.000000000000000000e+00
3.354000000000000000e+03
9.800000000000000000e+01
4.561000000000000000e+03
1.589000000000000000e+03
8.510000000000000000e+02
1.825000000000000000e+03
1.660000000000000000e+02
1.690000000000000000e+02
4.183000000000000000e+03
2.588000000000000000e+03
3.886000000000000000e+03
3.010000000000000000e+02
1.262000000000000000e+03
7.948000000000000000e+03
4.167000000000000000e+03
1.770000000000000000e+02
7.000000000000000000e+00
9.000000000000000000e+00
6.000000000000000000e+00
2.751000000000000000e+03
1.000000000000000000e+00
1.200000000000000000e+01
0.000000000000000000e+00
2.030000000000000000e+02
2.052000000000000000e+03
2.677000000000000000e+03
0.000000000000000000e+00
4.700000000000000000e+01
1.000000000000000000e+00
3.300000000000000000e+01
0.000000000000000000e+00
1.350000000000000000e+02
4.500000000000000000e+01
0.000000000000000000e+00
1.600000000000000000e+01
0.000000000000000000e+00
0.000000000000000000e+00
1.200000000000000000e+01
0.000000000000000000e+00
2.000000000000000000e+02
1.900000000000000000e+01
1.000000000000000000e+00
0.000000000000000000e+00
1.000000000000000000e+00
1.500000000000000000e+01
9.000000000000000000e+00
0.000000000000000000e+00
1.000000000000000000e+00
0.000000000000000000e+00
7.400000000000000000e+01
0.000000000000000000e+00
0.000000000000000000e+00
3.000000000000000000e+00
0.000000000000000000e+00
0.000000000000000000e+00
1.700000000000000000e+01
0.000000000000000000e+00
6.000000000000000000e+00
4.000000000000000000e+00
4.000000000000000000e+00
2.000000000000000000e+00
3.000000000000000000e+00
3.000000000000000000e+00
5.000000000000000000e+00
4.140000000000000000e+02
7.000000000000000000e+00
4.000000000000000000e+00
0.000000000000000000e+00
1.000000000000000000e+00
1.300000000000000000e+01
3.000000000000000000e+00
0.000000000000000000e+00
1.800000000000000000e+01
1.000000000000000000e+00
3.000000000000000000e+00
0.000000000000000000e+00
3.000000000000000000e+00
0.000000000000000000e+00
0.000000000000000000e+00
2.530000000000000000e+03
2.040000000000000000e+02
1.906000000000000000e+03
1.331000000000000000e+03
4.570000000000000000e+02
7.553000000000000000e+03
5.674000000000000000e+03
2.495000000000000000e+03
1.882000000000000000e+03
2.681000000000000000e+03
1.987000000000000000e+03
2.555000000000000000e+03
1.284000000000000000e+03
1.847000000000000000e+03
1.876000000000000000e+03
2.265000000000000000e+03
1.345000000000000000e+03
1.164000000000000000e+03
9.880000000000000000e+02
8.530000000000000000e+02
7.530000000000000000e+02
6.020000000000000000e+02
4.830000000000000000e+02
5.300000000000000000e+02
4.880000000000000000e+02
4.210000000000000000e+02
5.070000000000000000e+02
4.500000000000000000e+02
4.690000000000000000e+02
4.270000000000000000e+02
4.650000000000000000e+02
4.930000000000000000e+02
5.290000000000000000e+02
5.610000000000000000e+02
6.310000000000000000e+02
6.570000000000000000e+02
8.780000000000000000e+02
6.420000000000000000e+02
9.750000000000000000e+02
9.490000000000000000e+02
1.168000000000000000e+03
1.076000000000000000e+03
1.216000000000000000e+03
1.621000000000000000e+03
1.573000000000000000e+03
1.967000000000000000e+03
2.168000000000000000e+03
2.434000000000000000e+03
2.793000000000000000e+03
3.191000000000000000e+03
2.997000000000000000e+03
3.899000000000000000e+03
3.187000000000000000e+03
3.495000000000000000e+03
3.361000000000000000e+03
3.012000000000000000e+03
2.983000000000000000e+03
3.052000000000000000e+03
2.757000000000000000e+03
2.361000000000000000e+03
2.161000000000000000e+03
2.342000000000000000e+03
1.967000000000000000e+03
1.445000000000000000e+03
2.211000000000000000e+03
1.556000000000000000e+03
1.410000000000000000e+03
1.565000000000000000e+03
1.536000000000000000e+03
1.007000000000000000e+03
1.588000000000000000e+03
1.325000000000000000e+03
1.167000000000000000e+03
1.132000000000000000e+03
1.057000000000000000e+03
1.128000000000000000e+03
8.840000000000000000e+02
1.275000000000000000e+03
1.134000000000000000e+03
8.200000000000000000e+02
9.630000000000000000e+02
1.046000000000000000e+03
7.940000000000000000e+02
1.053000000000000000e+03
5.050000000000000000e+02
1.597000000000000000e+03
5.210000000000000000e+02
1.060000000000000000e+03
8.610000000000000000e+02
8.040000000000000000e+02
1.033000000000000000e+03
9.700000000000000000e+02
7.370000000000000000e+02
8.400000000000000000e+02
8.520000000000000000e+02
7.000000000000000000e+02
1.202000000000000000e+03
8.010000000000000000e+02
1.114000000000000000e+03
9.770000000000000000e+02
9.380000000000000000e+02
9.000000000000000000e+02
1.145000000000000000e+03
9.070000000000000000e+02
8.750000000000000000e+02
9.210000000000000000e+02
1.060000000000000000e+03
9.820000000000000000e+02
8.790000000000000000e+02
1.153000000000000000e+03
8.990000000000000000e+02
9.820000000000000000e+02
8.410000000000000000e+02
1.099000000000000000e+03
8.680000000000000000e+02
8.510000000000000000e+02
9.780000000000000000e+02
7.930000000000000000e+02
9.840000000000000000e+02
7.300000000000000000e+02
8.940000000000000000e+02
8.470000000000000000e+02
7.120000000000000000e+02
6.790000000000000000e+02
7.390000000000000000e+02
5.630000000000000000e+02
4.900000000000000000e+02
6.510000000000000000e+02
1.206000000000000000e+03
4.520000000000000000e+02
5.750000000000000000e+02
6.030000000000000000e+02
5.500000000000000000e+02
5.430000000000000000e+02
6.340000000000000000e+02
6.400000000000000000e+02
6.800000000000000000e+02
6.470000000000000000e+02
5.350000000000000000e+02
5.270000000000000000e+02
4.750000000000000000e+02
4.960000000000000000e+02
6.390000000000000000e+02
5.660000000000000000e+02
4.550000000000000000e+02
4.510000000000000000e+02
8.520000000000000000e+02
4.840000000000000000e+02
5.340000000000000000e+02
6.100000000000000000e+02
5.070000000000000000e+02
5.750000000000000000e+02
5.050000000000000000e+02
6.270000000000000000e+02
5.260000000000000000e+02
4.830000000000000000e+02
5.170000000000000000e+02
6.910000000000000000e+02
5.550000000000000000e+02
6.570000000000000000e+02
4.500000000000000000e+02
5.670000000000000000e+02
5.880000000000000000e+02
5.190000000000000000e+02
5.170000000000000000e+02
5.190000000000000000e+02
5.720000000000000000e+02
5.350000000000000000e+02
5.960000000000000000e+02
4.530000000000000000e+02
7.840000000000000000e+02
4.450000000000000000e+02
5.430000000000000000e+02
5.420000000000000000e+02
6.330000000000000000e+02
5.770000000000000000e+02
5.000000000000000000e+02
6.050000000000000000e+02
5.920000000000000000e+02
5.870000000000000000e+02
6.440000000000000000e+02
5.840000000000000000e+02
6.000000000000000000e+02
5.990000000000000000e+02
5.630000000000000000e+02
6.640000000000000000e+02
5.210000000000000000e+02
5.720000000000000000e+02
6.200000000000000000e+02
5.880000000000000000e+02
5.600000000000000000e+02
8.520000000000000000e+02
4.190000000000000000e+02
6.470000000000000000e+02
5.270000000000000000e+02
6.410000000000000000e+02
6.350000000000000000e+02
5.480000000000000000e+02
6.310000000000000000e+02
5.410000000000000000e+02
5.770000000000000000e+02
5.710000000000000000e+02
4.990000000000000000e+02
6.000000000000000000e+02
4.700000000000000000e+02
5.920000000000000000e+02
5.450000000000000000e+02
5.700000000000000000e+02
5.060000000000000000e+02
5.390000000000000000e+02
4.760000000000000000e+02
4.670000000000000000e+02
4.220000000000000000e+02
5.660000000000000000e+02
4.110000000000000000e+02
4.680000000000000000e+02
4.330000000000000000e+02
4.400000000000000000e+02
3.960000000000000000e+02
4.830000000000000000e+02
3.570000000000000000e+02
4.080000000000000000e+02
3.350000000000000000e+02
3.750000000000000000e+02
3.130000000000000000e+02
3.850000000000000000e+02
3.700000000000000000e+02
3.630000000000000000e+02
2.730000000000000000e+02
3.160000000000000000e+02
3.200000000000000000e+02
2.600000000000000000e+02
3.300000000000000000e+02
2.740000000000000000e+02
2.690000000000000000e+02
3.020000000000000000e+02
1.910000000000000000e+02
2.280000000000000000e+02
2.460000000000000000e+02
2.320000000000000000e+02
2.100000000000000000e+02
1.830000000000000000e+02
1.870000000000000000e+02
1.860000000000000000e+02
1.780000000000000000e+02
2.080000000000000000e+02
1.310000000000000000e+02
1.410000000000000000e+02
2.140000000000000000e+02
1.270000000000000000e+02
6.100000000000000000e+01
2.170000000000000000e+02
1.610000000000000000e+02
0.000000000000000000e+00
0.000000000000000000e+00
3.143000000000000000e+03
0.000000000000000000e+00
5.000000000000000000e+00
1.500000000000000000e+01
1.900000000000000000e+01
4.200000000000000000e+01
5.700000000000000000e+01
8.900000000000000000e+01
1.080000000000000000e+02
1.490000000000000000e+02
2.060000000000000000e+02
2.870000000000000000e+02
4.190000000000000000e+02
5.050000000000000000e+02
7.460000000000000000e+02
9.100000000000000000e+02
8.590000000000000000e+02
7.440000000000000000e+02
7.520000000000000000e+02
6.990000000000000000e+02
6.960000000000000000e+02
6.760000000000000000e+02
7.420000000000000000e+02
7.230000000000000000e+02
7.800000000000000000e+02
7.550000000000000000e+02
7.840000000000000000e+02
7.710000000000000000e+02
8.440000000000000000e+02
8.380000000000000000e+02
8.180000000000000000e+02
8.060000000000000000e+02
8.810000000000000000e+02
9.650000000000000000e+02
9.880000000000000000e+02
1.087000000000000000e+03
1.147000000000000000e+03
1.161000000000000000e+03
1.255000000000000000e+03
1.306000000000000000e+03
1.295000000000000000e+03
1.387000000000000000e+03
1.315000000000000000e+03
1.401000000000000000e+03
1.413000000000000000e+03
1.402000000000000000e+03
1.416000000000000000e+03
1.388000000000000000e+03
1.490000000000000000e+03
1.480000000000000000e+03
1.517000000000000000e+03
1.550000000000000000e+03
1.674000000000000000e+03
1.641000000000000000e+03
1.603000000000000000e+03
1.685000000000000000e+03
1.631000000000000000e+03
1.685000000000000000e+03
1.666000000000000000e+03
1.677000000000000000e+03
1.610000000000000000e+03
1.613000000000000000e+03
1.585000000000000000e+03
1.655000000000000000e+03
1.654000000000000000e+03
1.629000000000000000e+03
1.648000000000000000e+03
1.580000000000000000e+03
1.619000000000000000e+03
1.593000000000000000e+03
1.643000000000000000e+03
1.636000000000000000e+03
1.654000000000000000e+03
1.639000000000000000e+03
1.688000000000000000e+03
1.682000000000000000e+03
1.679000000000000000e+03
1.638000000000000000e+03
1.805000000000000000e+03
1.712000000000000000e+03
1.688000000000000000e+03
1.773000000000000000e+03
1.715000000000000000e+03
1.671000000000000000e+03
1.705000000000000000e+03
1.766000000000000000e+03
1.757000000000000000e+03
1.735000000000000000e+03
1.782000000000000000e+03
1.702000000000000000e+03
1.729000000000000000e+03
1.818000000000000000e+03
1.719000000000000000e+03
1.805000000000000000e+03
1.764000000000000000e+03
1.770000000000000000e+03
1.809000000000000000e+03
1.861000000000000000e+03
1.839000000000000000e+03
1.813000000000000000e+03
1.899000000000000000e+03
1.827000000000000000e+03
1.854000000000000000e+03
1.875000000000000000e+03
1.928000000000000000e+03
1.867000000000000000e+03
1.966000000000000000e+03
1.824000000000000000e+03
1.886000000000000000e+03
1.833000000000000000e+03
1.764000000000000000e+03
1.828000000000000000e+03
1.758000000000000000e+03
1.807000000000000000e+03
1.691000000000000000e+03
1.776000000000000000e+03
1.736000000000000000e+03
1.719000000000000000e+03
1.726000000000000000e+03
1.646000000000000000e+03
1.658000000000000000e+03
1.588000000000000000e+03
1.561000000000000000e+03
1.532000000000000000e+03
1.500000000000000000e+03
1.489000000000000000e+03
1.383000000000000000e+03
1.394000000000000000e+03
1.312000000000000000e+03
1.225000000000000000e+03
1.224000000000000000e+03
1.202000000000000000e+03
1.161000000000000000e+03
1.085000000000000000e+03
1.086000000000000000e+03
1.039000000000000000e+03
1.041000000000000000e+03
1.011000000000000000e+03
9.710000000000000000e+02
9.800000000000000000e+02
9.560000000000000000e+02
8.960000000000000000e+02
8.860000000000000000e+02
9.010000000000000000e+02
9.210000000000000000e+02
8.140000000000000000e+02
8.230000000000000000e+02
8.120000000000000000e+02
7.610000000000000000e+02
7.450000000000000000e+02
7.630000000000000000e+02
6.940000000000000000e+02
7.230000000000000000e+02
6.320000000000000000e+02
5.840000000000000000e+02
5.500000000000000000e+02
5.610000000000000000e+02
4.510000000000000000e+02
4.220000000000000000e+02
4.540000000000000000e+02
4.040000000000000000e+02
4.320000000000000000e+02
3.670000000000000000e+02
3.880000000000000000e+02
3.970000000000000000e+02
3.540000000000000000e+02
3.110000000000000000e+02
2.720000000000000000e+02
2.600000000000000000e+02
2.470000000000000000e+02
2.590000000000000000e+02
2.390000000000000000e+02
2.490000000000000000e+02
2.140000000000000000e+02
1.950000000000000000e+02
1.860000000000000000e+02
1.700000000000000000e+02
1.820000000000000000e+02
1.640000000000000000e+02
1.620000000000000000e+02
1.610000000000000000e+02
1.580000000000000000e+02
1.470000000000000000e+02
1.500000000000000000e+02
1.770000000000000000e+02
2.200000000000000000e+02
2.340000000000000000e+02
2.720000000000000000e+02
3.010000000000000000e+02
3.180000000000000000e+02
3.830000000000000000e+02
3.410000000000000000e+02
3.100000000000000000e+02
2.860000000000000000e+02
3.070000000000000000e+02
2.890000000000000000e+02
2.960000000000000000e+02
2.840000000000000000e+02
3.350000000000000000e+02
2.770000000000000000e+02
2.780000000000000000e+02
2.560000000000000000e+02
2.400000000000000000e+02
2.190000000000000000e+02
2.200000000000000000e+02
2.500000000000000000e+02
2.430000000000000000e+02
2.510000000000000000e+02
2.550000000000000000e+02
2.290000000000000000e+02
2.760000000000000000e+02
3.030000000000000000e+02
3.150000000000000000e+02
3.670000000000000000e+02
4.000000000000000000e+02
4.270000000000000000e+02
4.290000000000000000e+02
4.290000000000000000e+02
3.980000000000000000e+02
3.690000000000000000e+02
3.800000000000000000e+02
3.650000000000000000e+02
4.020000000000000000e+02
4.450000000000000000e+02
5.360000000000000000e+02
6.510000000000000000e+02
6.980000000000000000e+02
6.550000000000000000e+02
5.920000000000000000e+02
5.870000000000000000e+02
6.320000000000000000e+02
5.750000000000000000e+02
5.180000000000000000e+02
5.390000000000000000e+02
5.470000000000000000e+02
5.750000000000000000e+02
6.140000000000000000e+02
8.110000000000000000e+02
8.580000000000000000e+02
9.020000000000000000e+02
8.990000000000000000e+02
8.800000000000000000e+02
8.270000000000000000e+02
7.730000000000000000e+02
8.160000000000000000e+02
8.070000000000000000e+02
6.760000000000000000e+02
6.210000000000000000e+02
5.700000000000000000e+02
6.090000000000000000e+02
4.580000000000000000e+02
4.290000000000000000e+02
4.610000000000000000e+02
4.830000000000000000e+02
5.730000000000000000e+02
7.250000000000000000e+02
1.525000000000000000e+03
