2.470000000000000000e+03
9.760000000000000000e+02
8.430000000000000000e+02
7.610000000000000000e+02
7.330000000000000000e+02
5.900000000000000000e+02
5.950000000000000000e+02
5.140000000000000000e+02
5.100000000000000000e+02
5.230000000000000000e+02
5.070000000000000000e+02
5.290000000000000000e+02
5.340000000000000000e+02
5.130000000000000000e+02
6.230000000000000000e+02
5.660000000000000000e+02
6.510000000000000000e+02
6.390000000000000000e+02
6.430000000000000000e+02
7.640000000000000000e+02
7.140000000000000000e+02
7.360000000000000000e+02
6.590000000000000000e+02
6.930000000000000000e+02
7.050000000000000000e+02
6.780000000000000000e+02
6.970000000000000000e+02
6.850000000000000000e+02
6.680000000000000000e+02
6.020000000000000000e+02
6.390000000000000000e+02
6.140000000000000000e+02
6.140000000000000000e+02
5.790000000000000000e+02
6.380000000000000000e+02
6.200000000000000000e+02
6.380000000000000000e+02
6.230000000000000000e+02
5.870000000000000000e+02
6.030000000000000000e+02
6.240000000000000000e+02
6.360000000000000000e+02
6.150000000000000000e+02
5.850000000000000000e+02
5.710000000000000000e+02
6.040000000000000000e+02
5.350000000000000000e+02
5.310000000000000000e+02
5.450000000000000000e+02
5.280000000000000000e+02
5.150000000000000000e+02
5.490000000000000000e+02
5.570000000000000000e+02
5.350000000000000000e+02
5.600000000000000000e+02
4.990000000000000000e+02
5.180000000000000000e+02
5.500000000000000000e+02
5.610000000000000000e+02
5.720000000000000000e+02
5.410000000000000000e+02
5.520000000000000000e+02
5.640000000000000000e+02
5.610000000000000000e+02
5.360000000000000000e+02
5.830000000000000000e+02
5.930000000000000000e+02
5.990000000000000000e+02
5.220000000000000000e+02
5.500000000000000000e+02
5.720000000000000000e+02
5.430000000000000000e+02
5.150000000000000000e+02
4.920000000000000000e+02
4.400000000000000000e+02
4.570000000000000000e+02
4.410000000000000000e+02
4.170000000000000000e+02
3.910000000000000000e+02
3.860000000000000000e+02
4.080000000000000000e+02
3.650000000000000000e+02
3.720000000000000000e+02
3.480000000000000000e+02
3.630000000000000000e+02
3.890000000000000000e+02
3.450000000000000000e+02
3.510000000000000000e+02
3.490000000000000000e+02
3.260000000000000000e+02
3.520000000000000000e+02
3.330000000000000000e+02
3.770000000000000000e+02
3.690000000000000000e+02
4.220000000000000000e+02
3.950000000000000000e+02
4.290000000000000000e+02
4.980000000000000000e+02
5.860000000000000000e+02
5.850000000000000000e+02
6.620000000000000000e+02
6.900000000000000000e+02
7.920000000000000000e+02
8.880000000000000000e+02
1.035000000000000000e+03
1.130000000000000000e+03
1.210000000000000000e+03
1.384000000000000000e+03
1.493000000000000000e+03
1.638000000000000000e+03
1.833000000000000000e+03
1.957000000000000000e+03
2.050000000000000000e+03
2.116000000000000000e+03
2.185000000000000000e+03
2.251000000000000000e+03
2.440000000000000000e+03
2.392000000000000000e+03
2.445000000000000000e+03
2.643000000000000000e+03
2.880000000000000000e+03
3.066000000000000000e+03
3.255000000000000000e+03
3.457000000000000000e+03
3.607000000000000000e+03
3.605000000000000000e+03
3.728000000000000000e+03
3.500000000000000000e+03
3.276000000000000000e+03
2.906000000000000000e+03
2.480000000000000000e+03
2.171000000000000000e+03
1.767000000000000000e+03
1.501000000000000000e+03
1.249000000000000000e+03
1.021000000000000000e+03
8.980000000000000000e+02
9.180000000000000000e+02
7.880000000000000000e+02
8.070000000000000000e+02
7.020000000000000000e+02
6.620000000000000000e+02
7.000000000000000000e+02
6.900000000000000000e+02
6.910000000000000000e+02
7.190000000000000000e+02
7.290000000000000000e+02
7.590000000000000000e+02
7.640000000000000000e+02
7.880000000000000000e+02
7.640000000000000000e+02
8.110000000000000000e+02
8.140000000000000000e+02
8.460000000000000000e+02
8.280000000000000000e+02
8.950000000000000000e+02
9.710000000000000000e+02
9.520000000000000000e+02
9.370000000000000000e+02
9.790000000000000000e+02
1.092000000000000000e+03
1.148000000000000000e+03
1.253000000000000000e+03
1.481000000000000000e+03
1.519000000000000000e+03
1.442000000000000000e+03
1.321000000000000000e+03
1.324000000000000000e+03
1.395000000000000000e+03
1.490000000000000000e+03
1.488000000000000000e+03
1.601000000000000000e+03
1.612000000000000000e+03
1.619000000000000000e+03
1.697000000000000000e+03
1.771000000000000000e+03
1.887000000000000000e+03
1.962000000000000000e+03
2.008000000000000000e+03
2.082000000000000000e+03
2.197000000000000000e+03
2.228000000000000000e+03
2.395000000000000000e+03
2.318000000000000000e+03
2.277000000000000000e+03
2.077000000000000000e+03
1.945000000000000000e+03
2.050000000000000000e+03
1.869000000000000000e+03
1.749000000000000000e+03
1.697000000000000000e+03
1.798000000000000000e+03
1.688000000000000000e+03
1.523000000000000000e+03
1.367000000000000000e+03
1.200000000000000000e+03
1.190000000000000000e+03
1.300000000000000000e+03
1.070000000000000000e+03
1.029000000000000000e+03
1.044000000000000000e+03
1.120000000000000000e+03
1.073000000000000000e+03
1.001000000000000000e+03
1.048000000000000000e+03
1.040000000000000000e+03
9.710000000000000000e+02
1.053000000000000000e+03
1.054000000000000000e+03
9.380000000000000000e+02
8.180000000000000000e+02
7.990000000000000000e+02
6.360000000000000000e+02
5.860000000000000000e+02
5.630000000000000000e+02
5.320000000000000000e+02
5.700000000000000000e+02
5.190000000000000000e+02
4.910000000000000000e+02
4.570000000000000000e+02
4.480000000000000000e+02
3.960000000000000000e+02
3.450000000000000000e+02
2.900000000000000000e+02
2.540000000000000000e+02
2.180000000000000000e+02
2.080000000000000000e+02
1.740000000000000000e+02
1.310000000000000000e+02
1.000000000000000000e+02
8.500000000000000000e+01
6.000000000000000000e+01
5.600000000000000000e+01
4.300000000000000000e+01
5.800000000000000000e+01
4.900000000000000000e+01
4.300000000000000000e+01
3.900000000000000000e+01
5.200000000000000000e+01
3.400000000000000000e+01
3.100000000000000000e+01
3.200000000000000000e+01
3.700000000000000000e+01
3.500000000000000000e+01
5.500000000000000000e+01
3.400000000000000000e+01
4.300000000000000000e+01
5.100000000000000000e+01
5.700000000000000000e+01
8.200000000000000000e+01
7.200000000000000000e+01
8.400000000000000000e+01
1.000000000000000000e+02
8.700000000000000000e+01
1.300000000000000000e+02
5.170000000000000000e+02
9.960000000000000000e+02
9.520000000000000000e+02
1.218000000000000000e+03
1.035000000000000000e+03
8.570000000000000000e+02
7.880000000000000000e+02
6.480000000000000000e+02
5.540000000000000000e+02
4.940000000000000000e+02
5.470000000000000000e+02
5.210000000000000000e+02
5.120000000000000000e+02
5.600000000000000000e+02
5.950000000000000000e+02
5.690000000000000000e+02
6.100000000000000000e+02
6.420000000000000000e+02
6.640000000000000000e+02
7.800000000000000000e+02
7.400000000000000000e+02
7.940000000000000000e+02
7.650000000000000000e+02
7.710000000000000000e+02
8.070000000000000000e+02
7.400000000000000000e+02
7.520000000000000000e+02
7.040000000000000000e+02
7.320000000000000000e+02
6.770000000000000000e+02
6.200000000000000000e+02
6.230000000000000000e+02
6.580000000000000000e+02
6.130000000000000000e+02
5.990000000000000000e+02
5.820000000000000000e+02
6.220000000000000000e+02
6.140000000000000000e+02
6.250000000000000000e+02
6.100000000000000000e+02
6.230000000000000000e+02
6.460000000000000000e+02
5.960000000000000000e+02
6.520000000000000000e+02
6.490000000000000000e+02
6.270000000000000000e+02
6.600000000000000000e+02
5.980000000000000000e+02
5.720000000000000000e+02
5.900000000000000000e+02
5.940000000000000000e+02
6.450000000000000000e+02
6.010000000000000000e+02
5.720000000000000000e+02
5.920000000000000000e+02
6.390000000000000000e+02
5.850000000000000000e+02
5.610000000000000000e+02
5.400000000000000000e+02
6.050000000000000000e+02
5.790000000000000000e+02
6.350000000000000000e+02
6.300000000000000000e+02
5.960000000000000000e+02
5.920000000000000000e+02
6.170000000000000000e+02
5.790000000000000000e+02
5.770000000000000000e+02
5.340000000000000000e+02
5.680000000000000000e+02
5.340000000000000000e+02
5.350000000000000000e+02
4.620000000000000000e+02
5.070000000000000000e+02
4.930000000000000000e+02
5.020000000000000000e+02
4.700000000000000000e+02
4.940000000000000000e+02
4.800000000000000000e+02
4.790000000000000000e+02
4.790000000000000000e+02
5.120000000000000000e+02
4.600000000000000000e+02
4.500000000000000000e+02
4.900000000000000000e+02
4.590000000000000000e+02
4.630000000000000000e+02
4.960000000000000000e+02
5.060000000000000000e+02
5.350000000000000000e+02
5.600000000000000000e+02
5.860000000000000000e+02
7.100000000000000000e+02
7.760000000000000000e+02
9.320000000000000000e+02
1.015000000000000000e+03
1.176000000000000000e+03
1.305000000000000000e+03
1.489000000000000000e+03
1.777000000000000000e+03
2.046000000000000000e+03
2.369000000000000000e+03
2.772000000000000000e+03
3.068000000000000000e+03
3.437000000000000000e+03
3.825000000000000000e+03
4.174000000000000000e+03
4.399000000000000000e+03
4.750000000000000000e+03
4.885000000000000000e+03
4.900000000000000000e+03
4.570000000000000000e+03
4.229000000000000000e+03
3.751000000000000000e+03
3.089000000000000000e+03
2.515000000000000000e+03
2.094000000000000000e+03
1.741000000000000000e+03
1.438000000000000000e+03
1.207000000000000000e+03
1.151000000000000000e+03
1.060000000000000000e+03
9.470000000000000000e+02
9.580000000000000000e+02
9.420000000000000000e+02
9.650000000000000000e+02
9.020000000000000000e+02
9.440000000000000000e+02
9.860000000000000000e+02
9.980000000000000000e+02
1.093000000000000000e+03
1.126000000000000000e+03
1.151000000000000000e+03
1.196000000000000000e+03
1.224000000000000000e+03
1.187000000000000000e+03
1.242000000000000000e+03
1.313000000000000000e+03
1.312000000000000000e+03
1.322000000000000000e+03
1.349000000000000000e+03
1.343000000000000000e+03
1.316000000000000000e+03
1.288000000000000000e+03
1.324000000000000000e+03
1.285000000000000000e+03
1.320000000000000000e+03
1.335000000000000000e+03
1.274000000000000000e+03
1.240000000000000000e+03
1.292000000000000000e+03
1.265000000000000000e+03
1.172000000000000000e+03
1.218000000000000000e+03
1.114000000000000000e+03
1.117000000000000000e+03
1.014000000000000000e+03
9.360000000000000000e+02
8.590000000000000000e+02
8.210000000000000000e+02
7.750000000000000000e+02
7.210000000000000000e+02
6.830000000000000000e+02
6.410000000000000000e+02
5.990000000000000000e+02
5.620000000000000000e+02
5.650000000000000000e+02
5.650000000000000000e+02
5.220000000000000000e+02
5.270000000000000000e+02
5.260000000000000000e+02
5.270000000000000000e+02
5.240000000000000000e+02
5.150000000000000000e+02
5.790000000000000000e+02
7.490000000000000000e+02
7.880000000000000000e+02
1.025000000000000000e+03
1.257000000000000000e+03
1.445000000000000000e+03
1.469000000000000000e+03
1.296000000000000000e+03
1.336000000000000000e+03
1.626000000000000000e+03
1.699000000000000000e+03
1.639000000000000000e+03
1.514000000000000000e+03
1.571000000000000000e+03
1.494000000000000000e+03
1.522000000000000000e+03
1.580000000000000000e+03
1.827000000000000000e+03
2.113000000000000000e+03
2.015000000000000000e+03
2.253000000000000000e+03
2.219000000000000000e+03
2.072000000000000000e+03
1.604000000000000000e+03
1.314000000000000000e+03
1.144000000000000000e+03
1.000000000000000000e+03
8.530000000000000000e+02
7.700000000000000000e+02
7.260000000000000000e+02
7.390000000000000000e+02
6.600000000000000000e+02
6.480000000000000000e+02
5.680000000000000000e+02
5.920000000000000000e+02
6.260000000000000000e+02
6.090000000000000000e+02
5.800000000000000000e+02
5.400000000000000000e+02
5.330000000000000000e+02
4.360000000000000000e+02
4.310000000000000000e+02
3.440000000000000000e+02
3.600000000000000000e+02
2.880000000000000000e+02
3.080000000000000000e+02
2.850000000000000000e+02
2.540000000000000000e+02
1.970000000000000000e+02
1.690000000000000000e+02
1.440000000000000000e+02
1.460000000000000000e+02
1.450000000000000000e+02
1.560000000000000000e+02
1.350000000000000000e+02
1.250000000000000000e+02
1.050000000000000000e+02
1.250000000000000000e+02
1.110000000000000000e+02
1.060000000000000000e+02
9.900000000000000000e+01
9.000000000000000000e+01
8.700000000000000000e+01
7.300000000000000000e+01
8.700000000000000000e+01
6.500000000000000000e+01
7.800000000000000000e+01
5.800000000000000000e+01
6.700000000000000000e+01
4.900000000000000000e+01
4.700000000000000000e+01
3.800000000000000000e+01
3.800000000000000000e+01
5.300000000000000000e+01
5.900000000000000000e+01
6.200000000000000000e+01
6.900000000000000000e+01
1.020000000000000000e+02
1.090000000000000000e+02
1.220000000000000000e+02
1.540000000000000000e+02
1.900000000000000000e+02
4.520000000000000000e+02
2.080000000000000000e+03
8.220000000000000000e+02
7.510000000000000000e+02
7.190000000000000000e+02
7.060000000000000000e+02
6.070000000000000000e+02
6.150000000000000000e+02
6.350000000000000000e+02
6.460000000000000000e+02
6.350000000000000000e+02
6.100000000000000000e+02
6.450000000000000000e+02
6.570000000000000000e+02
7.320000000000000000e+02
7.660000000000000000e+02
7.300000000000000000e+02
7.310000000000000000e+02
7.660000000000000000e+02
7.600000000000000000e+02
7.620000000000000000e+02
8.150000000000000000e+02
8.510000000000000000e+02
8.300000000000000000e+02
8.930000000000000000e+02
8.540000000000000000e+02
8.480000000000000000e+02
8.470000000000000000e+02
7.810000000000000000e+02
8.070000000000000000e+02
8.030000000000000000e+02
7.670000000000000000e+02
7.790000000000000000e+02
7.610000000000000000e+02
7.180000000000000000e+02
7.300000000000000000e+02
7.080000000000000000e+02
6.890000000000000000e+02
6.410000000000000000e+02
6.780000000000000000e+02
6.430000000000000000e+02
6.660000000000000000e+02
6.850000000000000000e+02
7.250000000000000000e+02
7.190000000000000000e+02
7.060000000000000000e+02
7.400000000000000000e+02
7.180000000000000000e+02
7.580000000000000000e+02
6.670000000000000000e+02
6.820000000000000000e+02
6.370000000000000000e+02
7.520000000000000000e+02
7.070000000000000000e+02
7.050000000000000000e+02
6.810000000000000000e+02
7.640000000000000000e+02
7.030000000000000000e+02
7.260000000000000000e+02
6.580000000000000000e+02
6.810000000000000000e+02
6.990000000000000000e+02
7.150000000000000000e+02
6.400000000000000000e+02
6.750000000000000000e+02
6.870000000000000000e+02
7.080000000000000000e+02
7.320000000000000000e+02
7.430000000000000000e+02
7.460000000000000000e+02
8.120000000000000000e+02
8.290000000000000000e+02
9.190000000000000000e+02
1.048000000000000000e+03
1.212000000000000000e+03
1.354000000000000000e+03
1.457000000000000000e+03
1.622000000000000000e+03
1.908000000000000000e+03
2.253000000000000000e+03
2.609000000000000000e+03
3.058000000000000000e+03
3.556000000000000000e+03
3.984000000000000000e+03
4.508000000000000000e+03
4.833000000000000000e+03
4.800000000000000000e+03
4.908000000000000000e+03
4.669000000000000000e+03
4.541000000000000000e+03
4.354000000000000000e+03
4.104000000000000000e+03
3.820000000000000000e+03
3.609000000000000000e+03
3.093000000000000000e+03
2.739000000000000000e+03
2.475000000000000000e+03
2.167000000000000000e+03
1.954000000000000000e+03
1.773000000000000000e+03
1.660000000000000000e+03
1.502000000000000000e+03
1.432000000000000000e+03
1.432000000000000000e+03
1.264000000000000000e+03
1.291000000000000000e+03
1.232000000000000000e+03
1.246000000000000000e+03
1.172000000000000000e+03
1.090000000000000000e+03
1.120000000000000000e+03
1.101000000000000000e+03
1.006000000000000000e+03
9.360000000000000000e+02
9.540000000000000000e+02
8.410000000000000000e+02
8.400000000000000000e+02
8.770000000000000000e+02
8.320000000000000000e+02
7.680000000000000000e+02
7.950000000000000000e+02
7.320000000000000000e+02
6.750000000000000000e+02
6.540000000000000000e+02
6.790000000000000000e+02
6.420000000000000000e+02
6.620000000000000000e+02
6.430000000000000000e+02
7.210000000000000000e+02
6.820000000000000000e+02
6.830000000000000000e+02
6.970000000000000000e+02
6.960000000000000000e+02
7.050000000000000000e+02
6.290000000000000000e+02
6.280000000000000000e+02
6.220000000000000000e+02
6.510000000000000000e+02
5.790000000000000000e+02
5.990000000000000000e+02
5.360000000000000000e+02
5.710000000000000000e+02
5.790000000000000000e+02
5.470000000000000000e+02
5.210000000000000000e+02
5.570000000000000000e+02
5.550000000000000000e+02
5.480000000000000000e+02
5.920000000000000000e+02
5.230000000000000000e+02
4.960000000000000000e+02
4.820000000000000000e+02
4.750000000000000000e+02
4.630000000000000000e+02
4.730000000000000000e+02
4.150000000000000000e+02
4.000000000000000000e+02
4.180000000000000000e+02
3.850000000000000000e+02
3.820000000000000000e+02
4.220000000000000000e+02
3.610000000000000000e+02
3.340000000000000000e+02
3.360000000000000000e+02
3.620000000000000000e+02
3.600000000000000000e+02
4.520000000000000000e+02
4.260000000000000000e+02
4.030000000000000000e+02
4.780000000000000000e+02
5.440000000000000000e+02
5.720000000000000000e+02
5.430000000000000000e+02
6.530000000000000000e+02
6.410000000000000000e+02
7.180000000000000000e+02
9.460000000000000000e+02
1.079000000000000000e+03
1.175000000000000000e+03
1.315000000000000000e+03
2.072000000000000000e+03
2.178000000000000000e+03
1.783000000000000000e+03
1.631000000000000000e+03
1.717000000000000000e+03
1.746000000000000000e+03
1.882000000000000000e+03
1.966000000000000000e+03
1.913000000000000000e+03
1.721000000000000000e+03
1.484000000000000000e+03
1.308000000000000000e+03
1.155000000000000000e+03
1.205000000000000000e+03
1.195000000000000000e+03
1.293000000000000000e+03
1.306000000000000000e+03
1.159000000000000000e+03
9.170000000000000000e+02
8.860000000000000000e+02
8.870000000000000000e+02
8.440000000000000000e+02
8.570000000000000000e+02
8.580000000000000000e+02
7.660000000000000000e+02
6.960000000000000000e+02
6.190000000000000000e+02
5.010000000000000000e+02
4.790000000000000000e+02
3.890000000000000000e+02
3.980000000000000000e+02
3.130000000000000000e+02
2.830000000000000000e+02
2.420000000000000000e+02
2.420000000000000000e+02
2.070000000000000000e+02
2.180000000000000000e+02
1.880000000000000000e+02
2.030000000000000000e+02
1.750000000000000000e+02
1.740000000000000000e+02
1.800000000000000000e+02
1.500000000000000000e+02
1.620000000000000000e+02
1.650000000000000000e+02
1.620000000000000000e+02
1.750000000000000000e+02
1.930000000000000000e+02
1.840000000000000000e+02
1.810000000000000000e+02
1.760000000000000000e+02
1.510000000000000000e+02
1.810000000000000000e+02
1.650000000000000000e+02
1.580000000000000000e+02
1.330000000000000000e+02
1.490000000000000000e+02
1.550000000000000000e+02
1.670000000000000000e+02
1.500000000000000000e+02
1.390000000000000000e+02
1.470000000000000000e+02
1.630000000000000000e+02
1.570000000000000000e+02
1.360000000000000000e+02
1.460000000000000000e+02
1.320000000000000000e+02
1.300000000000000000e+02
1.310000000000000000e+02
1.320000000000000000e+02
1.330000000000000000e+02
1.540000000000000000e+02
1.370000000000000000e+02
1.060000000000000000e+02
1.400000000000000000e+02
9.100000000000000000e+01
4.140000000000000000e+02
5.160000000000000000e+03
1.000000000000000000e+00
1.500000000000000000e+01
7.100000000000000000e+01
1.700000000000000000e+01
1.850000000000000000e+02
7.250000000000000000e+02
3.000000000000000000e+01
4.970000000000000000e+02
1.370000000000000000e+02
1.020000000000000000e+02
1.290000000000000000e+03
7.000000000000000000e+02
5.028000000000000000e+03
4.534000000000000000e+03
3.296100000000000000e+04
1.402200000000000000e+04
2.830200000000000000e+04
1.672900000000000000e+04
2.759300000000000000e+04
1.167700000000000000e+04
9.833000000000000000e+03
3.800000000000000000e+03
2.794000000000000000e+03
5.563000000000000000e+03
2.388000000000000000e+03
2.464000000000000000e+03
2.010000000000000000e+02
3.400000000000000000e+02
2.360000000000000000e+02
6.243000000000000000e+03
0.000000000000000000e+00
3.950000000000000000e+02
1.070000000000000000e+02
3.500000000000000000e+02
1.070000000000000000e+03
2.106000000000000000e+03
3.100000000000000000e+01
1.880000000000000000e+02
5.300000000000000000e+01
1.570000000000000000e+02
5.000000000000000000e+00
3.450000000000000000e+02
2.010000000000000000e+02
0.000000000000000000e+00
7.700000000000000000e+01
8.000000000000000000e+00
0.000000000000000000e+00
6.100000000000000000e+01
0.000000000000000000e+00
1.695000000000000000e+03
5.800000000000000000e+01
1.300000000000000000e+01
3.000000000000000000e+00
2.000000000000000000e+00
8.100000000000000000e+01
2.600000000000000000e+01
5.000000000000000000e+00
0.000000000000000000e+00
0.000000000000000000e+00
3.480000000000000000e+02
0.000000000000000000e+00
0.000000000000000000e+00
1.200000000000000000e+01
0.000000000000000000e+00
4.000000000000000000e+00
3.030000000000000000e+02
1.000000000000000000e+00
1.400000000000000000e+01
6.000000000000000000e+00
6.200000000000000000e+01
5.000000000000000000e+00
1.000000000000000000e+00
1.400000000000000000e+01
3.000000000000000000e+01
4.343000000000000000e+03
1.000000000000000000e+01
0.000000000000000000e+00
0.000000000000000000e+00
3.100000000000000000e+01
2.600000000000000000e+02
4.000000000000000000e+00
2.000000000000000000e+00
1.674000000000000000e+03
3.800000000000000000e+01
1.900000000000000000e+01
5.000000000000000000e+00
1.920000000000000000e+02
1.100000000000000000e+01
7.000000000000000000e+00
7.490000000000000000e+02
2.700000000000000000e+01
7.000000000000000000e+01
1.410000000000000000e+02
4.500000000000000000e+01
5.220000000000000000e+02
2.850000000000000000e+03
5.700000000000000000e+01
1.228000000000000000e+03
3.000000000000000000e+02
4.990000000000000000e+02
3.529000000000000000e+03
3.399000000000000000e+03
8.507000000000000000e+03
3.288000000000000000e+03
3.911000000000000000e+03
2.103000000000000000e+03
8.530000000000000000e+02
4.270000000000000000e+02
1.111000000000000000e+03
3.861000000000000000e+03
6.320000000000000000e+02
1.280000000000000000e+02
1.800000000000000000e+02
8.130000000000000000e+02
2.670000000000000000e+02
6.600000000000000000e+01
1.500000000000000000e+01
1.100000000000000000e+01
0.000000000000000000e+00
1.028000000000000000e+03
0.000000000000000000e+00
0.000000000000000000e+00
0.000000000000000000e+00
1.000000000000000000e+01
4.800000000000000000e+01
1.630000000000000000e+02
0.000000000000000000e+00
1.000000000000000000e+00
0.000000000000000000e+00
1.000000000000000000e+00
0.000000000000000000e+00
2.600000000000000000e+01
3.000000000000000000e+00
0.000000000000000000e+00
9.000000000000000000e+00
0.000000000000000000e+00
0.000000000000000000e+00
0.000000000000000000e+00
0.000000000000000000e+00
1.330000000000000000e+02
0.000000000000000000e+00
0.000000000000000000e+00
0.000000000000000000e+00
0.000000000000000000e+00
2.000000000000000000e+00
0.000000000000000000e+00
0.000000000000000000e+00
0.000000000000000000e+00
0.000000000000000000e+00
8.000000000000000000e+00
0.000000000000000000e+00
0.000000000000000000e+00
0.000000000000000000e+00
0.000000000000000000e+00
0.000000000000000000e+00
3.000000000000000000e+01
0.000000000000000000e+00
0.000000000000000000e+00
0.000000000000000000e+00
6.000000000000000000e+00
0.000000000000000000e+00
0.000000000000000000e+00
1.000000000000000000e+00
1.000000000000000000e+00
6.480000000000000000e+02
0.000000000000000000e+00
0.000000000000000000e+00
0.000000000000000000e+00
0.000000000000000000e+00
4.400000000000000000e+01
0.000000000000000000e+00
0.000000000000000000e+00
1.430000000000000000e+02
1.000000000000000000e+00
1.000000000000000000e+00
0.000000000000000000e+00
3.200000000000000000e+01
1.000000000000000000e+00
0.000000000000000000e+00
4.610000000000000000e+03
3.600000000000000000e+01
3.840000000000000000e+02
4.690000000000000000e+03
4.228000000000000000e+03
6.590000000000000000e+02
1.260000000000000000e+03
4.010000000000000000e+03
1.238000000000000000e+03
2.976000000000000000e+03
2.887000000000000000e+03
2.719000000000000000e+03
2.075000000000000000e+03
1.962000000000000000e+03
1.684000000000000000e+03
1.854000000000000000e+03
1.606000000000000000e+03
2.122000000000000000e+03
1.863000000000000000e+03
2.103000000000000000e+03
2.097000000000000000e+03
1.875000000000000000e+03
2.130000000000000000e+03
2.234000000000000000e+03
2.266000000000000000e+03
1.951000000000000000e+03
1.994000000000000000e+03
2.031000000000000000e+03
1.949000000000000000e+03
1.749000000000000000e+03
2.282000000000000000e+03
2.045000000000000000e+03
2.050000000000000000e+03
1.822000000000000000e+03
1.933000000000000000e+03
1.859000000000000000e+03
2.017000000000000000e+03
1.518000000000000000e+03
1.833000000000000000e+03
1.906000000000000000e+03
1.670000000000000000e+03
1.790000000000000000e+03
1.556000000000000000e+03
1.809000000000000000e+03
1.612000000000000000e+03
1.612000000000000000e+03
1.518000000000000000e+03
1.574000000000000000e+03
1.609000000000000000e+03
1.680000000000000000e+03
1.713000000000000000e+03
2.467000000000000000e+03
2.042000000000000000e+03
2.466000000000000000e+03
2.765000000000000000e+03
2.870000000000000000e+03
2.786000000000000000e+03
2.755000000000000000e+03
2.732000000000000000e+03
2.641000000000000000e+03
2.250000000000000000e+03
2.474000000000000000e+03
2.407000000000000000e+03
2.308000000000000000e+03
2.420000000000000000e+03
1.990000000000000000e+03
1.779000000000000000e+03
2.007000000000000000e+03
1.606000000000000000e+03
1.593000000000000000e+03
1.635000000000000000e+03
1.551000000000000000e+03
1.737000000000000000e+03
1.807000000000000000e+03
1.415000000000000000e+03
1.599000000000000000e+03
1.198000000000000000e+03
1.350000000000000000e+03
1.421000000000000000e+03
1.115000000000000000e+03
1.333000000000000000e+03
1.399000000000000000e+03
1.694000000000000000e+03
1.361000000000000000e+03
2.617000000000000000e+03
2.298000000000000000e+03
3.118000000000000000e+03
1.907000000000000000e+03
2.337000000000000000e+03
2.243000000000000000e+03
2.066000000000000000e+03
2.023000000000000000e+03
1.629000000000000000e+03
1.644000000000000000e+03
1.543000000000000000e+03
1.200000000000000000e+03
1.416000000000000000e+03
1.201000000000000000e+03
1.320000000000000000e+03
1.144000000000000000e+03
1.415000000000000000e+03
1.328000000000000000e+03
1.500000000000000000e+03
1.467000000000000000e+03
1.440000000000000000e+03
1.321000000000000000e+03
1.736000000000000000e+03
1.618000000000000000e+03
1.289000000000000000e+03
1.613000000000000000e+03
1.100000000000000000e+03
1.442000000000000000e+03
1.130000000000000000e+03
1.276000000000000000e+03
9.190000000000000000e+02
1.101000000000000000e+03
9.610000000000000000e+02
9.110000000000000000e+02
9.180000000000000000e+02
7.710000000000000000e+02
8.650000000000000000e+02
6.470000000000000000e+02
7.220000000000000000e+02
6.310000000000000000e+02
5.070000000000000000e+02
4.600000000000000000e+02
3.070000000000000000e+02
5.020000000000000000e+02
1.007000000000000000e+03
2.000000000000000000e+02
2.060000000000000000e+02
2.580000000000000000e+02
2.260000000000000000e+02
2.040000000000000000e+02
2.070000000000000000e+02
1.800000000000000000e+02
1.850000000000000000e+02
1.760000000000000000e+02
1.640000000000000000e+02
1.480000000000000000e+02
1.340000000000000000e+02
1.180000000000000000e+02
1.670000000000000000e+02
1.390000000000000000e+02
1.090000000000000000e+02
8.400000000000000000e+01
1.880000000000000000e+02
9.300000000000000000e+01
1.060000000000000000e+02
1.300000000000000000e+02
6.800000000000000000e+01
9.200000000000000000e+01
5.700000000000000000e+01
2.980000000000000000e+02
3.600000000000000000e+01
7.400000000000000000e+01
8.300000000000000000e+01
8.100000000000000000e+01
8.700000000000000000e+01
1.530000000000000000e+02
1.300000000000000000e+01
5.800000000000000000e+01
9.300000000000000000e+01
3.800000000000000000e+01
7.800000000000000000e+01
6.000000000000000000e+01
5.700000000000000000e+01
5.900000000000000000e+01
2.600000000000000000e+01
4.000000000000000000e+00
4.590000000000000000e+02
5.000000000000000000e+00
1.400000000000000000e+01
4.500000000000000000e+01
6.900000000000000000e+01
4.400000000000000000e+01
2.200000000000000000e+01
7.300000000000000000e+01
5.000000000000000000e+00
8.500000000000000000e+01
2.700000000000000000e+01
3.600000000000000000e+01
1.480000000000000000e+02
1.300000000000000000e+01
4.900000000000000000e+01
7.400000000000000000e+01
1.700000000000000000e+01
3.900000000000000000e+01
3.200000000000000000e+01
1.700000000000000000e+01
1.000000000000000000e+01
3.110000000000000000e+02
3.000000000000000000e+00
2.400000000000000000e+01
4.000000000000000000e+01
3.000000000000000000e+01
2.200000000000000000e+01
2.000000000000000000e+01
7.000000000000000000e+01
1.100000000000000000e+01
6.700000000000000000e+01
2.300000000000000000e+01
1.100000000000000000e+01
8.000000000000000000e+00
9.400000000000000000e+01
5.000000000000000000e+00
1.900000000000000000e+01
2.400000000000000000e+01
8.000000000000000000e+00
3.900000000000000000e+01
9.000000000000000000e+00
1.400000000000000000e+01
0.000000000000000000e+00
1.670000000000000000e+02
1.200000000000000000e+01
1.900000000000000000e+01
3.800000000000000000e+01
1.000000000000000000e+01
7.000000000000000000e+00
5.200000000000000000e+01
1.500000000000000000e+01
2.500000000000000000e+01
2.100000000000000000e+01
7.700000000000000000e+01
1.100000000000000000e+01
1.900000000000000000e+01
1.000000000000000000e+00
4.600000000000000000e+01
1.700000000000000000e+01
3.000000000000000000e+00
4.500000000000000000e+01
1.400000000000000000e+01
1.800000000000000000e+01
5.000000000000000000e+00
3.900000000000000000e+01
1.100000000000000000e+01
2.000000000000000000e+00
3.800000000000000000e+01
6.000000000000000000e+00
2.400000000000000000e+01
1.300000000000000000e+01
1.900000000000000000e+01
3.400000000000000000e+01
1.100000000000000000e+01
8.000000000000000000e+00
1.100000000000000000e+01
5.000000000000000000e+00
6.000000000000000000e+00
5.000000000000000000e+00
3.000000000000000000e+00
0.000000000000000000e+00
0.000000000000000000e+00
0.000000000000000000e+00
0.000000000000000000e+00
0.000000000000000000e+00
3.838000000000000000e+03
2.460000000000000000e+02
5.070000000000000000e+02
9.330000000000000000e+02
7.340000000000000000e+02
8.000000000000000000e+02
6.050000000000000000e+02
6.010000000000000000e+02
5.900000000000000000e+02
5.390000000000000000e+02
5.120000000000000000e+02
4.790000000000000000e+02
5.040000000000000000e+02
4.790000000000000000e+02
5.110000000000000000e+02
5.670000000000000000e+02
5.110000000000000000e+02
5.280000000000000000e+02
5.300000000000000000e+02
6.280000000000000000e+02
6.520000000000000000e+02
6.460000000000000000e+02
7.310000000000000000e+02
6.720000000000000000e+02
7.670000000000000000e+02
7.380000000000000000e+02
7.460000000000000000e+02
7.580000000000000000e+02
7.620000000000000000e+02
7.610000000000000000e+02
7.050000000000000000e+02
6.820000000000000000e+02
6.750000000000000000e+02
7.090000000000000000e+02
6.590000000000000000e+02
6.910000000000000000e+02
6.470000000000000000e+02
6.720000000000000000e+02
6.260000000000000000e+02
6.130000000000000000e+02
5.970000000000000000e+02
5.950000000000000000e+02
5.930000000000000000e+02
6.190000000000000000e+02
5.930000000000000000e+02
5.690000000000000000e+02
5.580000000000000000e+02
5.590000000000000000e+02
5.480000000000000000e+02
5.600000000000000000e+02
5.490000000000000000e+02
5.370000000000000000e+02
5.450000000000000000e+02
5.520000000000000000e+02
5.800000000000000000e+02
5.570000000000000000e+02
5.380000000000000000e+02
5.030000000000000000e+02
5.830000000000000000e+02
5.840000000000000000e+02
5.650000000000000000e+02
6.010000000000000000e+02
6.000000000000000000e+02
5.900000000000000000e+02
5.430000000000000000e+02
5.510000000000000000e+02
5.720000000000000000e+02
5.990000000000000000e+02
5.910000000000000000e+02
5.470000000000000000e+02
5.750000000000000000e+02
5.810000000000000000e+02
5.440000000000000000e+02
5.460000000000000000e+02
5.420000000000000000e+02
5.150000000000000000e+02
4.860000000000000000e+02
4.760000000000000000e+02
4.850000000000000000e+02
4.280000000000000000e+02
4.370000000000000000e+02
4.430000000000000000e+02
3.930000000000000000e+02
4.130000000000000000e+02
3.920000000000000000e+02
3.980000000000000000e+02
3.840000000000000000e+02
3.780000000000000000e+02
3.480000000000000000e+02
3.490000000000000000e+02
3.370000000000000000e+02
3.400000000000000000e+02
3.450000000000000000e+02
3.820000000000000000e+02
3.570000000000000000e+02
4.150000000000000000e+02
3.910000000000000000e+02
4.300000000000000000e+02
5.020000000000000000e+02
5.740000000000000000e+02
6.090000000000000000e+02
6.810000000000000000e+02
7.540000000000000000e+02
7.990000000000000000e+02
9.110000000000000000e+02
1.057000000000000000e+03
1.124000000000000000e+03
1.254000000000000000e+03
1.385000000000000000e+03
1.482000000000000000e+03
1.627000000000000000e+03
1.843000000000000000e+03
1.934000000000000000e+03
2.063000000000000000e+03
2.131000000000000000e+03
2.187000000000000000e+03
2.243000000000000000e+03
2.429000000000000000e+03
2.395000000000000000e+03
2.441000000000000000e+03
2.653000000000000000e+03
2.896000000000000000e+03
3.054000000000000000e+03
3.230000000000000000e+03
3.445000000000000000e+03
3.575000000000000000e+03
3.588000000000000000e+03
3.684000000000000000e+03
3.466000000000000000e+03
3.242000000000000000e+03
2.867000000000000000e+03
2.439000000000000000e+03
2.134000000000000000e+03
1.711000000000000000e+03
1.422000000000000000e+03
1.166000000000000000e+03
9.530000000000000000e+02
8.460000000000000000e+02
8.570000000000000000e+02
7.340000000000000000e+02
7.660000000000000000e+02
6.730000000000000000e+02
6.260000000000000000e+02
6.460000000000000000e+02
6.860000000000000000e+02
6.860000000000000000e+02
7.050000000000000000e+02
7.470000000000000000e+02
7.490000000000000000e+02
7.740000000000000000e+02
7.710000000000000000e+02
7.540000000000000000e+02
8.110000000000000000e+02
8.210000000000000000e+02
8.440000000000000000e+02
8.240000000000000000e+02
8.720000000000000000e+02
9.490000000000000000e+02
9.300000000000000000e+02
9.030000000000000000e+02
9.400000000000000000e+02
9.930000000000000000e+02
9.640000000000000000e+02
9.920000000000000000e+02
9.370000000000000000e+02
9.960000000000000000e+02
1.112000000000000000e+03
1.152000000000000000e+03
1.116000000000000000e+03
1.163000000000000000e+03
1.235000000000000000e+03
1.204000000000000000e+03
1.319000000000000000e+03
1.390000000000000000e+03
1.409000000000000000e+03
1.386000000000000000e+03
1.422000000000000000e+03
1.514000000000000000e+03
1.546000000000000000e+03
1.576000000000000000e+03
1.689000000000000000e+03
1.769000000000000000e+03
1.754000000000000000e+03
1.967000000000000000e+03
2.027000000000000000e+03
2.135000000000000000e+03
2.202000000000000000e+03
2.254000000000000000e+03
2.309000000000000000e+03
2.092000000000000000e+03
1.824000000000000000e+03
1.797000000000000000e+03
1.766000000000000000e+03
1.743000000000000000e+03
1.777000000000000000e+03
1.951000000000000000e+03
1.939000000000000000e+03
1.727000000000000000e+03
1.587000000000000000e+03
1.291000000000000000e+03
1.210000000000000000e+03
1.195000000000000000e+03
1.237000000000000000e+03
1.271000000000000000e+03
1.249000000000000000e+03
1.228000000000000000e+03
1.215000000000000000e+03
1.074000000000000000e+03
1.167000000000000000e+03
1.128000000000000000e+03
1.110000000000000000e+03
9.370000000000000000e+02
9.010000000000000000e+02
7.370000000000000000e+02
7.080000000000000000e+02
6.520000000000000000e+02
6.440000000000000000e+02
6.520000000000000000e+02
6.270000000000000000e+02
5.760000000000000000e+02
5.540000000000000000e+02
5.550000000000000000e+02
4.770000000000000000e+02
4.360000000000000000e+02
4.110000000000000000e+02
3.640000000000000000e+02
3.360000000000000000e+02
3.340000000000000000e+02
2.930000000000000000e+02
2.690000000000000000e+02
2.130000000000000000e+02
1.830000000000000000e+02
2.090000000000000000e+02
1.760000000000000000e+02
1.580000000000000000e+02
1.470000000000000000e+02
1.510000000000000000e+02
1.320000000000000000e+02
1.640000000000000000e+02
1.360000000000000000e+02
1.290000000000000000e+02
1.300000000000000000e+02
1.310000000000000000e+02
1.380000000000000000e+02
1.000000000000000000e+02
1.150000000000000000e+02
1.140000000000000000e+02
1.080000000000000000e+02
1.140000000000000000e+02
1.000000000000000000e+02
1.030000000000000000e+02
1.330000000000000000e+02
1.110000000000000000e+02
1.250000000000000000e+02
1.390000000000000000e+02
1.660000000000000000e+02
1.034000000000000000e+03
