2.481000000000000000e+03
1.973000000000000000e+03
1.539000000000000000e+03
1.307000000000000000e+03
1.055000000000000000e+03
9.780000000000000000e+02
9.340000000000000000e+02
8.660000000000000000e+02
8.320000000000000000e+02
9.480000000000000000e+02
1.053000000000000000e+03
1.213000000000000000e+03
1.530000000000000000e+03
1.800000000000000000e+03
1.520000000000000000e+03
1.238000000000000000e+03
1.031000000000000000e+03
9.330000000000000000e+02
8.740000000000000000e+02
8.000000000000000000e+02
8.790000000000000000e+02
9.010000000000000000e+02
8.310000000000000000e+02
8.270000000000000000e+02
7.720000000000000000e+02
8.540000000000000000e+02
7.400000000000000000e+02
8.180000000000000000e+02
7.920000000000000000e+02
7.730000000000000000e+02
7.500000000000000000e+02
7.100000000000000000e+02
7.010000000000000000e+02
6.650000000000000000e+02
6.680000000000000000e+02
6.850000000000000000e+02
6.670000000000000000e+02
6.550000000000000000e+02
6.280000000000000000e+02
6.220000000000000000e+02
5.790000000000000000e+02
5.530000000000000000e+02
5.820000000000000000e+02
5.400000000000000000e+02
5.210000000000000000e+02
5.090000000000000000e+02
4.840000000000000000e+02
4.610000000000000000e+02
4.480000000000000000e+02
4.650000000000000000e+02
4.430000000000000000e+02
4.330000000000000000e+02
4.670000000000000000e+02
4.440000000000000000e+02
4.840000000000000000e+02
4.690000000000000000e+02
4.450000000000000000e+02
4.370000000000000000e+02
4.670000000000000000e+02
4.610000000000000000e+02
4.530000000000000000e+02
4.140000000000000000e+02
4.320000000000000000e+02
4.070000000000000000e+02
4.330000000000000000e+02
4.240000000000000000e+02
3.910000000000000000e+02
4.060000000000000000e+02
4.090000000000000000e+02
3.650000000000000000e+02
3.470000000000000000e+02
3.510000000000000000e+02
3.370000000000000000e+02
3.670000000000000000e+02
3.080000000000000000e+02
3.210000000000000000e+02
3.360000000000000000e+02
3.340000000000000000e+02
3.340000000000000000e+02
3.310000000000000000e+02
2.920000000000000000e+02
3.270000000000000000e+02
3.450000000000000000e+02
3.850000000000000000e+02
3.700000000000000000e+02
3.790000000000000000e+02
4.110000000000000000e+02
3.950000000000000000e+02
4.220000000000000000e+02
4.240000000000000000e+02
4.230000000000000000e+02
4.100000000000000000e+02
4.420000000000000000e+02
4.030000000000000000e+02
4.340000000000000000e+02
4.470000000000000000e+02
4.440000000000000000e+02
4.620000000000000000e+02
4.580000000000000000e+02
4.830000000000000000e+02
4.520000000000000000e+02
4.490000000000000000e+02
4.780000000000000000e+02
4.950000000000000000e+02
5.200000000000000000e+02
5.930000000000000000e+02
5.430000000000000000e+02
5.200000000000000000e+02
6.030000000000000000e+02
5.890000000000000000e+02
5.830000000000000000e+02
6.160000000000000000e+02
7.150000000000000000e+02
7.470000000000000000e+02
8.240000000000000000e+02
8.130000000000000000e+02
8.200000000000000000e+02
8.860000000000000000e+02
8.820000000000000000e+02
8.770000000000000000e+02
9.220000000000000000e+02
9.360000000000000000e+02
9.230000000000000000e+02
9.220000000000000000e+02
9.720000000000000000e+02
9.670000000000000000e+02
9.820000000000000000e+02
7.620000000000000000e+02
7.970000000000000000e+02
7.750000000000000000e+02
7.850000000000000000e+02
7.550000000000000000e+02
7.530000000000000000e+02
8.410000000000000000e+02
8.480000000000000000e+02
9.160000000000000000e+02
1.078000000000000000e+03
1.092000000000000000e+03
1.187000000000000000e+03
1.314000000000000000e+03
1.342000000000000000e+03
1.303000000000000000e+03
1.417000000000000000e+03
1.588000000000000000e+03
1.558000000000000000e+03
1.701000000000000000e+03
1.825000000000000000e+03
1.830000000000000000e+03
2.076000000000000000e+03
2.200000000000000000e+03
2.121000000000000000e+03
2.121000000000000000e+03
2.252000000000000000e+03
2.323000000000000000e+03
2.323000000000000000e+03
2.390000000000000000e+03
2.489000000000000000e+03
2.670000000000000000e+03
2.828000000000000000e+03
3.036000000000000000e+03
3.082000000000000000e+03
3.283000000000000000e+03
3.435000000000000000e+03
3.446000000000000000e+03
3.664000000000000000e+03
3.632000000000000000e+03
3.561000000000000000e+03
3.424000000000000000e+03
3.105000000000000000e+03
2.854000000000000000e+03
2.586000000000000000e+03
2.241000000000000000e+03
2.018000000000000000e+03
1.710000000000000000e+03
1.573000000000000000e+03
1.421000000000000000e+03
1.311000000000000000e+03
1.226000000000000000e+03
1.280000000000000000e+03
1.289000000000000000e+03
1.258000000000000000e+03
1.296000000000000000e+03
1.349000000000000000e+03
1.427000000000000000e+03
1.418000000000000000e+03
1.524000000000000000e+03
1.526000000000000000e+03
1.683000000000000000e+03
1.688000000000000000e+03
1.710000000000000000e+03
1.740000000000000000e+03
1.799000000000000000e+03
1.846000000000000000e+03
1.914000000000000000e+03
1.881000000000000000e+03
1.826000000000000000e+03
1.788000000000000000e+03
1.540000000000000000e+03
1.423000000000000000e+03
1.239000000000000000e+03
1.051000000000000000e+03
9.740000000000000000e+02
8.210000000000000000e+02
7.270000000000000000e+02
6.050000000000000000e+02
5.580000000000000000e+02
4.870000000000000000e+02
4.860000000000000000e+02
4.590000000000000000e+02
4.020000000000000000e+02
4.460000000000000000e+02
4.390000000000000000e+02
4.180000000000000000e+02
3.900000000000000000e+02
3.740000000000000000e+02
3.590000000000000000e+02
3.680000000000000000e+02
3.380000000000000000e+02
3.090000000000000000e+02
2.920000000000000000e+02
3.030000000000000000e+02
2.830000000000000000e+02
2.650000000000000000e+02
2.770000000000000000e+02
2.530000000000000000e+02
2.550000000000000000e+02
2.280000000000000000e+02
2.200000000000000000e+02
2.230000000000000000e+02
2.010000000000000000e+02
2.160000000000000000e+02
1.980000000000000000e+02
1.940000000000000000e+02
1.830000000000000000e+02
1.770000000000000000e+02
1.660000000000000000e+02
1.650000000000000000e+02
1.610000000000000000e+02
1.580000000000000000e+02
1.750000000000000000e+02
1.780000000000000000e+02
1.760000000000000000e+02
1.620000000000000000e+02
1.820000000000000000e+02
1.870000000000000000e+02
2.110000000000000000e+02
1.790000000000000000e+02
2.250000000000000000e+02
2.060000000000000000e+02
2.340000000000000000e+02
2.720000000000000000e+02
2.440000000000000000e+02
3.820000000000000000e+02
6.060000000000000000e+02
7.270000000000000000e+02
1.093000000000000000e+03
3.206000000000000000e+03
1.988000000000000000e+03
1.487000000000000000e+03
1.140000000000000000e+03
9.110000000000000000e+02
7.760000000000000000e+02
6.890000000000000000e+02
7.550000000000000000e+02
7.650000000000000000e+02
9.180000000000000000e+02
1.105000000000000000e+03
1.331000000000000000e+03
1.776000000000000000e+03
1.821000000000000000e+03
1.564000000000000000e+03
1.161000000000000000e+03
1.061000000000000000e+03
1.024000000000000000e+03
9.320000000000000000e+02
8.890000000000000000e+02
9.360000000000000000e+02
8.770000000000000000e+02
8.530000000000000000e+02
8.000000000000000000e+02
8.430000000000000000e+02
7.920000000000000000e+02
8.050000000000000000e+02
8.210000000000000000e+02
8.530000000000000000e+02
7.260000000000000000e+02
6.850000000000000000e+02
6.150000000000000000e+02
6.020000000000000000e+02
5.850000000000000000e+02
5.400000000000000000e+02
5.390000000000000000e+02
5.100000000000000000e+02
4.960000000000000000e+02
5.050000000000000000e+02
4.630000000000000000e+02
4.770000000000000000e+02
4.890000000000000000e+02
5.300000000000000000e+02
5.170000000000000000e+02
4.670000000000000000e+02
4.980000000000000000e+02
5.020000000000000000e+02
4.920000000000000000e+02
5.100000000000000000e+02
5.120000000000000000e+02
5.370000000000000000e+02
5.340000000000000000e+02
5.660000000000000000e+02
5.540000000000000000e+02
5.100000000000000000e+02
5.270000000000000000e+02
5.200000000000000000e+02
4.870000000000000000e+02
4.390000000000000000e+02
4.950000000000000000e+02
4.970000000000000000e+02
4.480000000000000000e+02
4.350000000000000000e+02
4.520000000000000000e+02
4.340000000000000000e+02
4.140000000000000000e+02
3.800000000000000000e+02
3.750000000000000000e+02
3.960000000000000000e+02
3.570000000000000000e+02
3.570000000000000000e+02
3.470000000000000000e+02
3.390000000000000000e+02
3.280000000000000000e+02
4.090000000000000000e+02
4.020000000000000000e+02
3.590000000000000000e+02
3.750000000000000000e+02
3.710000000000000000e+02
3.700000000000000000e+02
4.060000000000000000e+02
3.480000000000000000e+02
4.170000000000000000e+02
3.240000000000000000e+02
3.680000000000000000e+02
3.990000000000000000e+02
4.080000000000000000e+02
3.640000000000000000e+02
3.710000000000000000e+02
4.470000000000000000e+02
3.850000000000000000e+02
4.730000000000000000e+02
4.060000000000000000e+02
4.420000000000000000e+02
4.670000000000000000e+02
5.090000000000000000e+02
4.680000000000000000e+02
5.140000000000000000e+02
4.330000000000000000e+02
4.850000000000000000e+02
4.350000000000000000e+02
4.180000000000000000e+02
4.600000000000000000e+02
5.400000000000000000e+02
5.570000000000000000e+02
5.170000000000000000e+02
4.900000000000000000e+02
5.700000000000000000e+02
5.200000000000000000e+02
5.510000000000000000e+02
5.720000000000000000e+02
5.830000000000000000e+02
6.620000000000000000e+02
6.980000000000000000e+02
6.720000000000000000e+02
6.000000000000000000e+02
6.910000000000000000e+02
7.110000000000000000e+02
7.910000000000000000e+02
7.020000000000000000e+02
7.590000000000000000e+02
8.070000000000000000e+02
7.980000000000000000e+02
8.500000000000000000e+02
8.440000000000000000e+02
9.140000000000000000e+02
8.630000000000000000e+02
9.060000000000000000e+02
8.730000000000000000e+02
8.680000000000000000e+02
7.580000000000000000e+02
8.470000000000000000e+02
8.390000000000000000e+02
8.680000000000000000e+02
8.600000000000000000e+02
8.470000000000000000e+02
8.510000000000000000e+02
8.880000000000000000e+02
9.060000000000000000e+02
9.280000000000000000e+02
1.015000000000000000e+03
1.089000000000000000e+03
1.174000000000000000e+03
1.276000000000000000e+03
1.321000000000000000e+03
1.499000000000000000e+03
1.612000000000000000e+03
1.697000000000000000e+03
2.003000000000000000e+03
2.087000000000000000e+03
2.360000000000000000e+03
2.573000000000000000e+03
2.966000000000000000e+03
3.024000000000000000e+03
3.407000000000000000e+03
3.735000000000000000e+03
4.044000000000000000e+03
4.214000000000000000e+03
3.960000000000000000e+03
4.457000000000000000e+03
4.489000000000000000e+03
4.540000000000000000e+03
4.695000000000000000e+03
4.684000000000000000e+03
4.824000000000000000e+03
4.834000000000000000e+03
4.835000000000000000e+03
4.581000000000000000e+03
4.303000000000000000e+03
4.227000000000000000e+03
3.816000000000000000e+03
3.517000000000000000e+03
3.249000000000000000e+03
2.921000000000000000e+03
2.609000000000000000e+03
2.268000000000000000e+03
1.966000000000000000e+03
1.714000000000000000e+03
1.480000000000000000e+03
1.335000000000000000e+03
1.094000000000000000e+03
9.950000000000000000e+02
8.660000000000000000e+02
7.970000000000000000e+02
7.240000000000000000e+02
6.920000000000000000e+02
6.970000000000000000e+02
5.940000000000000000e+02
5.560000000000000000e+02
6.140000000000000000e+02
5.770000000000000000e+02
5.550000000000000000e+02
5.220000000000000000e+02
4.920000000000000000e+02
4.810000000000000000e+02
4.710000000000000000e+02
4.710000000000000000e+02
4.430000000000000000e+02
4.600000000000000000e+02
4.240000000000000000e+02
3.950000000000000000e+02
3.780000000000000000e+02
3.470000000000000000e+02
3.520000000000000000e+02
3.410000000000000000e+02
3.270000000000000000e+02
2.940000000000000000e+02
2.850000000000000000e+02
2.420000000000000000e+02
2.670000000000000000e+02
2.390000000000000000e+02
2.510000000000000000e+02
2.490000000000000000e+02
2.270000000000000000e+02
1.780000000000000000e+02
1.730000000000000000e+02
2.170000000000000000e+02
1.760000000000000000e+02
1.760000000000000000e+02
1.560000000000000000e+02
1.490000000000000000e+02
1.370000000000000000e+02
1.370000000000000000e+02
1.420000000000000000e+02
1.500000000000000000e+02
1.390000000000000000e+02
1.260000000000000000e+02
1.280000000000000000e+02
1.430000000000000000e+02
1.150000000000000000e+02
1.130000000000000000e+02
1.040000000000000000e+02
1.160000000000000000e+02
1.090000000000000000e+02
1.340000000000000000e+02
1.250000000000000000e+02
1.190000000000000000e+02
1.170000000000000000e+02
1.130000000000000000e+02
1.530000000000000000e+02
1.670000000000000000e+02
1.450000000000000000e+02
1.420000000000000000e+02
1.830000000000000000e+02
1.710000000000000000e+02
1.700000000000000000e+02
1.870000000000000000e+02
1.800000000000000000e+02
2.240000000000000000e+02
2.260000000000000000e+02
2.830000000000000000e+02
2.740000000000000000e+02
4.230000000000000000e+02
6.530000000000000000e+02
7.080000000000000000e+02
6.990000000000000000e+02
4.983000000000000000e+03
1.664000000000000000e+03
1.873000000000000000e+03
1.439000000000000000e+03
1.423000000000000000e+03
1.363000000000000000e+03
1.480000000000000000e+03
1.519000000000000000e+03
1.593000000000000000e+03
1.545000000000000000e+03
1.450000000000000000e+03
1.367000000000000000e+03
1.390000000000000000e+03
1.329000000000000000e+03
1.264000000000000000e+03
1.221000000000000000e+03
1.092000000000000000e+03
1.049000000000000000e+03
9.160000000000000000e+02
9.530000000000000000e+02
8.220000000000000000e+02
7.700000000000000000e+02
7.610000000000000000e+02
7.350000000000000000e+02
6.510000000000000000e+02
6.290000000000000000e+02
6.230000000000000000e+02
5.850000000000000000e+02
5.840000000000000000e+02
5.770000000000000000e+02
5.220000000000000000e+02
5.020000000000000000e+02
5.120000000000000000e+02
4.890000000000000000e+02
5.270000000000000000e+02
4.640000000000000000e+02
4.570000000000000000e+02
4.650000000000000000e+02
4.990000000000000000e+02
4.860000000000000000e+02
5.460000000000000000e+02
4.810000000000000000e+02
4.740000000000000000e+02
5.150000000000000000e+02
4.730000000000000000e+02
5.020000000000000000e+02
5.050000000000000000e+02
5.200000000000000000e+02
4.900000000000000000e+02
5.340000000000000000e+02
5.370000000000000000e+02
5.370000000000000000e+02
5.660000000000000000e+02
5.470000000000000000e+02
5.310000000000000000e+02
5.190000000000000000e+02
5.160000000000000000e+02
5.740000000000000000e+02
5.990000000000000000e+02
6.140000000000000000e+02
5.810000000000000000e+02
5.760000000000000000e+02
5.770000000000000000e+02
5.880000000000000000e+02
5.560000000000000000e+02
5.100000000000000000e+02
5.270000000000000000e+02
5.590000000000000000e+02
5.180000000000000000e+02
5.060000000000000000e+02
4.600000000000000000e+02
4.520000000000000000e+02
4.680000000000000000e+02
4.320000000000000000e+02
3.780000000000000000e+02
4.690000000000000000e+02
3.950000000000000000e+02
3.200000000000000000e+02
3.480000000000000000e+02
3.690000000000000000e+02
4.040000000000000000e+02
3.430000000000000000e+02
3.530000000000000000e+02
3.750000000000000000e+02
3.830000000000000000e+02
3.930000000000000000e+02
3.710000000000000000e+02
3.760000000000000000e+02
4.360000000000000000e+02
4.370000000000000000e+02
4.500000000000000000e+02
4.620000000000000000e+02
4.670000000000000000e+02
4.460000000000000000e+02
4.250000000000000000e+02
4.490000000000000000e+02
4.890000000000000000e+02
4.640000000000000000e+02
4.350000000000000000e+02
4.990000000000000000e+02
5.040000000000000000e+02
4.790000000000000000e+02
5.120000000000000000e+02
4.860000000000000000e+02
5.160000000000000000e+02
5.150000000000000000e+02
4.890000000000000000e+02
5.250000000000000000e+02
4.800000000000000000e+02
5.610000000000000000e+02
5.470000000000000000e+02
5.510000000000000000e+02
5.470000000000000000e+02
5.400000000000000000e+02
6.320000000000000000e+02
6.670000000000000000e+02
6.810000000000000000e+02
7.070000000000000000e+02
7.130000000000000000e+02
7.110000000000000000e+02
7.290000000000000000e+02
6.730000000000000000e+02
7.030000000000000000e+02
7.170000000000000000e+02
7.560000000000000000e+02
8.350000000000000000e+02
8.260000000000000000e+02
8.620000000000000000e+02
9.230000000000000000e+02
8.710000000000000000e+02
9.920000000000000000e+02
1.092000000000000000e+03
1.216000000000000000e+03
1.238000000000000000e+03
1.276000000000000000e+03
1.380000000000000000e+03
1.464000000000000000e+03
1.639000000000000000e+03
1.774000000000000000e+03
1.806000000000000000e+03
2.023000000000000000e+03
2.143000000000000000e+03
2.232000000000000000e+03
2.384000000000000000e+03
2.419000000000000000e+03
2.659000000000000000e+03
2.678000000000000000e+03
2.806000000000000000e+03
2.997000000000000000e+03
3.037000000000000000e+03
3.060000000000000000e+03
3.074000000000000000e+03
3.035000000000000000e+03
2.923000000000000000e+03
3.066000000000000000e+03
3.037000000000000000e+03
3.191000000000000000e+03
3.193000000000000000e+03
3.300000000000000000e+03
3.405000000000000000e+03
3.548000000000000000e+03
3.721000000000000000e+03
3.806000000000000000e+03
4.116000000000000000e+03
4.324000000000000000e+03
4.269000000000000000e+03
4.102000000000000000e+03
3.899000000000000000e+03
3.676000000000000000e+03
3.327000000000000000e+03
2.981000000000000000e+03
2.794000000000000000e+03
2.486000000000000000e+03
2.120000000000000000e+03
1.875000000000000000e+03
1.688000000000000000e+03
1.559000000000000000e+03
1.385000000000000000e+03
1.225000000000000000e+03
1.066000000000000000e+03
9.820000000000000000e+02
9.250000000000000000e+02
8.240000000000000000e+02
8.050000000000000000e+02
7.540000000000000000e+02
7.130000000000000000e+02
6.200000000000000000e+02
6.050000000000000000e+02
5.680000000000000000e+02
5.280000000000000000e+02
4.760000000000000000e+02
4.440000000000000000e+02
4.370000000000000000e+02
4.260000000000000000e+02
3.670000000000000000e+02
3.890000000000000000e+02
3.320000000000000000e+02
3.140000000000000000e+02
2.960000000000000000e+02
2.670000000000000000e+02
2.830000000000000000e+02
2.500000000000000000e+02
2.360000000000000000e+02
1.720000000000000000e+02
1.710000000000000000e+02
1.940000000000000000e+02
1.550000000000000000e+02
1.600000000000000000e+02
1.550000000000000000e+02
1.480000000000000000e+02
1.370000000000000000e+02
1.120000000000000000e+02
1.310000000000000000e+02
1.100000000000000000e+02
9.900000000000000000e+01
1.340000000000000000e+02
1.020000000000000000e+02
9.500000000000000000e+01
1.010000000000000000e+02
1.180000000000000000e+02
1.150000000000000000e+02
1.090000000000000000e+02
8.700000000000000000e+01
1.140000000000000000e+02
1.070000000000000000e+02
1.210000000000000000e+02
1.260000000000000000e+02
1.120000000000000000e+02
1.260000000000000000e+02
1.230000000000000000e+02
1.400000000000000000e+02
1.390000000000000000e+02
1.310000000000000000e+02
1.330000000000000000e+02
1.520000000000000000e+02
1.350000000000000000e+02
1.420000000000000000e+02
1.550000000000000000e+02
1.440000000000000000e+02
1.400000000000000000e+02
1.290000000000000000e+02
1.060000000000000000e+02
1.290000000000000000e+02
1.220000000000000000e+02
1.170000000000000000e+02
1.530000000000000000e+02
1.330000000000000000e+02
1.600000000000000000e+02
1.300000000000000000e+02
1.410000000000000000e+02
2.260000000000000000e+02
2.230000000000000000e+02
3.410000000000000000e+02
5.650000000000000000e+02
6.600000000000000000e+02
1.016000000000000000e+03
2.581600000000000000e+04
0.000000000000000000e+00
1.000000000000000000e+00
7.700000000000000000e+01
3.000000000000000000e+00
3.020000000000000000e+02
2.351000000000000000e+03
4.000000000000000000e+00
6.560000000000000000e+02
1.530000000000000000e+02
3.580000000000000000e+02
3.962000000000000000e+03
5.794000000000000000e+03
1.682700000000000000e+04
5.284000000000000000e+03
1.005600000000000000e+04
1.830400000000000000e+04
7.475000000000000000e+03
1.376000000000000000e+03
3.740000000000000000e+03
8.693000000000000000e+03
2.430000000000000000e+03
1.185000000000000000e+03
1.323000000000000000e+03
5.567000000000000000e+03
3.336000000000000000e+03
1.766000000000000000e+03
6.980000000000000000e+02
4.310000000000000000e+02
3.410000000000000000e+02
7.664000000000000000e+03
2.300000000000000000e+02
4.120000000000000000e+02
4.080000000000000000e+02
4.990000000000000000e+02
8.660000000000000000e+02
1.828000000000000000e+03
2.030000000000000000e+02
1.660000000000000000e+02
8.700000000000000000e+01
8.000000000000000000e+01
2.900000000000000000e+01
1.060000000000000000e+02
4.300000000000000000e+01
9.000000000000000000e+00
2.400000000000000000e+01
7.000000000000000000e+00
1.000000000000000000e+00
1.700000000000000000e+01
2.000000000000000000e+00
5.180000000000000000e+02
9.000000000000000000e+00
5.000000000000000000e+00
0.000000000000000000e+00
0.000000000000000000e+00
2.300000000000000000e+01
7.000000000000000000e+00
0.000000000000000000e+00
0.000000000000000000e+00
0.000000000000000000e+00
6.200000000000000000e+01
0.000000000000000000e+00
0.000000000000000000e+00
2.000000000000000000e+00
0.000000000000000000e+00
0.000000000000000000e+00
9.500000000000000000e+01
0.000000000000000000e+00
0.000000000000000000e+00
0.000000000000000000e+00
6.400000000000000000e+01
3.000000000000000000e+00
0.000000000000000000e+00
1.900000000000000000e+01
1.400000000000000000e+01
2.017000000000000000e+03
4.000000000000000000e+00
3.000000000000000000e+00
7.000000000000000000e+00
2.000000000000000000e+01
1.640000000000000000e+02
9.000000000000000000e+00
3.000000000000000000e+00
1.960000000000000000e+02
1.900000000000000000e+01
5.900000000000000000e+01
8.100000000000000000e+01
3.010000000000000000e+02
1.260000000000000000e+02
1.290000000000000000e+02
4.260000000000000000e+02
1.960000000000000000e+02
1.970000000000000000e+02
2.150000000000000000e+02
2.180000000000000000e+02
4.870000000000000000e+02
7.890000000000000000e+02
5.200000000000000000e+01
6.440000000000000000e+02
3.170000000000000000e+02
3.670000000000000000e+02
1.254000000000000000e+03
7.590000000000000000e+02
3.610000000000000000e+03
1.472000000000000000e+03
2.926000000000000000e+03
5.123000000000000000e+03
4.760000000000000000e+03
3.378000000000000000e+03
4.373000000000000000e+03
6.241000000000000000e+03
4.162000000000000000e+03
1.291000000000000000e+03
1.302000000000000000e+03
5.882000000000000000e+03
4.068000000000000000e+03
6.190000000000000000e+02
3.000000000000000000e+00
8.000000000000000000e+00
4.000000000000000000e+00
1.838300000000000000e+04
0.000000000000000000e+00
3.200000000000000000e+01
0.000000000000000000e+00
2.470000000000000000e+02
1.542000000000000000e+03
8.260000000000000000e+03
0.000000000000000000e+00
1.400000000000000000e+01
4.000000000000000000e+00
1.400000000000000000e+01
0.000000000000000000e+00
5.210000000000000000e+02
9.400000000000000000e+01
0.000000000000000000e+00
6.600000000000000000e+01
0.000000000000000000e+00
0.000000000000000000e+00
6.000000000000000000e+00
0.000000000000000000e+00
2.352000000000000000e+03
7.000000000000000000e+00
2.000000000000000000e+00
0.000000000000000000e+00
0.000000000000000000e+00
4.500000000000000000e+01
2.000000000000000000e+00
0.000000000000000000e+00
0.000000000000000000e+00
0.000000000000000000e+00
1.600000000000000000e+01
0.000000000000000000e+00
1.000000000000000000e+00
4.000000000000000000e+00
0.000000000000000000e+00
2.000000000000000000e+00
1.780000000000000000e+02
3.000000000000000000e+00
4.000000000000000000e+00
0.000000000000000000e+00
1.800000000000000000e+01
3.000000000000000000e+00
0.000000000000000000e+00
9.000000000000000000e+00
4.000000000000000000e+00
7.111000000000000000e+03
2.000000000000000000e+00
3.000000000000000000e+00
0.000000000000000000e+00
5.000000000000000000e+00
1.160000000000000000e+02
1.000000000000000000e+00
1.000000000000000000e+00
7.070000000000000000e+02
1.200000000000000000e+01
8.000000000000000000e+00
1.100000000000000000e+01
9.200000000000000000e+01
2.000000000000000000e+00
4.000000000000000000e+00
2.481200000000000000e+04
5.800000000000000000e+01
1.589000000000000000e+03
1.823900000000000000e+04
4.786000000000000000e+03
7.950000000000000000e+03
2.976000000000000000e+03
3.605000000000000000e+03
9.914000000000000000e+03
4.329000000000000000e+03
4.351000000000000000e+03
3.235000000000000000e+03
3.018000000000000000e+03
2.794000000000000000e+03
2.256000000000000000e+03
1.921000000000000000e+03
1.859000000000000000e+03
2.098000000000000000e+03
1.935000000000000000e+03
1.462000000000000000e+03
1.988000000000000000e+03
1.626000000000000000e+03
1.391000000000000000e+03
2.025000000000000000e+03
1.580000000000000000e+03
1.633000000000000000e+03
2.124000000000000000e+03
2.247000000000000000e+03
3.003000000000000000e+03
3.001000000000000000e+03
3.703000000000000000e+03
3.366000000000000000e+03
3.603000000000000000e+03
3.354000000000000000e+03
3.368000000000000000e+03
3.123000000000000000e+03
3.358000000000000000e+03
2.274000000000000000e+03
2.559000000000000000e+03
2.353000000000000000e+03
1.929000000000000000e+03
1.819000000000000000e+03
1.516000000000000000e+03
1.846000000000000000e+03
1.358000000000000000e+03
1.233000000000000000e+03
1.227000000000000000e+03
9.960000000000000000e+02
1.024000000000000000e+03
8.820000000000000000e+02
8.040000000000000000e+02
1.250000000000000000e+03
8.020000000000000000e+02
9.470000000000000000e+02
8.910000000000000000e+02
1.167000000000000000e+03
1.024000000000000000e+03
1.660000000000000000e+03
2.487000000000000000e+03
3.396000000000000000e+03
4.704000000000000000e+03
4.141000000000000000e+03
3.280000000000000000e+03
2.178000000000000000e+03
1.829000000000000000e+03
6.840000000000000000e+02
6.150000000000000000e+02
4.870000000000000000e+02
3.020000000000000000e+02
2.260000000000000000e+02
4.040000000000000000e+02
3.550000000000000000e+02
2.020000000000000000e+02
4.450000000000000000e+02
2.090000000000000000e+02
3.170000000000000000e+02
1.930000000000000000e+02
3.670000000000000000e+02
2.560000000000000000e+02
1.650000000000000000e+02
2.960000000000000000e+02
2.340000000000000000e+02
2.130000000000000000e+02
2.010000000000000000e+02
1.190000000000000000e+02
8.590000000000000000e+02
7.800000000000000000e+01
1.550000000000000000e+02
1.890000000000000000e+02
1.990000000000000000e+02
2.200000000000000000e+02
4.840000000000000000e+02
1.740000000000000000e+02
1.820000000000000000e+02
2.160000000000000000e+02
1.320000000000000000e+02
3.320000000000000000e+02
1.760000000000000000e+02
4.800000000000000000e+02
1.740000000000000000e+02
1.750000000000000000e+02
1.180000000000000000e+02
5.530000000000000000e+02
1.530000000000000000e+02
1.710000000000000000e+02
1.480000000000000000e+02
3.880000000000000000e+02
1.780000000000000000e+02
1.560000000000000000e+02
4.200000000000000000e+02
1.000000000000000000e+02
1.750000000000000000e+02
2.280000000000000000e+02
2.210000000000000000e+02
1.720000000000000000e+02
1.510000000000000000e+02
2.850000000000000000e+02
1.610000000000000000e+02
3.930000000000000000e+02
1.610000000000000000e+02
2.240000000000000000e+02
1.820000000000000000e+02
1.260000000000000000e+02
1.640000000000000000e+02
1.710000000000000000e+02
1.020000000000000000e+02
7.200000000000000000e+01
2.090000000000000000e+02
1.213000000000000000e+03
7.600000000000000000e+01
1.060000000000000000e+02
1.980000000000000000e+02
1.400000000000000000e+02
1.290000000000000000e+02
1.970000000000000000e+02
1.720000000000000000e+02
2.230000000000000000e+02
2.420000000000000000e+02
1.650000000000000000e+02
2.400000000000000000e+02
1.660000000000000000e+02
1.700000000000000000e+02
3.510000000000000000e+02
2.050000000000000000e+02
1.430000000000000000e+02
1.190000000000000000e+02
3.480000000000000000e+02
1.390000000000000000e+02
2.260000000000000000e+02
1.740000000000000000e+02
1.620000000000000000e+02
2.250000000000000000e+02
1.440000000000000000e+02
4.660000000000000000e+02
7.500000000000000000e+01
1.620000000000000000e+02
1.880000000000000000e+02
3.230000000000000000e+02
1.470000000000000000e+02
3.500000000000000000e+02
9.800000000000000000e+01
1.360000000000000000e+02
1.920000000000000000e+02
1.920000000000000000e+02
1.570000000000000000e+02
1.810000000000000000e+02
1.600000000000000000e+02
1.460000000000000000e+02
1.470000000000000000e+02
5.000000000000000000e+01
1.046000000000000000e+03
5.100000000000000000e+01
1.510000000000000000e+02
1.240000000000000000e+02
1.220000000000000000e+02
1.450000000000000000e+02
1.290000000000000000e+02
2.480000000000000000e+02
6.600000000000000000e+01
1.850000000000000000e+02
1.470000000000000000e+02
1.310000000000000000e+02
3.700000000000000000e+02
7.800000000000000000e+01
1.630000000000000000e+02
2.900000000000000000e+02
9.100000000000000000e+01
1.510000000000000000e+02
1.480000000000000000e+02
1.160000000000000000e+02
1.130000000000000000e+02
4.610000000000000000e+02
7.000000000000000000e+01
1.070000000000000000e+02
1.790000000000000000e+02
1.130000000000000000e+02
1.370000000000000000e+02
1.150000000000000000e+02
1.650000000000000000e+02
8.500000000000000000e+01
1.740000000000000000e+02
1.300000000000000000e+02
1.200000000000000000e+02
1.200000000000000000e+02
2.290000000000000000e+02
9.700000000000000000e+01
9.300000000000000000e+01
1.010000000000000000e+02
1.210000000000000000e+02
1.280000000000000000e+02
8.900000000000000000e+01
1.130000000000000000e+02
6.500000000000000000e+01
3.250000000000000000e+02
1.000000000000000000e+02
1.080000000000000000e+02
1.320000000000000000e+02
1.040000000000000000e+02
7.700000000000000000e+01
2.020000000000000000e+02
8.600000000000000000e+01
1.070000000000000000e+02
1.040000000000000000e+02
1.350000000000000000e+02
8.900000000000000000e+01
1.290000000000000000e+02
7.300000000000000000e+01
1.400000000000000000e+02
8.000000000000000000e+01
1.120000000000000000e+02
1.240000000000000000e+02
7.800000000000000000e+01
1.290000000000000000e+02
9.900000000000000000e+01
1.020000000000000000e+02
8.600000000000000000e+01
7.300000000000000000e+01
7.700000000000000000e+01
7.300000000000000000e+01
7.600000000000000000e+01
8.200000000000000000e+01
8.700000000000000000e+01
7.700000000000000000e+01
7.400000000000000000e+01
5.900000000000000000e+01
1.110000000000000000e+02
5.400000000000000000e+01
4.200000000000000000e+01
5.000000000000000000e+01
4.500000000000000000e+01
1.120000000000000000e+02
5.500000000000000000e+01
3.400000000000000000e+01
3.600000000000000000e+01
9.000000000000000000e+00
4.780000000000000000e+03
1.530000000000000000e+03
1.384000000000000000e+03
1.558000000000000000e+03
1.160000000000000000e+03
1.057000000000000000e+03
9.130000000000000000e+02
8.200000000000000000e+02
7.880000000000000000e+02
7.150000000000000000e+02
7.530000000000000000e+02
8.290000000000000000e+02
9.340000000000000000e+02
1.196000000000000000e+03
1.494000000000000000e+03
1.434000000000000000e+03
1.128000000000000000e+03
9.840000000000000000e+02
8.960000000000000000e+02
8.150000000000000000e+02
7.770000000000000000e+02
8.310000000000000000e+02
8.570000000000000000e+02
8.190000000000000000e+02
8.080000000000000000e+02
7.280000000000000000e+02
7.930000000000000000e+02
7.020000000000000000e+02
7.480000000000000000e+02
7.320000000000000000e+02
6.980000000000000000e+02
6.760000000000000000e+02
5.980000000000000000e+02
6.260000000000000000e+02
5.460000000000000000e+02
5.800000000000000000e+02
5.620000000000000000e+02
5.800000000000000000e+02
6.050000000000000000e+02
5.780000000000000000e+02
5.750000000000000000e+02
5.620000000000000000e+02
5.450000000000000000e+02
5.820000000000000000e+02
5.570000000000000000e+02
5.000000000000000000e+02
5.190000000000000000e+02
5.200000000000000000e+02
4.910000000000000000e+02
4.930000000000000000e+02
4.930000000000000000e+02
5.120000000000000000e+02
5.310000000000000000e+02
5.530000000000000000e+02
5.380000000000000000e+02
5.070000000000000000e+02
5.010000000000000000e+02
5.040000000000000000e+02
5.420000000000000000e+02
5.670000000000000000e+02
5.720000000000000000e+02
5.470000000000000000e+02
5.110000000000000000e+02
5.530000000000000000e+02
5.690000000000000000e+02
5.810000000000000000e+02
5.150000000000000000e+02
5.440000000000000000e+02
5.800000000000000000e+02
5.250000000000000000e+02
5.100000000000000000e+02
4.550000000000000000e+02
4.520000000000000000e+02
4.460000000000000000e+02
4.340000000000000000e+02
3.580000000000000000e+02
4.160000000000000000e+02
3.800000000000000000e+02
3.610000000000000000e+02
3.430000000000000000e+02
3.740000000000000000e+02
3.890000000000000000e+02
3.300000000000000000e+02
3.330000000000000000e+02
3.720000000000000000e+02
4.060000000000000000e+02
3.910000000000000000e+02
3.990000000000000000e+02
3.760000000000000000e+02
4.350000000000000000e+02
4.400000000000000000e+02
4.410000000000000000e+02
4.790000000000000000e+02
4.430000000000000000e+02
4.060000000000000000e+02
4.090000000000000000e+02
4.490000000000000000e+02
4.500000000000000000e+02
4.530000000000000000e+02
4.760000000000000000e+02
5.140000000000000000e+02
4.610000000000000000e+02
4.560000000000000000e+02
4.830000000000000000e+02
4.700000000000000000e+02
5.180000000000000000e+02
5.310000000000000000e+02
4.820000000000000000e+02
5.270000000000000000e+02
5.130000000000000000e+02
5.430000000000000000e+02
5.320000000000000000e+02
5.710000000000000000e+02
5.760000000000000000e+02
5.840000000000000000e+02
6.000000000000000000e+02
6.420000000000000000e+02
6.530000000000000000e+02
7.010000000000000000e+02
7.110000000000000000e+02
7.110000000000000000e+02
7.240000000000000000e+02
7.170000000000000000e+02
6.650000000000000000e+02
6.980000000000000000e+02
6.970000000000000000e+02
7.640000000000000000e+02
6.640000000000000000e+02
6.670000000000000000e+02
7.570000000000000000e+02
6.790000000000000000e+02
6.950000000000000000e+02
6.920000000000000000e+02
7.060000000000000000e+02
7.170000000000000000e+02
6.930000000000000000e+02
7.110000000000000000e+02
7.570000000000000000e+02
7.880000000000000000e+02
7.930000000000000000e+02
8.400000000000000000e+02
8.420000000000000000e+02
8.280000000000000000e+02
8.320000000000000000e+02
8.880000000000000000e+02
9.100000000000000000e+02
9.690000000000000000e+02
1.050000000000000000e+03
1.138000000000000000e+03
1.140000000000000000e+03
1.215000000000000000e+03
1.340000000000000000e+03
1.459000000000000000e+03
1.629000000000000000e+03
1.721000000000000000e+03
1.985000000000000000e+03
2.158000000000000000e+03
2.340000000000000000e+03
2.579000000000000000e+03
2.889000000000000000e+03
3.008000000000000000e+03
3.318000000000000000e+03
3.540000000000000000e+03
3.731000000000000000e+03
3.953000000000000000e+03
4.413000000000000000e+03
4.403000000000000000e+03
4.321000000000000000e+03
4.166000000000000000e+03
3.949000000000000000e+03
3.611000000000000000e+03
3.371000000000000000e+03
3.147000000000000000e+03
2.882000000000000000e+03
2.502000000000000000e+03
2.381000000000000000e+03
2.130000000000000000e+03
2.071000000000000000e+03
1.927000000000000000e+03
1.896000000000000000e+03
1.789000000000000000e+03
1.728000000000000000e+03
1.721000000000000000e+03
1.696000000000000000e+03
1.729000000000000000e+03
1.780000000000000000e+03
1.808000000000000000e+03
1.737000000000000000e+03
1.872000000000000000e+03
1.815000000000000000e+03
1.871000000000000000e+03
1.891000000000000000e+03
1.928000000000000000e+03
1.950000000000000000e+03
2.050000000000000000e+03
1.962000000000000000e+03
1.937000000000000000e+03
1.860000000000000000e+03
1.628000000000000000e+03
1.486000000000000000e+03
1.296000000000000000e+03
1.112000000000000000e+03
1.019000000000000000e+03
8.850000000000000000e+02
7.630000000000000000e+02
6.500000000000000000e+02
5.980000000000000000e+02
5.200000000000000000e+02
5.150000000000000000e+02
4.950000000000000000e+02
4.460000000000000000e+02
4.850000000000000000e+02
4.660000000000000000e+02
4.330000000000000000e+02
4.140000000000000000e+02
3.830000000000000000e+02
3.870000000000000000e+02
3.700000000000000000e+02
3.380000000000000000e+02
3.250000000000000000e+02
3.180000000000000000e+02
3.140000000000000000e+02
2.780000000000000000e+02
2.520000000000000000e+02
2.750000000000000000e+02
2.640000000000000000e+02
2.530000000000000000e+02
2.350000000000000000e+02
2.160000000000000000e+02
2.350000000000000000e+02
2.160000000000000000e+02
2.160000000000000000e+02
2.000000000000000000e+02
1.680000000000000000e+02
1.870000000000000000e+02
1.710000000000000000e+02
1.540000000000000000e+02
1.660000000000000000e+02
1.670000000000000000e+02
1.620000000000000000e+02
1.790000000000000000e+02
2.010000000000000000e+02
1.760000000000000000e+02
1.860000000000000000e+02
1.920000000000000000e+02
1.890000000000000000e+02
2.040000000000000000e+02
1.790000000000000000e+02
1.880000000000000000e+02
1.920000000000000000e+02
1.960000000000000000e+02
2.400000000000000000e+02
2.210000000000000000e+02
3.530000000000000000e+02
5.900000000000000000e+02
7.980000000000000000e+02
1.569000000000000000e+03
