7.100000000000000000e+02
8.180000000000000000e+02
1.112000000000000000e+03
1.523000000000000000e+03
2.442000000000000000e+03
3.126000000000000000e+03
3.579000000000000000e+03
3.866000000000000000e+03
3.837000000000000000e+03
3.097000000000000000e+03
3.124000000000000000e+03
2.795000000000000000e+03
2.445000000000000000e+03
2.356000000000000000e+03
2.196000000000000000e+03
2.175000000000000000e+03
1.948000000000000000e+03
1.894000000000000000e+03
1.848000000000000000e+03
1.634000000000000000e+03
1.542000000000000000e+03
1.410000000000000000e+03
1.206000000000000000e+03
1.212000000000000000e+03
1.145000000000000000e+03
1.014000000000000000e+03
1.023000000000000000e+03
8.430000000000000000e+02
7.960000000000000000e+02
7.180000000000000000e+02
6.580000000000000000e+02
6.580000000000000000e+02
6.310000000000000000e+02
6.150000000000000000e+02
5.590000000000000000e+02
5.640000000000000000e+02
5.600000000000000000e+02
5.040000000000000000e+02
4.850000000000000000e+02
4.710000000000000000e+02
4.530000000000000000e+02
4.390000000000000000e+02
4.270000000000000000e+02
4.160000000000000000e+02
4.080000000000000000e+02
3.720000000000000000e+02
4.230000000000000000e+02
4.270000000000000000e+02
3.560000000000000000e+02
3.460000000000000000e+02
3.410000000000000000e+02
3.710000000000000000e+02
3.280000000000000000e+02
3.520000000000000000e+02
3.720000000000000000e+02
3.250000000000000000e+02
3.340000000000000000e+02
3.200000000000000000e+02
2.900000000000000000e+02
2.790000000000000000e+02
2.940000000000000000e+02
2.900000000000000000e+02
2.980000000000000000e+02
2.620000000000000000e+02
3.060000000000000000e+02
3.120000000000000000e+02
2.770000000000000000e+02
2.840000000000000000e+02
2.810000000000000000e+02
2.990000000000000000e+02
2.380000000000000000e+02
2.490000000000000000e+02
2.680000000000000000e+02
2.570000000000000000e+02
2.290000000000000000e+02
2.280000000000000000e+02
2.290000000000000000e+02
2.160000000000000000e+02
2.140000000000000000e+02
2.230000000000000000e+02
2.290000000000000000e+02
2.380000000000000000e+02
2.140000000000000000e+02
2.270000000000000000e+02
2.160000000000000000e+02
2.440000000000000000e+02
2.320000000000000000e+02
2.530000000000000000e+02
2.820000000000000000e+02
2.490000000000000000e+02
2.430000000000000000e+02
2.440000000000000000e+02
2.510000000000000000e+02
2.500000000000000000e+02
2.590000000000000000e+02
2.520000000000000000e+02
2.670000000000000000e+02
2.470000000000000000e+02
2.450000000000000000e+02
2.760000000000000000e+02
3.120000000000000000e+02
3.310000000000000000e+02
3.450000000000000000e+02
4.310000000000000000e+02
4.130000000000000000e+02
5.440000000000000000e+02
5.340000000000000000e+02
6.400000000000000000e+02
7.520000000000000000e+02
9.130000000000000000e+02
1.226000000000000000e+03
1.096000000000000000e+03
1.295000000000000000e+03
1.122000000000000000e+03
1.233000000000000000e+03
1.239000000000000000e+03
1.195000000000000000e+03
1.264000000000000000e+03
1.337000000000000000e+03
1.271000000000000000e+03
1.487000000000000000e+03
1.505000000000000000e+03
1.504000000000000000e+03
1.501000000000000000e+03
1.669000000000000000e+03
1.775000000000000000e+03
1.838000000000000000e+03
1.869000000000000000e+03
2.019000000000000000e+03
2.159000000000000000e+03
2.227000000000000000e+03
2.140000000000000000e+03
2.404000000000000000e+03
2.264000000000000000e+03
2.638000000000000000e+03
2.575000000000000000e+03
2.770000000000000000e+03
2.749000000000000000e+03
3.051000000000000000e+03
2.732000000000000000e+03
2.661000000000000000e+03
2.878000000000000000e+03
2.510000000000000000e+03
2.885000000000000000e+03
2.581000000000000000e+03
2.780000000000000000e+03
2.633000000000000000e+03
2.636000000000000000e+03
2.524000000000000000e+03
2.356000000000000000e+03
2.494000000000000000e+03
2.322000000000000000e+03
2.052000000000000000e+03
2.061000000000000000e+03
2.167000000000000000e+03
1.948000000000000000e+03
1.828000000000000000e+03
1.888000000000000000e+03
1.577000000000000000e+03
1.532000000000000000e+03
1.639000000000000000e+03
1.480000000000000000e+03
1.788000000000000000e+03
1.617000000000000000e+03
1.428000000000000000e+03
1.524000000000000000e+03
1.217000000000000000e+03
1.294000000000000000e+03
1.256000000000000000e+03
1.226000000000000000e+03
1.110000000000000000e+03
9.860000000000000000e+02
1.073000000000000000e+03
9.490000000000000000e+02
9.510000000000000000e+02
9.530000000000000000e+02
9.740000000000000000e+02
9.140000000000000000e+02
8.020000000000000000e+02
8.350000000000000000e+02
8.740000000000000000e+02
9.990000000000000000e+02
1.034000000000000000e+03
9.550000000000000000e+02
8.810000000000000000e+02
9.000000000000000000e+02
1.031000000000000000e+03
9.390000000000000000e+02
1.064000000000000000e+03
1.059000000000000000e+03
1.009000000000000000e+03
8.590000000000000000e+02
7.830000000000000000e+02
7.820000000000000000e+02
8.390000000000000000e+02
7.210000000000000000e+02
5.600000000000000000e+02
4.340000000000000000e+02
3.450000000000000000e+02
3.020000000000000000e+02
3.120000000000000000e+02
2.850000000000000000e+02
2.750000000000000000e+02
2.910000000000000000e+02
2.670000000000000000e+02
2.640000000000000000e+02
2.490000000000000000e+02
2.710000000000000000e+02
2.260000000000000000e+02
2.360000000000000000e+02
2.310000000000000000e+02
2.500000000000000000e+02
2.440000000000000000e+02
2.750000000000000000e+02
2.530000000000000000e+02
2.740000000000000000e+02
2.370000000000000000e+02
2.250000000000000000e+02
2.700000000000000000e+02
2.410000000000000000e+02
2.300000000000000000e+02
2.280000000000000000e+02
2.430000000000000000e+02
2.070000000000000000e+02
2.320000000000000000e+02
1.850000000000000000e+02
1.860000000000000000e+02
2.300000000000000000e+02
2.160000000000000000e+02
1.930000000000000000e+02
2.290000000000000000e+02
2.080000000000000000e+02
2.360000000000000000e+02
2.030000000000000000e+02
1.820000000000000000e+02
1.780000000000000000e+02
1.670000000000000000e+02
1.850000000000000000e+02
1.700000000000000000e+02
1.600000000000000000e+02
1.670000000000000000e+02
1.450000000000000000e+02
1.500000000000000000e+02
1.540000000000000000e+02
1.600000000000000000e+02
1.680000000000000000e+02
2.160000000000000000e+02
1.820000000000000000e+02
2.070000000000000000e+02
2.160000000000000000e+02
2.720000000000000000e+02
2.150000000000000000e+02
1.870000000000000000e+02
1.580000000000000000e+02
1.400000000000000000e+02
2.610000000000000000e+02
1.132000000000000000e+03
1.183000000000000000e+03
1.801000000000000000e+03
2.331000000000000000e+03
3.229000000000000000e+03
3.626000000000000000e+03
4.106000000000000000e+03
3.733000000000000000e+03
3.370000000000000000e+03
3.155000000000000000e+03
2.802000000000000000e+03
2.527000000000000000e+03
2.424000000000000000e+03
2.287000000000000000e+03
2.227000000000000000e+03
2.065000000000000000e+03
1.961000000000000000e+03
1.788000000000000000e+03
1.631000000000000000e+03
1.566000000000000000e+03
1.384000000000000000e+03
1.291000000000000000e+03
1.162000000000000000e+03
9.860000000000000000e+02
9.540000000000000000e+02
8.350000000000000000e+02
7.830000000000000000e+02
7.340000000000000000e+02
6.930000000000000000e+02
6.470000000000000000e+02
6.440000000000000000e+02
6.290000000000000000e+02
6.160000000000000000e+02
5.750000000000000000e+02
5.270000000000000000e+02
4.960000000000000000e+02
5.010000000000000000e+02
4.620000000000000000e+02
4.460000000000000000e+02
4.650000000000000000e+02
4.320000000000000000e+02
4.180000000000000000e+02
4.110000000000000000e+02
4.230000000000000000e+02
4.250000000000000000e+02
3.570000000000000000e+02
3.920000000000000000e+02
4.080000000000000000e+02
3.620000000000000000e+02
3.180000000000000000e+02
3.770000000000000000e+02
3.320000000000000000e+02
3.360000000000000000e+02
3.280000000000000000e+02
3.290000000000000000e+02
3.050000000000000000e+02
2.900000000000000000e+02
3.120000000000000000e+02
2.740000000000000000e+02
3.020000000000000000e+02
3.040000000000000000e+02
3.090000000000000000e+02
2.840000000000000000e+02
2.880000000000000000e+02
3.070000000000000000e+02
2.820000000000000000e+02
2.640000000000000000e+02
2.780000000000000000e+02
2.510000000000000000e+02
2.800000000000000000e+02
2.800000000000000000e+02
2.790000000000000000e+02
2.570000000000000000e+02
2.470000000000000000e+02
2.660000000000000000e+02
2.420000000000000000e+02
2.670000000000000000e+02
2.010000000000000000e+02
2.790000000000000000e+02
2.150000000000000000e+02
2.270000000000000000e+02
2.360000000000000000e+02
2.360000000000000000e+02
2.360000000000000000e+02
2.320000000000000000e+02
2.440000000000000000e+02
2.420000000000000000e+02
2.690000000000000000e+02
2.660000000000000000e+02
3.030000000000000000e+02
3.000000000000000000e+02
3.110000000000000000e+02
3.550000000000000000e+02
3.400000000000000000e+02
3.810000000000000000e+02
4.070000000000000000e+02
4.410000000000000000e+02
4.590000000000000000e+02
4.570000000000000000e+02
4.930000000000000000e+02
5.790000000000000000e+02
6.390000000000000000e+02
6.950000000000000000e+02
7.480000000000000000e+02
7.630000000000000000e+02
8.220000000000000000e+02
9.210000000000000000e+02
1.013000000000000000e+03
1.044000000000000000e+03
1.184000000000000000e+03
1.196000000000000000e+03
1.260000000000000000e+03
1.413000000000000000e+03
1.406000000000000000e+03
1.430000000000000000e+03
1.674000000000000000e+03
1.617000000000000000e+03
1.738000000000000000e+03
1.794000000000000000e+03
1.906000000000000000e+03
1.928000000000000000e+03
1.926000000000000000e+03
1.972000000000000000e+03
1.934000000000000000e+03
2.103000000000000000e+03
1.998000000000000000e+03
2.078000000000000000e+03
2.119000000000000000e+03
2.107000000000000000e+03
2.000000000000000000e+03
2.063000000000000000e+03
2.088000000000000000e+03
2.294000000000000000e+03
2.229000000000000000e+03
2.320000000000000000e+03
2.132000000000000000e+03
1.976000000000000000e+03
1.835000000000000000e+03
1.771000000000000000e+03
1.712000000000000000e+03
1.710000000000000000e+03
1.570000000000000000e+03
1.499000000000000000e+03
1.586000000000000000e+03
1.405000000000000000e+03
1.346000000000000000e+03
1.228000000000000000e+03
1.267000000000000000e+03
1.383000000000000000e+03
1.250000000000000000e+03
1.215000000000000000e+03
1.235000000000000000e+03
1.328000000000000000e+03
1.344000000000000000e+03
1.094000000000000000e+03
1.246000000000000000e+03
1.150000000000000000e+03
1.452000000000000000e+03
1.381000000000000000e+03
1.365000000000000000e+03
1.513000000000000000e+03
1.218000000000000000e+03
1.467000000000000000e+03
1.416000000000000000e+03
1.360000000000000000e+03
1.262000000000000000e+03
1.315000000000000000e+03
1.435000000000000000e+03
1.263000000000000000e+03
1.395000000000000000e+03
1.496000000000000000e+03
1.550000000000000000e+03
1.413000000000000000e+03
1.427000000000000000e+03
1.350000000000000000e+03
1.491000000000000000e+03
1.452000000000000000e+03
1.481000000000000000e+03
1.504000000000000000e+03
1.631000000000000000e+03
1.547000000000000000e+03
1.357000000000000000e+03
1.501000000000000000e+03
1.269000000000000000e+03
1.235000000000000000e+03
1.329000000000000000e+03
1.454000000000000000e+03
1.384000000000000000e+03
1.574000000000000000e+03
1.404000000000000000e+03
1.608000000000000000e+03
1.404000000000000000e+03
1.302000000000000000e+03
1.153000000000000000e+03
1.186000000000000000e+03
1.163000000000000000e+03
1.277000000000000000e+03
1.059000000000000000e+03
6.580000000000000000e+02
4.750000000000000000e+02
4.130000000000000000e+02
2.980000000000000000e+02
2.580000000000000000e+02
2.460000000000000000e+02
2.490000000000000000e+02
2.510000000000000000e+02
2.670000000000000000e+02
2.460000000000000000e+02
2.760000000000000000e+02
2.650000000000000000e+02
2.410000000000000000e+02
2.550000000000000000e+02
2.490000000000000000e+02
2.430000000000000000e+02
2.880000000000000000e+02
3.070000000000000000e+02
2.770000000000000000e+02
2.420000000000000000e+02
2.750000000000000000e+02
2.470000000000000000e+02
2.650000000000000000e+02
2.260000000000000000e+02
1.980000000000000000e+02
2.200000000000000000e+02
2.110000000000000000e+02
1.990000000000000000e+02
2.020000000000000000e+02
2.040000000000000000e+02
2.380000000000000000e+02
2.110000000000000000e+02
2.250000000000000000e+02
1.990000000000000000e+02
1.720000000000000000e+02
1.710000000000000000e+02
1.490000000000000000e+02
1.670000000000000000e+02
1.560000000000000000e+02
1.600000000000000000e+02
1.460000000000000000e+02
1.540000000000000000e+02
1.450000000000000000e+02
1.400000000000000000e+02
1.320000000000000000e+02
1.730000000000000000e+02
1.800000000000000000e+02
2.030000000000000000e+02
1.980000000000000000e+02
2.470000000000000000e+02
2.200000000000000000e+02
2.360000000000000000e+02
1.910000000000000000e+02
1.790000000000000000e+02
1.630000000000000000e+02
1.300000000000000000e+02
9.000000000000000000e+01
1.280000000000000000e+02
4.253000000000000000e+03
2.026000000000000000e+03
2.621000000000000000e+03
2.847000000000000000e+03
3.311000000000000000e+03
3.663000000000000000e+03
3.441000000000000000e+03
3.764000000000000000e+03
3.238000000000000000e+03
2.849000000000000000e+03
2.437000000000000000e+03
2.314000000000000000e+03
2.154000000000000000e+03
2.176000000000000000e+03
2.060000000000000000e+03
1.915000000000000000e+03
1.665000000000000000e+03
1.589000000000000000e+03
1.519000000000000000e+03
1.347000000000000000e+03
1.266000000000000000e+03
1.133000000000000000e+03
1.040000000000000000e+03
9.400000000000000000e+02
8.790000000000000000e+02
7.730000000000000000e+02
7.630000000000000000e+02
6.920000000000000000e+02
6.770000000000000000e+02
6.400000000000000000e+02
6.310000000000000000e+02
5.740000000000000000e+02
5.350000000000000000e+02
5.440000000000000000e+02
4.970000000000000000e+02
5.100000000000000000e+02
4.680000000000000000e+02
4.650000000000000000e+02
4.890000000000000000e+02
4.450000000000000000e+02
4.530000000000000000e+02
4.300000000000000000e+02
3.970000000000000000e+02
4.340000000000000000e+02
3.770000000000000000e+02
3.860000000000000000e+02
3.300000000000000000e+02
3.540000000000000000e+02
3.450000000000000000e+02
3.430000000000000000e+02
3.120000000000000000e+02
3.120000000000000000e+02
3.110000000000000000e+02
2.830000000000000000e+02
3.260000000000000000e+02
3.140000000000000000e+02
3.030000000000000000e+02
2.960000000000000000e+02
3.210000000000000000e+02
2.950000000000000000e+02
2.620000000000000000e+02
2.790000000000000000e+02
3.150000000000000000e+02
2.420000000000000000e+02
3.020000000000000000e+02
2.710000000000000000e+02
2.890000000000000000e+02
3.070000000000000000e+02
2.690000000000000000e+02
2.740000000000000000e+02
2.630000000000000000e+02
2.680000000000000000e+02
2.790000000000000000e+02
2.840000000000000000e+02
3.010000000000000000e+02
2.910000000000000000e+02
3.280000000000000000e+02
3.480000000000000000e+02
3.200000000000000000e+02
4.000000000000000000e+02
3.590000000000000000e+02
3.880000000000000000e+02
4.160000000000000000e+02
4.380000000000000000e+02
4.760000000000000000e+02
5.380000000000000000e+02
5.720000000000000000e+02
6.200000000000000000e+02
6.820000000000000000e+02
7.380000000000000000e+02
8.630000000000000000e+02
8.130000000000000000e+02
1.029000000000000000e+03
1.077000000000000000e+03
1.134000000000000000e+03
1.190000000000000000e+03
1.293000000000000000e+03
1.368000000000000000e+03
1.517000000000000000e+03
1.536000000000000000e+03
1.586000000000000000e+03
1.752000000000000000e+03
1.720000000000000000e+03
1.837000000000000000e+03
1.885000000000000000e+03
1.927000000000000000e+03
1.989000000000000000e+03
2.021000000000000000e+03
1.857000000000000000e+03
1.961000000000000000e+03
1.900000000000000000e+03
1.890000000000000000e+03
1.801000000000000000e+03
1.687000000000000000e+03
1.578000000000000000e+03
1.574000000000000000e+03
1.403000000000000000e+03
1.347000000000000000e+03
1.237000000000000000e+03
1.183000000000000000e+03
1.057000000000000000e+03
1.021000000000000000e+03
9.360000000000000000e+02
8.540000000000000000e+02
7.690000000000000000e+02
7.080000000000000000e+02
7.560000000000000000e+02
7.270000000000000000e+02
6.520000000000000000e+02
6.120000000000000000e+02
6.070000000000000000e+02
5.910000000000000000e+02
5.590000000000000000e+02
5.150000000000000000e+02
6.460000000000000000e+02
5.320000000000000000e+02
4.820000000000000000e+02
3.950000000000000000e+02
3.980000000000000000e+02
3.750000000000000000e+02
4.210000000000000000e+02
3.970000000000000000e+02
4.080000000000000000e+02
4.800000000000000000e+02
4.470000000000000000e+02
4.560000000000000000e+02
6.390000000000000000e+02
6.320000000000000000e+02
7.000000000000000000e+02
7.300000000000000000e+02
1.001000000000000000e+03
1.099000000000000000e+03
1.225000000000000000e+03
1.722000000000000000e+03
1.446000000000000000e+03
1.663000000000000000e+03
1.484000000000000000e+03
1.395000000000000000e+03
1.283000000000000000e+03
1.461000000000000000e+03
1.309000000000000000e+03
1.709000000000000000e+03
1.410000000000000000e+03
1.470000000000000000e+03
1.437000000000000000e+03
1.326000000000000000e+03
1.201000000000000000e+03
1.114000000000000000e+03
1.278000000000000000e+03
1.437000000000000000e+03
1.549000000000000000e+03
1.319000000000000000e+03
1.531000000000000000e+03
1.263000000000000000e+03
1.732000000000000000e+03
1.391000000000000000e+03
1.663000000000000000e+03
1.549000000000000000e+03
1.794000000000000000e+03
1.750000000000000000e+03
1.640000000000000000e+03
1.868000000000000000e+03
1.802000000000000000e+03
1.821000000000000000e+03
2.101000000000000000e+03
2.800000000000000000e+03
2.687000000000000000e+03
3.000000000000000000e+03
2.607000000000000000e+03
2.644000000000000000e+03
2.328000000000000000e+03
1.879000000000000000e+03
1.703000000000000000e+03
1.843000000000000000e+03
1.763000000000000000e+03
1.553000000000000000e+03
1.423000000000000000e+03
1.031000000000000000e+03
6.570000000000000000e+02
3.860000000000000000e+02
3.360000000000000000e+02
3.120000000000000000e+02
2.780000000000000000e+02
2.450000000000000000e+02
2.640000000000000000e+02
2.420000000000000000e+02
2.870000000000000000e+02
2.280000000000000000e+02
2.460000000000000000e+02
2.470000000000000000e+02
2.540000000000000000e+02
2.580000000000000000e+02
2.550000000000000000e+02
2.760000000000000000e+02
2.550000000000000000e+02
3.030000000000000000e+02
2.800000000000000000e+02
2.970000000000000000e+02
2.670000000000000000e+02
2.500000000000000000e+02
2.570000000000000000e+02
2.410000000000000000e+02
2.270000000000000000e+02
2.330000000000000000e+02
2.170000000000000000e+02
2.480000000000000000e+02
2.260000000000000000e+02
2.420000000000000000e+02
1.920000000000000000e+02
1.750000000000000000e+02
1.830000000000000000e+02
1.930000000000000000e+02
1.790000000000000000e+02
1.670000000000000000e+02
1.550000000000000000e+02
1.720000000000000000e+02
1.720000000000000000e+02
1.550000000000000000e+02
1.710000000000000000e+02
1.690000000000000000e+02
1.410000000000000000e+02
1.760000000000000000e+02
1.750000000000000000e+02
1.880000000000000000e+02
2.050000000000000000e+02
2.160000000000000000e+02
2.190000000000000000e+02
2.120000000000000000e+02
1.690000000000000000e+02
1.730000000000000000e+02
1.860000000000000000e+02
1.240000000000000000e+02
9.700000000000000000e+01
8.000000000000000000e+01
3.200000000000000000e+01
5.800000000000000000e+01
1.519000000000000000e+04
1.500000000000000000e+01
4.800000000000000000e+01
1.560000000000000000e+02
1.400000000000000000e+01
6.430000000000000000e+02
5.319000000000000000e+03
2.200000000000000000e+01
1.233000000000000000e+03
3.210000000000000000e+02
5.710000000000000000e+02
4.264000000000000000e+03
3.170000000000000000e+03
4.375100000000000000e+04
7.680000000000000000e+03
5.602000000000000000e+03
2.938000000000000000e+03
7.790000000000000000e+02
4.700000000000000000e+02
3.171000000000000000e+03
1.427400000000000000e+04
2.029000000000000000e+03
7.840000000000000000e+02
1.069000000000000000e+03
4.430000000000000000e+03
1.445000000000000000e+03
9.110000000000000000e+02
2.580000000000000000e+02
2.600000000000000000e+02
1.880000000000000000e+02
6.111000000000000000e+03
3.700000000000000000e+01
7.500000000000000000e+01
3.400000000000000000e+01
1.340000000000000000e+02
4.590000000000000000e+02
1.214000000000000000e+03
5.500000000000000000e+01
1.410000000000000000e+02
5.400000000000000000e+01
1.030000000000000000e+02
1.400000000000000000e+01
5.050000000000000000e+02
2.270000000000000000e+02
1.000000000000000000e+00
4.100000000000000000e+01
3.000000000000000000e+01
0.000000000000000000e+00
5.100000000000000000e+01
4.000000000000000000e+00
1.129000000000000000e+03
1.040000000000000000e+02
2.300000000000000000e+01
6.700000000000000000e+01
4.600000000000000000e+01
2.040000000000000000e+02
5.900000000000000000e+01
2.700000000000000000e+01
3.500000000000000000e+01
0.000000000000000000e+00
1.410000000000000000e+02
0.000000000000000000e+00
2.800000000000000000e+01
1.100000000000000000e+01
0.000000000000000000e+00
1.500000000000000000e+01
3.830000000000000000e+02
2.800000000000000000e+01
4.000000000000000000e+01
7.000000000000000000e+01
1.520000000000000000e+02
2.500000000000000000e+01
2.300000000000000000e+01
4.400000000000000000e+01
1.110000000000000000e+02
3.885000000000000000e+03
1.350000000000000000e+02
1.030000000000000000e+02
5.200000000000000000e+01
7.400000000000000000e+01
1.243000000000000000e+03
7.500000000000000000e+01
1.800000000000000000e+02
1.805000000000000000e+03
3.700000000000000000e+02
1.340000000000000000e+02
1.370000000000000000e+02
6.560000000000000000e+02
1.020000000000000000e+02
5.900000000000000000e+01
1.561000000000000000e+03
1.100000000000000000e+02
1.210000000000000000e+02
1.326000000000000000e+03
3.800000000000000000e+01
3.543000000000000000e+03
1.577000000000000000e+03
1.230000000000000000e+02
2.741000000000000000e+03
3.099000000000000000e+03
4.330000000000000000e+03
1.023600000000000000e+04
1.057800000000000000e+04
1.487300000000000000e+04
2.705000000000000000e+03
4.270000000000000000e+03
2.012000000000000000e+03
1.861000000000000000e+03
1.219000000000000000e+03
2.675000000000000000e+03
3.660000000000000000e+03
2.061000000000000000e+03
7.780000000000000000e+02
6.050000000000000000e+02
1.682000000000000000e+03
1.007000000000000000e+03
2.720000000000000000e+02
0.000000000000000000e+00
4.000000000000000000e+00
2.000000000000000000e+00
4.452000000000000000e+03
0.000000000000000000e+00
2.100000000000000000e+01
1.000000000000000000e+00
1.180000000000000000e+02
4.880000000000000000e+02
1.362000000000000000e+03
0.000000000000000000e+00
2.200000000000000000e+01
4.000000000000000000e+00
4.900000000000000000e+01
0.000000000000000000e+00
3.810000000000000000e+02
1.430000000000000000e+02
0.000000000000000000e+00
3.100000000000000000e+01
1.000000000000000000e+00
2.000000000000000000e+00
1.400000000000000000e+01
0.000000000000000000e+00
1.814000000000000000e+03
4.400000000000000000e+01
6.000000000000000000e+00
2.000000000000000000e+00
2.000000000000000000e+00
9.000000000000000000e+01
5.000000000000000000e+00
2.000000000000000000e+00
0.000000000000000000e+00
0.000000000000000000e+00
3.100000000000000000e+01
0.000000000000000000e+00
1.000000000000000000e+00
3.000000000000000000e+00
0.000000000000000000e+00
1.000000000000000000e+00
3.500000000000000000e+02
2.000000000000000000e+00
5.000000000000000000e+00
2.000000000000000000e+00
5.200000000000000000e+01
0.000000000000000000e+00
0.000000000000000000e+00
1.800000000000000000e+01
5.000000000000000000e+00
7.223000000000000000e+03
0.000000000000000000e+00
1.000000000000000000e+00
0.000000000000000000e+00
2.100000000000000000e+01
3.280000000000000000e+02
1.000000000000000000e+00
2.000000000000000000e+00
1.509000000000000000e+03
9.000000000000000000e+00
9.000000000000000000e+00
3.000000000000000000e+00
2.080000000000000000e+02
1.100000000000000000e+01
1.200000000000000000e+01
1.377100000000000000e+04
1.500000000000000000e+01
2.006000000000000000e+03
5.878000000000000000e+03
4.764000000000000000e+03
4.535000000000000000e+03
3.381000000000000000e+03
1.820000000000000000e+03
4.232000000000000000e+03
1.803000000000000000e+03
1.644000000000000000e+03
1.526000000000000000e+03
1.571000000000000000e+03
1.568000000000000000e+03
1.761000000000000000e+03
1.778000000000000000e+03
1.403000000000000000e+03
2.340000000000000000e+03
1.597000000000000000e+03
1.013000000000000000e+03
1.551000000000000000e+03
1.410000000000000000e+03
1.275000000000000000e+03
1.717000000000000000e+03
1.296000000000000000e+03
1.882000000000000000e+03
2.103000000000000000e+03
1.637000000000000000e+03
1.520000000000000000e+03
1.488000000000000000e+03
2.762000000000000000e+03
1.299000000000000000e+03
1.882000000000000000e+03
1.619000000000000000e+03
2.467000000000000000e+03
1.839000000000000000e+03
2.129000000000000000e+03
1.405000000000000000e+03
1.669000000000000000e+03
3.053000000000000000e+03
1.834000000000000000e+03
1.091000000000000000e+03
1.102000000000000000e+03
2.341000000000000000e+03
2.664000000000000000e+03
1.480000000000000000e+03
1.770000000000000000e+03
1.286000000000000000e+03
1.886000000000000000e+03
1.261000000000000000e+03
1.887000000000000000e+03
2.609000000000000000e+03
1.522000000000000000e+03
2.847000000000000000e+03
2.769000000000000000e+03
3.380000000000000000e+03
3.485000000000000000e+03
4.655000000000000000e+03
3.788000000000000000e+03
4.844000000000000000e+03
4.911000000000000000e+03
6.259000000000000000e+03
4.877000000000000000e+03
4.481000000000000000e+03
5.798000000000000000e+03
4.573000000000000000e+03
4.046000000000000000e+03
4.587000000000000000e+03
2.963000000000000000e+03
2.244000000000000000e+03
2.612000000000000000e+03
2.173000000000000000e+03
1.828000000000000000e+03
2.306000000000000000e+03
1.081000000000000000e+03
1.260000000000000000e+03
7.070000000000000000e+02
1.130000000000000000e+03
7.070000000000000000e+02
3.320000000000000000e+02
7.300000000000000000e+02
4.620000000000000000e+02
4.300000000000000000e+02
2.970000000000000000e+02
1.500000000000000000e+02
2.429000000000000000e+03
1.320000000000000000e+02
2.270000000000000000e+02
3.040000000000000000e+02
4.700000000000000000e+02
3.420000000000000000e+02
5.840000000000000000e+02
2.210000000000000000e+02
3.490000000000000000e+02
4.190000000000000000e+02
1.460000000000000000e+02
1.069000000000000000e+03
2.980000000000000000e+02
6.680000000000000000e+02
3.220000000000000000e+02
2.620000000000000000e+02
1.100000000000000000e+02
1.064000000000000000e+03
1.350000000000000000e+02
2.610000000000000000e+02
2.610000000000000000e+02
6.100000000000000000e+02
2.560000000000000000e+02
1.670000000000000000e+02
9.620000000000000000e+02
8.300000000000000000e+01
1.490000000000000000e+02
3.530000000000000000e+02
3.520000000000000000e+02
1.230000000000000000e+02
1.570000000000000000e+02
5.600000000000000000e+02
1.320000000000000000e+02
2.610000000000000000e+02
2.660000000000000000e+02
2.720000000000000000e+02
1.630000000000000000e+02
1.590000000000000000e+02
1.260000000000000000e+02
9.700000000000000000e+01
6.200000000000000000e+01
2.800000000000000000e+01
1.810000000000000000e+02
2.504000000000000000e+03
1.400000000000000000e+01
5.900000000000000000e+01
7.300000000000000000e+01
8.300000000000000000e+01
7.500000000000000000e+01
1.810000000000000000e+02
1.520000000000000000e+02
2.730000000000000000e+02
3.290000000000000000e+02
9.200000000000000000e+01
2.080000000000000000e+02
1.150000000000000000e+02
5.600000000000000000e+01
6.600000000000000000e+02
1.220000000000000000e+02
7.500000000000000000e+01
5.500000000000000000e+01
3.540000000000000000e+02
5.800000000000000000e+01
1.350000000000000000e+02
3.170000000000000000e+02
1.090000000000000000e+02
7.600000000000000000e+01
4.400000000000000000e+01
8.490000000000000000e+02
3.700000000000000000e+01
4.500000000000000000e+01
1.280000000000000000e+02
2.740000000000000000e+02
6.900000000000000000e+01
7.130000000000000000e+02
2.800000000000000000e+01
6.400000000000000000e+01
3.290000000000000000e+02
3.300000000000000000e+01
1.040000000000000000e+02
1.340000000000000000e+02
8.000000000000000000e+01
5.400000000000000000e+01
3.800000000000000000e+01
1.200000000000000000e+01
9.240000000000000000e+02
1.300000000000000000e+01
2.800000000000000000e+01
3.700000000000000000e+01
8.000000000000000000e+01
7.700000000000000000e+01
2.100000000000000000e+01
1.180000000000000000e+02
1.000000000000000000e+01
3.740000000000000000e+02
5.700000000000000000e+01
4.200000000000000000e+01
6.530000000000000000e+02
1.700000000000000000e+01
6.200000000000000000e+01
2.560000000000000000e+02
1.100000000000000000e+01
7.900000000000000000e+01
4.100000000000000000e+01
1.800000000000000000e+01
1.900000000000000000e+01
6.630000000000000000e+02
6.000000000000000000e+00
1.900000000000000000e+01
2.800000000000000000e+01
6.300000000000000000e+01
7.800000000000000000e+01
2.600000000000000000e+01
3.370000000000000000e+02
7.000000000000000000e+00
8.300000000000000000e+01
3.000000000000000000e+01
2.200000000000000000e+01
9.000000000000000000e+00
3.020000000000000000e+02
1.200000000000000000e+01
3.200000000000000000e+01
4.800000000000000000e+01
1.600000000000000000e+01
9.000000000000000000e+01
2.600000000000000000e+01
1.700000000000000000e+01
6.000000000000000000e+00
4.910000000000000000e+02
1.000000000000000000e+01
1.400000000000000000e+01
6.400000000000000000e+01
2.200000000000000000e+01
4.000000000000000000e+00
1.250000000000000000e+02
1.300000000000000000e+01
5.300000000000000000e+01
1.500000000000000000e+01
3.360000000000000000e+02
1.200000000000000000e+01
2.800000000000000000e+01
1.000000000000000000e+01
2.040000000000000000e+02
1.700000000000000000e+01
6.000000000000000000e+00
6.900000000000000000e+01
1.000000000000000000e+01
6.900000000000000000e+01
1.200000000000000000e+01
5.400000000000000000e+01
4.800000000000000000e+01
3.000000000000000000e+00
3.400000000000000000e+01
2.200000000000000000e+01
2.800000000000000000e+01
1.500000000000000000e+01
1.800000000000000000e+01
8.000000000000000000e+00
9.000000000000000000e+00
6.000000000000000000e+00
8.000000000000000000e+00
5.000000000000000000e+00
3.000000000000000000e+00
2.000000000000000000e+00
2.000000000000000000e+00
0.000000000000000000e+00
2.000000000000000000e+00
0.000000000000000000e+00
0.000000000000000000e+00
0.000000000000000000e+00
4.636000000000000000e+03
2.380000000000000000e+02
5.340000000000000000e+02
8.870000000000000000e+02
1.187000000000000000e+03
2.085000000000000000e+03
2.751000000000000000e+03
3.134000000000000000e+03
3.576000000000000000e+03
3.747000000000000000e+03
3.145000000000000000e+03
2.995000000000000000e+03
2.761000000000000000e+03
2.416000000000000000e+03
2.457000000000000000e+03
2.301000000000000000e+03
2.277000000000000000e+03
2.006000000000000000e+03
2.005000000000000000e+03
1.861000000000000000e+03
1.673000000000000000e+03
1.605000000000000000e+03
1.489000000000000000e+03
1.312000000000000000e+03
1.305000000000000000e+03
1.191000000000000000e+03
1.086000000000000000e+03
1.063000000000000000e+03
9.050000000000000000e+02
8.380000000000000000e+02
7.730000000000000000e+02
7.200000000000000000e+02
6.880000000000000000e+02
6.420000000000000000e+02
6.150000000000000000e+02
5.890000000000000000e+02
5.780000000000000000e+02
5.670000000000000000e+02
5.030000000000000000e+02
5.220000000000000000e+02
5.260000000000000000e+02
5.070000000000000000e+02
4.550000000000000000e+02
4.630000000000000000e+02
4.420000000000000000e+02
4.390000000000000000e+02
3.930000000000000000e+02
3.890000000000000000e+02
4.290000000000000000e+02
3.570000000000000000e+02
3.540000000000000000e+02
3.340000000000000000e+02
3.560000000000000000e+02
3.530000000000000000e+02
3.260000000000000000e+02
3.680000000000000000e+02
3.240000000000000000e+02
3.350000000000000000e+02
3.380000000000000000e+02
2.990000000000000000e+02
2.780000000000000000e+02
2.840000000000000000e+02
3.070000000000000000e+02
3.160000000000000000e+02
2.750000000000000000e+02
3.140000000000000000e+02
2.940000000000000000e+02
2.850000000000000000e+02
2.990000000000000000e+02
2.610000000000000000e+02
2.850000000000000000e+02
2.290000000000000000e+02
2.680000000000000000e+02
2.580000000000000000e+02
2.900000000000000000e+02
2.550000000000000000e+02
2.480000000000000000e+02
2.590000000000000000e+02
2.360000000000000000e+02
2.200000000000000000e+02
2.440000000000000000e+02
2.350000000000000000e+02
2.420000000000000000e+02
2.150000000000000000e+02
2.170000000000000000e+02
2.010000000000000000e+02
2.200000000000000000e+02
2.020000000000000000e+02
2.090000000000000000e+02
2.170000000000000000e+02
2.080000000000000000e+02
2.290000000000000000e+02
2.300000000000000000e+02
2.070000000000000000e+02
2.110000000000000000e+02
2.340000000000000000e+02
2.280000000000000000e+02
2.260000000000000000e+02
2.430000000000000000e+02
2.090000000000000000e+02
2.390000000000000000e+02
2.490000000000000000e+02
2.540000000000000000e+02
2.220000000000000000e+02
2.270000000000000000e+02
2.670000000000000000e+02
2.740000000000000000e+02
2.940000000000000000e+02
2.990000000000000000e+02
3.060000000000000000e+02
3.530000000000000000e+02
3.400000000000000000e+02
3.760000000000000000e+02
3.400000000000000000e+02
3.900000000000000000e+02
4.100000000000000000e+02
4.190000000000000000e+02
4.410000000000000000e+02
4.810000000000000000e+02
5.170000000000000000e+02
5.680000000000000000e+02
6.210000000000000000e+02
6.960000000000000000e+02
7.170000000000000000e+02
7.970000000000000000e+02
9.850000000000000000e+02
9.710000000000000000e+02
1.108000000000000000e+03
1.157000000000000000e+03
1.270000000000000000e+03
1.368000000000000000e+03
1.448000000000000000e+03
1.530000000000000000e+03
1.615000000000000000e+03
1.659000000000000000e+03
1.897000000000000000e+03
1.829000000000000000e+03
1.995000000000000000e+03
2.082000000000000000e+03
2.134000000000000000e+03
2.084000000000000000e+03
2.025000000000000000e+03
2.068000000000000000e+03
1.958000000000000000e+03
2.060000000000000000e+03
1.932000000000000000e+03
2.090000000000000000e+03
2.120000000000000000e+03
2.084000000000000000e+03
2.070000000000000000e+03
1.971000000000000000e+03
2.179000000000000000e+03
2.105000000000000000e+03
2.136000000000000000e+03
2.480000000000000000e+03
2.166000000000000000e+03
2.332000000000000000e+03
2.087000000000000000e+03
1.963000000000000000e+03
1.785000000000000000e+03
2.017000000000000000e+03
1.793000000000000000e+03
2.166000000000000000e+03
1.767000000000000000e+03
1.824000000000000000e+03
1.697000000000000000e+03
1.603000000000000000e+03
1.403000000000000000e+03
1.339000000000000000e+03
1.423000000000000000e+03
1.551000000000000000e+03
1.629000000000000000e+03
1.373000000000000000e+03
1.580000000000000000e+03
1.322000000000000000e+03
1.768000000000000000e+03
1.444000000000000000e+03
1.727000000000000000e+03
1.622000000000000000e+03
1.812000000000000000e+03
1.801000000000000000e+03
1.638000000000000000e+03
1.873000000000000000e+03
1.853000000000000000e+03
1.743000000000000000e+03
1.998000000000000000e+03
2.569000000000000000e+03
2.524000000000000000e+03
2.708000000000000000e+03
2.663000000000000000e+03
2.592000000000000000e+03
2.540000000000000000e+03
2.112000000000000000e+03
1.818000000000000000e+03
1.855000000000000000e+03
1.829000000000000000e+03
1.520000000000000000e+03
1.643000000000000000e+03
1.472000000000000000e+03
8.910000000000000000e+02
5.330000000000000000e+02
4.900000000000000000e+02
3.880000000000000000e+02
3.410000000000000000e+02
3.060000000000000000e+02
3.010000000000000000e+02
2.840000000000000000e+02
3.140000000000000000e+02
2.630000000000000000e+02
2.620000000000000000e+02
2.620000000000000000e+02
2.520000000000000000e+02
2.830000000000000000e+02
2.570000000000000000e+02
2.840000000000000000e+02
2.980000000000000000e+02
3.110000000000000000e+02
2.690000000000000000e+02
2.680000000000000000e+02
3.040000000000000000e+02
2.750000000000000000e+02
2.760000000000000000e+02
2.520000000000000000e+02
2.820000000000000000e+02
2.240000000000000000e+02
2.520000000000000000e+02
1.980000000000000000e+02
1.960000000000000000e+02
2.450000000000000000e+02
2.170000000000000000e+02
2.040000000000000000e+02
2.420000000000000000e+02
2.050000000000000000e+02
2.390000000000000000e+02
2.070000000000000000e+02
1.990000000000000000e+02
1.790000000000000000e+02
1.820000000000000000e+02
1.860000000000000000e+02
1.700000000000000000e+02
1.740000000000000000e+02
1.780000000000000000e+02
1.390000000000000000e+02
1.520000000000000000e+02
1.470000000000000000e+02
1.660000000000000000e+02
1.640000000000000000e+02
2.090000000000000000e+02
1.930000000000000000e+02
2.210000000000000000e+02
2.200000000000000000e+02
2.620000000000000000e+02
2.140000000000000000e+02
2.010000000000000000e+02
1.550000000000000000e+02
1.430000000000000000e+02
3.180000000000000000e+02
