0.000000000000000000e+00
1.000000000000000000e+00
2.000000000000000000e+00
6.000000000000000000e+00
1.900000000000000000e+01
1.900000000000000000e+01
3.100000000000000000e+01
4.800000000000000000e+01
7.200000000000000000e+01
9.500000000000000000e+01
8.600000000000000000e+01
6.300000000000000000e+01
7.900000000000000000e+01
7.300000000000000000e+01
9.000000000000000000e+01
1.070000000000000000e+02
1.140000000000000000e+02
1.790000000000000000e+02
2.710000000000000000e+02
4.050000000000000000e+02
3.540000000000000000e+02
4.200000000000000000e+02
3.860000000000000000e+02
3.560000000000000000e+02
3.550000000000000000e+02
3.610000000000000000e+02
3.900000000000000000e+02
3.350000000000000000e+02
3.290000000000000000e+02
3.660000000000000000e+02
3.240000000000000000e+02
2.800000000000000000e+02
2.900000000000000000e+02
2.970000000000000000e+02
2.770000000000000000e+02
2.780000000000000000e+02
2.950000000000000000e+02
2.740000000000000000e+02
3.110000000000000000e+02
3.060000000000000000e+02
3.510000000000000000e+02
3.240000000000000000e+02
3.670000000000000000e+02
3.370000000000000000e+02
3.340000000000000000e+02
3.170000000000000000e+02
3.030000000000000000e+02
2.880000000000000000e+02
3.280000000000000000e+02
3.220000000000000000e+02
3.180000000000000000e+02
3.120000000000000000e+02
3.390000000000000000e+02
3.530000000000000000e+02
3.730000000000000000e+02
3.460000000000000000e+02
3.750000000000000000e+02
4.030000000000000000e+02
5.000000000000000000e+02
4.580000000000000000e+02
4.580000000000000000e+02
4.700000000000000000e+02
4.850000000000000000e+02
5.290000000000000000e+02
4.920000000000000000e+02
6.090000000000000000e+02
6.410000000000000000e+02
5.900000000000000000e+02
5.120000000000000000e+02
4.910000000000000000e+02
4.520000000000000000e+02
3.650000000000000000e+02
3.510000000000000000e+02
3.710000000000000000e+02
3.350000000000000000e+02
3.680000000000000000e+02
3.940000000000000000e+02
3.760000000000000000e+02
3.910000000000000000e+02
3.740000000000000000e+02
3.710000000000000000e+02
2.910000000000000000e+02
2.720000000000000000e+02
1.980000000000000000e+02
1.850000000000000000e+02
1.820000000000000000e+02
1.840000000000000000e+02
1.780000000000000000e+02
1.670000000000000000e+02
1.650000000000000000e+02
1.650000000000000000e+02
1.450000000000000000e+02
1.990000000000000000e+02
1.610000000000000000e+02
1.860000000000000000e+02
1.820000000000000000e+02
2.100000000000000000e+02
2.030000000000000000e+02
2.620000000000000000e+02
2.870000000000000000e+02
2.710000000000000000e+02
1.920000000000000000e+02
2.240000000000000000e+02
1.990000000000000000e+02
2.240000000000000000e+02
1.840000000000000000e+02
1.580000000000000000e+02
1.810000000000000000e+02
1.990000000000000000e+02
1.940000000000000000e+02
1.910000000000000000e+02
1.890000000000000000e+02
1.830000000000000000e+02
1.930000000000000000e+02
2.150000000000000000e+02
1.870000000000000000e+02
1.980000000000000000e+02
2.000000000000000000e+02
2.630000000000000000e+02
2.470000000000000000e+02
2.750000000000000000e+02
2.800000000000000000e+02
2.640000000000000000e+02
2.880000000000000000e+02
3.280000000000000000e+02
3.090000000000000000e+02
3.270000000000000000e+02
2.930000000000000000e+02
3.140000000000000000e+02
3.190000000000000000e+02
3.330000000000000000e+02
2.970000000000000000e+02
3.810000000000000000e+02
4.040000000000000000e+02
4.610000000000000000e+02
4.350000000000000000e+02
3.950000000000000000e+02
3.450000000000000000e+02
2.960000000000000000e+02
2.980000000000000000e+02
2.960000000000000000e+02
2.660000000000000000e+02
2.680000000000000000e+02
2.720000000000000000e+02
2.600000000000000000e+02
2.430000000000000000e+02
2.990000000000000000e+02
3.090000000000000000e+02
2.940000000000000000e+02
3.000000000000000000e+02
2.680000000000000000e+02
2.670000000000000000e+02
2.280000000000000000e+02
2.780000000000000000e+02
2.660000000000000000e+02
2.380000000000000000e+02
2.490000000000000000e+02
2.560000000000000000e+02
2.410000000000000000e+02
2.090000000000000000e+02
2.390000000000000000e+02
2.380000000000000000e+02
2.340000000000000000e+02
2.590000000000000000e+02
2.470000000000000000e+02
2.790000000000000000e+02
2.820000000000000000e+02
2.970000000000000000e+02
3.000000000000000000e+02
2.990000000000000000e+02
3.130000000000000000e+02
3.090000000000000000e+02
3.390000000000000000e+02
3.540000000000000000e+02
3.780000000000000000e+02
3.930000000000000000e+02
4.020000000000000000e+02
4.380000000000000000e+02
4.950000000000000000e+02
4.780000000000000000e+02
5.460000000000000000e+02
6.120000000000000000e+02
6.130000000000000000e+02
6.730000000000000000e+02
7.640000000000000000e+02
8.170000000000000000e+02
8.710000000000000000e+02
8.880000000000000000e+02
9.630000000000000000e+02
1.032000000000000000e+03
1.206000000000000000e+03
1.435000000000000000e+03
1.684000000000000000e+03
2.067000000000000000e+03
2.374000000000000000e+03
2.755000000000000000e+03
3.089000000000000000e+03
3.556000000000000000e+03
3.718000000000000000e+03
4.131000000000000000e+03
4.505000000000000000e+03
4.571000000000000000e+03
4.692000000000000000e+03
4.802000000000000000e+03
4.621000000000000000e+03
4.448000000000000000e+03
3.979000000000000000e+03
3.436000000000000000e+03
3.036000000000000000e+03
2.509000000000000000e+03
2.084000000000000000e+03
1.694000000000000000e+03
1.490000000000000000e+03
1.301000000000000000e+03
1.255000000000000000e+03
1.159000000000000000e+03
1.074000000000000000e+03
9.620000000000000000e+02
9.200000000000000000e+02
1.027000000000000000e+03
9.230000000000000000e+02
9.070000000000000000e+02
7.570000000000000000e+02
6.880000000000000000e+02
5.470000000000000000e+02
3.870000000000000000e+02
3.710000000000000000e+02
3.620000000000000000e+02
3.530000000000000000e+02
3.460000000000000000e+02
2.920000000000000000e+02
2.110000000000000000e+02
1.900000000000000000e+02
1.420000000000000000e+02
1.460000000000000000e+02
2.230000000000000000e+02
5.010000000000000000e+02
7.780000000000000000e+02
1.344000000000000000e+03
1.863000000000000000e+03
2.114000000000000000e+03
3.041000000000000000e+03
4.159000000000000000e+03
5.247000000000000000e+03
5.542000000000000000e+03
5.387000000000000000e+03
4.774000000000000000e+03
6.406000000000000000e+03
7.832000000000000000e+03
6.037000000000000000e+03
6.225000000000000000e+03
8.308000000000000000e+03
7.997000000000000000e+03
7.073000000000000000e+03
7.751000000000000000e+03
2.164000000000000000e+03
2.000000000000000000e+00
8.000000000000000000e+00
1.300000000000000000e+01
6.000000000000000000e+01
5.400000000000000000e+01
7.100000000000000000e+01
7.600000000000000000e+01
7.500000000000000000e+01
7.800000000000000000e+01
6.400000000000000000e+01
8.500000000000000000e+01
6.900000000000000000e+01
8.700000000000000000e+01
1.090000000000000000e+02
1.350000000000000000e+02
2.370000000000000000e+02
2.480000000000000000e+02
3.480000000000000000e+02
4.250000000000000000e+02
4.000000000000000000e+02
3.870000000000000000e+02
3.640000000000000000e+02
3.530000000000000000e+02
3.280000000000000000e+02
3.170000000000000000e+02
3.450000000000000000e+02
3.340000000000000000e+02
3.250000000000000000e+02
3.360000000000000000e+02
2.970000000000000000e+02
3.110000000000000000e+02
2.700000000000000000e+02
2.860000000000000000e+02
2.620000000000000000e+02
2.770000000000000000e+02
2.360000000000000000e+02
2.600000000000000000e+02
2.910000000000000000e+02
2.960000000000000000e+02
2.970000000000000000e+02
3.200000000000000000e+02
3.330000000000000000e+02
3.420000000000000000e+02
3.270000000000000000e+02
3.160000000000000000e+02
3.000000000000000000e+02
2.820000000000000000e+02
3.340000000000000000e+02
3.140000000000000000e+02
3.070000000000000000e+02
3.180000000000000000e+02
3.260000000000000000e+02
3.390000000000000000e+02
3.380000000000000000e+02
3.270000000000000000e+02
3.440000000000000000e+02
3.350000000000000000e+02
3.850000000000000000e+02
3.970000000000000000e+02
4.430000000000000000e+02
4.700000000000000000e+02
4.720000000000000000e+02
4.280000000000000000e+02
4.360000000000000000e+02
4.880000000000000000e+02
4.880000000000000000e+02
5.690000000000000000e+02
5.700000000000000000e+02
4.930000000000000000e+02
4.290000000000000000e+02
4.250000000000000000e+02
4.000000000000000000e+02
3.340000000000000000e+02
3.350000000000000000e+02
3.440000000000000000e+02
3.380000000000000000e+02
3.210000000000000000e+02
3.200000000000000000e+02
3.480000000000000000e+02
3.710000000000000000e+02
3.950000000000000000e+02
3.600000000000000000e+02
3.350000000000000000e+02
2.900000000000000000e+02
2.500000000000000000e+02
2.230000000000000000e+02
1.880000000000000000e+02
1.660000000000000000e+02
1.850000000000000000e+02
1.620000000000000000e+02
1.840000000000000000e+02
1.670000000000000000e+02
1.350000000000000000e+02
1.350000000000000000e+02
1.480000000000000000e+02
1.320000000000000000e+02
1.270000000000000000e+02
1.490000000000000000e+02
1.900000000000000000e+02
1.900000000000000000e+02
1.990000000000000000e+02
1.920000000000000000e+02
2.200000000000000000e+02
2.080000000000000000e+02
2.250000000000000000e+02
2.460000000000000000e+02
2.610000000000000000e+02
2.180000000000000000e+02
2.180000000000000000e+02
2.090000000000000000e+02
1.990000000000000000e+02
2.110000000000000000e+02
1.930000000000000000e+02
1.760000000000000000e+02
1.820000000000000000e+02
1.930000000000000000e+02
2.000000000000000000e+02
2.120000000000000000e+02
1.930000000000000000e+02
2.120000000000000000e+02
2.190000000000000000e+02
2.050000000000000000e+02
2.330000000000000000e+02
2.190000000000000000e+02
2.250000000000000000e+02
2.480000000000000000e+02
2.390000000000000000e+02
2.920000000000000000e+02
2.590000000000000000e+02
2.740000000000000000e+02
3.070000000000000000e+02
3.030000000000000000e+02
3.430000000000000000e+02
3.140000000000000000e+02
3.240000000000000000e+02
3.530000000000000000e+02
3.460000000000000000e+02
3.520000000000000000e+02
3.910000000000000000e+02
3.630000000000000000e+02
3.970000000000000000e+02
4.540000000000000000e+02
4.700000000000000000e+02
4.470000000000000000e+02
4.350000000000000000e+02
4.280000000000000000e+02
3.890000000000000000e+02
3.630000000000000000e+02
3.730000000000000000e+02
3.150000000000000000e+02
3.400000000000000000e+02
3.200000000000000000e+02
3.570000000000000000e+02
3.560000000000000000e+02
4.060000000000000000e+02
4.270000000000000000e+02
3.940000000000000000e+02
4.330000000000000000e+02
4.440000000000000000e+02
4.790000000000000000e+02
4.950000000000000000e+02
4.670000000000000000e+02
4.920000000000000000e+02
4.950000000000000000e+02
5.420000000000000000e+02
5.220000000000000000e+02
5.740000000000000000e+02
5.820000000000000000e+02
5.850000000000000000e+02
5.750000000000000000e+02
6.470000000000000000e+02
6.030000000000000000e+02
6.310000000000000000e+02
7.080000000000000000e+02
7.740000000000000000e+02
7.990000000000000000e+02
8.580000000000000000e+02
9.710000000000000000e+02
1.125000000000000000e+03
1.277000000000000000e+03
1.454000000000000000e+03
1.624000000000000000e+03
1.843000000000000000e+03
1.978000000000000000e+03
2.279000000000000000e+03
2.593000000000000000e+03
2.835000000000000000e+03
3.088000000000000000e+03
3.335000000000000000e+03
3.683000000000000000e+03
3.838000000000000000e+03
3.968000000000000000e+03
4.025000000000000000e+03
4.103000000000000000e+03
3.866000000000000000e+03
3.596000000000000000e+03
3.209000000000000000e+03
2.533000000000000000e+03
2.246000000000000000e+03
1.773000000000000000e+03
1.476000000000000000e+03
1.112000000000000000e+03
9.170000000000000000e+02
6.890000000000000000e+02
6.120000000000000000e+02
5.450000000000000000e+02
4.890000000000000000e+02
4.640000000000000000e+02
4.760000000000000000e+02
4.890000000000000000e+02
5.080000000000000000e+02
6.280000000000000000e+02
7.900000000000000000e+02
9.800000000000000000e+02
1.047000000000000000e+03
1.244000000000000000e+03
1.296000000000000000e+03
1.508000000000000000e+03
1.704000000000000000e+03
1.740000000000000000e+03
1.671000000000000000e+03
1.525000000000000000e+03
1.311000000000000000e+03
1.025000000000000000e+03
6.660000000000000000e+02
4.870000000000000000e+02
3.780000000000000000e+02
3.630000000000000000e+02
3.410000000000000000e+02
2.760000000000000000e+02
1.970000000000000000e+02
1.580000000000000000e+02
1.250000000000000000e+02
1.070000000000000000e+02
9.700000000000000000e+01
1.010000000000000000e+02
1.070000000000000000e+02
1.630000000000000000e+02
3.680000000000000000e+02
5.550000000000000000e+02
9.520000000000000000e+02
1.513000000000000000e+03
2.391000000000000000e+03
2.248000000000000000e+03
2.282000000000000000e+03
3.184000000000000000e+03
4.913000000000000000e+03
6.483000000000000000e+03
7.541000000000000000e+03
8.012000000000000000e+03
7.842000000000000000e+03
9.902000000000000000e+03
1.161700000000000000e+04
1.446100000000000000e+04
8.070000000000000000e+03
2.227000000000000000e+03
3.100000000000000000e+01
2.500000000000000000e+01
3.600000000000000000e+01
7.400000000000000000e+01
6.400000000000000000e+01
7.700000000000000000e+01
7.000000000000000000e+01
8.200000000000000000e+01
5.200000000000000000e+01
5.200000000000000000e+01
5.200000000000000000e+01
7.500000000000000000e+01
9.200000000000000000e+01
1.090000000000000000e+02
1.800000000000000000e+02
2.210000000000000000e+02
3.160000000000000000e+02
3.330000000000000000e+02
3.460000000000000000e+02
2.920000000000000000e+02
2.870000000000000000e+02
2.580000000000000000e+02
2.510000000000000000e+02
3.200000000000000000e+02
2.840000000000000000e+02
2.690000000000000000e+02
2.520000000000000000e+02
3.060000000000000000e+02
2.410000000000000000e+02
2.970000000000000000e+02
2.740000000000000000e+02
2.620000000000000000e+02
2.610000000000000000e+02
2.540000000000000000e+02
2.220000000000000000e+02
2.670000000000000000e+02
2.290000000000000000e+02
2.430000000000000000e+02
2.850000000000000000e+02
2.900000000000000000e+02
2.750000000000000000e+02
2.970000000000000000e+02
2.820000000000000000e+02
2.950000000000000000e+02
2.980000000000000000e+02
3.150000000000000000e+02
2.950000000000000000e+02
2.860000000000000000e+02
2.960000000000000000e+02
2.870000000000000000e+02
3.180000000000000000e+02
2.920000000000000000e+02
3.080000000000000000e+02
2.990000000000000000e+02
2.860000000000000000e+02
2.800000000000000000e+02
3.290000000000000000e+02
3.110000000000000000e+02
3.000000000000000000e+02
3.080000000000000000e+02
3.010000000000000000e+02
3.670000000000000000e+02
3.540000000000000000e+02
3.610000000000000000e+02
4.080000000000000000e+02
4.260000000000000000e+02
4.440000000000000000e+02
4.470000000000000000e+02
4.260000000000000000e+02
4.160000000000000000e+02
4.010000000000000000e+02
4.750000000000000000e+02
4.130000000000000000e+02
4.110000000000000000e+02
4.470000000000000000e+02
3.930000000000000000e+02
3.800000000000000000e+02
3.310000000000000000e+02
3.400000000000000000e+02
3.750000000000000000e+02
3.720000000000000000e+02
3.340000000000000000e+02
3.110000000000000000e+02
2.960000000000000000e+02
2.800000000000000000e+02
2.930000000000000000e+02
3.110000000000000000e+02
2.950000000000000000e+02
2.840000000000000000e+02
2.530000000000000000e+02
2.690000000000000000e+02
2.650000000000000000e+02
2.780000000000000000e+02
2.490000000000000000e+02
2.580000000000000000e+02
2.040000000000000000e+02
1.870000000000000000e+02
1.730000000000000000e+02
1.670000000000000000e+02
1.810000000000000000e+02
1.860000000000000000e+02
1.430000000000000000e+02
1.530000000000000000e+02
1.560000000000000000e+02
1.890000000000000000e+02
1.650000000000000000e+02
1.620000000000000000e+02
1.620000000000000000e+02
1.740000000000000000e+02
1.750000000000000000e+02
1.980000000000000000e+02
2.090000000000000000e+02
2.220000000000000000e+02
2.230000000000000000e+02
2.400000000000000000e+02
2.240000000000000000e+02
2.580000000000000000e+02
2.690000000000000000e+02
2.390000000000000000e+02
2.700000000000000000e+02
2.430000000000000000e+02
1.900000000000000000e+02
2.170000000000000000e+02
2.070000000000000000e+02
2.150000000000000000e+02
2.570000000000000000e+02
2.720000000000000000e+02
2.380000000000000000e+02
2.160000000000000000e+02
2.540000000000000000e+02
2.470000000000000000e+02
2.690000000000000000e+02
2.460000000000000000e+02
2.410000000000000000e+02
2.650000000000000000e+02
2.760000000000000000e+02
2.710000000000000000e+02
3.020000000000000000e+02
3.010000000000000000e+02
3.330000000000000000e+02
3.260000000000000000e+02
2.980000000000000000e+02
3.160000000000000000e+02
3.410000000000000000e+02
3.810000000000000000e+02
4.080000000000000000e+02
3.680000000000000000e+02
4.240000000000000000e+02
4.590000000000000000e+02
4.630000000000000000e+02
4.790000000000000000e+02
5.390000000000000000e+02
5.700000000000000000e+02
5.550000000000000000e+02
5.800000000000000000e+02
6.300000000000000000e+02
6.750000000000000000e+02
7.330000000000000000e+02
8.220000000000000000e+02
8.800000000000000000e+02
9.400000000000000000e+02
9.160000000000000000e+02
8.690000000000000000e+02
8.190000000000000000e+02
8.730000000000000000e+02
9.280000000000000000e+02
9.540000000000000000e+02
1.010000000000000000e+03
1.121000000000000000e+03
1.260000000000000000e+03
1.340000000000000000e+03
1.633000000000000000e+03
1.732000000000000000e+03
1.931000000000000000e+03
2.138000000000000000e+03
2.342000000000000000e+03
2.560000000000000000e+03
2.873000000000000000e+03
3.093000000000000000e+03
3.235000000000000000e+03
3.548000000000000000e+03
3.550000000000000000e+03
3.712000000000000000e+03
3.794000000000000000e+03
3.654000000000000000e+03
3.645000000000000000e+03
3.413000000000000000e+03
3.178000000000000000e+03
2.765000000000000000e+03
2.485000000000000000e+03
2.050000000000000000e+03
1.719000000000000000e+03
1.294000000000000000e+03
1.090000000000000000e+03
7.880000000000000000e+02
5.990000000000000000e+02
4.690000000000000000e+02
3.490000000000000000e+02
2.520000000000000000e+02
2.180000000000000000e+02
2.140000000000000000e+02
2.000000000000000000e+02
2.360000000000000000e+02
2.440000000000000000e+02
2.440000000000000000e+02
2.680000000000000000e+02
2.870000000000000000e+02
3.280000000000000000e+02
3.760000000000000000e+02
3.780000000000000000e+02
4.450000000000000000e+02
4.980000000000000000e+02
5.640000000000000000e+02
7.490000000000000000e+02
1.048000000000000000e+03
1.226000000000000000e+03
1.419000000000000000e+03
1.525000000000000000e+03
1.601000000000000000e+03
1.527000000000000000e+03
1.561000000000000000e+03
1.598000000000000000e+03
1.486000000000000000e+03
1.189000000000000000e+03
1.162000000000000000e+03
9.120000000000000000e+02
5.930000000000000000e+02
3.510000000000000000e+02
2.330000000000000000e+02
1.510000000000000000e+02
1.270000000000000000e+02
1.240000000000000000e+02
1.280000000000000000e+02
1.050000000000000000e+02
1.000000000000000000e+02
9.300000000000000000e+01
1.110000000000000000e+02
1.260000000000000000e+02
1.300000000000000000e+02
1.190000000000000000e+02
1.960000000000000000e+02
2.920000000000000000e+02
3.490000000000000000e+02
5.620000000000000000e+02
7.990000000000000000e+02
1.302000000000000000e+03
1.792000000000000000e+03
2.840000000000000000e+03
3.363000000000000000e+03
4.872000000000000000e+03
6.123000000000000000e+03
6.143000000000000000e+03
6.928000000000000000e+03
8.814000000000000000e+03
1.731900000000000000e+04
3.300300000000000000e+04
