2.437000000000000000e+03
1.063000000000000000e+03
1.215000000000000000e+03
1.585000000000000000e+03
1.347000000000000000e+03
1.214000000000000000e+03
1.136000000000000000e+03
1.181000000000000000e+03
1.025000000000000000e+03
1.009000000000000000e+03
9.050000000000000000e+02
9.500000000000000000e+02
1.003000000000000000e+03
1.188000000000000000e+03
1.282000000000000000e+03
3.126000000000000000e+03
1.498000000000000000e+03
1.822000000000000000e+03
1.433000000000000000e+03
1.469000000000000000e+03
1.350000000000000000e+03
1.228000000000000000e+03
1.198000000000000000e+03
1.132000000000000000e+03
1.116000000000000000e+03
1.238000000000000000e+03
1.175000000000000000e+03
1.090000000000000000e+03
1.090000000000000000e+03
1.072000000000000000e+03
1.164000000000000000e+03
1.140000000000000000e+03
1.143000000000000000e+03
1.240000000000000000e+03
1.102000000000000000e+03
1.159000000000000000e+03
1.094000000000000000e+03
1.153000000000000000e+03
1.167000000000000000e+03
1.380000000000000000e+03
1.668000000000000000e+03
2.122000000000000000e+03
2.069000000000000000e+03
1.969000000000000000e+03
1.993000000000000000e+03
1.786000000000000000e+03
1.832000000000000000e+03
1.792000000000000000e+03
1.673000000000000000e+03
1.745000000000000000e+03
1.675000000000000000e+03
1.623000000000000000e+03
1.606000000000000000e+03
1.384000000000000000e+03
1.475000000000000000e+03
1.395000000000000000e+03
1.283000000000000000e+03
1.407000000000000000e+03
1.341000000000000000e+03
1.303000000000000000e+03
1.357000000000000000e+03
1.273000000000000000e+03
1.330000000000000000e+03
1.302000000000000000e+03
1.255000000000000000e+03
1.274000000000000000e+03
1.142000000000000000e+03
1.141000000000000000e+03
1.139000000000000000e+03
1.122000000000000000e+03
1.084000000000000000e+03
1.140000000000000000e+03
1.061000000000000000e+03
1.105000000000000000e+03
1.166000000000000000e+03
1.262000000000000000e+03
1.303000000000000000e+03
1.390000000000000000e+03
1.520000000000000000e+03
1.644000000000000000e+03
1.486000000000000000e+03
1.475000000000000000e+03
1.600000000000000000e+03
1.386000000000000000e+03
1.238000000000000000e+03
1.380000000000000000e+03
1.359000000000000000e+03
1.412000000000000000e+03
1.412000000000000000e+03
1.579000000000000000e+03
1.535000000000000000e+03
1.568000000000000000e+03
1.704000000000000000e+03
1.793000000000000000e+03
1.952000000000000000e+03
2.008000000000000000e+03
2.118000000000000000e+03
2.056000000000000000e+03
2.035000000000000000e+03
1.952000000000000000e+03
1.968000000000000000e+03
1.916000000000000000e+03
1.896000000000000000e+03
1.933000000000000000e+03
1.816000000000000000e+03
1.814000000000000000e+03
1.896000000000000000e+03
1.908000000000000000e+03
1.909000000000000000e+03
1.975000000000000000e+03
1.995000000000000000e+03
1.960000000000000000e+03
1.954000000000000000e+03
1.996000000000000000e+03
1.994000000000000000e+03
2.175000000000000000e+03
2.249000000000000000e+03
2.244000000000000000e+03
2.074000000000000000e+03
2.112000000000000000e+03
2.121000000000000000e+03
2.269000000000000000e+03
2.447000000000000000e+03
2.540000000000000000e+03
2.484000000000000000e+03
2.806000000000000000e+03
2.649000000000000000e+03
2.451000000000000000e+03
2.368000000000000000e+03
2.224000000000000000e+03
2.248000000000000000e+03
2.131000000000000000e+03
2.163000000000000000e+03
2.214000000000000000e+03
2.292000000000000000e+03
2.312000000000000000e+03
2.569000000000000000e+03
2.400000000000000000e+03
2.431000000000000000e+03
2.549000000000000000e+03
2.824000000000000000e+03
3.115000000000000000e+03
3.353000000000000000e+03
3.330000000000000000e+03
3.390000000000000000e+03
3.434000000000000000e+03
3.533000000000000000e+03
3.468000000000000000e+03
3.336000000000000000e+03
3.389000000000000000e+03
3.237000000000000000e+03
2.993000000000000000e+03
2.925000000000000000e+03
2.738000000000000000e+03
2.702000000000000000e+03
2.513000000000000000e+03
2.452000000000000000e+03
2.570000000000000000e+03
2.545000000000000000e+03
2.500000000000000000e+03
2.645000000000000000e+03
2.591000000000000000e+03
2.633000000000000000e+03
2.571000000000000000e+03
2.370000000000000000e+03
2.360000000000000000e+03
2.264000000000000000e+03
2.443000000000000000e+03
2.378000000000000000e+03
2.590000000000000000e+03
2.531000000000000000e+03
2.511000000000000000e+03
2.549000000000000000e+03
2.537000000000000000e+03
2.478000000000000000e+03
2.311000000000000000e+03
2.366000000000000000e+03
2.227000000000000000e+03
2.296000000000000000e+03
2.240000000000000000e+03
2.321000000000000000e+03
1.986000000000000000e+03
2.094000000000000000e+03
2.035000000000000000e+03
2.215000000000000000e+03
2.118000000000000000e+03
1.920000000000000000e+03
1.752000000000000000e+03
1.780000000000000000e+03
1.629000000000000000e+03
1.527000000000000000e+03
1.604000000000000000e+03
1.514000000000000000e+03
1.464000000000000000e+03
1.466000000000000000e+03
1.330000000000000000e+03
1.371000000000000000e+03
1.332000000000000000e+03
1.244000000000000000e+03
1.246000000000000000e+03
1.159000000000000000e+03
1.175000000000000000e+03
1.155000000000000000e+03
1.115000000000000000e+03
1.053000000000000000e+03
1.007000000000000000e+03
8.970000000000000000e+02
8.520000000000000000e+02
8.110000000000000000e+02
7.870000000000000000e+02
8.250000000000000000e+02
7.720000000000000000e+02
7.650000000000000000e+02
7.400000000000000000e+02
6.970000000000000000e+02
7.010000000000000000e+02
5.780000000000000000e+02
6.120000000000000000e+02
6.380000000000000000e+02
5.730000000000000000e+02
6.210000000000000000e+02
6.430000000000000000e+02
6.340000000000000000e+02
6.720000000000000000e+02
6.800000000000000000e+02
6.880000000000000000e+02
6.920000000000000000e+02
6.250000000000000000e+02
5.650000000000000000e+02
5.560000000000000000e+02
5.310000000000000000e+02
5.430000000000000000e+02
4.980000000000000000e+02
4.780000000000000000e+02
4.440000000000000000e+02
3.980000000000000000e+02
4.820000000000000000e+02
4.700000000000000000e+02
4.950000000000000000e+02
5.520000000000000000e+02
4.870000000000000000e+02
4.950000000000000000e+02
4.860000000000000000e+02
4.940000000000000000e+02
5.280000000000000000e+02
5.880000000000000000e+02
6.210000000000000000e+02
7.210000000000000000e+02
7.560000000000000000e+02
8.210000000000000000e+02
8.980000000000000000e+02
1.090000000000000000e+03
1.056000000000000000e+03
1.378000000000000000e+03
2.549000000000000000e+03
1.209700000000000000e+04
1.862000000000000000e+03
1.021000000000000000e+03
1.244000000000000000e+03
1.585000000000000000e+03
1.333000000000000000e+03
1.307000000000000000e+03
1.177000000000000000e+03
1.176000000000000000e+03
1.000000000000000000e+03
9.310000000000000000e+02
8.290000000000000000e+02
8.260000000000000000e+02
8.440000000000000000e+02
1.069000000000000000e+03
1.368000000000000000e+03
3.040000000000000000e+03
1.531000000000000000e+03
1.783000000000000000e+03
1.459000000000000000e+03
1.315000000000000000e+03
1.197000000000000000e+03
1.087000000000000000e+03
1.157000000000000000e+03
1.155000000000000000e+03
1.178000000000000000e+03
1.014000000000000000e+03
1.093000000000000000e+03
1.086000000000000000e+03
1.060000000000000000e+03
1.049000000000000000e+03
1.070000000000000000e+03
1.148000000000000000e+03
1.279000000000000000e+03
1.209000000000000000e+03
1.140000000000000000e+03
1.110000000000000000e+03
1.149000000000000000e+03
1.119000000000000000e+03
1.208000000000000000e+03
1.445000000000000000e+03
1.540000000000000000e+03
1.975000000000000000e+03
1.995000000000000000e+03
2.106000000000000000e+03
2.082000000000000000e+03
1.824000000000000000e+03
1.860000000000000000e+03
1.809000000000000000e+03
1.716000000000000000e+03
1.628000000000000000e+03
1.559000000000000000e+03
1.609000000000000000e+03
1.557000000000000000e+03
1.418000000000000000e+03
1.443000000000000000e+03
1.347000000000000000e+03
1.327000000000000000e+03
1.408000000000000000e+03
1.466000000000000000e+03
1.313000000000000000e+03
1.335000000000000000e+03
1.441000000000000000e+03
1.432000000000000000e+03
1.347000000000000000e+03
1.322000000000000000e+03
1.134000000000000000e+03
1.053000000000000000e+03
1.052000000000000000e+03
1.110000000000000000e+03
1.068000000000000000e+03
1.075000000000000000e+03
1.052000000000000000e+03
1.063000000000000000e+03
1.087000000000000000e+03
1.098000000000000000e+03
1.256000000000000000e+03
1.373000000000000000e+03
1.364000000000000000e+03
1.383000000000000000e+03
1.474000000000000000e+03
1.510000000000000000e+03
1.311000000000000000e+03
1.458000000000000000e+03
1.426000000000000000e+03
1.241000000000000000e+03
1.238000000000000000e+03
1.275000000000000000e+03
1.230000000000000000e+03
1.298000000000000000e+03
1.402000000000000000e+03
1.385000000000000000e+03
1.531000000000000000e+03
1.579000000000000000e+03
1.601000000000000000e+03
1.720000000000000000e+03
1.761000000000000000e+03
1.755000000000000000e+03
1.670000000000000000e+03
1.622000000000000000e+03
1.644000000000000000e+03
1.539000000000000000e+03
1.527000000000000000e+03
1.600000000000000000e+03
1.402000000000000000e+03
1.399000000000000000e+03
1.494000000000000000e+03
1.482000000000000000e+03
1.487000000000000000e+03
1.386000000000000000e+03
1.396000000000000000e+03
1.493000000000000000e+03
1.429000000000000000e+03
1.442000000000000000e+03
1.515000000000000000e+03
1.670000000000000000e+03
1.689000000000000000e+03
1.531000000000000000e+03
1.674000000000000000e+03
1.771000000000000000e+03
2.074000000000000000e+03
2.066000000000000000e+03
2.109000000000000000e+03
2.117000000000000000e+03
2.180000000000000000e+03
2.203000000000000000e+03
2.122000000000000000e+03
2.232000000000000000e+03
2.419000000000000000e+03
2.422000000000000000e+03
2.415000000000000000e+03
2.369000000000000000e+03
2.232000000000000000e+03
2.238000000000000000e+03
2.224000000000000000e+03
2.164000000000000000e+03
2.204000000000000000e+03
2.273000000000000000e+03
2.200000000000000000e+03
2.251000000000000000e+03
2.338000000000000000e+03
2.296000000000000000e+03
2.631000000000000000e+03
2.726000000000000000e+03
3.036000000000000000e+03
3.525000000000000000e+03
3.638000000000000000e+03
3.670000000000000000e+03
3.705000000000000000e+03
3.674000000000000000e+03
3.665000000000000000e+03
3.594000000000000000e+03
3.195000000000000000e+03
3.057000000000000000e+03
2.751000000000000000e+03
2.502000000000000000e+03
2.404000000000000000e+03
2.229000000000000000e+03
2.258000000000000000e+03
2.054000000000000000e+03
2.087000000000000000e+03
2.147000000000000000e+03
2.119000000000000000e+03
2.059000000000000000e+03
1.899000000000000000e+03
1.900000000000000000e+03
2.052000000000000000e+03
2.054000000000000000e+03
1.992000000000000000e+03
2.069000000000000000e+03
2.170000000000000000e+03
2.305000000000000000e+03
2.247000000000000000e+03
2.110000000000000000e+03
2.046000000000000000e+03
2.091000000000000000e+03
2.135000000000000000e+03
2.140000000000000000e+03
2.152000000000000000e+03
2.157000000000000000e+03
2.083000000000000000e+03
2.113000000000000000e+03
2.198000000000000000e+03
2.186000000000000000e+03
2.142000000000000000e+03
1.905000000000000000e+03
1.943000000000000000e+03
1.980000000000000000e+03
1.876000000000000000e+03
1.845000000000000000e+03
1.805000000000000000e+03
1.722000000000000000e+03
1.759000000000000000e+03
1.648000000000000000e+03
1.623000000000000000e+03
1.608000000000000000e+03
1.486000000000000000e+03
1.435000000000000000e+03
1.264000000000000000e+03
1.218000000000000000e+03
1.162000000000000000e+03
1.218000000000000000e+03
1.279000000000000000e+03
1.222000000000000000e+03
1.335000000000000000e+03
1.374000000000000000e+03
1.601000000000000000e+03
1.698000000000000000e+03
1.725000000000000000e+03
1.739000000000000000e+03
1.677000000000000000e+03
1.628000000000000000e+03
1.591000000000000000e+03
1.721000000000000000e+03
1.663000000000000000e+03
1.547000000000000000e+03
1.367000000000000000e+03
1.456000000000000000e+03
1.416000000000000000e+03
1.298000000000000000e+03
1.394000000000000000e+03
1.338000000000000000e+03
1.317000000000000000e+03
1.330000000000000000e+03
1.307000000000000000e+03
1.236000000000000000e+03
1.097000000000000000e+03
1.111000000000000000e+03
1.033000000000000000e+03
9.670000000000000000e+02
9.380000000000000000e+02
9.310000000000000000e+02
8.910000000000000000e+02
8.740000000000000000e+02
7.920000000000000000e+02
7.730000000000000000e+02
7.660000000000000000e+02
7.640000000000000000e+02
7.490000000000000000e+02
7.470000000000000000e+02
7.790000000000000000e+02
8.190000000000000000e+02
7.480000000000000000e+02
7.640000000000000000e+02
7.240000000000000000e+02
7.100000000000000000e+02
7.770000000000000000e+02
7.680000000000000000e+02
7.610000000000000000e+02
7.420000000000000000e+02
7.620000000000000000e+02
7.920000000000000000e+02
8.760000000000000000e+02
1.075000000000000000e+03
1.667000000000000000e+03
2.721000000000000000e+03
1.387400000000000000e+04
3.040000000000000000e+02
2.970000000000000000e+02
8.980000000000000000e+02
8.360000000000000000e+02
1.278000000000000000e+03
1.220000000000000000e+03
1.037000000000000000e+03
1.139000000000000000e+03
1.131000000000000000e+03
9.950000000000000000e+02
9.860000000000000000e+02
1.028000000000000000e+03
8.490000000000000000e+02
8.860000000000000000e+02
8.740000000000000000e+02
1.116000000000000000e+03
1.119000000000000000e+03
2.671000000000000000e+03
1.111000000000000000e+03
1.587000000000000000e+03
1.086000000000000000e+03
1.164000000000000000e+03
1.174000000000000000e+03
1.254000000000000000e+03
1.288000000000000000e+03
1.134000000000000000e+03
1.089000000000000000e+03
1.139000000000000000e+03
1.228000000000000000e+03
1.135000000000000000e+03
1.169000000000000000e+03
1.053000000000000000e+03
1.027000000000000000e+03
9.990000000000000000e+02
1.078000000000000000e+03
1.065000000000000000e+03
1.161000000000000000e+03
1.219000000000000000e+03
1.263000000000000000e+03
1.405000000000000000e+03
1.500000000000000000e+03
1.845000000000000000e+03
1.789000000000000000e+03
1.969000000000000000e+03
1.830000000000000000e+03
1.786000000000000000e+03
1.839000000000000000e+03
1.608000000000000000e+03
1.520000000000000000e+03
1.539000000000000000e+03
1.532000000000000000e+03
1.482000000000000000e+03
1.517000000000000000e+03
1.568000000000000000e+03
1.485000000000000000e+03
1.417000000000000000e+03
1.426000000000000000e+03
1.415000000000000000e+03
1.324000000000000000e+03
1.332000000000000000e+03
1.298000000000000000e+03
1.179000000000000000e+03
1.285000000000000000e+03
1.165000000000000000e+03
1.159000000000000000e+03
1.149000000000000000e+03
1.094000000000000000e+03
1.141000000000000000e+03
1.085000000000000000e+03
1.115000000000000000e+03
1.177000000000000000e+03
1.143000000000000000e+03
1.177000000000000000e+03
1.243000000000000000e+03
1.294000000000000000e+03
1.275000000000000000e+03
1.226000000000000000e+03
1.209000000000000000e+03
1.286000000000000000e+03
1.239000000000000000e+03
1.262000000000000000e+03
1.279000000000000000e+03
1.322000000000000000e+03
1.198000000000000000e+03
1.329000000000000000e+03
1.423000000000000000e+03
1.247000000000000000e+03
1.345000000000000000e+03
1.267000000000000000e+03
1.257000000000000000e+03
1.241000000000000000e+03
1.373000000000000000e+03
1.312000000000000000e+03
1.472000000000000000e+03
1.521000000000000000e+03
1.468000000000000000e+03
1.524000000000000000e+03
1.522000000000000000e+03
1.551000000000000000e+03
1.505000000000000000e+03
1.556000000000000000e+03
1.510000000000000000e+03
1.455000000000000000e+03
1.377000000000000000e+03
1.442000000000000000e+03
1.320000000000000000e+03
1.313000000000000000e+03
1.355000000000000000e+03
1.180000000000000000e+03
1.288000000000000000e+03
1.226000000000000000e+03
1.271000000000000000e+03
1.236000000000000000e+03
1.237000000000000000e+03
1.209000000000000000e+03
1.267000000000000000e+03
1.177000000000000000e+03
1.007000000000000000e+03
1.056000000000000000e+03
1.106000000000000000e+03
1.066000000000000000e+03
1.172000000000000000e+03
1.201000000000000000e+03
1.135000000000000000e+03
1.336000000000000000e+03
1.371000000000000000e+03
1.359000000000000000e+03
1.315000000000000000e+03
1.339000000000000000e+03
1.361000000000000000e+03
1.494000000000000000e+03
1.521000000000000000e+03
1.527000000000000000e+03
1.723000000000000000e+03
1.714000000000000000e+03
1.769000000000000000e+03
1.828000000000000000e+03
1.764000000000000000e+03
1.718000000000000000e+03
1.769000000000000000e+03
1.827000000000000000e+03
1.807000000000000000e+03
1.808000000000000000e+03
1.882000000000000000e+03
1.955000000000000000e+03
2.007000000000000000e+03
1.915000000000000000e+03
1.842000000000000000e+03
1.947000000000000000e+03
1.885000000000000000e+03
1.882000000000000000e+03
2.011000000000000000e+03
2.084000000000000000e+03
2.034000000000000000e+03
2.176000000000000000e+03
2.445000000000000000e+03
2.661000000000000000e+03
2.811000000000000000e+03
2.834000000000000000e+03
3.029000000000000000e+03
3.178000000000000000e+03
3.320000000000000000e+03
3.550000000000000000e+03
3.461000000000000000e+03
3.462000000000000000e+03
3.245000000000000000e+03
3.045000000000000000e+03
2.800000000000000000e+03
2.404000000000000000e+03
2.220000000000000000e+03
2.029000000000000000e+03
2.090000000000000000e+03
1.893000000000000000e+03
1.953000000000000000e+03
1.849000000000000000e+03
1.868000000000000000e+03
1.934000000000000000e+03
1.938000000000000000e+03
1.940000000000000000e+03
1.863000000000000000e+03
1.829000000000000000e+03
1.852000000000000000e+03
1.677000000000000000e+03
1.626000000000000000e+03
1.804000000000000000e+03
1.650000000000000000e+03
1.698000000000000000e+03
1.951000000000000000e+03
1.858000000000000000e+03
2.298000000000000000e+03
2.255000000000000000e+03
2.280000000000000000e+03
2.212000000000000000e+03
1.971000000000000000e+03
2.063000000000000000e+03
1.980000000000000000e+03
2.108000000000000000e+03
2.025000000000000000e+03
2.010000000000000000e+03
1.824000000000000000e+03
1.814000000000000000e+03
1.846000000000000000e+03
1.886000000000000000e+03
1.794000000000000000e+03
1.727000000000000000e+03
1.683000000000000000e+03
1.491000000000000000e+03
1.514000000000000000e+03
1.632000000000000000e+03
1.783000000000000000e+03
1.584000000000000000e+03
1.530000000000000000e+03
1.357000000000000000e+03
1.419000000000000000e+03
1.338000000000000000e+03
1.281000000000000000e+03
1.305000000000000000e+03
1.219000000000000000e+03
1.268000000000000000e+03
1.155000000000000000e+03
1.139000000000000000e+03
1.129000000000000000e+03
1.164000000000000000e+03
1.082000000000000000e+03
1.163000000000000000e+03
1.110000000000000000e+03
1.092000000000000000e+03
1.090000000000000000e+03
1.141000000000000000e+03
1.111000000000000000e+03
1.236000000000000000e+03
1.182000000000000000e+03
1.279000000000000000e+03
1.234000000000000000e+03
1.270000000000000000e+03
1.331000000000000000e+03
1.269000000000000000e+03
1.437000000000000000e+03
1.253000000000000000e+03
1.234000000000000000e+03
1.217000000000000000e+03
1.234000000000000000e+03
1.280000000000000000e+03
1.316000000000000000e+03
1.383000000000000000e+03
1.364000000000000000e+03
1.730000000000000000e+03
1.615000000000000000e+03
1.946000000000000000e+03
1.988000000000000000e+03
2.549000000000000000e+03
2.813000000000000000e+03
3.202000000000000000e+03
4.334000000000000000e+03
4.987000000000000000e+03
2.437300000000000000e+04
