1.336000000000000000e+03
8.330000000000000000e+02
9.160000000000000000e+02
9.530000000000000000e+02
9.670000000000000000e+02
9.040000000000000000e+02
8.530000000000000000e+02
9.090000000000000000e+02
8.310000000000000000e+02
7.140000000000000000e+02
6.900000000000000000e+02
6.710000000000000000e+02
6.800000000000000000e+02
6.070000000000000000e+02
5.690000000000000000e+02
6.480000000000000000e+02
6.300000000000000000e+02
6.550000000000000000e+02
6.960000000000000000e+02
7.440000000000000000e+02
7.590000000000000000e+02
8.150000000000000000e+02
7.870000000000000000e+02
7.880000000000000000e+02
8.050000000000000000e+02
8.150000000000000000e+02
8.400000000000000000e+02
7.900000000000000000e+02
8.900000000000000000e+02
8.580000000000000000e+02
8.420000000000000000e+02
7.820000000000000000e+02
8.550000000000000000e+02
7.270000000000000000e+02
7.470000000000000000e+02
7.670000000000000000e+02
7.450000000000000000e+02
8.400000000000000000e+02
7.690000000000000000e+02
8.000000000000000000e+02
7.840000000000000000e+02
7.730000000000000000e+02
7.160000000000000000e+02
7.700000000000000000e+02
7.450000000000000000e+02
6.920000000000000000e+02
7.500000000000000000e+02
7.310000000000000000e+02
7.220000000000000000e+02
7.010000000000000000e+02
7.410000000000000000e+02
7.040000000000000000e+02
7.290000000000000000e+02
7.320000000000000000e+02
7.930000000000000000e+02
8.110000000000000000e+02
7.640000000000000000e+02
8.150000000000000000e+02
7.910000000000000000e+02
8.270000000000000000e+02
7.900000000000000000e+02
7.880000000000000000e+02
8.080000000000000000e+02
7.850000000000000000e+02
7.930000000000000000e+02
7.650000000000000000e+02
7.800000000000000000e+02
8.280000000000000000e+02
8.400000000000000000e+02
8.280000000000000000e+02
8.460000000000000000e+02
8.360000000000000000e+02
8.980000000000000000e+02
9.220000000000000000e+02
8.710000000000000000e+02
8.720000000000000000e+02
8.710000000000000000e+02
8.690000000000000000e+02
9.000000000000000000e+02
8.670000000000000000e+02
9.010000000000000000e+02
8.800000000000000000e+02
8.940000000000000000e+02
8.670000000000000000e+02
8.640000000000000000e+02
8.440000000000000000e+02
8.680000000000000000e+02
8.360000000000000000e+02
8.040000000000000000e+02
9.040000000000000000e+02
8.440000000000000000e+02
8.570000000000000000e+02
8.830000000000000000e+02
8.110000000000000000e+02
8.040000000000000000e+02
8.930000000000000000e+02
8.690000000000000000e+02
8.780000000000000000e+02
8.690000000000000000e+02
8.720000000000000000e+02
8.990000000000000000e+02
8.280000000000000000e+02
8.300000000000000000e+02
8.730000000000000000e+02
7.810000000000000000e+02
8.200000000000000000e+02
8.020000000000000000e+02
8.260000000000000000e+02
8.150000000000000000e+02
8.590000000000000000e+02
8.660000000000000000e+02
8.050000000000000000e+02
8.600000000000000000e+02
8.830000000000000000e+02
8.800000000000000000e+02
8.220000000000000000e+02
8.480000000000000000e+02
9.080000000000000000e+02
9.100000000000000000e+02
9.000000000000000000e+02
8.800000000000000000e+02
9.200000000000000000e+02
8.440000000000000000e+02
8.820000000000000000e+02
8.540000000000000000e+02
8.900000000000000000e+02
8.790000000000000000e+02
8.920000000000000000e+02
8.830000000000000000e+02
8.190000000000000000e+02
8.190000000000000000e+02
8.430000000000000000e+02
8.370000000000000000e+02
7.750000000000000000e+02
7.750000000000000000e+02
7.330000000000000000e+02
7.600000000000000000e+02
7.580000000000000000e+02
6.940000000000000000e+02
7.020000000000000000e+02
7.290000000000000000e+02
7.530000000000000000e+02
7.120000000000000000e+02
7.190000000000000000e+02
7.270000000000000000e+02
6.950000000000000000e+02
7.340000000000000000e+02
7.820000000000000000e+02
7.440000000000000000e+02
7.240000000000000000e+02
7.970000000000000000e+02
8.330000000000000000e+02
7.790000000000000000e+02
7.870000000000000000e+02
8.610000000000000000e+02
8.360000000000000000e+02
8.640000000000000000e+02
7.400000000000000000e+02
7.240000000000000000e+02
7.690000000000000000e+02
6.980000000000000000e+02
7.720000000000000000e+02
7.750000000000000000e+02
8.450000000000000000e+02
8.070000000000000000e+02
7.530000000000000000e+02
7.660000000000000000e+02
7.910000000000000000e+02
6.950000000000000000e+02
7.500000000000000000e+02
7.360000000000000000e+02
7.400000000000000000e+02
7.710000000000000000e+02
7.200000000000000000e+02
7.110000000000000000e+02
8.080000000000000000e+02
7.560000000000000000e+02
9.210000000000000000e+02
1.196000000000000000e+03
1.419000000000000000e+03
1.101000000000000000e+03
1.171000000000000000e+03
1.120000000000000000e+03
1.391000000000000000e+03
1.573000000000000000e+03
1.270000000000000000e+03
1.247000000000000000e+03
1.224000000000000000e+03
9.380000000000000000e+02
1.025000000000000000e+03
1.056000000000000000e+03
1.167000000000000000e+03
1.586000000000000000e+03
1.518000000000000000e+03
2.010000000000000000e+03
1.671000000000000000e+03
1.314000000000000000e+03
1.745000000000000000e+03
1.552000000000000000e+03
1.477000000000000000e+03
1.401000000000000000e+03
1.363000000000000000e+03
1.323000000000000000e+03
1.352000000000000000e+03
1.301000000000000000e+03
1.192000000000000000e+03
1.094000000000000000e+03
1.145000000000000000e+03
1.181000000000000000e+03
1.246000000000000000e+03
1.259000000000000000e+03
1.315000000000000000e+03
1.308000000000000000e+03
1.291000000000000000e+03
1.506000000000000000e+03
1.714000000000000000e+03
1.869000000000000000e+03
1.958000000000000000e+03
2.451000000000000000e+03
3.234000000000000000e+03
4.466000000000000000e+03
3.758000000000000000e+03
4.078000000000000000e+03
3.318000000000000000e+03
2.304000000000000000e+03
1.498000000000000000e+03
1.243000000000000000e+03
1.050000000000000000e+03
9.980000000000000000e+02
9.240000000000000000e+02
8.660000000000000000e+02
8.080000000000000000e+02
6.920000000000000000e+02
6.680000000000000000e+02
5.160000000000000000e+02
5.420000000000000000e+02
5.100000000000000000e+02
5.260000000000000000e+02
5.220000000000000000e+02
4.800000000000000000e+02
4.910000000000000000e+02
4.980000000000000000e+02
5.170000000000000000e+02
4.710000000000000000e+02
4.080000000000000000e+02
3.850000000000000000e+02
3.280000000000000000e+02
3.010000000000000000e+02
3.220000000000000000e+02
2.870000000000000000e+02
2.620000000000000000e+02
2.500000000000000000e+02
2.220000000000000000e+02
4.890000000000000000e+02
8.200000000000000000e+02
4.130000000000000000e+02
2.370000000000000000e+02
2.720000000000000000e+02
4.150000000000000000e+02
5.510000000000000000e+02
6.030000000000000000e+02
6.140000000000000000e+02
6.630000000000000000e+02
7.030000000000000000e+02
6.910000000000000000e+02
6.280000000000000000e+02
6.120000000000000000e+02
6.330000000000000000e+02
5.820000000000000000e+02
5.740000000000000000e+02
4.920000000000000000e+02
5.280000000000000000e+02
4.670000000000000000e+02
4.650000000000000000e+02
4.660000000000000000e+02
4.670000000000000000e+02
4.840000000000000000e+02
4.650000000000000000e+02
4.990000000000000000e+02
4.830000000000000000e+02
4.920000000000000000e+02
5.130000000000000000e+02
5.010000000000000000e+02
4.990000000000000000e+02
5.010000000000000000e+02
5.000000000000000000e+02
5.030000000000000000e+02
5.540000000000000000e+02
6.280000000000000000e+02
6.260000000000000000e+02
6.380000000000000000e+02
7.460000000000000000e+02
7.500000000000000000e+02
9.010000000000000000e+02
9.680000000000000000e+02
1.001000000000000000e+03
8.830000000000000000e+02
8.480000000000000000e+02
8.810000000000000000e+02
7.980000000000000000e+02
8.040000000000000000e+02
7.980000000000000000e+02
7.930000000000000000e+02
7.580000000000000000e+02
7.460000000000000000e+02
6.380000000000000000e+02
6.920000000000000000e+02
7.320000000000000000e+02
6.620000000000000000e+02
6.590000000000000000e+02
7.090000000000000000e+02
6.800000000000000000e+02
6.710000000000000000e+02
6.620000000000000000e+02
6.420000000000000000e+02
6.900000000000000000e+02
6.590000000000000000e+02
6.050000000000000000e+02
6.270000000000000000e+02
6.260000000000000000e+02
6.870000000000000000e+02
6.210000000000000000e+02
6.120000000000000000e+02
6.070000000000000000e+02
6.480000000000000000e+02
5.900000000000000000e+02
5.790000000000000000e+02
6.320000000000000000e+02
5.940000000000000000e+02
6.200000000000000000e+02
5.840000000000000000e+02
6.350000000000000000e+02
6.340000000000000000e+02
6.540000000000000000e+02
6.250000000000000000e+02
6.590000000000000000e+02
6.190000000000000000e+02
6.370000000000000000e+02
6.340000000000000000e+02
7.400000000000000000e+02
7.180000000000000000e+02
7.020000000000000000e+02
7.210000000000000000e+02
6.430000000000000000e+02
6.290000000000000000e+02
6.680000000000000000e+02
6.660000000000000000e+02
6.690000000000000000e+02
7.100000000000000000e+02
7.300000000000000000e+02
7.190000000000000000e+02
6.880000000000000000e+02
6.650000000000000000e+02
6.920000000000000000e+02
7.170000000000000000e+02
7.350000000000000000e+02
7.420000000000000000e+02
6.850000000000000000e+02
7.280000000000000000e+02
7.350000000000000000e+02
7.200000000000000000e+02
7.740000000000000000e+02
7.150000000000000000e+02
7.660000000000000000e+02
7.720000000000000000e+02
7.620000000000000000e+02
7.420000000000000000e+02
7.190000000000000000e+02
7.370000000000000000e+02
7.650000000000000000e+02
7.880000000000000000e+02
7.960000000000000000e+02
8.000000000000000000e+02
7.660000000000000000e+02
8.090000000000000000e+02
7.950000000000000000e+02
7.880000000000000000e+02
8.100000000000000000e+02
8.150000000000000000e+02
8.460000000000000000e+02
8.610000000000000000e+02
8.630000000000000000e+02
8.850000000000000000e+02
8.760000000000000000e+02
8.590000000000000000e+02
8.530000000000000000e+02
8.490000000000000000e+02
8.010000000000000000e+02
8.800000000000000000e+02
8.770000000000000000e+02
8.880000000000000000e+02
9.000000000000000000e+02
8.660000000000000000e+02
8.720000000000000000e+02
8.930000000000000000e+02
8.720000000000000000e+02
8.970000000000000000e+02
8.710000000000000000e+02
8.680000000000000000e+02
8.710000000000000000e+02
8.780000000000000000e+02
8.180000000000000000e+02
8.710000000000000000e+02
8.450000000000000000e+02
8.890000000000000000e+02
8.780000000000000000e+02
8.560000000000000000e+02
8.640000000000000000e+02
7.670000000000000000e+02
8.340000000000000000e+02
8.190000000000000000e+02
8.370000000000000000e+02
8.180000000000000000e+02
8.110000000000000000e+02
7.840000000000000000e+02
7.580000000000000000e+02
7.980000000000000000e+02
8.630000000000000000e+02
7.630000000000000000e+02
7.460000000000000000e+02
7.860000000000000000e+02
7.660000000000000000e+02
7.130000000000000000e+02
7.090000000000000000e+02
7.450000000000000000e+02
7.090000000000000000e+02
7.500000000000000000e+02
8.180000000000000000e+02
7.830000000000000000e+02
7.130000000000000000e+02
7.040000000000000000e+02
7.460000000000000000e+02
7.210000000000000000e+02
7.690000000000000000e+02
7.240000000000000000e+02
7.240000000000000000e+02
7.440000000000000000e+02
6.580000000000000000e+02
6.970000000000000000e+02
7.180000000000000000e+02
7.330000000000000000e+02
7.380000000000000000e+02
8.270000000000000000e+02
7.910000000000000000e+02
8.870000000000000000e+02
8.850000000000000000e+02
8.280000000000000000e+02
8.130000000000000000e+02
9.010000000000000000e+02
9.030000000000000000e+02
9.010000000000000000e+02
8.780000000000000000e+02
1.035000000000000000e+03
1.193000000000000000e+03
1.412000000000000000e+03
1.771000000000000000e+03
1.933000000000000000e+03
2.187000000000000000e+03
2.428000000000000000e+03
2.647000000000000000e+03
3.483000000000000000e+03
3.516000000000000000e+03
3.837000000000000000e+03
3.512000000000000000e+03
3.549000000000000000e+03
3.602000000000000000e+03
2.696000000000000000e+03
2.040000000000000000e+03
2.036000000000000000e+03
2.366000000000000000e+03
2.178000000000000000e+03
2.030000000000000000e+03
2.217000000000000000e+03
2.487000000000000000e+03
2.707000000000000000e+03
2.135000000000000000e+03
2.199000000000000000e+03
2.471000000000000000e+03
2.310000000000000000e+03
2.422000000000000000e+03
2.079000000000000000e+03
1.509000000000000000e+03
1.373000000000000000e+03
1.565000000000000000e+03
1.440000000000000000e+03
1.325000000000000000e+03
1.306000000000000000e+03
1.133000000000000000e+03
1.085000000000000000e+03
1.014000000000000000e+03
1.096000000000000000e+03
1.062000000000000000e+03
9.720000000000000000e+02
9.610000000000000000e+02
9.260000000000000000e+02
9.170000000000000000e+02
8.170000000000000000e+02
8.550000000000000000e+02
7.850000000000000000e+02
7.350000000000000000e+02
7.500000000000000000e+02
6.770000000000000000e+02
6.560000000000000000e+02
5.130000000000000000e+02
5.700000000000000000e+02
5.250000000000000000e+02
4.200000000000000000e+02
4.000000000000000000e+02
4.030000000000000000e+02
6.120000000000000000e+02
1.340000000000000000e+03
8.630000000000000000e+02
3.026000000000000000e+03
6.900000000000000000e+02
8.520000000000000000e+02
9.060000000000000000e+02
9.010000000000000000e+02
8.650000000000000000e+02
8.360000000000000000e+02
8.800000000000000000e+02
9.000000000000000000e+02
8.880000000000000000e+02
8.880000000000000000e+02
7.750000000000000000e+02
8.850000000000000000e+02
7.780000000000000000e+02
7.960000000000000000e+02
7.720000000000000000e+02
8.120000000000000000e+02
7.690000000000000000e+02
7.490000000000000000e+02
7.800000000000000000e+02
7.540000000000000000e+02
7.760000000000000000e+02
7.370000000000000000e+02
7.530000000000000000e+02
8.030000000000000000e+02
7.660000000000000000e+02
7.540000000000000000e+02
7.900000000000000000e+02
8.920000000000000000e+02
8.430000000000000000e+02
8.470000000000000000e+02
8.740000000000000000e+02
7.950000000000000000e+02
7.430000000000000000e+02
7.990000000000000000e+02
7.940000000000000000e+02
7.780000000000000000e+02
8.070000000000000000e+02
8.120000000000000000e+02
7.980000000000000000e+02
8.470000000000000000e+02
8.710000000000000000e+02
8.090000000000000000e+02
8.090000000000000000e+02
7.870000000000000000e+02
8.150000000000000000e+02
8.480000000000000000e+02
8.790000000000000000e+02
8.580000000000000000e+02
7.970000000000000000e+02
8.370000000000000000e+02
7.410000000000000000e+02
7.920000000000000000e+02
7.770000000000000000e+02
7.710000000000000000e+02
7.230000000000000000e+02
6.850000000000000000e+02
7.140000000000000000e+02
6.140000000000000000e+02
6.440000000000000000e+02
6.140000000000000000e+02
6.160000000000000000e+02
6.210000000000000000e+02
6.090000000000000000e+02
6.090000000000000000e+02
6.030000000000000000e+02
6.090000000000000000e+02
5.860000000000000000e+02
6.190000000000000000e+02
6.100000000000000000e+02
5.570000000000000000e+02
5.960000000000000000e+02
5.850000000000000000e+02
6.340000000000000000e+02
6.240000000000000000e+02
6.040000000000000000e+02
6.460000000000000000e+02
6.270000000000000000e+02
6.100000000000000000e+02
6.580000000000000000e+02
5.920000000000000000e+02
7.100000000000000000e+02
6.740000000000000000e+02
6.500000000000000000e+02
6.680000000000000000e+02
6.540000000000000000e+02
6.800000000000000000e+02
6.350000000000000000e+02
6.440000000000000000e+02
7.070000000000000000e+02
6.790000000000000000e+02
6.810000000000000000e+02
6.980000000000000000e+02
6.870000000000000000e+02
6.840000000000000000e+02
6.970000000000000000e+02
7.450000000000000000e+02
6.910000000000000000e+02
6.900000000000000000e+02
7.180000000000000000e+02
7.010000000000000000e+02
7.050000000000000000e+02
7.680000000000000000e+02
7.750000000000000000e+02
7.160000000000000000e+02
7.260000000000000000e+02
7.040000000000000000e+02
6.890000000000000000e+02
6.840000000000000000e+02
7.540000000000000000e+02
6.850000000000000000e+02
7.040000000000000000e+02
6.680000000000000000e+02
7.120000000000000000e+02
6.970000000000000000e+02
7.430000000000000000e+02
7.650000000000000000e+02
7.680000000000000000e+02
7.320000000000000000e+02
7.260000000000000000e+02
7.570000000000000000e+02
7.740000000000000000e+02
7.720000000000000000e+02
7.290000000000000000e+02
7.630000000000000000e+02
7.070000000000000000e+02
7.090000000000000000e+02
6.450000000000000000e+02
6.690000000000000000e+02
6.890000000000000000e+02
6.730000000000000000e+02
6.370000000000000000e+02
6.680000000000000000e+02
6.860000000000000000e+02
5.800000000000000000e+02
6.160000000000000000e+02
6.180000000000000000e+02
6.710000000000000000e+02
6.420000000000000000e+02
6.290000000000000000e+02
6.260000000000000000e+02
6.360000000000000000e+02
6.120000000000000000e+02
6.360000000000000000e+02
6.180000000000000000e+02
6.020000000000000000e+02
5.900000000000000000e+02
5.790000000000000000e+02
6.180000000000000000e+02
5.960000000000000000e+02
6.060000000000000000e+02
5.760000000000000000e+02
5.990000000000000000e+02
5.620000000000000000e+02
5.800000000000000000e+02
5.870000000000000000e+02
5.970000000000000000e+02
5.660000000000000000e+02
6.380000000000000000e+02
5.950000000000000000e+02
5.800000000000000000e+02
6.210000000000000000e+02
6.150000000000000000e+02
6.120000000000000000e+02
5.860000000000000000e+02
5.680000000000000000e+02
5.930000000000000000e+02
6.080000000000000000e+02
6.440000000000000000e+02
6.140000000000000000e+02
6.520000000000000000e+02
7.670000000000000000e+02
7.380000000000000000e+02
7.490000000000000000e+02
7.080000000000000000e+02
8.150000000000000000e+02
7.320000000000000000e+02
7.470000000000000000e+02
8.010000000000000000e+02
8.110000000000000000e+02
8.470000000000000000e+02
8.730000000000000000e+02
9.930000000000000000e+02
1.040000000000000000e+03
1.211000000000000000e+03
1.339000000000000000e+03
1.386000000000000000e+03
1.622000000000000000e+03
1.993000000000000000e+03
2.530000000000000000e+03
2.148000000000000000e+03
2.389000000000000000e+03
2.417000000000000000e+03
2.904000000000000000e+03
2.382000000000000000e+03
2.565000000000000000e+03
2.293000000000000000e+03
1.702000000000000000e+03
1.191000000000000000e+03
9.810000000000000000e+02
8.770000000000000000e+02
7.670000000000000000e+02
6.510000000000000000e+02
6.080000000000000000e+02
5.900000000000000000e+02
5.050000000000000000e+02
5.060000000000000000e+02
4.740000000000000000e+02
4.950000000000000000e+02
4.410000000000000000e+02
4.160000000000000000e+02
4.350000000000000000e+02
4.330000000000000000e+02
4.310000000000000000e+02
4.120000000000000000e+02
4.290000000000000000e+02
4.530000000000000000e+02
4.510000000000000000e+02
4.870000000000000000e+02
4.340000000000000000e+02
4.340000000000000000e+02
4.490000000000000000e+02
4.570000000000000000e+02
5.010000000000000000e+02
5.240000000000000000e+02
5.430000000000000000e+02
5.260000000000000000e+02
5.370000000000000000e+02
5.720000000000000000e+02
6.090000000000000000e+02
5.620000000000000000e+02
5.670000000000000000e+02
5.400000000000000000e+02
5.860000000000000000e+02
6.010000000000000000e+02
5.910000000000000000e+02
5.860000000000000000e+02
6.590000000000000000e+02
6.170000000000000000e+02
6.450000000000000000e+02
6.620000000000000000e+02
7.640000000000000000e+02
7.880000000000000000e+02
8.290000000000000000e+02
1.085000000000000000e+03
1.453000000000000000e+03
2.031000000000000000e+03
2.464000000000000000e+03
2.865000000000000000e+03
3.089000000000000000e+03
3.725000000000000000e+03
4.358000000000000000e+03
5.416000000000000000e+03
6.993000000000000000e+03
7.197000000000000000e+03
1.033600000000000000e+04
