3.870000000000000000e+02
3.700000000000000000e+02
5.970000000000000000e+02
9.670000000000000000e+02
1.385000000000000000e+03
1.550000000000000000e+03
1.168000000000000000e+03
9.110000000000000000e+02
7.910000000000000000e+02
6.600000000000000000e+02
6.010000000000000000e+02
5.870000000000000000e+02
5.670000000000000000e+02
5.830000000000000000e+02
5.720000000000000000e+02
5.540000000000000000e+02
5.230000000000000000e+02
5.290000000000000000e+02
5.100000000000000000e+02
5.070000000000000000e+02
4.810000000000000000e+02
4.820000000000000000e+02
4.500000000000000000e+02
4.480000000000000000e+02
4.480000000000000000e+02
3.860000000000000000e+02
4.200000000000000000e+02
4.400000000000000000e+02
4.590000000000000000e+02
4.480000000000000000e+02
4.910000000000000000e+02
4.010000000000000000e+02
4.690000000000000000e+02
4.710000000000000000e+02
4.040000000000000000e+02
4.830000000000000000e+02
5.020000000000000000e+02
5.150000000000000000e+02
5.190000000000000000e+02
4.640000000000000000e+02
4.470000000000000000e+02
5.010000000000000000e+02
4.650000000000000000e+02
4.340000000000000000e+02
4.470000000000000000e+02
4.420000000000000000e+02
3.900000000000000000e+02
3.970000000000000000e+02
4.000000000000000000e+02
3.680000000000000000e+02
4.030000000000000000e+02
3.660000000000000000e+02
3.400000000000000000e+02
3.470000000000000000e+02
3.630000000000000000e+02
3.650000000000000000e+02
4.010000000000000000e+02
3.620000000000000000e+02
3.650000000000000000e+02
3.810000000000000000e+02
4.140000000000000000e+02
4.280000000000000000e+02
3.990000000000000000e+02
4.240000000000000000e+02
4.340000000000000000e+02
3.910000000000000000e+02
4.660000000000000000e+02
4.410000000000000000e+02
4.380000000000000000e+02
4.110000000000000000e+02
3.710000000000000000e+02
3.670000000000000000e+02
3.290000000000000000e+02
3.760000000000000000e+02
3.430000000000000000e+02
3.070000000000000000e+02
3.350000000000000000e+02
3.170000000000000000e+02
3.030000000000000000e+02
2.520000000000000000e+02
2.520000000000000000e+02
2.480000000000000000e+02
2.330000000000000000e+02
2.340000000000000000e+02
2.220000000000000000e+02
2.610000000000000000e+02
2.270000000000000000e+02
2.590000000000000000e+02
2.210000000000000000e+02
2.480000000000000000e+02
2.080000000000000000e+02
2.510000000000000000e+02
2.100000000000000000e+02
2.300000000000000000e+02
2.390000000000000000e+02
2.610000000000000000e+02
2.270000000000000000e+02
2.160000000000000000e+02
2.260000000000000000e+02
2.490000000000000000e+02
1.910000000000000000e+02
2.430000000000000000e+02
2.420000000000000000e+02
2.400000000000000000e+02
2.520000000000000000e+02
2.600000000000000000e+02
2.670000000000000000e+02
2.860000000000000000e+02
2.390000000000000000e+02
2.800000000000000000e+02
2.580000000000000000e+02
2.340000000000000000e+02
2.270000000000000000e+02
2.170000000000000000e+02
2.310000000000000000e+02
2.010000000000000000e+02
1.840000000000000000e+02
2.000000000000000000e+02
1.730000000000000000e+02
1.740000000000000000e+02
1.880000000000000000e+02
2.030000000000000000e+02
1.890000000000000000e+02
1.740000000000000000e+02
1.790000000000000000e+02
1.900000000000000000e+02
2.010000000000000000e+02
2.320000000000000000e+02
1.950000000000000000e+02
2.090000000000000000e+02
1.980000000000000000e+02
2.120000000000000000e+02
2.040000000000000000e+02
2.190000000000000000e+02
2.420000000000000000e+02
2.420000000000000000e+02
2.430000000000000000e+02
2.490000000000000000e+02
2.420000000000000000e+02
2.420000000000000000e+02
2.710000000000000000e+02
2.530000000000000000e+02
2.330000000000000000e+02
2.550000000000000000e+02
2.560000000000000000e+02
2.680000000000000000e+02
2.880000000000000000e+02
2.820000000000000000e+02
2.530000000000000000e+02
3.210000000000000000e+02
3.130000000000000000e+02
3.310000000000000000e+02
3.240000000000000000e+02
3.000000000000000000e+02
3.400000000000000000e+02
3.760000000000000000e+02
3.910000000000000000e+02
3.310000000000000000e+02
4.020000000000000000e+02
3.630000000000000000e+02
3.290000000000000000e+02
3.520000000000000000e+02
3.100000000000000000e+02
3.210000000000000000e+02
3.420000000000000000e+02
3.290000000000000000e+02
3.670000000000000000e+02
3.890000000000000000e+02
4.450000000000000000e+02
4.360000000000000000e+02
4.700000000000000000e+02
5.280000000000000000e+02
5.110000000000000000e+02
5.540000000000000000e+02
5.810000000000000000e+02
7.370000000000000000e+02
7.510000000000000000e+02
9.310000000000000000e+02
9.090000000000000000e+02
8.710000000000000000e+02
9.950000000000000000e+02
1.060000000000000000e+03
1.218000000000000000e+03
1.383000000000000000e+03
1.632000000000000000e+03
1.878000000000000000e+03
2.140000000000000000e+03
2.111000000000000000e+03
2.090000000000000000e+03
1.970000000000000000e+03
1.847000000000000000e+03
1.754000000000000000e+03
1.740000000000000000e+03
1.766000000000000000e+03
1.657000000000000000e+03
1.654000000000000000e+03
1.606000000000000000e+03
1.632000000000000000e+03
1.666000000000000000e+03
1.677000000000000000e+03
1.601000000000000000e+03
1.521000000000000000e+03
1.477000000000000000e+03
1.440000000000000000e+03
1.374000000000000000e+03
1.363000000000000000e+03
1.437000000000000000e+03
1.531000000000000000e+03
1.597000000000000000e+03
1.584000000000000000e+03
1.539000000000000000e+03
1.629000000000000000e+03
1.793000000000000000e+03
1.841000000000000000e+03
1.845000000000000000e+03
1.810000000000000000e+03
1.785000000000000000e+03
1.760000000000000000e+03
1.770000000000000000e+03
1.670000000000000000e+03
1.672000000000000000e+03
1.742000000000000000e+03
1.793000000000000000e+03
2.035000000000000000e+03
2.483000000000000000e+03
2.841000000000000000e+03
2.771000000000000000e+03
2.860000000000000000e+03
3.100000000000000000e+03
3.346000000000000000e+03
4.164000000000000000e+03
4.842000000000000000e+03
5.004000000000000000e+03
5.250000000000000000e+03
5.739000000000000000e+03
6.696000000000000000e+03
8.227000000000000000e+03
8.308000000000000000e+03
7.924000000000000000e+03
1.257400000000000000e+04
4.859000000000000000e+03
2.167000000000000000e+03
1.104000000000000000e+03
7.400000000000000000e+02
4.740000000000000000e+02
3.310000000000000000e+02
2.700000000000000000e+02
2.000000000000000000e+02
1.860000000000000000e+02
2.080000000000000000e+02
1.860000000000000000e+02
2.060000000000000000e+02
1.830000000000000000e+02
1.400000000000000000e+02
1.480000000000000000e+02
1.660000000000000000e+02
2.350000000000000000e+02
3.260000000000000000e+02
4.760000000000000000e+02
8.560000000000000000e+02
1.202000000000000000e+03
1.338000000000000000e+03
1.236000000000000000e+03
1.092000000000000000e+03
8.910000000000000000e+02
7.880000000000000000e+02
6.730000000000000000e+02
5.650000000000000000e+02
5.920000000000000000e+02
5.760000000000000000e+02
5.080000000000000000e+02
5.720000000000000000e+02
4.860000000000000000e+02
5.170000000000000000e+02
5.190000000000000000e+02
5.230000000000000000e+02
5.420000000000000000e+02
4.980000000000000000e+02
4.680000000000000000e+02
4.960000000000000000e+02
4.780000000000000000e+02
5.060000000000000000e+02
4.930000000000000000e+02
4.450000000000000000e+02
4.920000000000000000e+02
4.660000000000000000e+02
5.140000000000000000e+02
4.760000000000000000e+02
4.740000000000000000e+02
4.640000000000000000e+02
5.050000000000000000e+02
5.110000000000000000e+02
5.270000000000000000e+02
5.260000000000000000e+02
4.850000000000000000e+02
5.110000000000000000e+02
4.950000000000000000e+02
4.670000000000000000e+02
4.710000000000000000e+02
4.440000000000000000e+02
4.610000000000000000e+02
3.870000000000000000e+02
3.480000000000000000e+02
3.700000000000000000e+02
3.680000000000000000e+02
3.610000000000000000e+02
3.740000000000000000e+02
3.940000000000000000e+02
3.670000000000000000e+02
3.690000000000000000e+02
3.980000000000000000e+02
3.790000000000000000e+02
3.720000000000000000e+02
3.290000000000000000e+02
3.350000000000000000e+02
3.850000000000000000e+02
4.140000000000000000e+02
4.160000000000000000e+02
4.480000000000000000e+02
4.390000000000000000e+02
4.360000000000000000e+02
4.230000000000000000e+02
4.120000000000000000e+02
4.330000000000000000e+02
4.210000000000000000e+02
3.920000000000000000e+02
3.690000000000000000e+02
3.430000000000000000e+02
3.260000000000000000e+02
2.910000000000000000e+02
3.140000000000000000e+02
3.120000000000000000e+02
3.120000000000000000e+02
2.710000000000000000e+02
2.890000000000000000e+02
2.510000000000000000e+02
2.550000000000000000e+02
2.440000000000000000e+02
2.330000000000000000e+02
2.410000000000000000e+02
2.060000000000000000e+02
2.230000000000000000e+02
2.130000000000000000e+02
2.170000000000000000e+02
2.040000000000000000e+02
2.350000000000000000e+02
2.350000000000000000e+02
2.520000000000000000e+02
2.320000000000000000e+02
2.330000000000000000e+02
2.130000000000000000e+02
2.400000000000000000e+02
2.260000000000000000e+02
2.420000000000000000e+02
2.430000000000000000e+02
2.310000000000000000e+02
2.110000000000000000e+02
2.290000000000000000e+02
2.330000000000000000e+02
2.420000000000000000e+02
2.200000000000000000e+02
2.310000000000000000e+02
2.170000000000000000e+02
2.160000000000000000e+02
2.340000000000000000e+02
2.070000000000000000e+02
2.400000000000000000e+02
1.920000000000000000e+02
1.950000000000000000e+02
2.160000000000000000e+02
1.810000000000000000e+02
1.850000000000000000e+02
1.970000000000000000e+02
1.900000000000000000e+02
1.880000000000000000e+02
1.740000000000000000e+02
1.950000000000000000e+02
1.790000000000000000e+02
1.980000000000000000e+02
1.790000000000000000e+02
1.570000000000000000e+02
1.730000000000000000e+02
1.880000000000000000e+02
1.990000000000000000e+02
2.180000000000000000e+02
1.870000000000000000e+02
2.530000000000000000e+02
2.370000000000000000e+02
2.540000000000000000e+02
2.250000000000000000e+02
2.350000000000000000e+02
2.320000000000000000e+02
2.350000000000000000e+02
2.570000000000000000e+02
2.600000000000000000e+02
2.370000000000000000e+02
2.890000000000000000e+02
2.600000000000000000e+02
2.570000000000000000e+02
2.720000000000000000e+02
2.650000000000000000e+02
3.100000000000000000e+02
2.940000000000000000e+02
2.780000000000000000e+02
3.060000000000000000e+02
2.800000000000000000e+02
3.210000000000000000e+02
3.470000000000000000e+02
3.440000000000000000e+02
3.340000000000000000e+02
3.850000000000000000e+02
3.630000000000000000e+02
3.560000000000000000e+02
4.110000000000000000e+02
3.440000000000000000e+02
4.000000000000000000e+02
3.940000000000000000e+02
3.310000000000000000e+02
3.220000000000000000e+02
3.280000000000000000e+02
2.840000000000000000e+02
2.990000000000000000e+02
3.260000000000000000e+02
3.230000000000000000e+02
3.360000000000000000e+02
3.660000000000000000e+02
4.160000000000000000e+02
4.370000000000000000e+02
5.020000000000000000e+02
4.780000000000000000e+02
5.490000000000000000e+02
6.440000000000000000e+02
8.300000000000000000e+02
9.070000000000000000e+02
1.075000000000000000e+03
1.013000000000000000e+03
9.630000000000000000e+02
1.060000000000000000e+03
1.160000000000000000e+03
1.189000000000000000e+03
1.324000000000000000e+03
1.520000000000000000e+03
1.707000000000000000e+03
2.050000000000000000e+03
2.091000000000000000e+03
2.294000000000000000e+03
2.165000000000000000e+03
1.887000000000000000e+03
1.791000000000000000e+03
1.807000000000000000e+03
1.674000000000000000e+03
1.594000000000000000e+03
1.685000000000000000e+03
1.666000000000000000e+03
1.607000000000000000e+03
1.713000000000000000e+03
1.725000000000000000e+03
1.669000000000000000e+03
1.573000000000000000e+03
1.527000000000000000e+03
1.550000000000000000e+03
1.465000000000000000e+03
1.491000000000000000e+03
1.655000000000000000e+03
1.524000000000000000e+03
1.516000000000000000e+03
1.482000000000000000e+03
1.574000000000000000e+03
1.724000000000000000e+03
1.610000000000000000e+03
1.606000000000000000e+03
1.618000000000000000e+03
1.607000000000000000e+03
1.645000000000000000e+03
1.619000000000000000e+03
1.620000000000000000e+03
1.675000000000000000e+03
1.727000000000000000e+03
1.783000000000000000e+03
1.953000000000000000e+03
2.306000000000000000e+03
2.623000000000000000e+03
2.794000000000000000e+03
2.893000000000000000e+03
3.096000000000000000e+03
3.205000000000000000e+03
3.766000000000000000e+03
4.335000000000000000e+03
4.689000000000000000e+03
5.602000000000000000e+03
5.865000000000000000e+03
6.372000000000000000e+03
8.253000000000000000e+03
8.674000000000000000e+03
8.773000000000000000e+03
1.348800000000000000e+04
5.184000000000000000e+03
2.164000000000000000e+03
1.306000000000000000e+03
7.970000000000000000e+02
6.020000000000000000e+02
4.390000000000000000e+02
2.890000000000000000e+02
2.350000000000000000e+02
2.320000000000000000e+02
1.870000000000000000e+02
2.090000000000000000e+02
2.240000000000000000e+02
2.300000000000000000e+02
2.280000000000000000e+02
1.540000000000000000e+02
1.770000000000000000e+02
2.080000000000000000e+02
1.130000000000000000e+02
2.440000000000000000e+02
2.840000000000000000e+02
4.060000000000000000e+02
5.740000000000000000e+02
7.320000000000000000e+02
8.830000000000000000e+02
1.078000000000000000e+03
1.196000000000000000e+03
1.162000000000000000e+03
9.670000000000000000e+02
8.170000000000000000e+02
7.240000000000000000e+02
6.720000000000000000e+02
5.810000000000000000e+02
5.550000000000000000e+02
5.010000000000000000e+02
4.900000000000000000e+02
5.260000000000000000e+02
5.150000000000000000e+02
4.780000000000000000e+02
4.990000000000000000e+02
4.660000000000000000e+02
4.650000000000000000e+02
4.840000000000000000e+02
5.000000000000000000e+02
4.730000000000000000e+02
4.510000000000000000e+02
4.660000000000000000e+02
5.340000000000000000e+02
5.020000000000000000e+02
5.230000000000000000e+02
5.530000000000000000e+02
5.250000000000000000e+02
4.850000000000000000e+02
4.500000000000000000e+02
5.090000000000000000e+02
5.580000000000000000e+02
5.420000000000000000e+02
5.540000000000000000e+02
5.160000000000000000e+02
5.100000000000000000e+02
4.780000000000000000e+02
4.500000000000000000e+02
4.110000000000000000e+02
4.440000000000000000e+02
4.500000000000000000e+02
4.200000000000000000e+02
4.020000000000000000e+02
4.180000000000000000e+02
3.960000000000000000e+02
4.140000000000000000e+02
3.880000000000000000e+02
3.810000000000000000e+02
3.890000000000000000e+02
3.850000000000000000e+02
4.030000000000000000e+02
4.060000000000000000e+02
3.820000000000000000e+02
4.120000000000000000e+02
4.410000000000000000e+02
4.120000000000000000e+02
4.360000000000000000e+02
4.440000000000000000e+02
3.790000000000000000e+02
4.690000000000000000e+02
3.960000000000000000e+02
4.580000000000000000e+02
3.850000000000000000e+02
3.710000000000000000e+02
3.700000000000000000e+02
3.420000000000000000e+02
3.020000000000000000e+02
3.040000000000000000e+02
3.120000000000000000e+02
3.220000000000000000e+02
2.710000000000000000e+02
2.930000000000000000e+02
2.920000000000000000e+02
2.900000000000000000e+02
2.650000000000000000e+02
2.380000000000000000e+02
2.420000000000000000e+02
2.740000000000000000e+02
2.090000000000000000e+02
2.080000000000000000e+02
2.020000000000000000e+02
1.870000000000000000e+02
1.900000000000000000e+02
2.010000000000000000e+02
2.000000000000000000e+02
2.160000000000000000e+02
2.080000000000000000e+02
1.920000000000000000e+02
2.270000000000000000e+02
2.070000000000000000e+02
2.300000000000000000e+02
2.230000000000000000e+02
2.350000000000000000e+02
2.350000000000000000e+02
2.150000000000000000e+02
2.370000000000000000e+02
2.110000000000000000e+02
1.970000000000000000e+02
2.430000000000000000e+02
2.500000000000000000e+02
2.310000000000000000e+02
2.310000000000000000e+02
2.420000000000000000e+02
2.260000000000000000e+02
2.240000000000000000e+02
2.540000000000000000e+02
2.410000000000000000e+02
2.400000000000000000e+02
2.790000000000000000e+02
2.440000000000000000e+02
2.550000000000000000e+02
2.610000000000000000e+02
2.310000000000000000e+02
2.000000000000000000e+02
2.330000000000000000e+02
2.220000000000000000e+02
2.220000000000000000e+02
2.150000000000000000e+02
2.060000000000000000e+02
2.120000000000000000e+02
1.860000000000000000e+02
1.970000000000000000e+02
2.190000000000000000e+02
1.950000000000000000e+02
1.860000000000000000e+02
1.970000000000000000e+02
2.130000000000000000e+02
2.090000000000000000e+02
1.880000000000000000e+02
1.660000000000000000e+02
1.900000000000000000e+02
1.910000000000000000e+02
2.170000000000000000e+02
2.340000000000000000e+02
2.390000000000000000e+02
2.490000000000000000e+02
2.530000000000000000e+02
2.650000000000000000e+02
2.680000000000000000e+02
2.660000000000000000e+02
2.730000000000000000e+02
2.600000000000000000e+02
2.560000000000000000e+02
2.940000000000000000e+02
2.340000000000000000e+02
3.040000000000000000e+02
3.220000000000000000e+02
3.070000000000000000e+02
3.120000000000000000e+02
3.690000000000000000e+02
3.340000000000000000e+02
3.640000000000000000e+02
3.680000000000000000e+02
3.420000000000000000e+02
3.840000000000000000e+02
3.890000000000000000e+02
4.360000000000000000e+02
3.620000000000000000e+02
3.640000000000000000e+02
3.830000000000000000e+02
3.460000000000000000e+02
3.440000000000000000e+02
4.020000000000000000e+02
3.460000000000000000e+02
4.160000000000000000e+02
3.790000000000000000e+02
4.400000000000000000e+02
4.770000000000000000e+02
5.250000000000000000e+02
6.170000000000000000e+02
7.610000000000000000e+02
9.260000000000000000e+02
9.110000000000000000e+02
1.049000000000000000e+03
9.990000000000000000e+02
1.087000000000000000e+03
1.149000000000000000e+03
1.310000000000000000e+03
1.454000000000000000e+03
1.662000000000000000e+03
1.974000000000000000e+03
2.064000000000000000e+03
2.064000000000000000e+03
2.034000000000000000e+03
2.007000000000000000e+03
2.091000000000000000e+03
1.959000000000000000e+03
1.969000000000000000e+03
1.785000000000000000e+03
1.708000000000000000e+03
1.604000000000000000e+03
1.448000000000000000e+03
1.564000000000000000e+03
1.684000000000000000e+03
1.753000000000000000e+03
1.797000000000000000e+03
1.647000000000000000e+03
1.538000000000000000e+03
1.584000000000000000e+03
1.476000000000000000e+03
1.503000000000000000e+03
1.615000000000000000e+03
1.480000000000000000e+03
1.530000000000000000e+03
1.663000000000000000e+03
1.678000000000000000e+03
1.650000000000000000e+03
1.529000000000000000e+03
1.565000000000000000e+03
1.406000000000000000e+03
1.412000000000000000e+03
1.439000000000000000e+03
1.346000000000000000e+03
1.313000000000000000e+03
1.470000000000000000e+03
1.578000000000000000e+03
1.716000000000000000e+03
1.974000000000000000e+03
2.312000000000000000e+03
2.462000000000000000e+03
2.538000000000000000e+03
2.462000000000000000e+03
2.504000000000000000e+03
2.907000000000000000e+03
3.143000000000000000e+03
3.611000000000000000e+03
4.116000000000000000e+03
4.560000000000000000e+03
5.139000000000000000e+03
5.318000000000000000e+03
6.428000000000000000e+03
8.302000000000000000e+03
8.571000000000000000e+03
7.843000000000000000e+03
1.226200000000000000e+04
5.432000000000000000e+03
2.616000000000000000e+03
2.226000000000000000e+03
1.394000000000000000e+03
8.000000000000000000e+02
6.140000000000000000e+02
4.680000000000000000e+02
3.450000000000000000e+02
3.130000000000000000e+02
2.330000000000000000e+02
2.130000000000000000e+02
2.030000000000000000e+02
1.700000000000000000e+02
8.930000000000000000e+02
