4.000000000000000000e+00
3.000000000000000000e+00
2.000000000000000000e+00
4.000000000000000000e+00
1.300000000000000000e+01
1.100000000000000000e+01
1.900000000000000000e+01
2.600000000000000000e+01
4.200000000000000000e+01
5.700000000000000000e+01
1.010000000000000000e+02
1.280000000000000000e+02
1.780000000000000000e+02
2.070000000000000000e+02
2.420000000000000000e+02
2.810000000000000000e+02
2.910000000000000000e+02
3.330000000000000000e+02
4.080000000000000000e+02
3.620000000000000000e+02
4.510000000000000000e+02
5.130000000000000000e+02
6.090000000000000000e+02
5.620000000000000000e+02
6.130000000000000000e+02
7.050000000000000000e+02
8.330000000000000000e+02
7.640000000000000000e+02
8.680000000000000000e+02
9.730000000000000000e+02
9.550000000000000000e+02
1.035000000000000000e+03
1.043000000000000000e+03
1.040000000000000000e+03
1.098000000000000000e+03
1.115000000000000000e+03
1.018000000000000000e+03
1.078000000000000000e+03
1.050000000000000000e+03
1.039000000000000000e+03
1.020000000000000000e+03
9.640000000000000000e+02
9.980000000000000000e+02
9.050000000000000000e+02
8.940000000000000000e+02
8.350000000000000000e+02
7.540000000000000000e+02
7.330000000000000000e+02
6.640000000000000000e+02
6.530000000000000000e+02
6.930000000000000000e+02
6.500000000000000000e+02
6.800000000000000000e+02
7.240000000000000000e+02
7.510000000000000000e+02
8.230000000000000000e+02
7.730000000000000000e+02
7.470000000000000000e+02
7.460000000000000000e+02
7.720000000000000000e+02
7.380000000000000000e+02
7.230000000000000000e+02
6.630000000000000000e+02
6.900000000000000000e+02
6.830000000000000000e+02
6.780000000000000000e+02
7.660000000000000000e+02
7.400000000000000000e+02
7.630000000000000000e+02
8.110000000000000000e+02
7.720000000000000000e+02
8.160000000000000000e+02
8.560000000000000000e+02
7.690000000000000000e+02
7.930000000000000000e+02
7.280000000000000000e+02
6.860000000000000000e+02
7.670000000000000000e+02
7.420000000000000000e+02
6.720000000000000000e+02
7.020000000000000000e+02
6.230000000000000000e+02
6.210000000000000000e+02
6.150000000000000000e+02
6.040000000000000000e+02
5.880000000000000000e+02
6.190000000000000000e+02
6.380000000000000000e+02
6.750000000000000000e+02
6.770000000000000000e+02
7.630000000000000000e+02
8.130000000000000000e+02
8.460000000000000000e+02
8.740000000000000000e+02
9.200000000000000000e+02
9.420000000000000000e+02
9.440000000000000000e+02
9.880000000000000000e+02
9.270000000000000000e+02
9.830000000000000000e+02
9.600000000000000000e+02
9.690000000000000000e+02
1.049000000000000000e+03
1.045000000000000000e+03
1.121000000000000000e+03
1.064000000000000000e+03
1.099000000000000000e+03
1.063000000000000000e+03
1.033000000000000000e+03
1.052000000000000000e+03
1.038000000000000000e+03
1.012000000000000000e+03
1.039000000000000000e+03
1.025000000000000000e+03
1.055000000000000000e+03
1.113000000000000000e+03
1.139000000000000000e+03
1.167000000000000000e+03
1.212000000000000000e+03
1.198000000000000000e+03
1.263000000000000000e+03
1.358000000000000000e+03
1.348000000000000000e+03
1.410000000000000000e+03
1.470000000000000000e+03
1.569000000000000000e+03
1.688000000000000000e+03
1.657000000000000000e+03
1.921000000000000000e+03
1.972000000000000000e+03
2.099000000000000000e+03
2.234000000000000000e+03
2.366000000000000000e+03
2.493000000000000000e+03
2.379000000000000000e+03
2.501000000000000000e+03
2.467000000000000000e+03
2.509000000000000000e+03
2.681000000000000000e+03
2.677000000000000000e+03
2.558000000000000000e+03
2.534000000000000000e+03
2.495000000000000000e+03
2.375000000000000000e+03
2.212000000000000000e+03
2.089000000000000000e+03
1.853000000000000000e+03
1.638000000000000000e+03
1.600000000000000000e+03
1.387000000000000000e+03
1.285000000000000000e+03
1.092000000000000000e+03
9.800000000000000000e+02
8.850000000000000000e+02
8.250000000000000000e+02
7.920000000000000000e+02
7.310000000000000000e+02
6.240000000000000000e+02
7.090000000000000000e+02
5.870000000000000000e+02
6.120000000000000000e+02
5.890000000000000000e+02
5.440000000000000000e+02
5.460000000000000000e+02
5.410000000000000000e+02
5.790000000000000000e+02
5.430000000000000000e+02
5.850000000000000000e+02
6.210000000000000000e+02
6.670000000000000000e+02
7.380000000000000000e+02
6.650000000000000000e+02
6.920000000000000000e+02
6.630000000000000000e+02
6.870000000000000000e+02
6.680000000000000000e+02
7.570000000000000000e+02
6.720000000000000000e+02
6.830000000000000000e+02
6.790000000000000000e+02
7.330000000000000000e+02
7.440000000000000000e+02
8.740000000000000000e+02
8.790000000000000000e+02
1.076000000000000000e+03
1.191000000000000000e+03
1.311000000000000000e+03
1.365000000000000000e+03
1.516000000000000000e+03
1.697000000000000000e+03
1.846000000000000000e+03
2.119000000000000000e+03
2.147000000000000000e+03
2.166000000000000000e+03
2.490000000000000000e+03
2.805000000000000000e+03
3.321000000000000000e+03
3.736000000000000000e+03
3.424000000000000000e+03
3.063000000000000000e+03
3.023000000000000000e+03
2.853000000000000000e+03
2.154000000000000000e+03
1.788000000000000000e+03
1.649000000000000000e+03
1.615000000000000000e+03
1.735000000000000000e+03
1.958000000000000000e+03
2.211000000000000000e+03
2.256000000000000000e+03
1.856000000000000000e+03
1.473000000000000000e+03
1.302000000000000000e+03
1.076000000000000000e+03
8.840000000000000000e+02
6.000000000000000000e+02
3.830000000000000000e+02
2.880000000000000000e+02
2.830000000000000000e+02
1.670000000000000000e+02
9.600000000000000000e+01
8.600000000000000000e+01
7.000000000000000000e+01
7.000000000000000000e+01
7.000000000000000000e+01
6.600000000000000000e+01
5.300000000000000000e+01
6.100000000000000000e+01
6.500000000000000000e+01
5.900000000000000000e+01
8.000000000000000000e+01
7.300000000000000000e+01
9.400000000000000000e+01
9.300000000000000000e+01
9.000000000000000000e+01
8.500000000000000000e+01
1.130000000000000000e+02
8.800000000000000000e+01
7.100000000000000000e+01
7.100000000000000000e+01
5.600000000000000000e+01
5.700000000000000000e+01
6.600000000000000000e+01
6.600000000000000000e+01
6.600000000000000000e+01
6.600000000000000000e+01
7.000000000000000000e+01
7.800000000000000000e+01
5.000000000000000000e+01
5.800000000000000000e+01
5.000000000000000000e+01
3.700000000000000000e+01
3.800000000000000000e+01
1.800000000000000000e+01
2.500000000000000000e+01
2.000000000000000000e+01
0.000000000000000000e+00
0.000000000000000000e+00
0.000000000000000000e+00
1.000000000000000000e+00
1.000000000000000000e+00
0.000000000000000000e+00
1.000000000000000000e+00
0.000000000000000000e+00
1.000000000000000000e+00
0.000000000000000000e+00
8.000000000000000000e+00
5.000000000000000000e+00
1.000000000000000000e+01
1.100000000000000000e+01
1.400000000000000000e+01
3.100000000000000000e+01
4.600000000000000000e+01
6.300000000000000000e+01
9.500000000000000000e+01
1.410000000000000000e+02
1.650000000000000000e+02
2.150000000000000000e+02
2.640000000000000000e+02
3.020000000000000000e+02
3.340000000000000000e+02
3.840000000000000000e+02
4.240000000000000000e+02
4.940000000000000000e+02
4.800000000000000000e+02
5.820000000000000000e+02
6.040000000000000000e+02
6.120000000000000000e+02
6.910000000000000000e+02
7.110000000000000000e+02
7.700000000000000000e+02
7.850000000000000000e+02
8.950000000000000000e+02
9.220000000000000000e+02
8.690000000000000000e+02
8.880000000000000000e+02
8.730000000000000000e+02
8.730000000000000000e+02
8.160000000000000000e+02
7.950000000000000000e+02
8.310000000000000000e+02
7.550000000000000000e+02
7.250000000000000000e+02
7.450000000000000000e+02
7.360000000000000000e+02
7.370000000000000000e+02
6.820000000000000000e+02
7.430000000000000000e+02
7.230000000000000000e+02
6.780000000000000000e+02
7.100000000000000000e+02
7.380000000000000000e+02
7.160000000000000000e+02
7.140000000000000000e+02
7.200000000000000000e+02
7.630000000000000000e+02
7.560000000000000000e+02
8.330000000000000000e+02
8.620000000000000000e+02
8.640000000000000000e+02
8.730000000000000000e+02
8.720000000000000000e+02
9.260000000000000000e+02
8.560000000000000000e+02
8.680000000000000000e+02
8.870000000000000000e+02
8.880000000000000000e+02
8.940000000000000000e+02
8.460000000000000000e+02
9.110000000000000000e+02
9.140000000000000000e+02
8.440000000000000000e+02
9.000000000000000000e+02
9.160000000000000000e+02
8.960000000000000000e+02
8.770000000000000000e+02
9.320000000000000000e+02
9.230000000000000000e+02
9.110000000000000000e+02
9.150000000000000000e+02
9.060000000000000000e+02
9.000000000000000000e+02
8.830000000000000000e+02
7.780000000000000000e+02
7.820000000000000000e+02
7.320000000000000000e+02
7.550000000000000000e+02
6.930000000000000000e+02
7.150000000000000000e+02
7.090000000000000000e+02
7.290000000000000000e+02
7.430000000000000000e+02
7.510000000000000000e+02
7.680000000000000000e+02
8.310000000000000000e+02
8.070000000000000000e+02
8.800000000000000000e+02
9.130000000000000000e+02
9.290000000000000000e+02
9.880000000000000000e+02
9.880000000000000000e+02
1.028000000000000000e+03
1.116000000000000000e+03
1.139000000000000000e+03
1.060000000000000000e+03
1.180000000000000000e+03
1.247000000000000000e+03
1.228000000000000000e+03
1.250000000000000000e+03
1.337000000000000000e+03
1.299000000000000000e+03
1.344000000000000000e+03
1.370000000000000000e+03
1.393000000000000000e+03
1.458000000000000000e+03
1.511000000000000000e+03
1.573000000000000000e+03
1.648000000000000000e+03
1.631000000000000000e+03
1.804000000000000000e+03
1.816000000000000000e+03
1.911000000000000000e+03
1.948000000000000000e+03
2.122000000000000000e+03
2.081000000000000000e+03
2.134000000000000000e+03
2.225000000000000000e+03
2.189000000000000000e+03
2.189000000000000000e+03
2.260000000000000000e+03
2.242000000000000000e+03
2.192000000000000000e+03
2.079000000000000000e+03
1.996000000000000000e+03
1.870000000000000000e+03
1.706000000000000000e+03
1.590000000000000000e+03
1.499000000000000000e+03
1.281000000000000000e+03
1.158000000000000000e+03
9.580000000000000000e+02
9.340000000000000000e+02
8.130000000000000000e+02
7.860000000000000000e+02
7.290000000000000000e+02
6.890000000000000000e+02
6.890000000000000000e+02
6.320000000000000000e+02
7.040000000000000000e+02
6.790000000000000000e+02
7.090000000000000000e+02
6.740000000000000000e+02
6.840000000000000000e+02
6.490000000000000000e+02
7.040000000000000000e+02
7.390000000000000000e+02
7.040000000000000000e+02
8.460000000000000000e+02
8.940000000000000000e+02
8.980000000000000000e+02
1.056000000000000000e+03
1.012000000000000000e+03
9.440000000000000000e+02
8.760000000000000000e+02
7.980000000000000000e+02
7.690000000000000000e+02
7.050000000000000000e+02
6.970000000000000000e+02
6.770000000000000000e+02
6.950000000000000000e+02
6.830000000000000000e+02
6.680000000000000000e+02
6.870000000000000000e+02
6.560000000000000000e+02
5.950000000000000000e+02
6.410000000000000000e+02
6.910000000000000000e+02
6.400000000000000000e+02
6.990000000000000000e+02
6.900000000000000000e+02
7.740000000000000000e+02
8.070000000000000000e+02
8.670000000000000000e+02
9.170000000000000000e+02
9.180000000000000000e+02
1.084000000000000000e+03
1.230000000000000000e+03
1.346000000000000000e+03
1.471000000000000000e+03
1.585000000000000000e+03
1.495000000000000000e+03
1.415000000000000000e+03
1.549000000000000000e+03
1.731000000000000000e+03
2.055000000000000000e+03
2.203000000000000000e+03
2.441000000000000000e+03
2.708000000000000000e+03
2.742000000000000000e+03
2.828000000000000000e+03
2.999000000000000000e+03
2.882000000000000000e+03
2.376000000000000000e+03
2.033000000000000000e+03
2.275000000000000000e+03
3.176000000000000000e+03
3.445000000000000000e+03
2.856000000000000000e+03
2.080000000000000000e+03
1.643000000000000000e+03
1.041000000000000000e+03
6.420000000000000000e+02
4.390000000000000000e+02
3.810000000000000000e+02
3.910000000000000000e+02
4.810000000000000000e+02
5.390000000000000000e+02
6.810000000000000000e+02
1.203000000000000000e+03
1.856000000000000000e+03
2.140000000000000000e+03
2.095000000000000000e+03
2.074000000000000000e+03
1.809000000000000000e+03
1.387000000000000000e+03
1.211000000000000000e+03
9.140000000000000000e+02
5.600000000000000000e+02
3.980000000000000000e+02
2.890000000000000000e+02
1.700000000000000000e+02
1.700000000000000000e+02
1.420000000000000000e+02
1.010000000000000000e+02
1.090000000000000000e+02
1.130000000000000000e+02
1.200000000000000000e+02
1.020000000000000000e+02
8.500000000000000000e+01
1.060000000000000000e+02
1.100000000000000000e+02
1.030000000000000000e+02
8.400000000000000000e+01
7.100000000000000000e+01
8.200000000000000000e+01
6.800000000000000000e+01
8.800000000000000000e+01
8.800000000000000000e+01
7.600000000000000000e+01
6.700000000000000000e+01
5.100000000000000000e+01
9.900000000000000000e+01
1.000000000000000000e+00
0.000000000000000000e+00
0.000000000000000000e+00
0.000000000000000000e+00
0.000000000000000000e+00
0.000000000000000000e+00
0.000000000000000000e+00
1.000000000000000000e+00
0.000000000000000000e+00
0.000000000000000000e+00
0.000000000000000000e+00
0.000000000000000000e+00
0.000000000000000000e+00
0.000000000000000000e+00
2.000000000000000000e+00
0.000000000000000000e+00
1.000000000000000000e+00
3.000000000000000000e+00
6.000000000000000000e+00
1.000000000000000000e+01
1.000000000000000000e+01
1.100000000000000000e+01
1.600000000000000000e+01
2.700000000000000000e+01
4.100000000000000000e+01
6.700000000000000000e+01
8.300000000000000000e+01
1.070000000000000000e+02
1.720000000000000000e+02
1.950000000000000000e+02
2.840000000000000000e+02
3.170000000000000000e+02
3.670000000000000000e+02
4.560000000000000000e+02
4.260000000000000000e+02
5.440000000000000000e+02
5.820000000000000000e+02
6.250000000000000000e+02
6.010000000000000000e+02
6.490000000000000000e+02
7.270000000000000000e+02
6.810000000000000000e+02
7.700000000000000000e+02
7.350000000000000000e+02
7.630000000000000000e+02
7.860000000000000000e+02
7.740000000000000000e+02
8.310000000000000000e+02
7.900000000000000000e+02
8.180000000000000000e+02
7.830000000000000000e+02
7.140000000000000000e+02
7.230000000000000000e+02
6.670000000000000000e+02
6.250000000000000000e+02
6.040000000000000000e+02
5.360000000000000000e+02
5.580000000000000000e+02
5.310000000000000000e+02
5.400000000000000000e+02
6.110000000000000000e+02
5.810000000000000000e+02
5.400000000000000000e+02
5.830000000000000000e+02
5.950000000000000000e+02
6.110000000000000000e+02
6.230000000000000000e+02
6.230000000000000000e+02
6.380000000000000000e+02
6.900000000000000000e+02
6.930000000000000000e+02
6.860000000000000000e+02
6.620000000000000000e+02
6.750000000000000000e+02
6.700000000000000000e+02
6.580000000000000000e+02
7.150000000000000000e+02
6.960000000000000000e+02
7.980000000000000000e+02
8.010000000000000000e+02
8.590000000000000000e+02
9.330000000000000000e+02
9.170000000000000000e+02
9.930000000000000000e+02
1.062000000000000000e+03
1.099000000000000000e+03
1.122000000000000000e+03
1.019000000000000000e+03
1.100000000000000000e+03
1.074000000000000000e+03
1.128000000000000000e+03
1.144000000000000000e+03
1.106000000000000000e+03
1.144000000000000000e+03
1.130000000000000000e+03
1.142000000000000000e+03
1.164000000000000000e+03
1.117000000000000000e+03
1.131000000000000000e+03
1.114000000000000000e+03
1.203000000000000000e+03
1.211000000000000000e+03
1.186000000000000000e+03
1.201000000000000000e+03
1.219000000000000000e+03
1.156000000000000000e+03
1.223000000000000000e+03
1.286000000000000000e+03
1.280000000000000000e+03
1.208000000000000000e+03
1.237000000000000000e+03
1.205000000000000000e+03
1.222000000000000000e+03
1.263000000000000000e+03
1.301000000000000000e+03
1.277000000000000000e+03
1.298000000000000000e+03
1.398000000000000000e+03
1.419000000000000000e+03
1.484000000000000000e+03
1.628000000000000000e+03
1.722000000000000000e+03
1.877000000000000000e+03
1.889000000000000000e+03
1.999000000000000000e+03
2.037000000000000000e+03
2.092000000000000000e+03
2.140000000000000000e+03
2.209000000000000000e+03
2.399000000000000000e+03
2.303000000000000000e+03
2.240000000000000000e+03
2.198000000000000000e+03
2.171000000000000000e+03
2.076000000000000000e+03
2.000000000000000000e+03
1.923000000000000000e+03
1.663000000000000000e+03
1.574000000000000000e+03
1.342000000000000000e+03
1.258000000000000000e+03
1.055000000000000000e+03
8.950000000000000000e+02
7.970000000000000000e+02
6.890000000000000000e+02
6.510000000000000000e+02
6.000000000000000000e+02
6.030000000000000000e+02
4.700000000000000000e+02
5.230000000000000000e+02
4.990000000000000000e+02
4.810000000000000000e+02
4.330000000000000000e+02
4.600000000000000000e+02
4.270000000000000000e+02
4.300000000000000000e+02
4.300000000000000000e+02
4.240000000000000000e+02
4.110000000000000000e+02
4.520000000000000000e+02
3.940000000000000000e+02
4.220000000000000000e+02
4.580000000000000000e+02
4.160000000000000000e+02
4.180000000000000000e+02
4.250000000000000000e+02
4.260000000000000000e+02
4.400000000000000000e+02
4.690000000000000000e+02
4.090000000000000000e+02
4.810000000000000000e+02
4.610000000000000000e+02
4.880000000000000000e+02
5.600000000000000000e+02
5.370000000000000000e+02
5.600000000000000000e+02
5.270000000000000000e+02
5.750000000000000000e+02
5.560000000000000000e+02
5.590000000000000000e+02
5.730000000000000000e+02
5.060000000000000000e+02
5.250000000000000000e+02
5.270000000000000000e+02
5.190000000000000000e+02
5.720000000000000000e+02
5.840000000000000000e+02
6.010000000000000000e+02
5.990000000000000000e+02
6.340000000000000000e+02
6.270000000000000000e+02
6.580000000000000000e+02
6.530000000000000000e+02
6.580000000000000000e+02
7.030000000000000000e+02
6.740000000000000000e+02
7.480000000000000000e+02
7.350000000000000000e+02
7.800000000000000000e+02
8.260000000000000000e+02
9.370000000000000000e+02
9.860000000000000000e+02
1.013000000000000000e+03
1.030000000000000000e+03
1.200000000000000000e+03
1.355000000000000000e+03
1.482000000000000000e+03
1.451000000000000000e+03
1.347000000000000000e+03
1.477000000000000000e+03
1.472000000000000000e+03
1.495000000000000000e+03
1.650000000000000000e+03
1.719000000000000000e+03
1.898000000000000000e+03
1.822000000000000000e+03
1.809000000000000000e+03
2.010000000000000000e+03
2.053000000000000000e+03
1.904000000000000000e+03
2.130000000000000000e+03
2.497000000000000000e+03
2.930000000000000000e+03
3.016000000000000000e+03
3.485000000000000000e+03
3.481000000000000000e+03
3.860000000000000000e+03
3.488000000000000000e+03
2.141000000000000000e+03
1.272000000000000000e+03
7.590000000000000000e+02
5.480000000000000000e+02
4.380000000000000000e+02
3.850000000000000000e+02
4.190000000000000000e+02
4.050000000000000000e+02
4.300000000000000000e+02
4.160000000000000000e+02
4.770000000000000000e+02
5.180000000000000000e+02
6.600000000000000000e+02
7.890000000000000000e+02
9.980000000000000000e+02
1.384000000000000000e+03
1.599000000000000000e+03
1.492000000000000000e+03
1.561000000000000000e+03
1.416000000000000000e+03
1.759000000000000000e+03
2.000000000000000000e+03
1.760000000000000000e+03
1.584000000000000000e+03
1.423000000000000000e+03
1.297000000000000000e+03
1.297000000000000000e+03
2.539000000000000000e+03
