2.300000000000000000e+01
1.000000000000000000e+01
4.000000000000000000e+00
2.100000000000000000e+01
3.200000000000000000e+01
2.900000000000000000e+01
1.710000000000000000e+02
1.530000000000000000e+02
2.300000000000000000e+02
2.700000000000000000e+02
4.650000000000000000e+02
4.660000000000000000e+02
5.810000000000000000e+02
8.930000000000000000e+02
1.595000000000000000e+03
1.299000000000000000e+03
1.449000000000000000e+03
1.104000000000000000e+03
1.100000000000000000e+03
1.896000000000000000e+03
2.381000000000000000e+03
1.829000000000000000e+03
1.747000000000000000e+03
1.656000000000000000e+03
1.546000000000000000e+03
1.505000000000000000e+03
1.589000000000000000e+03
1.635000000000000000e+03
1.627000000000000000e+03
1.584000000000000000e+03
1.690000000000000000e+03
1.789000000000000000e+03
2.174000000000000000e+03
2.324000000000000000e+03
2.013000000000000000e+03
1.899000000000000000e+03
1.832000000000000000e+03
1.571000000000000000e+03
1.378000000000000000e+03
1.317000000000000000e+03
1.227000000000000000e+03
1.249000000000000000e+03
1.253000000000000000e+03
1.254000000000000000e+03
1.292000000000000000e+03
1.294000000000000000e+03
1.435000000000000000e+03
1.505000000000000000e+03
1.605000000000000000e+03
1.570000000000000000e+03
1.482000000000000000e+03
1.525000000000000000e+03
1.580000000000000000e+03
1.543000000000000000e+03
1.570000000000000000e+03
1.575000000000000000e+03
1.548000000000000000e+03
1.533000000000000000e+03
1.507000000000000000e+03
1.522000000000000000e+03
1.522000000000000000e+03
1.509000000000000000e+03
1.586000000000000000e+03
1.553000000000000000e+03
1.511000000000000000e+03
1.472000000000000000e+03
1.419000000000000000e+03
1.339000000000000000e+03
1.285000000000000000e+03
1.200000000000000000e+03
1.097000000000000000e+03
1.054000000000000000e+03
1.154000000000000000e+03
1.091000000000000000e+03
9.930000000000000000e+02
1.008000000000000000e+03
9.900000000000000000e+02
1.042000000000000000e+03
1.031000000000000000e+03
1.015000000000000000e+03
1.019000000000000000e+03
1.053000000000000000e+03
1.054000000000000000e+03
1.054000000000000000e+03
1.010000000000000000e+03
9.930000000000000000e+02
8.710000000000000000e+02
9.010000000000000000e+02
9.150000000000000000e+02
9.170000000000000000e+02
9.180000000000000000e+02
9.760000000000000000e+02
1.078000000000000000e+03
1.119000000000000000e+03
1.005000000000000000e+03
1.069000000000000000e+03
1.136000000000000000e+03
1.249000000000000000e+03
1.143000000000000000e+03
9.380000000000000000e+02
7.790000000000000000e+02
6.990000000000000000e+02
7.200000000000000000e+02
6.640000000000000000e+02
6.720000000000000000e+02
6.740000000000000000e+02
6.990000000000000000e+02
6.830000000000000000e+02
6.610000000000000000e+02
6.700000000000000000e+02
6.900000000000000000e+02
6.910000000000000000e+02
7.700000000000000000e+02
6.870000000000000000e+02
7.530000000000000000e+02
6.930000000000000000e+02
6.780000000000000000e+02
6.010000000000000000e+02
5.700000000000000000e+02
5.230000000000000000e+02
5.240000000000000000e+02
5.780000000000000000e+02
6.140000000000000000e+02
5.600000000000000000e+02
5.570000000000000000e+02
5.550000000000000000e+02
5.170000000000000000e+02
4.780000000000000000e+02
4.010000000000000000e+02
3.810000000000000000e+02
3.700000000000000000e+02
2.790000000000000000e+02
3.060000000000000000e+02
2.760000000000000000e+02
3.110000000000000000e+02
2.560000000000000000e+02
2.470000000000000000e+02
2.490000000000000000e+02
2.640000000000000000e+02
2.680000000000000000e+02
2.520000000000000000e+02
2.220000000000000000e+02
2.320000000000000000e+02
2.210000000000000000e+02
1.900000000000000000e+02
1.920000000000000000e+02
1.860000000000000000e+02
2.190000000000000000e+02
2.000000000000000000e+02
1.980000000000000000e+02
1.780000000000000000e+02
1.820000000000000000e+02
1.910000000000000000e+02
1.930000000000000000e+02
1.590000000000000000e+02
1.570000000000000000e+02
1.670000000000000000e+02
1.630000000000000000e+02
1.670000000000000000e+02
1.700000000000000000e+02
1.460000000000000000e+02
1.480000000000000000e+02
1.640000000000000000e+02
1.530000000000000000e+02
1.350000000000000000e+02
1.520000000000000000e+02
1.500000000000000000e+02
1.510000000000000000e+02
1.610000000000000000e+02
1.510000000000000000e+02
1.500000000000000000e+02
1.700000000000000000e+02
1.880000000000000000e+02
1.870000000000000000e+02
1.870000000000000000e+02
1.980000000000000000e+02
2.110000000000000000e+02
2.190000000000000000e+02
2.520000000000000000e+02
2.470000000000000000e+02
2.920000000000000000e+02
3.250000000000000000e+02
3.250000000000000000e+02
3.160000000000000000e+02
3.580000000000000000e+02
3.560000000000000000e+02
3.420000000000000000e+02
3.650000000000000000e+02
3.500000000000000000e+02
3.870000000000000000e+02
3.910000000000000000e+02
3.930000000000000000e+02
3.960000000000000000e+02
3.570000000000000000e+02
3.830000000000000000e+02
4.060000000000000000e+02
4.020000000000000000e+02
3.530000000000000000e+02
3.200000000000000000e+02
3.370000000000000000e+02
3.410000000000000000e+02
3.190000000000000000e+02
3.100000000000000000e+02
3.050000000000000000e+02
2.610000000000000000e+02
2.540000000000000000e+02
2.330000000000000000e+02
2.370000000000000000e+02
2.080000000000000000e+02
2.160000000000000000e+02
2.100000000000000000e+02
2.010000000000000000e+02
1.890000000000000000e+02
1.830000000000000000e+02
2.080000000000000000e+02
1.670000000000000000e+02
1.370000000000000000e+02
1.870000000000000000e+02
1.410000000000000000e+02
1.490000000000000000e+02
1.480000000000000000e+02
1.430000000000000000e+02
1.350000000000000000e+02
1.150000000000000000e+02
1.230000000000000000e+02
1.030000000000000000e+02
1.070000000000000000e+02
1.150000000000000000e+02
8.600000000000000000e+01
7.300000000000000000e+01
6.900000000000000000e+01
4.300000000000000000e+01
5.300000000000000000e+01
4.800000000000000000e+01
4.500000000000000000e+01
4.900000000000000000e+01
4.500000000000000000e+01
4.400000000000000000e+01
5.400000000000000000e+01
5.200000000000000000e+01
4.800000000000000000e+01
4.600000000000000000e+01
5.000000000000000000e+01
3.700000000000000000e+01
5.100000000000000000e+01
5.800000000000000000e+01
7.400000000000000000e+01
8.900000000000000000e+01
1.020000000000000000e+02
1.180000000000000000e+02
1.180000000000000000e+02
1.360000000000000000e+02
1.710000000000000000e+02
1.820000000000000000e+02
1.950000000000000000e+02
1.603000000000000000e+03
6.470000000000000000e+02
2.010000000000000000e+02
2.570000000000000000e+02
3.780000000000000000e+02
5.700000000000000000e+02
9.870000000000000000e+02
1.005000000000000000e+03
1.667000000000000000e+03
1.561000000000000000e+03
1.674000000000000000e+03
1.326000000000000000e+03
1.526000000000000000e+03
2.409000000000000000e+03
2.319000000000000000e+03
1.740000000000000000e+03
1.686000000000000000e+03
1.637000000000000000e+03
1.622000000000000000e+03
1.541000000000000000e+03
1.756000000000000000e+03
1.622000000000000000e+03
1.482000000000000000e+03
1.403000000000000000e+03
1.439000000000000000e+03
1.708000000000000000e+03
1.976000000000000000e+03
2.306000000000000000e+03
2.096000000000000000e+03
1.889000000000000000e+03
1.927000000000000000e+03
1.802000000000000000e+03
1.463000000000000000e+03
1.515000000000000000e+03
1.320000000000000000e+03
1.341000000000000000e+03
1.376000000000000000e+03
1.495000000000000000e+03
1.437000000000000000e+03
1.490000000000000000e+03
1.613000000000000000e+03
1.700000000000000000e+03
1.738000000000000000e+03
1.762000000000000000e+03
1.763000000000000000e+03
1.951000000000000000e+03
1.912000000000000000e+03
1.907000000000000000e+03
1.948000000000000000e+03
1.900000000000000000e+03
2.009000000000000000e+03
2.087000000000000000e+03
2.077000000000000000e+03
2.016000000000000000e+03
1.971000000000000000e+03
1.985000000000000000e+03
2.024000000000000000e+03
2.081000000000000000e+03
1.993000000000000000e+03
1.953000000000000000e+03
1.977000000000000000e+03
1.873000000000000000e+03
1.830000000000000000e+03
1.674000000000000000e+03
1.609000000000000000e+03
1.464000000000000000e+03
1.512000000000000000e+03
1.348000000000000000e+03
1.445000000000000000e+03
1.310000000000000000e+03
1.237000000000000000e+03
1.205000000000000000e+03
1.260000000000000000e+03
1.234000000000000000e+03
1.186000000000000000e+03
1.106000000000000000e+03
1.117000000000000000e+03
1.014000000000000000e+03
9.510000000000000000e+02
8.590000000000000000e+02
8.540000000000000000e+02
8.880000000000000000e+02
9.890000000000000000e+02
9.320000000000000000e+02
9.670000000000000000e+02
9.340000000000000000e+02
8.900000000000000000e+02
1.001000000000000000e+03
1.012000000000000000e+03
9.960000000000000000e+02
7.880000000000000000e+02
6.000000000000000000e+02
5.110000000000000000e+02
4.810000000000000000e+02
5.360000000000000000e+02
5.620000000000000000e+02
5.310000000000000000e+02
5.460000000000000000e+02
4.950000000000000000e+02
5.030000000000000000e+02
5.090000000000000000e+02
5.680000000000000000e+02
5.520000000000000000e+02
5.040000000000000000e+02
4.910000000000000000e+02
4.350000000000000000e+02
4.020000000000000000e+02
3.610000000000000000e+02
3.160000000000000000e+02
3.170000000000000000e+02
3.390000000000000000e+02
3.260000000000000000e+02
2.970000000000000000e+02
2.730000000000000000e+02
2.620000000000000000e+02
2.480000000000000000e+02
2.750000000000000000e+02
1.890000000000000000e+02
2.070000000000000000e+02
1.900000000000000000e+02
1.980000000000000000e+02
1.940000000000000000e+02
1.710000000000000000e+02
1.600000000000000000e+02
1.710000000000000000e+02
1.900000000000000000e+02
1.480000000000000000e+02
1.410000000000000000e+02
1.250000000000000000e+02
1.140000000000000000e+02
1.130000000000000000e+02
1.350000000000000000e+02
1.030000000000000000e+02
1.150000000000000000e+02
1.170000000000000000e+02
1.120000000000000000e+02
1.020000000000000000e+02
9.200000000000000000e+01
1.230000000000000000e+02
1.100000000000000000e+02
9.600000000000000000e+01
9.300000000000000000e+01
1.320000000000000000e+02
1.090000000000000000e+02
1.000000000000000000e+02
1.200000000000000000e+02
9.300000000000000000e+01
1.170000000000000000e+02
1.140000000000000000e+02
1.390000000000000000e+02
1.030000000000000000e+02
1.120000000000000000e+02
1.360000000000000000e+02
1.340000000000000000e+02
1.330000000000000000e+02
1.570000000000000000e+02
1.480000000000000000e+02
1.650000000000000000e+02
2.040000000000000000e+02
1.790000000000000000e+02
2.090000000000000000e+02
1.900000000000000000e+02
2.470000000000000000e+02
2.200000000000000000e+02
2.630000000000000000e+02
3.060000000000000000e+02
3.110000000000000000e+02
2.770000000000000000e+02
3.210000000000000000e+02
3.240000000000000000e+02
3.230000000000000000e+02
3.210000000000000000e+02
3.390000000000000000e+02
3.400000000000000000e+02
3.350000000000000000e+02
3.580000000000000000e+02
3.540000000000000000e+02
3.900000000000000000e+02
3.360000000000000000e+02
3.490000000000000000e+02
3.670000000000000000e+02
3.490000000000000000e+02
3.090000000000000000e+02
3.350000000000000000e+02
3.450000000000000000e+02
3.080000000000000000e+02
2.930000000000000000e+02
2.910000000000000000e+02
3.020000000000000000e+02
2.590000000000000000e+02
2.460000000000000000e+02
2.460000000000000000e+02
2.660000000000000000e+02
2.270000000000000000e+02
2.160000000000000000e+02
2.200000000000000000e+02
2.040000000000000000e+02
1.590000000000000000e+02
1.530000000000000000e+02
1.670000000000000000e+02
1.650000000000000000e+02
1.970000000000000000e+02
1.890000000000000000e+02
1.700000000000000000e+02
1.650000000000000000e+02
1.410000000000000000e+02
1.660000000000000000e+02
1.480000000000000000e+02
1.710000000000000000e+02
1.530000000000000000e+02
1.340000000000000000e+02
1.360000000000000000e+02
1.480000000000000000e+02
1.240000000000000000e+02
8.700000000000000000e+01
1.170000000000000000e+02
1.050000000000000000e+02
8.100000000000000000e+01
6.000000000000000000e+01
6.000000000000000000e+01
5.600000000000000000e+01
5.100000000000000000e+01
4.800000000000000000e+01
4.400000000000000000e+01
4.300000000000000000e+01
3.400000000000000000e+01
5.500000000000000000e+01
3.900000000000000000e+01
4.900000000000000000e+01
4.300000000000000000e+01
3.700000000000000000e+01
4.200000000000000000e+01
4.600000000000000000e+01
3.200000000000000000e+01
3.900000000000000000e+01
4.100000000000000000e+01
4.500000000000000000e+01
5.200000000000000000e+01
3.600000000000000000e+01
3.900000000000000000e+01
3.600000000000000000e+01
3.800000000000000000e+01
5.200000000000000000e+01
4.500000000000000000e+01
6.100000000000000000e+01
5.700000000000000000e+01
5.200000000000000000e+01
3.900000000000000000e+01
4.400000000000000000e+01
5.100000000000000000e+01
5.100000000000000000e+01
4.700000000000000000e+01
5.800000000000000000e+01
6.000000000000000000e+01
5.000000000000000000e+01
6.400000000000000000e+01
1.400000000000000000e+02
9.606000000000000000e+03
5.038000000000000000e+03
3.247000000000000000e+03
2.711000000000000000e+03
2.178000000000000000e+03
1.805000000000000000e+03
1.729000000000000000e+03
1.633000000000000000e+03
1.661000000000000000e+03
1.569000000000000000e+03
1.668000000000000000e+03
1.731000000000000000e+03
1.764000000000000000e+03
1.852000000000000000e+03
1.970000000000000000e+03
2.287000000000000000e+03
2.346000000000000000e+03
1.966000000000000000e+03
1.886000000000000000e+03
1.921000000000000000e+03
1.903000000000000000e+03
1.728000000000000000e+03
1.680000000000000000e+03
1.569000000000000000e+03
1.610000000000000000e+03
1.516000000000000000e+03
1.556000000000000000e+03
1.493000000000000000e+03
1.432000000000000000e+03
1.453000000000000000e+03
1.298000000000000000e+03
1.266000000000000000e+03
1.251000000000000000e+03
1.335000000000000000e+03
1.316000000000000000e+03
1.470000000000000000e+03
1.575000000000000000e+03
1.630000000000000000e+03
1.723000000000000000e+03
1.806000000000000000e+03
1.808000000000000000e+03
1.860000000000000000e+03
1.845000000000000000e+03
1.849000000000000000e+03
1.867000000000000000e+03
1.775000000000000000e+03
1.747000000000000000e+03
1.838000000000000000e+03
1.800000000000000000e+03
1.850000000000000000e+03
1.866000000000000000e+03
1.872000000000000000e+03
1.846000000000000000e+03
1.834000000000000000e+03
1.819000000000000000e+03
1.787000000000000000e+03
1.679000000000000000e+03
1.625000000000000000e+03
1.566000000000000000e+03
1.409000000000000000e+03
1.397000000000000000e+03
1.365000000000000000e+03
1.285000000000000000e+03
1.203000000000000000e+03
1.221000000000000000e+03
1.161000000000000000e+03
1.014000000000000000e+03
9.780000000000000000e+02
8.740000000000000000e+02
8.360000000000000000e+02
7.980000000000000000e+02
8.160000000000000000e+02
7.810000000000000000e+02
8.380000000000000000e+02
8.710000000000000000e+02
8.410000000000000000e+02
7.990000000000000000e+02
8.710000000000000000e+02
9.630000000000000000e+02
9.200000000000000000e+02
6.920000000000000000e+02
6.350000000000000000e+02
5.620000000000000000e+02
5.340000000000000000e+02
5.400000000000000000e+02
5.710000000000000000e+02
5.170000000000000000e+02
4.770000000000000000e+02
5.140000000000000000e+02
5.150000000000000000e+02
5.770000000000000000e+02
5.060000000000000000e+02
4.420000000000000000e+02
3.700000000000000000e+02
3.790000000000000000e+02
3.270000000000000000e+02
3.140000000000000000e+02
2.720000000000000000e+02
2.780000000000000000e+02
2.800000000000000000e+02
2.520000000000000000e+02
2.420000000000000000e+02
2.380000000000000000e+02
2.400000000000000000e+02
2.050000000000000000e+02
2.070000000000000000e+02
1.970000000000000000e+02
1.850000000000000000e+02
1.690000000000000000e+02
1.740000000000000000e+02
1.730000000000000000e+02
1.540000000000000000e+02
1.220000000000000000e+02
1.530000000000000000e+02
1.260000000000000000e+02
1.310000000000000000e+02
1.330000000000000000e+02
1.180000000000000000e+02
1.100000000000000000e+02
1.160000000000000000e+02
1.130000000000000000e+02
1.230000000000000000e+02
1.240000000000000000e+02
1.330000000000000000e+02
1.530000000000000000e+02
1.200000000000000000e+02
1.160000000000000000e+02
1.560000000000000000e+02
1.510000000000000000e+02
1.430000000000000000e+02
1.840000000000000000e+02
1.860000000000000000e+02
2.100000000000000000e+02
2.050000000000000000e+02
1.820000000000000000e+02
2.470000000000000000e+02
2.610000000000000000e+02
2.410000000000000000e+02
2.930000000000000000e+02
2.920000000000000000e+02
3.120000000000000000e+02
3.350000000000000000e+02
3.540000000000000000e+02
3.310000000000000000e+02
3.450000000000000000e+02
3.500000000000000000e+02
3.390000000000000000e+02
3.330000000000000000e+02
3.080000000000000000e+02
3.490000000000000000e+02
3.270000000000000000e+02
3.650000000000000000e+02
3.170000000000000000e+02
2.790000000000000000e+02
3.000000000000000000e+02
3.020000000000000000e+02
2.780000000000000000e+02
2.840000000000000000e+02
2.450000000000000000e+02
2.450000000000000000e+02
2.250000000000000000e+02
2.240000000000000000e+02
2.100000000000000000e+02
2.530000000000000000e+02
2.070000000000000000e+02
2.270000000000000000e+02
2.520000000000000000e+02
2.160000000000000000e+02
2.210000000000000000e+02
2.220000000000000000e+02
2.310000000000000000e+02
2.390000000000000000e+02
2.250000000000000000e+02
1.850000000000000000e+02
2.030000000000000000e+02
1.970000000000000000e+02
2.200000000000000000e+02
1.940000000000000000e+02
1.870000000000000000e+02
1.850000000000000000e+02
1.610000000000000000e+02
1.740000000000000000e+02
1.540000000000000000e+02
1.540000000000000000e+02
1.470000000000000000e+02
1.600000000000000000e+02
1.260000000000000000e+02
1.050000000000000000e+02
1.220000000000000000e+02
8.400000000000000000e+01
8.800000000000000000e+01
7.300000000000000000e+01
6.100000000000000000e+01
6.500000000000000000e+01
5.100000000000000000e+01
6.200000000000000000e+01
5.500000000000000000e+01
3.800000000000000000e+01
3.700000000000000000e+01
3.600000000000000000e+01
3.600000000000000000e+01
3.200000000000000000e+01
3.200000000000000000e+01
4.400000000000000000e+01
4.000000000000000000e+01
3.500000000000000000e+01
4.800000000000000000e+01
3.300000000000000000e+01
3.000000000000000000e+01
4.200000000000000000e+01
4.600000000000000000e+01
3.300000000000000000e+01
3.500000000000000000e+01
3.700000000000000000e+01
3.100000000000000000e+01
2.600000000000000000e+01
3.500000000000000000e+01
2.800000000000000000e+01
2.900000000000000000e+01
2.800000000000000000e+01
2.800000000000000000e+01
3.000000000000000000e+01
1.800000000000000000e+01
2.400000000000000000e+01
1.500000000000000000e+01
8.000000000000000000e+00
1.200000000000000000e+01
1.900000000000000000e+01
1.400000000000000000e+01
6.000000000000000000e+00
1.500000000000000000e+01
5.000000000000000000e+00
7.000000000000000000e+00
4.000000000000000000e+00
6.000000000000000000e+00
3.000000000000000000e+00
1.000000000000000000e+01
3.000000000000000000e+00
1.000000000000000000e+00
4.000000000000000000e+00
0.000000000000000000e+00
3.000000000000000000e+00
3.000000000000000000e+00
4.000000000000000000e+00
1.100000000000000000e+01
4.000000000000000000e+00
3.000000000000000000e+00
1.000000000000000000e+00
2.000000000000000000e+00
4.000000000000000000e+00
1.000000000000000000e+00
9.000000000000000000e+00
2.000000000000000000e+00
5.000000000000000000e+00
2.000000000000000000e+00
8.000000000000000000e+00
