3.532000000000000000e+03
6.109000000000000000e+03
4.425000000000000000e+03
2.921000000000000000e+03
2.661000000000000000e+03
2.150000000000000000e+03
1.966000000000000000e+03
1.931000000000000000e+03
2.281000000000000000e+03
3.026000000000000000e+03
4.133000000000000000e+03
4.826000000000000000e+03
4.491000000000000000e+03
4.606000000000000000e+03
4.763000000000000000e+03
4.345000000000000000e+03
4.129000000000000000e+03
3.921000000000000000e+03
4.081000000000000000e+03
3.757000000000000000e+03
3.744000000000000000e+03
3.527000000000000000e+03
3.355000000000000000e+03
4.548000000000000000e+03
4.577000000000000000e+03
4.836000000000000000e+03
4.349000000000000000e+03
3.043000000000000000e+03
3.814000000000000000e+03
2.770000000000000000e+03
2.645000000000000000e+03
3.246000000000000000e+03
2.692000000000000000e+03
2.724000000000000000e+03
2.721000000000000000e+03
2.337000000000000000e+03
2.340000000000000000e+03
2.243000000000000000e+03
1.943000000000000000e+03
2.130000000000000000e+03
1.927000000000000000e+03
1.947000000000000000e+03
1.471000000000000000e+03
1.832000000000000000e+03
1.482000000000000000e+03
1.802000000000000000e+03
1.227000000000000000e+03
1.619000000000000000e+03
1.398000000000000000e+03
1.846000000000000000e+03
1.656000000000000000e+03
1.347000000000000000e+03
1.625000000000000000e+03
1.076000000000000000e+03
1.646000000000000000e+03
1.016000000000000000e+03
1.274000000000000000e+03
1.056000000000000000e+03
1.062000000000000000e+03
9.330000000000000000e+02
9.970000000000000000e+02
8.780000000000000000e+02
8.750000000000000000e+02
9.340000000000000000e+02
7.810000000000000000e+02
7.620000000000000000e+02
6.080000000000000000e+02
8.170000000000000000e+02
5.800000000000000000e+02
7.720000000000000000e+02
5.820000000000000000e+02
7.160000000000000000e+02
6.520000000000000000e+02
7.100000000000000000e+02
5.690000000000000000e+02
7.200000000000000000e+02
6.330000000000000000e+02
6.030000000000000000e+02
6.070000000000000000e+02
6.310000000000000000e+02
6.660000000000000000e+02
5.270000000000000000e+02
5.910000000000000000e+02
6.240000000000000000e+02
7.180000000000000000e+02
5.980000000000000000e+02
5.530000000000000000e+02
4.780000000000000000e+02
4.120000000000000000e+02
2.960000000000000000e+02
2.460000000000000000e+02
2.290000000000000000e+02
2.610000000000000000e+02
2.330000000000000000e+02
2.450000000000000000e+02
2.430000000000000000e+02
2.320000000000000000e+02
2.280000000000000000e+02
2.190000000000000000e+02
2.040000000000000000e+02
2.250000000000000000e+02
2.110000000000000000e+02
2.250000000000000000e+02
2.410000000000000000e+02
2.330000000000000000e+02
1.900000000000000000e+02
2.270000000000000000e+02
2.200000000000000000e+02
2.100000000000000000e+02
1.990000000000000000e+02
1.910000000000000000e+02
1.910000000000000000e+02
1.910000000000000000e+02
1.990000000000000000e+02
1.960000000000000000e+02
1.960000000000000000e+02
2.090000000000000000e+02
1.890000000000000000e+02
1.950000000000000000e+02
2.010000000000000000e+02
1.640000000000000000e+02
1.760000000000000000e+02
1.720000000000000000e+02
2.000000000000000000e+02
1.750000000000000000e+02
2.000000000000000000e+02
1.850000000000000000e+02
1.800000000000000000e+02
1.490000000000000000e+02
1.730000000000000000e+02
2.100000000000000000e+02
1.800000000000000000e+02
2.050000000000000000e+02
1.960000000000000000e+02
1.730000000000000000e+02
1.600000000000000000e+02
1.600000000000000000e+02
1.920000000000000000e+02
1.690000000000000000e+02
1.580000000000000000e+02
1.710000000000000000e+02
1.540000000000000000e+02
1.640000000000000000e+02
1.680000000000000000e+02
1.680000000000000000e+02
1.570000000000000000e+02
1.580000000000000000e+02
1.470000000000000000e+02
1.410000000000000000e+02
1.520000000000000000e+02
1.640000000000000000e+02
1.620000000000000000e+02
1.550000000000000000e+02
1.850000000000000000e+02
1.730000000000000000e+02
1.600000000000000000e+02
1.830000000000000000e+02
1.800000000000000000e+02
1.690000000000000000e+02
1.880000000000000000e+02
1.630000000000000000e+02
1.870000000000000000e+02
2.010000000000000000e+02
1.810000000000000000e+02
2.170000000000000000e+02
2.440000000000000000e+02
2.520000000000000000e+02
2.500000000000000000e+02
2.620000000000000000e+02
2.480000000000000000e+02
2.660000000000000000e+02
2.410000000000000000e+02
2.820000000000000000e+02
3.150000000000000000e+02
2.800000000000000000e+02
2.750000000000000000e+02
2.330000000000000000e+02
1.940000000000000000e+02
2.340000000000000000e+02
2.430000000000000000e+02
2.370000000000000000e+02
2.360000000000000000e+02
2.810000000000000000e+02
3.340000000000000000e+02
3.570000000000000000e+02
3.670000000000000000e+02
3.990000000000000000e+02
4.310000000000000000e+02
3.950000000000000000e+02
4.200000000000000000e+02
4.500000000000000000e+02
4.120000000000000000e+02
4.410000000000000000e+02
4.620000000000000000e+02
4.300000000000000000e+02
4.760000000000000000e+02
4.990000000000000000e+02
5.440000000000000000e+02
5.800000000000000000e+02
5.770000000000000000e+02
5.950000000000000000e+02
5.810000000000000000e+02
5.780000000000000000e+02
5.950000000000000000e+02
6.590000000000000000e+02
8.290000000000000000e+02
1.027000000000000000e+03
9.820000000000000000e+02
1.033000000000000000e+03
9.780000000000000000e+02
7.880000000000000000e+02
7.630000000000000000e+02
6.150000000000000000e+02
5.860000000000000000e+02
5.700000000000000000e+02
5.310000000000000000e+02
5.470000000000000000e+02
4.960000000000000000e+02
4.580000000000000000e+02
5.190000000000000000e+02
4.330000000000000000e+02
4.740000000000000000e+02
4.870000000000000000e+02
4.290000000000000000e+02
4.410000000000000000e+02
4.880000000000000000e+02
4.920000000000000000e+02
5.040000000000000000e+02
4.720000000000000000e+02
4.810000000000000000e+02
4.810000000000000000e+02
5.120000000000000000e+02
4.670000000000000000e+02
5.630000000000000000e+02
5.330000000000000000e+02
5.040000000000000000e+02
5.190000000000000000e+02
5.390000000000000000e+02
5.270000000000000000e+02
4.020000000000000000e+02
4.420000000000000000e+02
3.640000000000000000e+02
3.370000000000000000e+02
3.220000000000000000e+02
2.460000000000000000e+02
1.690000000000000000e+02
1.540000000000000000e+02
1.180000000000000000e+02
1.580000000000000000e+02
2.020000000000000000e+02
1.990000000000000000e+02
1.970000000000000000e+02
1.580000000000000000e+02
1.090000000000000000e+02
9.700000000000000000e+01
2.900000000000000000e+01
2.892000000000000000e+03
5.780000000000000000e+03
4.063000000000000000e+03
1.903000000000000000e+03
2.167000000000000000e+03
2.438000000000000000e+03
2.047000000000000000e+03
1.919000000000000000e+03
1.818000000000000000e+03
1.890000000000000000e+03
2.704000000000000000e+03
4.252000000000000000e+03
5.054000000000000000e+03
4.409000000000000000e+03
4.219000000000000000e+03
4.985000000000000000e+03
4.193000000000000000e+03
5.072000000000000000e+03
4.701000000000000000e+03
4.225000000000000000e+03
4.245000000000000000e+03
3.843000000000000000e+03
3.615000000000000000e+03
4.289000000000000000e+03
4.158000000000000000e+03
4.744000000000000000e+03
5.035000000000000000e+03
3.650000000000000000e+03
3.961000000000000000e+03
2.939000000000000000e+03
2.693000000000000000e+03
3.266000000000000000e+03
2.785000000000000000e+03
2.776000000000000000e+03
2.728000000000000000e+03
2.364000000000000000e+03
2.279000000000000000e+03
2.221000000000000000e+03
1.901000000000000000e+03
2.183000000000000000e+03
1.893000000000000000e+03
2.004000000000000000e+03
1.394000000000000000e+03
1.973000000000000000e+03
1.242000000000000000e+03
1.990000000000000000e+03
1.240000000000000000e+03
1.893000000000000000e+03
1.423000000000000000e+03
1.732000000000000000e+03
1.698000000000000000e+03
1.363000000000000000e+03
1.603000000000000000e+03
1.104000000000000000e+03
1.691000000000000000e+03
1.029000000000000000e+03
1.278000000000000000e+03
1.030000000000000000e+03
1.096000000000000000e+03
9.700000000000000000e+02
9.800000000000000000e+02
9.310000000000000000e+02
8.930000000000000000e+02
9.060000000000000000e+02
8.040000000000000000e+02
8.390000000000000000e+02
6.260000000000000000e+02
7.980000000000000000e+02
5.440000000000000000e+02
7.360000000000000000e+02
5.610000000000000000e+02
7.270000000000000000e+02
6.890000000000000000e+02
7.260000000000000000e+02
5.820000000000000000e+02
7.650000000000000000e+02
6.480000000000000000e+02
6.210000000000000000e+02
6.160000000000000000e+02
5.760000000000000000e+02
6.890000000000000000e+02
5.760000000000000000e+02
6.030000000000000000e+02
6.300000000000000000e+02
7.370000000000000000e+02
6.050000000000000000e+02
5.770000000000000000e+02
4.550000000000000000e+02
3.850000000000000000e+02
3.250000000000000000e+02
2.560000000000000000e+02
2.690000000000000000e+02
2.530000000000000000e+02
2.460000000000000000e+02
2.460000000000000000e+02
2.560000000000000000e+02
2.220000000000000000e+02
2.580000000000000000e+02
2.260000000000000000e+02
2.080000000000000000e+02
2.100000000000000000e+02
2.100000000000000000e+02
2.180000000000000000e+02
2.160000000000000000e+02
2.170000000000000000e+02
2.180000000000000000e+02
2.140000000000000000e+02
1.940000000000000000e+02
2.030000000000000000e+02
2.050000000000000000e+02
2.190000000000000000e+02
2.210000000000000000e+02
1.910000000000000000e+02
2.020000000000000000e+02
1.720000000000000000e+02
1.780000000000000000e+02
1.770000000000000000e+02
1.910000000000000000e+02
2.050000000000000000e+02
1.990000000000000000e+02
1.820000000000000000e+02
2.000000000000000000e+02
1.710000000000000000e+02
1.850000000000000000e+02
1.740000000000000000e+02
1.970000000000000000e+02
1.770000000000000000e+02
1.670000000000000000e+02
1.750000000000000000e+02
1.960000000000000000e+02
1.680000000000000000e+02
2.120000000000000000e+02
1.700000000000000000e+02
1.570000000000000000e+02
1.690000000000000000e+02
2.010000000000000000e+02
1.660000000000000000e+02
1.840000000000000000e+02
1.870000000000000000e+02
1.870000000000000000e+02
1.810000000000000000e+02
1.610000000000000000e+02
1.590000000000000000e+02
1.730000000000000000e+02
1.670000000000000000e+02
1.770000000000000000e+02
1.720000000000000000e+02
1.630000000000000000e+02
1.560000000000000000e+02
1.540000000000000000e+02
1.440000000000000000e+02
1.390000000000000000e+02
1.500000000000000000e+02
1.580000000000000000e+02
1.570000000000000000e+02
1.580000000000000000e+02
1.540000000000000000e+02
1.570000000000000000e+02
1.720000000000000000e+02
1.660000000000000000e+02
1.840000000000000000e+02
1.630000000000000000e+02
1.770000000000000000e+02
1.960000000000000000e+02
1.820000000000000000e+02
1.940000000000000000e+02
1.950000000000000000e+02
2.360000000000000000e+02
2.260000000000000000e+02
2.650000000000000000e+02
2.710000000000000000e+02
2.920000000000000000e+02
2.770000000000000000e+02
2.730000000000000000e+02
2.820000000000000000e+02
2.730000000000000000e+02
2.840000000000000000e+02
3.030000000000000000e+02
2.980000000000000000e+02
2.780000000000000000e+02
2.630000000000000000e+02
2.500000000000000000e+02
2.620000000000000000e+02
3.050000000000000000e+02
3.570000000000000000e+02
3.720000000000000000e+02
3.510000000000000000e+02
4.280000000000000000e+02
4.380000000000000000e+02
3.860000000000000000e+02
4.040000000000000000e+02
4.530000000000000000e+02
4.150000000000000000e+02
4.450000000000000000e+02
4.670000000000000000e+02
4.460000000000000000e+02
4.310000000000000000e+02
5.050000000000000000e+02
5.570000000000000000e+02
5.820000000000000000e+02
5.900000000000000000e+02
6.000000000000000000e+02
5.420000000000000000e+02
5.800000000000000000e+02
5.960000000000000000e+02
6.700000000000000000e+02
8.230000000000000000e+02
1.039000000000000000e+03
1.001000000000000000e+03
1.046000000000000000e+03
9.750000000000000000e+02
8.050000000000000000e+02
7.540000000000000000e+02
6.270000000000000000e+02
6.020000000000000000e+02
5.250000000000000000e+02
5.470000000000000000e+02
5.170000000000000000e+02
4.820000000000000000e+02
4.770000000000000000e+02
4.710000000000000000e+02
4.760000000000000000e+02
4.830000000000000000e+02
4.980000000000000000e+02
4.520000000000000000e+02
4.750000000000000000e+02
4.970000000000000000e+02
4.880000000000000000e+02
5.010000000000000000e+02
4.780000000000000000e+02
4.930000000000000000e+02
5.280000000000000000e+02
5.330000000000000000e+02
5.210000000000000000e+02
5.900000000000000000e+02
5.300000000000000000e+02
5.530000000000000000e+02
5.630000000000000000e+02
5.560000000000000000e+02
4.660000000000000000e+02
4.590000000000000000e+02
4.240000000000000000e+02
3.970000000000000000e+02
3.270000000000000000e+02
2.460000000000000000e+02
1.880000000000000000e+02
1.490000000000000000e+02
1.280000000000000000e+02
1.620000000000000000e+02
2.040000000000000000e+02
1.880000000000000000e+02
1.980000000000000000e+02
1.560000000000000000e+02
1.100000000000000000e+02
9.000000000000000000e+01
1.130000000000000000e+02
1.338400000000000000e+04
4.024000000000000000e+03
2.754000000000000000e+03
2.328000000000000000e+03
3.203000000000000000e+03
4.229000000000000000e+03
4.836000000000000000e+03
4.031000000000000000e+03
3.096000000000000000e+03
2.713000000000000000e+03
4.301000000000000000e+03
3.788000000000000000e+03
4.412000000000000000e+03
3.404000000000000000e+03
2.697000000000000000e+03
2.682000000000000000e+03
2.973000000000000000e+03
3.056000000000000000e+03
3.144000000000000000e+03
3.146000000000000000e+03
2.657000000000000000e+03
2.448000000000000000e+03
2.246000000000000000e+03
3.268000000000000000e+03
3.954000000000000000e+03
3.736000000000000000e+03
4.217000000000000000e+03
3.303000000000000000e+03
4.283000000000000000e+03
2.765000000000000000e+03
2.304000000000000000e+03
2.600000000000000000e+03
2.318000000000000000e+03
2.688000000000000000e+03
2.440000000000000000e+03
2.618000000000000000e+03
2.920000000000000000e+03
2.669000000000000000e+03
2.259000000000000000e+03
2.067000000000000000e+03
1.575000000000000000e+03
1.724000000000000000e+03
1.365000000000000000e+03
1.940000000000000000e+03
1.262000000000000000e+03
1.829000000000000000e+03
1.182000000000000000e+03
2.129000000000000000e+03
1.520000000000000000e+03
2.057000000000000000e+03
1.775000000000000000e+03
1.543000000000000000e+03
1.669000000000000000e+03
1.062000000000000000e+03
1.555000000000000000e+03
1.032000000000000000e+03
1.297000000000000000e+03
1.059000000000000000e+03
1.042000000000000000e+03
9.380000000000000000e+02
1.030000000000000000e+03
8.810000000000000000e+02
8.620000000000000000e+02
8.600000000000000000e+02
8.260000000000000000e+02
7.850000000000000000e+02
6.200000000000000000e+02
8.040000000000000000e+02
5.750000000000000000e+02
7.640000000000000000e+02
5.840000000000000000e+02
7.150000000000000000e+02
6.900000000000000000e+02
6.840000000000000000e+02
6.560000000000000000e+02
7.580000000000000000e+02
6.250000000000000000e+02
6.470000000000000000e+02
5.900000000000000000e+02
6.320000000000000000e+02
6.910000000000000000e+02
5.540000000000000000e+02
6.140000000000000000e+02
5.970000000000000000e+02
7.310000000000000000e+02
6.210000000000000000e+02
5.580000000000000000e+02
4.640000000000000000e+02
3.900000000000000000e+02
3.430000000000000000e+02
2.880000000000000000e+02
2.970000000000000000e+02
2.480000000000000000e+02
2.620000000000000000e+02
2.530000000000000000e+02
2.300000000000000000e+02
2.680000000000000000e+02
2.240000000000000000e+02
2.500000000000000000e+02
2.160000000000000000e+02
2.170000000000000000e+02
2.230000000000000000e+02
2.070000000000000000e+02
2.150000000000000000e+02
2.050000000000000000e+02
2.050000000000000000e+02
1.960000000000000000e+02
2.240000000000000000e+02
2.160000000000000000e+02
2.050000000000000000e+02
1.800000000000000000e+02
1.980000000000000000e+02
2.030000000000000000e+02
1.870000000000000000e+02
1.840000000000000000e+02
1.820000000000000000e+02
2.020000000000000000e+02
1.960000000000000000e+02
1.650000000000000000e+02
1.740000000000000000e+02
2.110000000000000000e+02
1.710000000000000000e+02
1.650000000000000000e+02
1.800000000000000000e+02
1.890000000000000000e+02
1.790000000000000000e+02
1.730000000000000000e+02
1.720000000000000000e+02
1.880000000000000000e+02
1.760000000000000000e+02
1.830000000000000000e+02
1.830000000000000000e+02
1.960000000000000000e+02
1.680000000000000000e+02
1.940000000000000000e+02
1.640000000000000000e+02
1.730000000000000000e+02
1.690000000000000000e+02
1.920000000000000000e+02
1.930000000000000000e+02
1.960000000000000000e+02
1.810000000000000000e+02
1.770000000000000000e+02
1.640000000000000000e+02
1.620000000000000000e+02
1.710000000000000000e+02
1.650000000000000000e+02
1.640000000000000000e+02
1.610000000000000000e+02
1.520000000000000000e+02
1.680000000000000000e+02
1.680000000000000000e+02
1.680000000000000000e+02
1.680000000000000000e+02
1.620000000000000000e+02
1.500000000000000000e+02
1.360000000000000000e+02
1.780000000000000000e+02
1.270000000000000000e+02
1.530000000000000000e+02
1.510000000000000000e+02
1.460000000000000000e+02
1.780000000000000000e+02
1.410000000000000000e+02
1.580000000000000000e+02
1.510000000000000000e+02
1.770000000000000000e+02
2.090000000000000000e+02
1.830000000000000000e+02
2.010000000000000000e+02
1.940000000000000000e+02
2.100000000000000000e+02
2.230000000000000000e+02
2.280000000000000000e+02
2.520000000000000000e+02
2.510000000000000000e+02
2.660000000000000000e+02
2.630000000000000000e+02
2.380000000000000000e+02
2.680000000000000000e+02
2.550000000000000000e+02
3.160000000000000000e+02
2.610000000000000000e+02
2.790000000000000000e+02
3.180000000000000000e+02
2.580000000000000000e+02
2.790000000000000000e+02
3.070000000000000000e+02
3.130000000000000000e+02
3.770000000000000000e+02
4.390000000000000000e+02
3.780000000000000000e+02
4.530000000000000000e+02
4.400000000000000000e+02
4.600000000000000000e+02
4.650000000000000000e+02
4.800000000000000000e+02
4.560000000000000000e+02
5.090000000000000000e+02
4.420000000000000000e+02
4.720000000000000000e+02
5.110000000000000000e+02
5.540000000000000000e+02
5.720000000000000000e+02
5.630000000000000000e+02
5.720000000000000000e+02
5.430000000000000000e+02
6.310000000000000000e+02
6.260000000000000000e+02
6.980000000000000000e+02
8.600000000000000000e+02
1.104000000000000000e+03
1.039000000000000000e+03
1.031000000000000000e+03
1.029000000000000000e+03
7.730000000000000000e+02
6.880000000000000000e+02
6.490000000000000000e+02
6.140000000000000000e+02
5.460000000000000000e+02
5.440000000000000000e+02
6.050000000000000000e+02
5.240000000000000000e+02
4.860000000000000000e+02
5.000000000000000000e+02
4.600000000000000000e+02
5.220000000000000000e+02
5.200000000000000000e+02
5.080000000000000000e+02
5.040000000000000000e+02
5.440000000000000000e+02
5.270000000000000000e+02
5.190000000000000000e+02
5.540000000000000000e+02
5.880000000000000000e+02
5.270000000000000000e+02
5.570000000000000000e+02
5.590000000000000000e+02
6.020000000000000000e+02
5.980000000000000000e+02
6.150000000000000000e+02
5.060000000000000000e+02
3.960000000000000000e+02
3.650000000000000000e+02
3.600000000000000000e+02
3.250000000000000000e+02
2.770000000000000000e+02
1.990000000000000000e+02
2.030000000000000000e+02
2.290000000000000000e+02
2.050000000000000000e+02
2.030000000000000000e+02
1.750000000000000000e+02
1.270000000000000000e+02
9.200000000000000000e+01
2.500000000000000000e+02
