1.960000000000000000e+02
1.850000000000000000e+02
2.460000000000000000e+02
2.580000000000000000e+02
2.880000000000000000e+02
2.710000000000000000e+02
2.840000000000000000e+02
3.250000000000000000e+02
2.910000000000000000e+02
3.620000000000000000e+02
2.920000000000000000e+02
3.320000000000000000e+02
3.480000000000000000e+02
3.350000000000000000e+02
3.330000000000000000e+02
4.250000000000000000e+02
4.450000000000000000e+02
5.000000000000000000e+02
5.670000000000000000e+02
5.060000000000000000e+02
4.930000000000000000e+02
5.170000000000000000e+02
6.220000000000000000e+02
7.840000000000000000e+02
7.650000000000000000e+02
8.250000000000000000e+02
7.060000000000000000e+02
6.450000000000000000e+02
7.190000000000000000e+02
7.490000000000000000e+02
7.060000000000000000e+02
6.930000000000000000e+02
7.280000000000000000e+02
6.670000000000000000e+02
6.330000000000000000e+02
6.330000000000000000e+02
5.980000000000000000e+02
5.330000000000000000e+02
5.920000000000000000e+02
5.750000000000000000e+02
5.550000000000000000e+02
5.940000000000000000e+02
5.380000000000000000e+02
5.790000000000000000e+02
5.890000000000000000e+02
6.000000000000000000e+02
5.730000000000000000e+02
5.530000000000000000e+02
5.470000000000000000e+02
5.930000000000000000e+02
5.640000000000000000e+02
5.830000000000000000e+02
6.370000000000000000e+02
6.220000000000000000e+02
6.480000000000000000e+02
6.460000000000000000e+02
5.860000000000000000e+02
5.830000000000000000e+02
5.730000000000000000e+02
5.760000000000000000e+02
5.660000000000000000e+02
4.960000000000000000e+02
4.940000000000000000e+02
5.520000000000000000e+02
5.210000000000000000e+02
4.970000000000000000e+02
5.500000000000000000e+02
5.560000000000000000e+02
5.360000000000000000e+02
5.170000000000000000e+02
5.200000000000000000e+02
5.530000000000000000e+02
5.220000000000000000e+02
5.650000000000000000e+02
5.000000000000000000e+02
5.520000000000000000e+02
5.560000000000000000e+02
5.430000000000000000e+02
5.740000000000000000e+02
5.470000000000000000e+02
5.200000000000000000e+02
5.290000000000000000e+02
5.750000000000000000e+02
5.410000000000000000e+02
5.510000000000000000e+02
5.620000000000000000e+02
5.760000000000000000e+02
5.600000000000000000e+02
6.010000000000000000e+02
5.540000000000000000e+02
5.210000000000000000e+02
5.590000000000000000e+02
5.630000000000000000e+02
5.540000000000000000e+02
5.410000000000000000e+02
5.680000000000000000e+02
5.670000000000000000e+02
5.550000000000000000e+02
5.520000000000000000e+02
5.650000000000000000e+02
5.490000000000000000e+02
5.580000000000000000e+02
5.320000000000000000e+02
5.780000000000000000e+02
5.190000000000000000e+02
5.570000000000000000e+02
5.680000000000000000e+02
4.870000000000000000e+02
5.010000000000000000e+02
5.290000000000000000e+02
5.670000000000000000e+02
5.000000000000000000e+02
4.910000000000000000e+02
5.210000000000000000e+02
5.310000000000000000e+02
5.180000000000000000e+02
5.080000000000000000e+02
5.560000000000000000e+02
5.810000000000000000e+02
4.880000000000000000e+02
5.160000000000000000e+02
5.160000000000000000e+02
5.190000000000000000e+02
5.060000000000000000e+02
5.460000000000000000e+02
5.220000000000000000e+02
5.270000000000000000e+02
5.200000000000000000e+02
5.070000000000000000e+02
5.630000000000000000e+02
5.290000000000000000e+02
5.220000000000000000e+02
5.920000000000000000e+02
5.590000000000000000e+02
5.870000000000000000e+02
6.010000000000000000e+02
5.380000000000000000e+02
5.420000000000000000e+02
5.530000000000000000e+02
5.340000000000000000e+02
5.580000000000000000e+02
6.080000000000000000e+02
5.550000000000000000e+02
6.080000000000000000e+02
5.520000000000000000e+02
5.990000000000000000e+02
6.720000000000000000e+02
6.580000000000000000e+02
6.400000000000000000e+02
6.240000000000000000e+02
7.140000000000000000e+02
6.830000000000000000e+02
6.560000000000000000e+02
6.380000000000000000e+02
6.230000000000000000e+02
7.100000000000000000e+02
7.430000000000000000e+02
7.390000000000000000e+02
7.750000000000000000e+02
7.730000000000000000e+02
8.080000000000000000e+02
8.060000000000000000e+02
7.810000000000000000e+02
7.680000000000000000e+02
8.230000000000000000e+02
8.400000000000000000e+02
8.540000000000000000e+02
8.900000000000000000e+02
8.600000000000000000e+02
8.830000000000000000e+02
8.710000000000000000e+02
9.620000000000000000e+02
9.780000000000000000e+02
9.460000000000000000e+02
1.021000000000000000e+03
1.000000000000000000e+03
9.800000000000000000e+02
1.030000000000000000e+03
1.024000000000000000e+03
1.042000000000000000e+03
1.128000000000000000e+03
1.105000000000000000e+03
1.152000000000000000e+03
1.147000000000000000e+03
1.136000000000000000e+03
1.137000000000000000e+03
1.095000000000000000e+03
1.134000000000000000e+03
1.055000000000000000e+03
1.091000000000000000e+03
1.103000000000000000e+03
1.072000000000000000e+03
1.108000000000000000e+03
1.125000000000000000e+03
1.073000000000000000e+03
1.094000000000000000e+03
1.099000000000000000e+03
1.079000000000000000e+03
1.091000000000000000e+03
1.094000000000000000e+03
1.158000000000000000e+03
1.230000000000000000e+03
1.147000000000000000e+03
1.188000000000000000e+03
1.235000000000000000e+03
1.315000000000000000e+03
1.357000000000000000e+03
1.370000000000000000e+03
1.447000000000000000e+03
1.500000000000000000e+03
1.558000000000000000e+03
1.665000000000000000e+03
1.716000000000000000e+03
1.759000000000000000e+03
1.776000000000000000e+03
1.672000000000000000e+03
1.672000000000000000e+03
1.634000000000000000e+03
1.744000000000000000e+03
1.749000000000000000e+03
1.831000000000000000e+03
1.849000000000000000e+03
1.787000000000000000e+03
1.861000000000000000e+03
1.868000000000000000e+03
1.963000000000000000e+03
1.998000000000000000e+03
1.896000000000000000e+03
1.947000000000000000e+03
1.949000000000000000e+03
1.952000000000000000e+03
2.058000000000000000e+03
2.004000000000000000e+03
2.013000000000000000e+03
1.923000000000000000e+03
1.979000000000000000e+03
2.029000000000000000e+03
2.081000000000000000e+03
2.106000000000000000e+03
2.091000000000000000e+03
2.095000000000000000e+03
2.180000000000000000e+03
2.107000000000000000e+03
2.152000000000000000e+03
2.133000000000000000e+03
2.162000000000000000e+03
1.998000000000000000e+03
2.179000000000000000e+03
2.190000000000000000e+03
2.340000000000000000e+03
2.423000000000000000e+03
2.522000000000000000e+03
2.808000000000000000e+03
3.232000000000000000e+03
3.840000000000000000e+03
6.169000000000000000e+03
3.900000000000000000e+02
2.840000000000000000e+02
3.310000000000000000e+02
3.950000000000000000e+02
4.040000000000000000e+02
3.860000000000000000e+02
4.350000000000000000e+02
4.360000000000000000e+02
4.000000000000000000e+02
4.200000000000000000e+02
4.080000000000000000e+02
4.050000000000000000e+02
4.690000000000000000e+02
4.520000000000000000e+02
5.040000000000000000e+02
5.310000000000000000e+02
5.630000000000000000e+02
6.040000000000000000e+02
6.290000000000000000e+02
6.030000000000000000e+02
5.960000000000000000e+02
6.140000000000000000e+02
6.720000000000000000e+02
8.360000000000000000e+02
8.370000000000000000e+02
8.690000000000000000e+02
8.460000000000000000e+02
7.320000000000000000e+02
7.810000000000000000e+02
7.850000000000000000e+02
7.500000000000000000e+02
7.360000000000000000e+02
7.210000000000000000e+02
7.290000000000000000e+02
6.310000000000000000e+02
6.560000000000000000e+02
6.470000000000000000e+02
6.040000000000000000e+02
6.120000000000000000e+02
6.240000000000000000e+02
6.250000000000000000e+02
5.660000000000000000e+02
6.130000000000000000e+02
5.980000000000000000e+02
6.070000000000000000e+02
5.870000000000000000e+02
5.780000000000000000e+02
5.780000000000000000e+02
6.030000000000000000e+02
5.520000000000000000e+02
5.650000000000000000e+02
5.900000000000000000e+02
6.230000000000000000e+02
6.150000000000000000e+02
6.580000000000000000e+02
6.320000000000000000e+02
5.590000000000000000e+02
6.090000000000000000e+02
5.920000000000000000e+02
6.430000000000000000e+02
6.000000000000000000e+02
5.290000000000000000e+02
5.590000000000000000e+02
5.700000000000000000e+02
5.360000000000000000e+02
5.410000000000000000e+02
5.280000000000000000e+02
5.910000000000000000e+02
5.450000000000000000e+02
5.560000000000000000e+02
5.420000000000000000e+02
5.520000000000000000e+02
5.310000000000000000e+02
5.230000000000000000e+02
5.350000000000000000e+02
5.530000000000000000e+02
5.520000000000000000e+02
5.780000000000000000e+02
5.700000000000000000e+02
5.710000000000000000e+02
5.440000000000000000e+02
6.180000000000000000e+02
5.780000000000000000e+02
5.040000000000000000e+02
5.320000000000000000e+02
5.430000000000000000e+02
5.360000000000000000e+02
6.090000000000000000e+02
5.780000000000000000e+02
6.170000000000000000e+02
5.700000000000000000e+02
5.720000000000000000e+02
5.640000000000000000e+02
5.710000000000000000e+02
5.640000000000000000e+02
6.000000000000000000e+02
5.810000000000000000e+02
5.460000000000000000e+02
5.940000000000000000e+02
5.940000000000000000e+02
6.070000000000000000e+02
6.090000000000000000e+02
5.800000000000000000e+02
5.950000000000000000e+02
5.740000000000000000e+02
5.900000000000000000e+02
5.820000000000000000e+02
6.090000000000000000e+02
6.290000000000000000e+02
6.030000000000000000e+02
6.530000000000000000e+02
6.380000000000000000e+02
6.600000000000000000e+02
6.310000000000000000e+02
6.520000000000000000e+02
6.670000000000000000e+02
6.620000000000000000e+02
6.810000000000000000e+02
6.130000000000000000e+02
6.800000000000000000e+02
6.440000000000000000e+02
7.130000000000000000e+02
6.940000000000000000e+02
6.360000000000000000e+02
6.860000000000000000e+02
7.120000000000000000e+02
7.010000000000000000e+02
6.700000000000000000e+02
6.780000000000000000e+02
7.270000000000000000e+02
6.690000000000000000e+02
6.760000000000000000e+02
7.330000000000000000e+02
6.920000000000000000e+02
7.860000000000000000e+02
7.760000000000000000e+02
7.860000000000000000e+02
8.100000000000000000e+02
7.730000000000000000e+02
7.880000000000000000e+02
8.430000000000000000e+02
8.580000000000000000e+02
8.580000000000000000e+02
8.700000000000000000e+02
8.440000000000000000e+02
9.080000000000000000e+02
9.500000000000000000e+02
9.500000000000000000e+02
8.830000000000000000e+02
9.970000000000000000e+02
1.009000000000000000e+03
9.630000000000000000e+02
1.036000000000000000e+03
1.039000000000000000e+03
1.084000000000000000e+03
1.132000000000000000e+03
1.164000000000000000e+03
1.160000000000000000e+03
1.190000000000000000e+03
1.130000000000000000e+03
1.204000000000000000e+03
1.212000000000000000e+03
1.203000000000000000e+03
1.238000000000000000e+03
1.262000000000000000e+03
1.219000000000000000e+03
1.280000000000000000e+03
1.228000000000000000e+03
1.283000000000000000e+03
1.241000000000000000e+03
1.240000000000000000e+03
1.236000000000000000e+03
1.280000000000000000e+03
1.312000000000000000e+03
1.380000000000000000e+03
1.370000000000000000e+03
1.321000000000000000e+03
1.319000000000000000e+03
1.291000000000000000e+03
1.243000000000000000e+03
1.116000000000000000e+03
1.113000000000000000e+03
1.122000000000000000e+03
1.075000000000000000e+03
1.123000000000000000e+03
1.108000000000000000e+03
1.091000000000000000e+03
1.166000000000000000e+03
1.046000000000000000e+03
1.073000000000000000e+03
1.122000000000000000e+03
1.128000000000000000e+03
1.133000000000000000e+03
1.054000000000000000e+03
1.103000000000000000e+03
1.088000000000000000e+03
1.218000000000000000e+03
1.114000000000000000e+03
1.133000000000000000e+03
1.169000000000000000e+03
1.226000000000000000e+03
1.260000000000000000e+03
1.254000000000000000e+03
1.388000000000000000e+03
1.528000000000000000e+03
1.557000000000000000e+03
1.520000000000000000e+03
1.500000000000000000e+03
1.545000000000000000e+03
1.533000000000000000e+03
1.504000000000000000e+03
1.525000000000000000e+03
1.521000000000000000e+03
1.490000000000000000e+03
1.457000000000000000e+03
1.535000000000000000e+03
1.735000000000000000e+03
1.734000000000000000e+03
1.681000000000000000e+03
1.820000000000000000e+03
1.807000000000000000e+03
1.820000000000000000e+03
1.772000000000000000e+03
1.763000000000000000e+03
1.758000000000000000e+03
1.713000000000000000e+03
1.757000000000000000e+03
1.698000000000000000e+03
1.702000000000000000e+03
1.773000000000000000e+03
1.787000000000000000e+03
1.569000000000000000e+03
1.763000000000000000e+03
1.709000000000000000e+03
1.662000000000000000e+03
1.757000000000000000e+03
1.773000000000000000e+03
1.753000000000000000e+03
1.745000000000000000e+03
1.575000000000000000e+03
1.632000000000000000e+03
1.489000000000000000e+03
1.507000000000000000e+03
1.322000000000000000e+03
1.420000000000000000e+03
1.344000000000000000e+03
1.197000000000000000e+03
1.172000000000000000e+03
1.149000000000000000e+03
1.218000000000000000e+03
1.182000000000000000e+03
1.279000000000000000e+03
1.432000000000000000e+03
1.675000000000000000e+03
1.971000000000000000e+03
1.855000000000000000e+03
1.630000000000000000e+03
3.840000000000000000e+02
4.870000000000000000e+02
5.720000000000000000e+02
6.290000000000000000e+02
7.090000000000000000e+02
7.540000000000000000e+02
7.480000000000000000e+02
7.750000000000000000e+02
7.430000000000000000e+02
7.540000000000000000e+02
7.130000000000000000e+02
7.180000000000000000e+02
7.810000000000000000e+02
8.480000000000000000e+02
8.930000000000000000e+02
9.810000000000000000e+02
9.960000000000000000e+02
1.076000000000000000e+03
1.022000000000000000e+03
1.062000000000000000e+03
1.134000000000000000e+03
1.135000000000000000e+03
1.270000000000000000e+03
1.273000000000000000e+03
1.271000000000000000e+03
1.208000000000000000e+03
1.223000000000000000e+03
1.282000000000000000e+03
1.198000000000000000e+03
1.300000000000000000e+03
1.347000000000000000e+03
1.283000000000000000e+03
1.281000000000000000e+03
1.293000000000000000e+03
1.253000000000000000e+03
1.191000000000000000e+03
1.170000000000000000e+03
1.173000000000000000e+03
1.146000000000000000e+03
1.150000000000000000e+03
1.041000000000000000e+03
1.044000000000000000e+03
1.028000000000000000e+03
1.018000000000000000e+03
9.730000000000000000e+02
9.270000000000000000e+02
9.480000000000000000e+02
8.850000000000000000e+02
9.480000000000000000e+02
9.190000000000000000e+02
1.008000000000000000e+03
1.003000000000000000e+03
9.870000000000000000e+02
1.038000000000000000e+03
1.005000000000000000e+03
9.800000000000000000e+02
9.360000000000000000e+02
9.900000000000000000e+02
1.020000000000000000e+03
1.015000000000000000e+03
9.830000000000000000e+02
1.021000000000000000e+03
9.750000000000000000e+02
9.870000000000000000e+02
9.950000000000000000e+02
9.810000000000000000e+02
1.052000000000000000e+03
1.040000000000000000e+03
9.890000000000000000e+02
1.005000000000000000e+03
1.005000000000000000e+03
9.550000000000000000e+02
1.054000000000000000e+03
9.830000000000000000e+02
9.510000000000000000e+02
8.840000000000000000e+02
8.700000000000000000e+02
8.580000000000000000e+02
8.790000000000000000e+02
9.490000000000000000e+02
8.160000000000000000e+02
8.810000000000000000e+02
8.750000000000000000e+02
9.220000000000000000e+02
9.260000000000000000e+02
9.170000000000000000e+02
9.000000000000000000e+02
8.540000000000000000e+02
8.260000000000000000e+02
9.110000000000000000e+02
9.480000000000000000e+02
8.840000000000000000e+02
8.760000000000000000e+02
9.320000000000000000e+02
9.100000000000000000e+02
9.570000000000000000e+02
8.720000000000000000e+02
8.760000000000000000e+02
8.650000000000000000e+02
8.540000000000000000e+02
7.640000000000000000e+02
8.000000000000000000e+02
8.190000000000000000e+02
7.820000000000000000e+02
8.310000000000000000e+02
7.930000000000000000e+02
7.720000000000000000e+02
7.630000000000000000e+02
7.800000000000000000e+02
7.470000000000000000e+02
7.290000000000000000e+02
7.230000000000000000e+02
7.750000000000000000e+02
7.680000000000000000e+02
7.200000000000000000e+02
7.820000000000000000e+02
7.390000000000000000e+02
7.470000000000000000e+02
7.670000000000000000e+02
7.960000000000000000e+02
7.570000000000000000e+02
7.260000000000000000e+02
6.750000000000000000e+02
7.010000000000000000e+02
7.310000000000000000e+02
7.400000000000000000e+02
7.200000000000000000e+02
7.590000000000000000e+02
7.960000000000000000e+02
7.700000000000000000e+02
7.610000000000000000e+02
7.500000000000000000e+02
7.430000000000000000e+02
7.430000000000000000e+02
7.530000000000000000e+02
8.060000000000000000e+02
7.550000000000000000e+02
7.310000000000000000e+02
7.760000000000000000e+02
7.460000000000000000e+02
7.990000000000000000e+02
7.660000000000000000e+02
7.410000000000000000e+02
7.940000000000000000e+02
7.900000000000000000e+02
8.040000000000000000e+02
8.120000000000000000e+02
8.420000000000000000e+02
8.110000000000000000e+02
8.410000000000000000e+02
8.240000000000000000e+02
7.790000000000000000e+02
8.460000000000000000e+02
8.440000000000000000e+02
8.560000000000000000e+02
8.590000000000000000e+02
8.490000000000000000e+02
9.110000000000000000e+02
8.540000000000000000e+02
8.970000000000000000e+02
8.610000000000000000e+02
9.310000000000000000e+02
9.770000000000000000e+02
8.750000000000000000e+02
8.790000000000000000e+02
9.240000000000000000e+02
8.930000000000000000e+02
8.850000000000000000e+02
9.590000000000000000e+02
9.850000000000000000e+02
9.270000000000000000e+02
9.180000000000000000e+02
8.540000000000000000e+02
8.210000000000000000e+02
8.020000000000000000e+02
7.910000000000000000e+02
7.950000000000000000e+02
8.210000000000000000e+02
8.280000000000000000e+02
7.970000000000000000e+02
7.680000000000000000e+02
8.270000000000000000e+02
7.950000000000000000e+02
7.610000000000000000e+02
7.930000000000000000e+02
7.760000000000000000e+02
7.420000000000000000e+02
7.600000000000000000e+02
7.140000000000000000e+02
8.280000000000000000e+02
7.300000000000000000e+02
7.340000000000000000e+02
7.470000000000000000e+02
8.310000000000000000e+02
8.140000000000000000e+02
8.290000000000000000e+02
8.310000000000000000e+02
8.310000000000000000e+02
8.610000000000000000e+02
9.050000000000000000e+02
1.011000000000000000e+03
1.088000000000000000e+03
1.179000000000000000e+03
1.013000000000000000e+03
9.910000000000000000e+02
9.810000000000000000e+02
9.670000000000000000e+02
9.500000000000000000e+02
1.068000000000000000e+03
1.082000000000000000e+03
1.114000000000000000e+03
1.104000000000000000e+03
1.186000000000000000e+03
1.243000000000000000e+03
1.255000000000000000e+03
1.250000000000000000e+03
1.255000000000000000e+03
1.337000000000000000e+03
1.218000000000000000e+03
1.268000000000000000e+03
1.357000000000000000e+03
1.269000000000000000e+03
1.270000000000000000e+03
1.281000000000000000e+03
1.272000000000000000e+03
1.292000000000000000e+03
1.300000000000000000e+03
1.295000000000000000e+03
1.366000000000000000e+03
1.318000000000000000e+03
1.351000000000000000e+03
1.362000000000000000e+03
1.324000000000000000e+03
1.218000000000000000e+03
1.116000000000000000e+03
1.172000000000000000e+03
1.198000000000000000e+03
1.174000000000000000e+03
1.106000000000000000e+03
1.125000000000000000e+03
1.137000000000000000e+03
1.045000000000000000e+03
1.021000000000000000e+03
9.850000000000000000e+02
9.780000000000000000e+02
9.930000000000000000e+02
1.078000000000000000e+03
1.259000000000000000e+03
1.696000000000000000e+03
2.330000000000000000e+03
6.010000000000000000e+02
5.100000000000000000e+01
3.800000000000000000e+01
1.100000000000000000e+01
9.000000000000000000e+00
