2.366400000000000000e+04
5.111000000000000000e+03
3.331000000000000000e+03
2.565000000000000000e+03
2.190000000000000000e+03
1.749000000000000000e+03
1.535000000000000000e+03
1.478000000000000000e+03
1.309000000000000000e+03
1.359000000000000000e+03
1.286000000000000000e+03
1.246000000000000000e+03
1.284000000000000000e+03
1.231000000000000000e+03
1.148000000000000000e+03
1.107000000000000000e+03
1.301000000000000000e+03
1.346000000000000000e+03
1.260000000000000000e+03
1.069000000000000000e+03
9.540000000000000000e+02
8.600000000000000000e+02
7.630000000000000000e+02
6.300000000000000000e+02
6.180000000000000000e+02
6.170000000000000000e+02
5.590000000000000000e+02
5.360000000000000000e+02
5.210000000000000000e+02
5.680000000000000000e+02
5.990000000000000000e+02
5.270000000000000000e+02
6.180000000000000000e+02
6.860000000000000000e+02
7.080000000000000000e+02
7.020000000000000000e+02
7.680000000000000000e+02
7.840000000000000000e+02
9.880000000000000000e+02
9.600000000000000000e+02
9.590000000000000000e+02
8.570000000000000000e+02
8.420000000000000000e+02
7.530000000000000000e+02
7.110000000000000000e+02
6.170000000000000000e+02
6.820000000000000000e+02
7.760000000000000000e+02
9.010000000000000000e+02
9.720000000000000000e+02
9.360000000000000000e+02
9.980000000000000000e+02
9.380000000000000000e+02
1.006000000000000000e+03
1.155000000000000000e+03
1.266000000000000000e+03
1.233000000000000000e+03
1.190000000000000000e+03
1.107000000000000000e+03
1.078000000000000000e+03
9.700000000000000000e+02
1.006000000000000000e+03
9.690000000000000000e+02
8.770000000000000000e+02
9.870000000000000000e+02
9.510000000000000000e+02
9.130000000000000000e+02
8.560000000000000000e+02
9.270000000000000000e+02
9.330000000000000000e+02
9.780000000000000000e+02
9.560000000000000000e+02
9.340000000000000000e+02
8.690000000000000000e+02
9.060000000000000000e+02
8.390000000000000000e+02
8.830000000000000000e+02
8.590000000000000000e+02
8.200000000000000000e+02
7.390000000000000000e+02
7.750000000000000000e+02
7.630000000000000000e+02
8.520000000000000000e+02
7.550000000000000000e+02
8.170000000000000000e+02
7.890000000000000000e+02
7.950000000000000000e+02
7.520000000000000000e+02
7.480000000000000000e+02
6.820000000000000000e+02
6.920000000000000000e+02
6.480000000000000000e+02
5.880000000000000000e+02
6.130000000000000000e+02
5.530000000000000000e+02
5.420000000000000000e+02
5.080000000000000000e+02
4.410000000000000000e+02
4.330000000000000000e+02
4.090000000000000000e+02
3.950000000000000000e+02
3.580000000000000000e+02
3.940000000000000000e+02
3.770000000000000000e+02
3.100000000000000000e+02
3.310000000000000000e+02
3.250000000000000000e+02
3.110000000000000000e+02
2.920000000000000000e+02
2.800000000000000000e+02
2.780000000000000000e+02
3.150000000000000000e+02
3.020000000000000000e+02
3.220000000000000000e+02
2.880000000000000000e+02
2.520000000000000000e+02
2.770000000000000000e+02
2.550000000000000000e+02
2.320000000000000000e+02
2.790000000000000000e+02
2.710000000000000000e+02
2.690000000000000000e+02
2.760000000000000000e+02
3.060000000000000000e+02
2.890000000000000000e+02
3.200000000000000000e+02
3.290000000000000000e+02
3.050000000000000000e+02
2.730000000000000000e+02
2.900000000000000000e+02
2.650000000000000000e+02
3.080000000000000000e+02
3.080000000000000000e+02
2.920000000000000000e+02
3.170000000000000000e+02
3.500000000000000000e+02
3.850000000000000000e+02
4.500000000000000000e+02
4.730000000000000000e+02
4.760000000000000000e+02
4.970000000000000000e+02
4.910000000000000000e+02
6.090000000000000000e+02
7.660000000000000000e+02
8.920000000000000000e+02
9.940000000000000000e+02
9.660000000000000000e+02
1.005000000000000000e+03
1.085000000000000000e+03
1.060000000000000000e+03
1.112000000000000000e+03
1.142000000000000000e+03
1.260000000000000000e+03
1.308000000000000000e+03
1.488000000000000000e+03
1.609000000000000000e+03
1.569000000000000000e+03
1.586000000000000000e+03
1.540000000000000000e+03
1.454000000000000000e+03
1.522000000000000000e+03
1.528000000000000000e+03
1.596000000000000000e+03
1.705000000000000000e+03
1.760000000000000000e+03
1.978000000000000000e+03
1.958000000000000000e+03
1.916000000000000000e+03
2.045000000000000000e+03
1.864000000000000000e+03
1.883000000000000000e+03
1.898000000000000000e+03
1.956000000000000000e+03
2.201000000000000000e+03
2.210000000000000000e+03
2.343000000000000000e+03
2.387000000000000000e+03
2.497000000000000000e+03
2.877000000000000000e+03
3.226000000000000000e+03
3.257000000000000000e+03
3.227000000000000000e+03
2.867000000000000000e+03
2.433000000000000000e+03
2.047000000000000000e+03
1.745000000000000000e+03
1.719000000000000000e+03
1.577000000000000000e+03
1.528000000000000000e+03
1.480000000000000000e+03
1.514000000000000000e+03
1.523000000000000000e+03
1.393000000000000000e+03
1.235000000000000000e+03
1.181000000000000000e+03
1.208000000000000000e+03
1.151000000000000000e+03
1.037000000000000000e+03
8.840000000000000000e+02
7.270000000000000000e+02
6.150000000000000000e+02
4.750000000000000000e+02
3.910000000000000000e+02
2.900000000000000000e+02
2.230000000000000000e+02
2.350000000000000000e+02
1.980000000000000000e+02
1.400000000000000000e+02
1.280000000000000000e+02
1.530000000000000000e+02
1.460000000000000000e+02
1.360000000000000000e+02
1.330000000000000000e+02
1.160000000000000000e+02
1.160000000000000000e+02
8.900000000000000000e+01
8.900000000000000000e+01
9.100000000000000000e+01
9.900000000000000000e+01
8.500000000000000000e+01
9.000000000000000000e+01
9.000000000000000000e+01
1.130000000000000000e+02
9.400000000000000000e+01
8.600000000000000000e+01
9.100000000000000000e+01
7.800000000000000000e+01
9.900000000000000000e+01
8.600000000000000000e+01
9.800000000000000000e+01
9.800000000000000000e+01
9.900000000000000000e+01
9.300000000000000000e+01
7.900000000000000000e+01
8.200000000000000000e+01
9.100000000000000000e+01
8.000000000000000000e+01
9.600000000000000000e+01
1.000000000000000000e+02
8.200000000000000000e+01
8.100000000000000000e+01
8.600000000000000000e+01
8.900000000000000000e+01
9.800000000000000000e+01
1.190000000000000000e+02
9.900000000000000000e+01
1.130000000000000000e+02
1.200000000000000000e+02
1.270000000000000000e+02
1.420000000000000000e+02
1.620000000000000000e+02
2.170000000000000000e+02
2.560000000000000000e+02
2.790000000000000000e+02
3.160000000000000000e+02
8.430000000000000000e+02
2.319300000000000000e+04
4.957000000000000000e+03
3.405000000000000000e+03
2.623000000000000000e+03
2.165000000000000000e+03
1.701000000000000000e+03
1.572000000000000000e+03
1.443000000000000000e+03
1.301000000000000000e+03
1.268000000000000000e+03
1.177000000000000000e+03
1.239000000000000000e+03
1.265000000000000000e+03
1.324000000000000000e+03
1.276000000000000000e+03
1.251000000000000000e+03
1.228000000000000000e+03
1.352000000000000000e+03
1.211000000000000000e+03
1.064000000000000000e+03
9.160000000000000000e+02
9.030000000000000000e+02
7.530000000000000000e+02
6.380000000000000000e+02
6.110000000000000000e+02
6.050000000000000000e+02
6.050000000000000000e+02
5.570000000000000000e+02
4.990000000000000000e+02
5.150000000000000000e+02
5.180000000000000000e+02
5.040000000000000000e+02
5.410000000000000000e+02
6.090000000000000000e+02
6.360000000000000000e+02
8.030000000000000000e+02
8.620000000000000000e+02
9.280000000000000000e+02
9.990000000000000000e+02
9.940000000000000000e+02
9.870000000000000000e+02
8.320000000000000000e+02
7.740000000000000000e+02
6.870000000000000000e+02
6.940000000000000000e+02
6.830000000000000000e+02
7.390000000000000000e+02
8.690000000000000000e+02
9.330000000000000000e+02
9.360000000000000000e+02
9.640000000000000000e+02
9.370000000000000000e+02
9.750000000000000000e+02
9.860000000000000000e+02
9.580000000000000000e+02
1.002000000000000000e+03
8.960000000000000000e+02
8.500000000000000000e+02
7.780000000000000000e+02
8.360000000000000000e+02
8.430000000000000000e+02
8.420000000000000000e+02
7.820000000000000000e+02
8.160000000000000000e+02
9.010000000000000000e+02
9.900000000000000000e+02
9.910000000000000000e+02
9.430000000000000000e+02
9.340000000000000000e+02
1.032000000000000000e+03
9.110000000000000000e+02
8.830000000000000000e+02
8.650000000000000000e+02
7.980000000000000000e+02
8.520000000000000000e+02
8.220000000000000000e+02
7.920000000000000000e+02
8.850000000000000000e+02
8.300000000000000000e+02
7.660000000000000000e+02
7.880000000000000000e+02
7.710000000000000000e+02
7.710000000000000000e+02
7.190000000000000000e+02
8.020000000000000000e+02
8.150000000000000000e+02
8.460000000000000000e+02
7.810000000000000000e+02
7.530000000000000000e+02
7.470000000000000000e+02
7.230000000000000000e+02
7.130000000000000000e+02
7.120000000000000000e+02
7.160000000000000000e+02
7.190000000000000000e+02
6.960000000000000000e+02
6.070000000000000000e+02
6.080000000000000000e+02
6.140000000000000000e+02
5.800000000000000000e+02
5.610000000000000000e+02
5.470000000000000000e+02
4.990000000000000000e+02
4.680000000000000000e+02
4.710000000000000000e+02
4.070000000000000000e+02
4.130000000000000000e+02
3.940000000000000000e+02
3.870000000000000000e+02
3.300000000000000000e+02
3.330000000000000000e+02
3.140000000000000000e+02
2.920000000000000000e+02
2.880000000000000000e+02
2.850000000000000000e+02
3.130000000000000000e+02
2.960000000000000000e+02
3.100000000000000000e+02
2.920000000000000000e+02
2.800000000000000000e+02
3.100000000000000000e+02
3.010000000000000000e+02
2.760000000000000000e+02
2.820000000000000000e+02
3.200000000000000000e+02
2.950000000000000000e+02
3.470000000000000000e+02
3.080000000000000000e+02
3.240000000000000000e+02
2.690000000000000000e+02
2.600000000000000000e+02
2.570000000000000000e+02
3.100000000000000000e+02
3.220000000000000000e+02
3.760000000000000000e+02
3.810000000000000000e+02
4.420000000000000000e+02
4.420000000000000000e+02
5.440000000000000000e+02
6.010000000000000000e+02
6.690000000000000000e+02
6.870000000000000000e+02
8.050000000000000000e+02
9.080000000000000000e+02
1.084000000000000000e+03
1.153000000000000000e+03
1.119000000000000000e+03
1.199000000000000000e+03
1.158000000000000000e+03
1.201000000000000000e+03
1.325000000000000000e+03
1.350000000000000000e+03
1.576000000000000000e+03
1.771000000000000000e+03
1.849000000000000000e+03
1.952000000000000000e+03
1.886000000000000000e+03
1.840000000000000000e+03
1.763000000000000000e+03
1.730000000000000000e+03
1.862000000000000000e+03
1.904000000000000000e+03
1.937000000000000000e+03
2.096000000000000000e+03
2.238000000000000000e+03
2.506000000000000000e+03
2.727000000000000000e+03
2.682000000000000000e+03
2.615000000000000000e+03
2.516000000000000000e+03
2.341000000000000000e+03
2.100000000000000000e+03
2.084000000000000000e+03
2.091000000000000000e+03
2.030000000000000000e+03
2.006000000000000000e+03
2.037000000000000000e+03
2.038000000000000000e+03
2.268000000000000000e+03
2.358000000000000000e+03
2.500000000000000000e+03
2.491000000000000000e+03
2.385000000000000000e+03
2.168000000000000000e+03
1.912000000000000000e+03
1.674000000000000000e+03
1.592000000000000000e+03
1.466000000000000000e+03
1.356000000000000000e+03
1.217000000000000000e+03
1.147000000000000000e+03
1.006000000000000000e+03
8.070000000000000000e+02
7.790000000000000000e+02
6.980000000000000000e+02
7.080000000000000000e+02
7.000000000000000000e+02
6.570000000000000000e+02
5.750000000000000000e+02
5.000000000000000000e+02
4.350000000000000000e+02
4.060000000000000000e+02
3.030000000000000000e+02
2.510000000000000000e+02
2.350000000000000000e+02
2.050000000000000000e+02
1.450000000000000000e+02
1.520000000000000000e+02
1.340000000000000000e+02
1.480000000000000000e+02
1.310000000000000000e+02
1.150000000000000000e+02
1.330000000000000000e+02
1.070000000000000000e+02
1.140000000000000000e+02
1.040000000000000000e+02
8.200000000000000000e+01
9.000000000000000000e+01
1.020000000000000000e+02
9.700000000000000000e+01
9.300000000000000000e+01
9.400000000000000000e+01
1.030000000000000000e+02
8.700000000000000000e+01
8.900000000000000000e+01
9.500000000000000000e+01
8.700000000000000000e+01
9.000000000000000000e+01
8.700000000000000000e+01
9.000000000000000000e+01
9.600000000000000000e+01
8.900000000000000000e+01
9.500000000000000000e+01
9.100000000000000000e+01
8.300000000000000000e+01
7.800000000000000000e+01
8.900000000000000000e+01
9.500000000000000000e+01
8.800000000000000000e+01
6.100000000000000000e+01
7.300000000000000000e+01
1.010000000000000000e+02
1.000000000000000000e+02
1.080000000000000000e+02
1.010000000000000000e+02
1.250000000000000000e+02
1.150000000000000000e+02
1.370000000000000000e+02
1.610000000000000000e+02
1.550000000000000000e+02
1.920000000000000000e+02
2.230000000000000000e+02
3.010000000000000000e+02
3.500000000000000000e+02
4.260000000000000000e+02
5.310000000000000000e+02
2.418300000000000000e+04
4.391000000000000000e+03
3.819000000000000000e+03
2.883000000000000000e+03
2.353000000000000000e+03
1.845000000000000000e+03
1.514000000000000000e+03
1.353000000000000000e+03
1.231000000000000000e+03
1.135000000000000000e+03
1.126000000000000000e+03
1.043000000000000000e+03
1.078000000000000000e+03
1.025000000000000000e+03
9.130000000000000000e+02
8.280000000000000000e+02
8.680000000000000000e+02
8.910000000000000000e+02
8.810000000000000000e+02
8.960000000000000000e+02
1.000000000000000000e+03
1.122000000000000000e+03
9.710000000000000000e+02
9.660000000000000000e+02
7.550000000000000000e+02
6.960000000000000000e+02
6.690000000000000000e+02
6.310000000000000000e+02
6.300000000000000000e+02
6.900000000000000000e+02
7.390000000000000000e+02
8.020000000000000000e+02
7.790000000000000000e+02
7.170000000000000000e+02
6.490000000000000000e+02
6.170000000000000000e+02
6.530000000000000000e+02
5.700000000000000000e+02
5.810000000000000000e+02
5.610000000000000000e+02
5.460000000000000000e+02
4.910000000000000000e+02
4.770000000000000000e+02
5.200000000000000000e+02
5.170000000000000000e+02
5.750000000000000000e+02
6.130000000000000000e+02
6.200000000000000000e+02
6.760000000000000000e+02
6.510000000000000000e+02
6.640000000000000000e+02
6.230000000000000000e+02
6.210000000000000000e+02
6.410000000000000000e+02
5.970000000000000000e+02
7.520000000000000000e+02
8.530000000000000000e+02
9.190000000000000000e+02
8.490000000000000000e+02
8.380000000000000000e+02
8.350000000000000000e+02
8.220000000000000000e+02
7.010000000000000000e+02
7.130000000000000000e+02
7.700000000000000000e+02
7.940000000000000000e+02
8.910000000000000000e+02
8.680000000000000000e+02
8.130000000000000000e+02
8.440000000000000000e+02
8.470000000000000000e+02
8.190000000000000000e+02
8.920000000000000000e+02
9.670000000000000000e+02
9.020000000000000000e+02
9.350000000000000000e+02
1.004000000000000000e+03
9.870000000000000000e+02
9.370000000000000000e+02
9.370000000000000000e+02
9.110000000000000000e+02
9.160000000000000000e+02
8.800000000000000000e+02
8.710000000000000000e+02
8.700000000000000000e+02
8.050000000000000000e+02
8.090000000000000000e+02
8.330000000000000000e+02
8.640000000000000000e+02
8.500000000000000000e+02
9.030000000000000000e+02
7.910000000000000000e+02
7.900000000000000000e+02
7.780000000000000000e+02
7.670000000000000000e+02
7.580000000000000000e+02
7.440000000000000000e+02
8.070000000000000000e+02
7.120000000000000000e+02
8.050000000000000000e+02
7.720000000000000000e+02
7.610000000000000000e+02
7.650000000000000000e+02
7.470000000000000000e+02
7.600000000000000000e+02
6.130000000000000000e+02
6.370000000000000000e+02
6.540000000000000000e+02
6.430000000000000000e+02
6.110000000000000000e+02
5.690000000000000000e+02
5.900000000000000000e+02
5.630000000000000000e+02
5.260000000000000000e+02
5.260000000000000000e+02
5.300000000000000000e+02
4.750000000000000000e+02
4.850000000000000000e+02
5.030000000000000000e+02
4.530000000000000000e+02
4.880000000000000000e+02
4.900000000000000000e+02
4.890000000000000000e+02
5.120000000000000000e+02
5.390000000000000000e+02
5.180000000000000000e+02
5.560000000000000000e+02
6.150000000000000000e+02
6.020000000000000000e+02
6.220000000000000000e+02
6.280000000000000000e+02
6.330000000000000000e+02
6.290000000000000000e+02
6.080000000000000000e+02
6.630000000000000000e+02
6.880000000000000000e+02
8.260000000000000000e+02
8.510000000000000000e+02
9.000000000000000000e+02
9.690000000000000000e+02
1.111000000000000000e+03
1.193000000000000000e+03
1.418000000000000000e+03
1.546000000000000000e+03
1.646000000000000000e+03
1.642000000000000000e+03
1.642000000000000000e+03
1.656000000000000000e+03
1.474000000000000000e+03
1.544000000000000000e+03
1.575000000000000000e+03
1.547000000000000000e+03
1.686000000000000000e+03
1.765000000000000000e+03
1.833000000000000000e+03
1.782000000000000000e+03
1.620000000000000000e+03
1.709000000000000000e+03
1.625000000000000000e+03
1.842000000000000000e+03
2.023000000000000000e+03
2.014000000000000000e+03
2.110000000000000000e+03
2.079000000000000000e+03
2.089000000000000000e+03
2.200000000000000000e+03
2.074000000000000000e+03
2.029000000000000000e+03
1.930000000000000000e+03
1.738000000000000000e+03
1.615000000000000000e+03
1.445000000000000000e+03
1.318000000000000000e+03
1.306000000000000000e+03
1.247000000000000000e+03
1.274000000000000000e+03
1.378000000000000000e+03
1.399000000000000000e+03
1.499000000000000000e+03
1.555000000000000000e+03
1.703000000000000000e+03
1.780000000000000000e+03
1.712000000000000000e+03
1.498000000000000000e+03
1.253000000000000000e+03
1.016000000000000000e+03
9.600000000000000000e+02
7.940000000000000000e+02
8.690000000000000000e+02
8.500000000000000000e+02
8.320000000000000000e+02
7.930000000000000000e+02
7.810000000000000000e+02
7.860000000000000000e+02
7.830000000000000000e+02
7.710000000000000000e+02
7.560000000000000000e+02
6.810000000000000000e+02
6.510000000000000000e+02
6.550000000000000000e+02
6.830000000000000000e+02
6.340000000000000000e+02
6.020000000000000000e+02
6.260000000000000000e+02
5.760000000000000000e+02
5.820000000000000000e+02
4.980000000000000000e+02
5.010000000000000000e+02
4.240000000000000000e+02
3.730000000000000000e+02
3.620000000000000000e+02
2.830000000000000000e+02
2.110000000000000000e+02
1.850000000000000000e+02
1.700000000000000000e+02
1.590000000000000000e+02
1.570000000000000000e+02
1.380000000000000000e+02
1.480000000000000000e+02
1.400000000000000000e+02
1.390000000000000000e+02
1.360000000000000000e+02
1.190000000000000000e+02
1.570000000000000000e+02
1.390000000000000000e+02
1.200000000000000000e+02
1.250000000000000000e+02
1.060000000000000000e+02
1.190000000000000000e+02
1.280000000000000000e+02
1.160000000000000000e+02
1.380000000000000000e+02
1.210000000000000000e+02
1.140000000000000000e+02
1.020000000000000000e+02
1.040000000000000000e+02
9.800000000000000000e+01
1.080000000000000000e+02
8.100000000000000000e+01
8.500000000000000000e+01
1.160000000000000000e+02
1.030000000000000000e+02
1.090000000000000000e+02
1.270000000000000000e+02
1.470000000000000000e+02
1.430000000000000000e+02
1.590000000000000000e+02
1.960000000000000000e+02
1.980000000000000000e+02
2.340000000000000000e+02
2.030000000000000000e+02
1.960000000000000000e+02
2.070000000000000000e+02
2.140000000000000000e+02
1.930000000000000000e+02
6.980000000000000000e+02
