7.510000000000000000e+02
8.550000000000000000e+02
8.340000000000000000e+02
1.185000000000000000e+03
1.354000000000000000e+03
1.415000000000000000e+03
1.478000000000000000e+03
1.481000000000000000e+03
1.459000000000000000e+03
1.499000000000000000e+03
1.449000000000000000e+03
1.398000000000000000e+03
1.397000000000000000e+03
1.301000000000000000e+03
1.336000000000000000e+03
1.238000000000000000e+03
1.214000000000000000e+03
1.101000000000000000e+03
1.097000000000000000e+03
1.017000000000000000e+03
1.155000000000000000e+03
1.133000000000000000e+03
1.162000000000000000e+03
1.110000000000000000e+03
1.072000000000000000e+03
1.054000000000000000e+03
1.048000000000000000e+03
1.099000000000000000e+03
1.127000000000000000e+03
1.143000000000000000e+03
1.056000000000000000e+03
1.095000000000000000e+03
1.124000000000000000e+03
1.157000000000000000e+03
1.148000000000000000e+03
1.078000000000000000e+03
1.146000000000000000e+03
1.285000000000000000e+03
1.225000000000000000e+03
1.240000000000000000e+03
1.216000000000000000e+03
1.222000000000000000e+03
1.194000000000000000e+03
1.217000000000000000e+03
1.234000000000000000e+03
1.164000000000000000e+03
1.279000000000000000e+03
1.413000000000000000e+03
1.731000000000000000e+03
2.250000000000000000e+03
1.525700000000000000e+04
2.331000000000000000e+03
1.924000000000000000e+03
1.590000000000000000e+03
1.404000000000000000e+03
1.194000000000000000e+03
1.097000000000000000e+03
1.013000000000000000e+03
9.880000000000000000e+02
9.340000000000000000e+02
8.840000000000000000e+02
8.520000000000000000e+02
8.480000000000000000e+02
8.280000000000000000e+02
7.720000000000000000e+02
7.840000000000000000e+02
7.360000000000000000e+02
7.840000000000000000e+02
7.000000000000000000e+02
7.370000000000000000e+02
6.840000000000000000e+02
7.500000000000000000e+02
7.640000000000000000e+02
6.970000000000000000e+02
6.770000000000000000e+02
7.110000000000000000e+02
7.180000000000000000e+02
6.570000000000000000e+02
7.340000000000000000e+02
6.560000000000000000e+02
7.400000000000000000e+02
6.770000000000000000e+02
6.890000000000000000e+02
6.340000000000000000e+02
6.420000000000000000e+02
6.490000000000000000e+02
5.990000000000000000e+02
6.250000000000000000e+02
6.230000000000000000e+02
5.720000000000000000e+02
5.850000000000000000e+02
5.880000000000000000e+02
5.740000000000000000e+02
5.490000000000000000e+02
5.870000000000000000e+02
5.800000000000000000e+02
5.510000000000000000e+02
5.070000000000000000e+02
5.240000000000000000e+02
4.940000000000000000e+02
5.140000000000000000e+02
4.820000000000000000e+02
4.760000000000000000e+02
4.390000000000000000e+02
3.810000000000000000e+02
4.110000000000000000e+02
3.730000000000000000e+02
3.380000000000000000e+02
3.100000000000000000e+02
2.950000000000000000e+02
2.910000000000000000e+02
2.940000000000000000e+02
2.760000000000000000e+02
2.360000000000000000e+02
2.470000000000000000e+02
2.440000000000000000e+02
2.250000000000000000e+02
2.240000000000000000e+02
2.520000000000000000e+02
2.300000000000000000e+02
2.320000000000000000e+02
2.510000000000000000e+02
2.150000000000000000e+02
2.190000000000000000e+02
2.540000000000000000e+02
1.960000000000000000e+02
2.300000000000000000e+02
2.090000000000000000e+02
2.470000000000000000e+02
2.380000000000000000e+02
2.250000000000000000e+02
2.480000000000000000e+02
2.290000000000000000e+02
2.050000000000000000e+02
2.070000000000000000e+02
2.090000000000000000e+02
2.000000000000000000e+02
2.290000000000000000e+02
2.190000000000000000e+02
2.240000000000000000e+02
2.290000000000000000e+02
2.430000000000000000e+02
2.090000000000000000e+02
2.520000000000000000e+02
1.960000000000000000e+02
2.190000000000000000e+02
2.120000000000000000e+02
1.950000000000000000e+02
2.000000000000000000e+02
2.150000000000000000e+02
2.120000000000000000e+02
2.170000000000000000e+02
2.050000000000000000e+02
2.100000000000000000e+02
2.220000000000000000e+02
2.460000000000000000e+02
2.210000000000000000e+02
2.450000000000000000e+02
2.310000000000000000e+02
2.410000000000000000e+02
2.520000000000000000e+02
2.550000000000000000e+02
2.570000000000000000e+02
2.590000000000000000e+02
2.560000000000000000e+02
2.900000000000000000e+02
2.420000000000000000e+02
2.650000000000000000e+02
2.700000000000000000e+02
2.660000000000000000e+02
2.910000000000000000e+02
2.600000000000000000e+02
2.810000000000000000e+02
2.610000000000000000e+02
2.930000000000000000e+02
2.970000000000000000e+02
3.130000000000000000e+02
3.050000000000000000e+02
3.300000000000000000e+02
3.370000000000000000e+02
3.510000000000000000e+02
3.780000000000000000e+02
3.150000000000000000e+02
3.340000000000000000e+02
3.720000000000000000e+02
3.560000000000000000e+02
3.990000000000000000e+02
3.860000000000000000e+02
4.110000000000000000e+02
4.030000000000000000e+02
4.280000000000000000e+02
4.180000000000000000e+02
4.940000000000000000e+02
4.580000000000000000e+02
4.180000000000000000e+02
4.530000000000000000e+02
5.180000000000000000e+02
4.910000000000000000e+02
5.230000000000000000e+02
5.290000000000000000e+02
5.810000000000000000e+02
5.710000000000000000e+02
5.670000000000000000e+02
6.250000000000000000e+02
5.930000000000000000e+02
5.980000000000000000e+02
6.180000000000000000e+02
6.010000000000000000e+02
6.920000000000000000e+02
6.770000000000000000e+02
6.920000000000000000e+02
6.870000000000000000e+02
7.670000000000000000e+02
8.290000000000000000e+02
8.040000000000000000e+02
8.140000000000000000e+02
9.020000000000000000e+02
9.820000000000000000e+02
9.940000000000000000e+02
1.003000000000000000e+03
1.059000000000000000e+03
1.040000000000000000e+03
1.101000000000000000e+03
1.186000000000000000e+03
1.263000000000000000e+03
1.239000000000000000e+03
1.279000000000000000e+03
1.352000000000000000e+03
1.353000000000000000e+03
1.438000000000000000e+03
1.523000000000000000e+03
1.506000000000000000e+03
1.497000000000000000e+03
1.535000000000000000e+03
1.574000000000000000e+03
1.502000000000000000e+03
1.573000000000000000e+03
1.630000000000000000e+03
1.670000000000000000e+03
1.688000000000000000e+03
1.729000000000000000e+03
1.644000000000000000e+03
1.788000000000000000e+03
1.846000000000000000e+03
1.967000000000000000e+03
2.069000000000000000e+03
2.270000000000000000e+03
2.408000000000000000e+03
2.679000000000000000e+03
3.070000000000000000e+03
3.318000000000000000e+03
3.814000000000000000e+03
4.471000000000000000e+03
4.310000000000000000e+03
3.910000000000000000e+03
1.051300000000000000e+04
5.203000000000000000e+03
1.889000000000000000e+03
1.981000000000000000e+03
1.937000000000000000e+03
1.821000000000000000e+03
1.924000000000000000e+03
1.756000000000000000e+03
1.870000000000000000e+03
1.849000000000000000e+03
1.805000000000000000e+03
1.695000000000000000e+03
1.534000000000000000e+03
1.518000000000000000e+03
1.395000000000000000e+03
1.380000000000000000e+03
1.346000000000000000e+03
1.313000000000000000e+03
1.243000000000000000e+03
1.233000000000000000e+03
1.179000000000000000e+03
1.185000000000000000e+03
1.200000000000000000e+03
1.239000000000000000e+03
1.229000000000000000e+03
1.164000000000000000e+03
1.265000000000000000e+03
1.262000000000000000e+03
1.284000000000000000e+03
1.366000000000000000e+03
1.360000000000000000e+03
1.380000000000000000e+03
1.530000000000000000e+03
1.590000000000000000e+03
1.546000000000000000e+03
1.659000000000000000e+03
1.519000000000000000e+03
1.674000000000000000e+03
1.485000000000000000e+03
1.563000000000000000e+03
1.372000000000000000e+03
1.401000000000000000e+03
1.392000000000000000e+03
1.259000000000000000e+03
1.294000000000000000e+03
1.252000000000000000e+03
1.176000000000000000e+03
1.252000000000000000e+03
1.296000000000000000e+03
1.617000000000000000e+03
1.916000000000000000e+03
3.077000000000000000e+03
1.468300000000000000e+04
2.183000000000000000e+03
1.662000000000000000e+03
1.309000000000000000e+03
1.111000000000000000e+03
9.900000000000000000e+02
9.400000000000000000e+02
8.880000000000000000e+02
8.630000000000000000e+02
7.900000000000000000e+02
7.860000000000000000e+02
7.780000000000000000e+02
7.980000000000000000e+02
7.560000000000000000e+02
7.680000000000000000e+02
7.820000000000000000e+02
7.290000000000000000e+02
7.550000000000000000e+02
7.240000000000000000e+02
7.570000000000000000e+02
7.410000000000000000e+02
7.190000000000000000e+02
7.020000000000000000e+02
6.850000000000000000e+02
7.210000000000000000e+02
7.150000000000000000e+02
7.020000000000000000e+02
6.720000000000000000e+02
6.450000000000000000e+02
5.470000000000000000e+02
5.880000000000000000e+02
5.270000000000000000e+02
5.490000000000000000e+02
5.030000000000000000e+02
4.660000000000000000e+02
4.550000000000000000e+02
4.540000000000000000e+02
4.710000000000000000e+02
4.420000000000000000e+02
4.230000000000000000e+02
4.410000000000000000e+02
3.720000000000000000e+02
3.800000000000000000e+02
4.060000000000000000e+02
3.530000000000000000e+02
3.640000000000000000e+02
3.430000000000000000e+02
3.960000000000000000e+02
3.540000000000000000e+02
3.680000000000000000e+02
3.910000000000000000e+02
3.630000000000000000e+02
4.050000000000000000e+02
3.560000000000000000e+02
3.820000000000000000e+02
3.940000000000000000e+02
3.860000000000000000e+02
3.900000000000000000e+02
3.480000000000000000e+02
3.890000000000000000e+02
4.260000000000000000e+02
4.120000000000000000e+02
3.530000000000000000e+02
3.990000000000000000e+02
3.750000000000000000e+02
4.290000000000000000e+02
4.020000000000000000e+02
4.070000000000000000e+02
3.890000000000000000e+02
3.880000000000000000e+02
3.900000000000000000e+02
4.010000000000000000e+02
3.870000000000000000e+02
3.880000000000000000e+02
4.140000000000000000e+02
3.970000000000000000e+02
4.110000000000000000e+02
4.090000000000000000e+02
4.490000000000000000e+02
5.070000000000000000e+02
4.870000000000000000e+02
4.200000000000000000e+02
4.720000000000000000e+02
4.940000000000000000e+02
4.290000000000000000e+02
5.490000000000000000e+02
5.570000000000000000e+02
5.780000000000000000e+02
6.080000000000000000e+02
6.130000000000000000e+02
6.300000000000000000e+02
6.320000000000000000e+02
6.490000000000000000e+02
6.320000000000000000e+02
6.510000000000000000e+02
6.520000000000000000e+02
6.650000000000000000e+02
7.380000000000000000e+02
6.940000000000000000e+02
7.000000000000000000e+02
7.430000000000000000e+02
7.500000000000000000e+02
7.990000000000000000e+02
7.570000000000000000e+02
7.460000000000000000e+02
7.050000000000000000e+02
6.900000000000000000e+02
7.180000000000000000e+02
7.860000000000000000e+02
7.120000000000000000e+02
6.780000000000000000e+02
7.000000000000000000e+02
7.020000000000000000e+02
6.780000000000000000e+02
6.660000000000000000e+02
6.550000000000000000e+02
6.110000000000000000e+02
6.970000000000000000e+02
6.640000000000000000e+02
6.280000000000000000e+02
6.190000000000000000e+02
6.910000000000000000e+02
6.710000000000000000e+02
6.420000000000000000e+02
6.270000000000000000e+02
6.050000000000000000e+02
6.080000000000000000e+02
6.080000000000000000e+02
6.120000000000000000e+02
7.090000000000000000e+02
7.860000000000000000e+02
7.570000000000000000e+02
7.460000000000000000e+02
7.080000000000000000e+02
8.190000000000000000e+02
8.140000000000000000e+02
8.480000000000000000e+02
7.630000000000000000e+02
8.540000000000000000e+02
8.940000000000000000e+02
8.100000000000000000e+02
7.160000000000000000e+02
6.800000000000000000e+02
6.110000000000000000e+02
6.700000000000000000e+02
6.310000000000000000e+02
6.000000000000000000e+02
6.120000000000000000e+02
6.490000000000000000e+02
6.440000000000000000e+02
6.290000000000000000e+02
6.460000000000000000e+02
6.280000000000000000e+02
6.710000000000000000e+02
7.010000000000000000e+02
7.260000000000000000e+02
7.450000000000000000e+02
7.630000000000000000e+02
7.740000000000000000e+02
7.230000000000000000e+02
7.040000000000000000e+02
7.100000000000000000e+02
7.530000000000000000e+02
7.620000000000000000e+02
8.020000000000000000e+02
8.320000000000000000e+02
8.210000000000000000e+02
8.830000000000000000e+02
9.050000000000000000e+02
9.790000000000000000e+02
9.830000000000000000e+02
9.820000000000000000e+02
1.051000000000000000e+03
1.036000000000000000e+03
1.070000000000000000e+03
1.087000000000000000e+03
1.168000000000000000e+03
1.117000000000000000e+03
1.149000000000000000e+03
1.160000000000000000e+03
1.157000000000000000e+03
1.085000000000000000e+03
1.149000000000000000e+03
1.108000000000000000e+03
1.155000000000000000e+03
1.195000000000000000e+03
1.194000000000000000e+03
1.167000000000000000e+03
1.199000000000000000e+03
1.155000000000000000e+03
1.057000000000000000e+03
1.089000000000000000e+03
1.119000000000000000e+03
1.084000000000000000e+03
1.085000000000000000e+03
1.108000000000000000e+03
1.088000000000000000e+03
1.078000000000000000e+03
1.193000000000000000e+03
1.093000000000000000e+03
1.032000000000000000e+03
1.073000000000000000e+03
6.000000000000000000e+02
3.310000000000000000e+02
3.390000000000000000e+02
5.300000000000000000e+03
1.426000000000000000e+03
1.723000000000000000e+03
1.799000000000000000e+03
1.853000000000000000e+03
1.938000000000000000e+03
1.801000000000000000e+03
1.846000000000000000e+03
1.814000000000000000e+03
2.014000000000000000e+03
1.826000000000000000e+03
1.705000000000000000e+03
1.656000000000000000e+03
1.587000000000000000e+03
1.582000000000000000e+03
1.513000000000000000e+03
1.466000000000000000e+03
1.443000000000000000e+03
1.368000000000000000e+03
1.273000000000000000e+03
1.258000000000000000e+03
1.275000000000000000e+03
1.207000000000000000e+03
1.243000000000000000e+03
1.264000000000000000e+03
1.406000000000000000e+03
1.386000000000000000e+03
1.393000000000000000e+03
1.396000000000000000e+03
1.435000000000000000e+03
1.443000000000000000e+03
1.531000000000000000e+03
1.516000000000000000e+03
1.591000000000000000e+03
1.501000000000000000e+03
1.592000000000000000e+03
1.547000000000000000e+03
1.573000000000000000e+03
1.636000000000000000e+03
1.593000000000000000e+03
1.620000000000000000e+03
1.621000000000000000e+03
1.589000000000000000e+03
1.570000000000000000e+03
1.455000000000000000e+03
1.412000000000000000e+03
1.389000000000000000e+03
1.370000000000000000e+03
1.385000000000000000e+03
1.371000000000000000e+03
1.373000000000000000e+03
1.386000000000000000e+03
1.480000000000000000e+03
1.360000000000000000e+03
1.319000000000000000e+03
1.331000000000000000e+03
1.396000000000000000e+03
1.486000000000000000e+03
1.468000000000000000e+03
1.506000000000000000e+03
1.434000000000000000e+03
1.544000000000000000e+03
1.497000000000000000e+03
1.478000000000000000e+03
1.474000000000000000e+03
1.552000000000000000e+03
1.681000000000000000e+03
1.688000000000000000e+03
1.674000000000000000e+03
1.940000000000000000e+03
2.051000000000000000e+03
2.790000000000000000e+03
1.386500000000000000e+04
1.981000000000000000e+03
2.080000000000000000e+03
1.380000000000000000e+03
1.210000000000000000e+03
1.071000000000000000e+03
9.630000000000000000e+02
9.450000000000000000e+02
8.470000000000000000e+02
8.230000000000000000e+02
7.990000000000000000e+02
7.810000000000000000e+02
7.450000000000000000e+02
7.060000000000000000e+02
7.110000000000000000e+02
7.040000000000000000e+02
7.250000000000000000e+02
7.250000000000000000e+02
7.070000000000000000e+02
7.190000000000000000e+02
7.820000000000000000e+02
6.940000000000000000e+02
6.800000000000000000e+02
7.010000000000000000e+02
6.790000000000000000e+02
6.700000000000000000e+02
6.720000000000000000e+02
7.160000000000000000e+02
6.960000000000000000e+02
6.580000000000000000e+02
7.100000000000000000e+02
6.710000000000000000e+02
6.130000000000000000e+02
5.800000000000000000e+02
5.720000000000000000e+02
5.300000000000000000e+02
5.960000000000000000e+02
6.490000000000000000e+02
5.810000000000000000e+02
6.420000000000000000e+02
5.890000000000000000e+02
5.530000000000000000e+02
5.150000000000000000e+02
5.420000000000000000e+02
5.120000000000000000e+02
4.780000000000000000e+02
4.670000000000000000e+02
4.270000000000000000e+02
4.020000000000000000e+02
4.440000000000000000e+02
4.230000000000000000e+02
4.000000000000000000e+02
3.890000000000000000e+02
3.410000000000000000e+02
3.870000000000000000e+02
3.240000000000000000e+02
3.380000000000000000e+02
4.100000000000000000e+02
4.140000000000000000e+02
3.850000000000000000e+02
3.830000000000000000e+02
3.400000000000000000e+02
3.900000000000000000e+02
3.140000000000000000e+02
3.410000000000000000e+02
2.920000000000000000e+02
2.770000000000000000e+02
2.980000000000000000e+02
2.990000000000000000e+02
2.930000000000000000e+02
2.710000000000000000e+02
2.930000000000000000e+02
2.720000000000000000e+02
2.540000000000000000e+02
2.800000000000000000e+02
2.760000000000000000e+02
2.840000000000000000e+02
2.660000000000000000e+02
2.980000000000000000e+02
2.920000000000000000e+02
2.670000000000000000e+02
2.760000000000000000e+02
2.870000000000000000e+02
2.890000000000000000e+02
2.890000000000000000e+02
2.760000000000000000e+02
2.920000000000000000e+02
3.040000000000000000e+02
2.890000000000000000e+02
3.160000000000000000e+02
2.970000000000000000e+02
3.140000000000000000e+02
3.220000000000000000e+02
3.200000000000000000e+02
3.170000000000000000e+02
3.190000000000000000e+02
3.380000000000000000e+02
3.000000000000000000e+02
3.270000000000000000e+02
2.740000000000000000e+02
3.090000000000000000e+02
3.170000000000000000e+02
3.310000000000000000e+02
3.330000000000000000e+02
2.980000000000000000e+02
3.290000000000000000e+02
3.280000000000000000e+02
3.020000000000000000e+02
3.320000000000000000e+02
3.140000000000000000e+02
2.990000000000000000e+02
3.020000000000000000e+02
3.250000000000000000e+02
2.840000000000000000e+02
3.170000000000000000e+02
3.380000000000000000e+02
3.440000000000000000e+02
3.160000000000000000e+02
3.610000000000000000e+02
3.790000000000000000e+02
3.510000000000000000e+02
3.650000000000000000e+02
3.790000000000000000e+02
4.000000000000000000e+02
4.100000000000000000e+02
3.900000000000000000e+02
3.960000000000000000e+02
4.360000000000000000e+02
4.310000000000000000e+02
4.390000000000000000e+02
4.450000000000000000e+02
4.590000000000000000e+02
4.900000000000000000e+02
4.810000000000000000e+02
5.630000000000000000e+02
5.660000000000000000e+02
5.790000000000000000e+02
5.940000000000000000e+02
6.240000000000000000e+02
6.160000000000000000e+02
6.250000000000000000e+02
6.590000000000000000e+02
7.390000000000000000e+02
7.090000000000000000e+02
7.340000000000000000e+02
7.960000000000000000e+02
8.050000000000000000e+02
7.730000000000000000e+02
8.650000000000000000e+02
8.130000000000000000e+02
8.740000000000000000e+02
9.030000000000000000e+02
9.190000000000000000e+02
9.940000000000000000e+02
9.750000000000000000e+02
1.024000000000000000e+03
1.031000000000000000e+03
1.100000000000000000e+03
1.077000000000000000e+03
1.084000000000000000e+03
1.063000000000000000e+03
1.127000000000000000e+03
1.215000000000000000e+03
1.220000000000000000e+03
1.187000000000000000e+03
1.237000000000000000e+03
1.220000000000000000e+03
1.178000000000000000e+03
1.141000000000000000e+03
1.075000000000000000e+03
1.083000000000000000e+03
1.010000000000000000e+03
1.048000000000000000e+03
1.053000000000000000e+03
1.016000000000000000e+03
9.730000000000000000e+02
1.075000000000000000e+03
1.146000000000000000e+03
9.870000000000000000e+02
1.008000000000000000e+03
1.022000000000000000e+03
5.920000000000000000e+02
2.480000000000000000e+02
9.510000000000000000e+02
