1.091000000000000000e+03
1.315600000000000000e+04
5.874000000000000000e+03
5.128000000000000000e+03
3.104000000000000000e+03
2.573000000000000000e+03
1.639000000000000000e+03
3.134000000000000000e+03
3.053000000000000000e+03
3.248000000000000000e+03
2.552000000000000000e+03
2.673000000000000000e+03
2.692000000000000000e+03
4.743000000000000000e+03
4.067000000000000000e+03
6.637000000000000000e+03
5.556000000000000000e+03
3.517000000000000000e+03
3.743000000000000000e+03
2.742000000000000000e+03
3.790000000000000000e+03
4.818000000000000000e+03
4.884000000000000000e+03
3.869000000000000000e+03
3.344000000000000000e+03
3.246000000000000000e+03
3.076000000000000000e+03
2.883000000000000000e+03
2.876000000000000000e+03
2.830000000000000000e+03
2.515000000000000000e+03
2.635000000000000000e+03
2.764000000000000000e+03
2.735000000000000000e+03
2.683000000000000000e+03
2.987000000000000000e+03
2.461000000000000000e+03
2.367000000000000000e+03
2.285000000000000000e+03
2.291000000000000000e+03
2.189000000000000000e+03
2.212000000000000000e+03
2.171000000000000000e+03
2.047000000000000000e+03
1.905000000000000000e+03
1.869000000000000000e+03
1.747000000000000000e+03
1.714000000000000000e+03
1.676000000000000000e+03
1.449000000000000000e+03
1.546000000000000000e+03
1.348000000000000000e+03
1.408000000000000000e+03
1.218000000000000000e+03
1.268000000000000000e+03
1.252000000000000000e+03
1.273000000000000000e+03
1.237000000000000000e+03
1.277000000000000000e+03
1.211000000000000000e+03
1.187000000000000000e+03
1.048000000000000000e+03
9.580000000000000000e+02
8.930000000000000000e+02
9.620000000000000000e+02
8.810000000000000000e+02
9.100000000000000000e+02
9.370000000000000000e+02
1.000000000000000000e+03
1.116000000000000000e+03
1.112000000000000000e+03
1.109000000000000000e+03
1.068000000000000000e+03
9.880000000000000000e+02
1.132000000000000000e+03
9.580000000000000000e+02
9.600000000000000000e+02
8.780000000000000000e+02
8.760000000000000000e+02
8.430000000000000000e+02
8.670000000000000000e+02
8.020000000000000000e+02
8.450000000000000000e+02
7.610000000000000000e+02
7.580000000000000000e+02
8.440000000000000000e+02
7.700000000000000000e+02
7.120000000000000000e+02
6.650000000000000000e+02
5.760000000000000000e+02
5.940000000000000000e+02
6.910000000000000000e+02
6.830000000000000000e+02
7.420000000000000000e+02
7.920000000000000000e+02
7.410000000000000000e+02
7.460000000000000000e+02
6.450000000000000000e+02
6.410000000000000000e+02
6.170000000000000000e+02
6.120000000000000000e+02
5.580000000000000000e+02
5.250000000000000000e+02
5.430000000000000000e+02
5.230000000000000000e+02
4.850000000000000000e+02
4.600000000000000000e+02
4.430000000000000000e+02
4.370000000000000000e+02
4.030000000000000000e+02
4.050000000000000000e+02
4.220000000000000000e+02
4.210000000000000000e+02
4.050000000000000000e+02
3.760000000000000000e+02
3.850000000000000000e+02
4.580000000000000000e+02
4.340000000000000000e+02
4.830000000000000000e+02
4.590000000000000000e+02
5.100000000000000000e+02
5.060000000000000000e+02
5.720000000000000000e+02
5.370000000000000000e+02
5.460000000000000000e+02
6.110000000000000000e+02
5.550000000000000000e+02
6.060000000000000000e+02
5.730000000000000000e+02
5.810000000000000000e+02
5.850000000000000000e+02
6.090000000000000000e+02
6.260000000000000000e+02
7.000000000000000000e+02
6.590000000000000000e+02
6.560000000000000000e+02
6.200000000000000000e+02
5.570000000000000000e+02
6.110000000000000000e+02
5.520000000000000000e+02
5.330000000000000000e+02
4.560000000000000000e+02
4.250000000000000000e+02
4.180000000000000000e+02
3.510000000000000000e+02
3.260000000000000000e+02
3.070000000000000000e+02
3.000000000000000000e+02
2.850000000000000000e+02
2.850000000000000000e+02
2.780000000000000000e+02
2.410000000000000000e+02
2.330000000000000000e+02
2.180000000000000000e+02
2.390000000000000000e+02
2.180000000000000000e+02
1.960000000000000000e+02
2.140000000000000000e+02
1.710000000000000000e+02
1.950000000000000000e+02
1.650000000000000000e+02
1.540000000000000000e+02
1.560000000000000000e+02
1.480000000000000000e+02
1.120000000000000000e+02
1.320000000000000000e+02
1.080000000000000000e+02
1.040000000000000000e+02
9.600000000000000000e+01
1.020000000000000000e+02
7.600000000000000000e+01
7.200000000000000000e+01
7.000000000000000000e+01
8.300000000000000000e+01
8.800000000000000000e+01
8.300000000000000000e+01
8.900000000000000000e+01
8.600000000000000000e+01
6.400000000000000000e+01
5.900000000000000000e+01
6.500000000000000000e+01
7.200000000000000000e+01
7.900000000000000000e+01
6.200000000000000000e+01
6.600000000000000000e+01
7.000000000000000000e+01
7.500000000000000000e+01
8.200000000000000000e+01
5.400000000000000000e+01
6.300000000000000000e+01
5.400000000000000000e+01
5.300000000000000000e+01
5.000000000000000000e+01
4.900000000000000000e+01
5.700000000000000000e+01
4.600000000000000000e+01
4.400000000000000000e+01
3.900000000000000000e+01
4.200000000000000000e+01
3.800000000000000000e+01
3.500000000000000000e+01
4.200000000000000000e+01
2.100000000000000000e+01
3.000000000000000000e+01
1.800000000000000000e+01
3.400000000000000000e+01
1.800000000000000000e+01
2.200000000000000000e+01
2.400000000000000000e+01
1.800000000000000000e+01
2.300000000000000000e+01
2.000000000000000000e+01
2.600000000000000000e+01
2.400000000000000000e+01
1.200000000000000000e+01
2.100000000000000000e+01
1.800000000000000000e+01
1.800000000000000000e+01
2.000000000000000000e+01
1.900000000000000000e+01
2.400000000000000000e+01
1.900000000000000000e+01
2.100000000000000000e+01
1.400000000000000000e+01
1.200000000000000000e+01
1.500000000000000000e+01
1.800000000000000000e+01
2.300000000000000000e+01
2.400000000000000000e+01
2.200000000000000000e+01
1.800000000000000000e+01
2.100000000000000000e+01
2.000000000000000000e+01
2.100000000000000000e+01
2.000000000000000000e+01
2.100000000000000000e+01
3.000000000000000000e+01
1.900000000000000000e+01
1.900000000000000000e+01
2.500000000000000000e+01
2.900000000000000000e+01
2.800000000000000000e+01
2.400000000000000000e+01
2.400000000000000000e+01
2.700000000000000000e+01
3.600000000000000000e+01
1.700000000000000000e+01
2.200000000000000000e+01
2.600000000000000000e+01
3.100000000000000000e+01
1.600000000000000000e+01
2.200000000000000000e+01
2.800000000000000000e+01
3.000000000000000000e+01
2.700000000000000000e+01
5.300000000000000000e+01
1.286100000000000000e+04
2.362400000000000000e+04
8.271000000000000000e+03
6.210000000000000000e+03
6.422000000000000000e+03
6.534000000000000000e+03
5.141000000000000000e+03
3.874000000000000000e+03
4.905000000000000000e+03
5.292000000000000000e+03
3.591000000000000000e+03
3.379000000000000000e+03
3.057000000000000000e+03
2.878000000000000000e+03
2.626000000000000000e+03
2.758000000000000000e+03
2.807000000000000000e+03
2.828000000000000000e+03
2.655000000000000000e+03
2.715000000000000000e+03
2.999000000000000000e+03
3.027000000000000000e+03
2.934000000000000000e+03
2.877000000000000000e+03
2.775000000000000000e+03
2.564000000000000000e+03
2.489000000000000000e+03
2.311000000000000000e+03
2.126000000000000000e+03
2.080000000000000000e+03
2.059000000000000000e+03
1.925000000000000000e+03
1.940000000000000000e+03
1.988000000000000000e+03
1.921000000000000000e+03
1.913000000000000000e+03
1.848000000000000000e+03
1.672000000000000000e+03
1.628000000000000000e+03
1.555000000000000000e+03
1.498000000000000000e+03
1.487000000000000000e+03
1.376000000000000000e+03
1.316000000000000000e+03
1.203000000000000000e+03
1.143000000000000000e+03
1.211000000000000000e+03
1.232000000000000000e+03
1.137000000000000000e+03
1.150000000000000000e+03
1.046000000000000000e+03
1.027000000000000000e+03
9.770000000000000000e+02
9.260000000000000000e+02
9.920000000000000000e+02
9.440000000000000000e+02
8.980000000000000000e+02
8.530000000000000000e+02
9.920000000000000000e+02
9.260000000000000000e+02
9.610000000000000000e+02
1.013000000000000000e+03
1.056000000000000000e+03
1.028000000000000000e+03
8.720000000000000000e+02
8.120000000000000000e+02
8.200000000000000000e+02
8.680000000000000000e+02
7.830000000000000000e+02
7.790000000000000000e+02
7.520000000000000000e+02
7.850000000000000000e+02
7.630000000000000000e+02
7.430000000000000000e+02
8.190000000000000000e+02
8.450000000000000000e+02
8.480000000000000000e+02
8.240000000000000000e+02
7.570000000000000000e+02
7.600000000000000000e+02
7.260000000000000000e+02
7.260000000000000000e+02
7.780000000000000000e+02
6.990000000000000000e+02
7.510000000000000000e+02
7.450000000000000000e+02
6.980000000000000000e+02
6.880000000000000000e+02
6.450000000000000000e+02
6.740000000000000000e+02
6.410000000000000000e+02
6.270000000000000000e+02
6.260000000000000000e+02
6.240000000000000000e+02
5.980000000000000000e+02
5.530000000000000000e+02
6.060000000000000000e+02
5.380000000000000000e+02
5.120000000000000000e+02
4.720000000000000000e+02
4.720000000000000000e+02
4.060000000000000000e+02
3.960000000000000000e+02
4.090000000000000000e+02
3.700000000000000000e+02
3.490000000000000000e+02
3.170000000000000000e+02
3.500000000000000000e+02
3.520000000000000000e+02
3.390000000000000000e+02
3.820000000000000000e+02
3.500000000000000000e+02
3.400000000000000000e+02
3.580000000000000000e+02
3.500000000000000000e+02
3.620000000000000000e+02
3.790000000000000000e+02
3.550000000000000000e+02
3.860000000000000000e+02
3.770000000000000000e+02
4.070000000000000000e+02
4.310000000000000000e+02
3.640000000000000000e+02
4.130000000000000000e+02
4.250000000000000000e+02
3.700000000000000000e+02
4.180000000000000000e+02
4.520000000000000000e+02
4.070000000000000000e+02
4.170000000000000000e+02
4.640000000000000000e+02
4.310000000000000000e+02
4.580000000000000000e+02
4.320000000000000000e+02
4.620000000000000000e+02
4.670000000000000000e+02
4.560000000000000000e+02
4.600000000000000000e+02
4.480000000000000000e+02
4.710000000000000000e+02
4.980000000000000000e+02
4.440000000000000000e+02
5.220000000000000000e+02
4.760000000000000000e+02
4.820000000000000000e+02
5.190000000000000000e+02
5.420000000000000000e+02
4.960000000000000000e+02
5.120000000000000000e+02
5.190000000000000000e+02
4.680000000000000000e+02
4.740000000000000000e+02
5.030000000000000000e+02
4.810000000000000000e+02
4.300000000000000000e+02
3.780000000000000000e+02
3.800000000000000000e+02
4.100000000000000000e+02
3.880000000000000000e+02
3.760000000000000000e+02
3.790000000000000000e+02
3.440000000000000000e+02
2.920000000000000000e+02
2.490000000000000000e+02
2.070000000000000000e+02
1.890000000000000000e+02
1.770000000000000000e+02
1.390000000000000000e+02
1.120000000000000000e+02
8.600000000000000000e+01
8.400000000000000000e+01
8.800000000000000000e+01
9.600000000000000000e+01
7.400000000000000000e+01
8.300000000000000000e+01
7.900000000000000000e+01
8.200000000000000000e+01
7.700000000000000000e+01
6.500000000000000000e+01
5.800000000000000000e+01
7.700000000000000000e+01
8.600000000000000000e+01
7.400000000000000000e+01
7.800000000000000000e+01
7.400000000000000000e+01
1.140000000000000000e+02
7.000000000000000000e+01
6.200000000000000000e+01
6.900000000000000000e+01
5.100000000000000000e+01
4.500000000000000000e+01
5.400000000000000000e+01
5.800000000000000000e+01
3.700000000000000000e+01
4.100000000000000000e+01
4.600000000000000000e+01
4.500000000000000000e+01
3.800000000000000000e+01
3.200000000000000000e+01
3.900000000000000000e+01
3.200000000000000000e+01
3.800000000000000000e+01
2.400000000000000000e+01
3.900000000000000000e+01
3.700000000000000000e+01
3.100000000000000000e+01
2.100000000000000000e+01
2.600000000000000000e+01
1.900000000000000000e+01
1.900000000000000000e+01
2.000000000000000000e+01
2.300000000000000000e+01
2.700000000000000000e+01
1.800000000000000000e+01
1.700000000000000000e+01
1.800000000000000000e+01
1.500000000000000000e+01
1.400000000000000000e+01
1.400000000000000000e+01
2.500000000000000000e+01
1.700000000000000000e+01
1.500000000000000000e+01
1.300000000000000000e+01
1.400000000000000000e+01
1.600000000000000000e+01
1.400000000000000000e+01
1.400000000000000000e+01
1.700000000000000000e+01
1.900000000000000000e+01
1.400000000000000000e+01
1.400000000000000000e+01
9.000000000000000000e+00
1.900000000000000000e+01
1.200000000000000000e+01
2.000000000000000000e+01
2.000000000000000000e+01
1.900000000000000000e+01
2.600000000000000000e+01
2.400000000000000000e+01
2.800000000000000000e+01
2.400000000000000000e+01
2.100000000000000000e+01
2.100000000000000000e+01
2.700000000000000000e+01
2.100000000000000000e+01
2.500000000000000000e+01
3.600000000000000000e+01
3.100000000000000000e+01
3.300000000000000000e+01
3.500000000000000000e+01
3.300000000000000000e+01
2.300000000000000000e+01
4.100000000000000000e+01
4.100000000000000000e+01
2.800000000000000000e+01
3.100000000000000000e+01
3.300000000000000000e+02
6.384000000000000000e+03
2.540000000000000000e+02
3.611000000000000000e+03
4.500000000000000000e+02
9.300000000000000000e+02
1.359000000000000000e+03
2.023000000000000000e+03
7.190000000000000000e+02
1.453000000000000000e+03
1.956000000000000000e+03
1.296000000000000000e+03
1.275000000000000000e+03
2.378000000000000000e+03
2.685000000000000000e+03
2.397000000000000000e+03
1.831000000000000000e+03
1.543000000000000000e+03
1.823000000000000000e+03
1.494000000000000000e+03
2.041000000000000000e+03
1.519000000000000000e+03
1.861000000000000000e+03
1.598000000000000000e+03
2.137000000000000000e+03
2.210000000000000000e+03
1.945000000000000000e+03
2.076000000000000000e+03
1.619000000000000000e+03
1.773000000000000000e+03
1.836000000000000000e+03
1.891000000000000000e+03
2.817000000000000000e+03
2.149000000000000000e+03
2.556000000000000000e+03
2.225000000000000000e+03
2.552000000000000000e+03
2.290000000000000000e+03
2.664000000000000000e+03
3.087000000000000000e+03
2.171000000000000000e+03
2.673000000000000000e+03
3.441000000000000000e+03
4.085000000000000000e+03
3.498000000000000000e+03
2.362000000000000000e+03
3.003000000000000000e+03
2.183000000000000000e+03
2.558000000000000000e+03
2.713000000000000000e+03
2.492000000000000000e+03
3.343000000000000000e+03
3.018000000000000000e+03
2.513000000000000000e+03
2.302000000000000000e+03
2.290000000000000000e+03
2.362000000000000000e+03
2.046000000000000000e+03
1.999000000000000000e+03
1.998000000000000000e+03
2.065000000000000000e+03
2.083000000000000000e+03
2.063000000000000000e+03
1.927000000000000000e+03
1.843000000000000000e+03
1.970000000000000000e+03
1.915000000000000000e+03
1.849000000000000000e+03
1.990000000000000000e+03
1.814000000000000000e+03
1.682000000000000000e+03
1.597000000000000000e+03
1.616000000000000000e+03
1.615000000000000000e+03
1.600000000000000000e+03
1.604000000000000000e+03
1.512000000000000000e+03
1.473000000000000000e+03
1.458000000000000000e+03
1.419000000000000000e+03
1.307000000000000000e+03
1.447000000000000000e+03
1.437000000000000000e+03
1.302000000000000000e+03
1.302000000000000000e+03
1.284000000000000000e+03
1.256000000000000000e+03
1.118000000000000000e+03
1.188000000000000000e+03
1.050000000000000000e+03
1.026000000000000000e+03
1.015000000000000000e+03
9.440000000000000000e+02
9.520000000000000000e+02
9.090000000000000000e+02
8.630000000000000000e+02
7.870000000000000000e+02
7.330000000000000000e+02
7.040000000000000000e+02
6.820000000000000000e+02
6.770000000000000000e+02
7.140000000000000000e+02
6.150000000000000000e+02
6.500000000000000000e+02
6.510000000000000000e+02
6.970000000000000000e+02
6.290000000000000000e+02
6.100000000000000000e+02
5.690000000000000000e+02
5.770000000000000000e+02
6.000000000000000000e+02
5.410000000000000000e+02
5.490000000000000000e+02
5.350000000000000000e+02
5.260000000000000000e+02
4.800000000000000000e+02
5.050000000000000000e+02
5.260000000000000000e+02
5.350000000000000000e+02
5.710000000000000000e+02
4.910000000000000000e+02
5.320000000000000000e+02
4.760000000000000000e+02
5.230000000000000000e+02
4.630000000000000000e+02
4.940000000000000000e+02
5.000000000000000000e+02
5.140000000000000000e+02
4.830000000000000000e+02
4.830000000000000000e+02
5.530000000000000000e+02
5.580000000000000000e+02
5.230000000000000000e+02
5.420000000000000000e+02
5.100000000000000000e+02
4.890000000000000000e+02
4.640000000000000000e+02
4.880000000000000000e+02
5.510000000000000000e+02
5.690000000000000000e+02
5.350000000000000000e+02
5.760000000000000000e+02
5.110000000000000000e+02
5.280000000000000000e+02
4.950000000000000000e+02
5.430000000000000000e+02
5.530000000000000000e+02
5.070000000000000000e+02
4.170000000000000000e+02
5.070000000000000000e+02
4.790000000000000000e+02
4.790000000000000000e+02
5.480000000000000000e+02
4.850000000000000000e+02
4.740000000000000000e+02
4.870000000000000000e+02
4.960000000000000000e+02
4.760000000000000000e+02
4.540000000000000000e+02
5.060000000000000000e+02
4.720000000000000000e+02
4.810000000000000000e+02
4.900000000000000000e+02
5.130000000000000000e+02
4.700000000000000000e+02
4.680000000000000000e+02
4.860000000000000000e+02
4.460000000000000000e+02
4.540000000000000000e+02
4.420000000000000000e+02
4.010000000000000000e+02
3.890000000000000000e+02
3.710000000000000000e+02
3.700000000000000000e+02
3.790000000000000000e+02
3.590000000000000000e+02
3.750000000000000000e+02
3.540000000000000000e+02
3.430000000000000000e+02
3.200000000000000000e+02
3.190000000000000000e+02
2.990000000000000000e+02
2.860000000000000000e+02
3.140000000000000000e+02
2.680000000000000000e+02
2.660000000000000000e+02
2.610000000000000000e+02
2.410000000000000000e+02
2.170000000000000000e+02
2.550000000000000000e+02
2.380000000000000000e+02
2.580000000000000000e+02
2.450000000000000000e+02
2.540000000000000000e+02
2.270000000000000000e+02
2.310000000000000000e+02
2.690000000000000000e+02
2.460000000000000000e+02
2.560000000000000000e+02
2.600000000000000000e+02
2.500000000000000000e+02
1.910000000000000000e+02
2.070000000000000000e+02
2.030000000000000000e+02
2.050000000000000000e+02
2.230000000000000000e+02
2.060000000000000000e+02
1.980000000000000000e+02
1.990000000000000000e+02
1.950000000000000000e+02
2.280000000000000000e+02
1.820000000000000000e+02
1.860000000000000000e+02
2.070000000000000000e+02
1.650000000000000000e+02
1.710000000000000000e+02
1.300000000000000000e+02
1.270000000000000000e+02
1.130000000000000000e+02
9.800000000000000000e+01
9.700000000000000000e+01
9.400000000000000000e+01
6.300000000000000000e+01
6.400000000000000000e+01
8.600000000000000000e+01
6.600000000000000000e+01
7.400000000000000000e+01
6.600000000000000000e+01
5.600000000000000000e+01
5.500000000000000000e+01
5.500000000000000000e+01
4.400000000000000000e+01
4.500000000000000000e+01
5.200000000000000000e+01
5.600000000000000000e+01
4.300000000000000000e+01
3.600000000000000000e+01
3.500000000000000000e+01
4.400000000000000000e+01
4.300000000000000000e+01
4.700000000000000000e+01
5.300000000000000000e+01
4.400000000000000000e+01
4.100000000000000000e+01
3.800000000000000000e+01
2.900000000000000000e+01
4.400000000000000000e+01
2.200000000000000000e+01
3.900000000000000000e+01
4.100000000000000000e+01
3.600000000000000000e+01
2.800000000000000000e+01
3.000000000000000000e+01
3.900000000000000000e+01
3.300000000000000000e+01
4.780000000000000000e+02
