2.894000000000000000e+03
1.249000000000000000e+03
1.405000000000000000e+03
2.342000000000000000e+03
2.106000000000000000e+03
1.547000000000000000e+03
1.212000000000000000e+03
1.111000000000000000e+03
9.790000000000000000e+02
7.610000000000000000e+02
6.610000000000000000e+02
5.990000000000000000e+02
5.730000000000000000e+02
5.820000000000000000e+02
5.410000000000000000e+02
5.400000000000000000e+02
4.800000000000000000e+02
4.750000000000000000e+02
4.980000000000000000e+02
4.910000000000000000e+02
5.200000000000000000e+02
5.710000000000000000e+02
5.920000000000000000e+02
5.620000000000000000e+02
5.560000000000000000e+02
5.830000000000000000e+02
6.040000000000000000e+02
6.910000000000000000e+02
7.400000000000000000e+02
9.230000000000000000e+02
1.003000000000000000e+03
1.188000000000000000e+03
1.159000000000000000e+03
1.131000000000000000e+03
1.138000000000000000e+03
1.126000000000000000e+03
1.166000000000000000e+03
1.189000000000000000e+03
1.310000000000000000e+03
1.391000000000000000e+03
1.300000000000000000e+03
1.419000000000000000e+03
1.382000000000000000e+03
1.265000000000000000e+03
1.371000000000000000e+03
1.415000000000000000e+03
1.551000000000000000e+03
1.672000000000000000e+03
1.722000000000000000e+03
1.569000000000000000e+03
1.607000000000000000e+03
1.666000000000000000e+03
1.597000000000000000e+03
1.464000000000000000e+03
1.455000000000000000e+03
1.360000000000000000e+03
1.337000000000000000e+03
1.332000000000000000e+03
1.350000000000000000e+03
1.376000000000000000e+03
1.344000000000000000e+03
1.554000000000000000e+03
1.609000000000000000e+03
1.749000000000000000e+03
1.748000000000000000e+03
1.767000000000000000e+03
1.859000000000000000e+03
1.704000000000000000e+03
1.645000000000000000e+03
1.584000000000000000e+03
1.422000000000000000e+03
1.382000000000000000e+03
1.390000000000000000e+03
1.449000000000000000e+03
1.439000000000000000e+03
1.429000000000000000e+03
1.469000000000000000e+03
1.519000000000000000e+03
1.496000000000000000e+03
1.442000000000000000e+03
1.530000000000000000e+03
1.485000000000000000e+03
1.525000000000000000e+03
1.573000000000000000e+03
1.615000000000000000e+03
1.626000000000000000e+03
1.629000000000000000e+03
1.718000000000000000e+03
1.713000000000000000e+03
1.821000000000000000e+03
1.910000000000000000e+03
1.934000000000000000e+03
2.130000000000000000e+03
2.254000000000000000e+03
2.394000000000000000e+03
2.628000000000000000e+03
2.737000000000000000e+03
2.875000000000000000e+03
3.086000000000000000e+03
3.136000000000000000e+03
3.127000000000000000e+03
3.101000000000000000e+03
2.988000000000000000e+03
3.031000000000000000e+03
2.777000000000000000e+03
2.718000000000000000e+03
2.613000000000000000e+03
2.400000000000000000e+03
2.400000000000000000e+03
2.190000000000000000e+03
1.997000000000000000e+03
1.915000000000000000e+03
1.827000000000000000e+03
1.807000000000000000e+03
1.615000000000000000e+03
1.633000000000000000e+03
1.562000000000000000e+03
1.562000000000000000e+03
1.510000000000000000e+03
1.457000000000000000e+03
1.474000000000000000e+03
1.382000000000000000e+03
1.367000000000000000e+03
1.332000000000000000e+03
1.348000000000000000e+03
1.300000000000000000e+03
1.279000000000000000e+03
1.223000000000000000e+03
1.172000000000000000e+03
1.107000000000000000e+03
9.490000000000000000e+02
8.930000000000000000e+02
9.280000000000000000e+02
8.620000000000000000e+02
8.590000000000000000e+02
7.960000000000000000e+02
7.410000000000000000e+02
6.440000000000000000e+02
6.780000000000000000e+02
6.280000000000000000e+02
5.600000000000000000e+02
5.280000000000000000e+02
5.070000000000000000e+02
5.270000000000000000e+02
5.120000000000000000e+02
5.040000000000000000e+02
4.700000000000000000e+02
4.890000000000000000e+02
5.680000000000000000e+02
7.340000000000000000e+02
9.040000000000000000e+02
9.790000000000000000e+02
8.890000000000000000e+02
9.110000000000000000e+02
1.092000000000000000e+03
1.181000000000000000e+03
1.172000000000000000e+03
8.310000000000000000e+02
1.069000000000000000e+03
9.770000000000000000e+02
8.890000000000000000e+02
1.361000000000000000e+03
9.670000000000000000e+02
1.025000000000000000e+03
1.065000000000000000e+03
9.850000000000000000e+02
6.660000000000000000e+02
7.500000000000000000e+02
7.250000000000000000e+02
7.390000000000000000e+02
8.750000000000000000e+02
1.081000000000000000e+03
7.990000000000000000e+02
6.610000000000000000e+02
6.530000000000000000e+02
6.590000000000000000e+02
4.890000000000000000e+02
3.680000000000000000e+02
3.080000000000000000e+02
2.600000000000000000e+02
2.540000000000000000e+02
2.540000000000000000e+02
1.920000000000000000e+02
2.110000000000000000e+02
1.950000000000000000e+02
1.490000000000000000e+02
1.460000000000000000e+02
1.030000000000000000e+02
1.100000000000000000e+02
9.600000000000000000e+01
1.120000000000000000e+02
8.100000000000000000e+01
8.600000000000000000e+01
9.200000000000000000e+01
6.500000000000000000e+01
6.500000000000000000e+01
7.800000000000000000e+01
6.600000000000000000e+01
5.400000000000000000e+01
5.100000000000000000e+01
4.200000000000000000e+01
3.700000000000000000e+01
4.000000000000000000e+01
3.200000000000000000e+01
5.100000000000000000e+01
2.500000000000000000e+01
2.000000000000000000e+01
1.900000000000000000e+01
2.500000000000000000e+01
2.700000000000000000e+01
1.700000000000000000e+01
2.700000000000000000e+01
1.900000000000000000e+01
2.000000000000000000e+01
1.100000000000000000e+01
2.800000000000000000e+01
2.100000000000000000e+01
1.600000000000000000e+01
2.300000000000000000e+01
2.200000000000000000e+01
2.500000000000000000e+01
2.800000000000000000e+01
2.500000000000000000e+01
3.200000000000000000e+01
2.800000000000000000e+01
3.300000000000000000e+01
1.800000000000000000e+01
1.900000000000000000e+01
1.200000000000000000e+01
1.200000000000000000e+01
8.000000000000000000e+00
7.000000000000000000e+00
2.100000000000000000e+01
7.000000000000000000e+00
3.000000000000000000e+00
1.000000000000000000e+01
3.000000000000000000e+00
7.000000000000000000e+00
6.000000000000000000e+00
4.000000000000000000e+00
5.000000000000000000e+00
6.000000000000000000e+00
2.000000000000000000e+00
2.000000000000000000e+00
4.000000000000000000e+00
1.000000000000000000e+00
2.000000000000000000e+00
3.000000000000000000e+00
3.000000000000000000e+00
2.000000000000000000e+00
6.000000000000000000e+00
6.000000000000000000e+00
2.000000000000000000e+00
6.000000000000000000e+00
0.000000000000000000e+00
2.100000000000000000e+01
2.405000000000000000e+03
7.430000000000000000e+02
4.680000000000000000e+02
4.440000000000000000e+02
4.710000000000000000e+02
4.560000000000000000e+02
4.770000000000000000e+02
4.410000000000000000e+02
4.050000000000000000e+02
3.960000000000000000e+02
4.910000000000000000e+02
9.150000000000000000e+02
1.132000000000000000e+03
8.510000000000000000e+02
9.080000000000000000e+02
8.120000000000000000e+02
8.310000000000000000e+02
8.200000000000000000e+02
7.570000000000000000e+02
6.980000000000000000e+02
6.830000000000000000e+02
7.160000000000000000e+02
7.790000000000000000e+02
8.410000000000000000e+02
9.320000000000000000e+02
1.000000000000000000e+03
8.650000000000000000e+02
7.810000000000000000e+02
7.050000000000000000e+02
6.980000000000000000e+02
7.930000000000000000e+02
8.650000000000000000e+02
7.880000000000000000e+02
7.900000000000000000e+02
7.190000000000000000e+02
6.910000000000000000e+02
6.740000000000000000e+02
6.540000000000000000e+02
6.390000000000000000e+02
6.930000000000000000e+02
8.140000000000000000e+02
9.650000000000000000e+02
1.071000000000000000e+03
1.144000000000000000e+03
1.171000000000000000e+03
1.320000000000000000e+03
1.281000000000000000e+03
1.229000000000000000e+03
1.100000000000000000e+03
1.058000000000000000e+03
9.480000000000000000e+02
8.700000000000000000e+02
9.290000000000000000e+02
9.410000000000000000e+02
1.025000000000000000e+03
1.211000000000000000e+03
1.242000000000000000e+03
1.182000000000000000e+03
1.111000000000000000e+03
1.189000000000000000e+03
1.159000000000000000e+03
1.298000000000000000e+03
1.352000000000000000e+03
1.396000000000000000e+03
1.526000000000000000e+03
1.420000000000000000e+03
1.489000000000000000e+03
1.480000000000000000e+03
1.616000000000000000e+03
1.490000000000000000e+03
1.434000000000000000e+03
1.414000000000000000e+03
1.384000000000000000e+03
1.452000000000000000e+03
1.409000000000000000e+03
1.531000000000000000e+03
1.530000000000000000e+03
1.545000000000000000e+03
1.618000000000000000e+03
1.674000000000000000e+03
1.860000000000000000e+03
1.921000000000000000e+03
2.003000000000000000e+03
2.020000000000000000e+03
2.151000000000000000e+03
2.230000000000000000e+03
2.240000000000000000e+03
2.416000000000000000e+03
2.672000000000000000e+03
2.990000000000000000e+03
3.301000000000000000e+03
3.431000000000000000e+03
3.775000000000000000e+03
3.772000000000000000e+03
3.815000000000000000e+03
3.799000000000000000e+03
3.751000000000000000e+03
3.635000000000000000e+03
3.503000000000000000e+03
3.474000000000000000e+03
3.383000000000000000e+03
3.303000000000000000e+03
3.182000000000000000e+03
3.039000000000000000e+03
2.831000000000000000e+03
2.711000000000000000e+03
2.496000000000000000e+03
2.406000000000000000e+03
2.303000000000000000e+03
2.226000000000000000e+03
2.119000000000000000e+03
2.040000000000000000e+03
1.988000000000000000e+03
1.928000000000000000e+03
1.837000000000000000e+03
1.678000000000000000e+03
1.679000000000000000e+03
1.603000000000000000e+03
1.575000000000000000e+03
1.485000000000000000e+03
1.418000000000000000e+03
1.253000000000000000e+03
1.212000000000000000e+03
1.168000000000000000e+03
1.109000000000000000e+03
1.020000000000000000e+03
1.006000000000000000e+03
9.400000000000000000e+02
8.870000000000000000e+02
9.350000000000000000e+02
8.370000000000000000e+02
8.110000000000000000e+02
8.100000000000000000e+02
7.860000000000000000e+02
7.890000000000000000e+02
7.450000000000000000e+02
7.730000000000000000e+02
8.010000000000000000e+02
7.030000000000000000e+02
6.760000000000000000e+02
7.040000000000000000e+02
6.760000000000000000e+02
6.280000000000000000e+02
6.280000000000000000e+02
6.420000000000000000e+02
5.870000000000000000e+02
5.530000000000000000e+02
5.590000000000000000e+02
5.840000000000000000e+02
4.830000000000000000e+02
4.620000000000000000e+02
4.200000000000000000e+02
4.170000000000000000e+02
3.870000000000000000e+02
3.590000000000000000e+02
3.730000000000000000e+02
3.200000000000000000e+02
3.090000000000000000e+02
2.910000000000000000e+02
2.800000000000000000e+02
2.370000000000000000e+02
2.570000000000000000e+02
2.330000000000000000e+02
1.890000000000000000e+02
2.070000000000000000e+02
1.810000000000000000e+02
1.960000000000000000e+02
1.870000000000000000e+02
1.590000000000000000e+02
1.450000000000000000e+02
1.650000000000000000e+02
1.470000000000000000e+02
1.410000000000000000e+02
1.660000000000000000e+02
1.440000000000000000e+02
1.470000000000000000e+02
1.660000000000000000e+02
1.610000000000000000e+02
1.990000000000000000e+02
2.620000000000000000e+02
3.020000000000000000e+02
2.560000000000000000e+02
2.550000000000000000e+02
1.860000000000000000e+02
1.830000000000000000e+02
2.110000000000000000e+02
1.750000000000000000e+02
1.760000000000000000e+02
1.330000000000000000e+02
1.420000000000000000e+02
1.390000000000000000e+02
1.150000000000000000e+02
3.100000000000000000e+02
4.740000000000000000e+02
7.270000000000000000e+02
7.630000000000000000e+02
9.290000000000000000e+02
1.127000000000000000e+03
1.518000000000000000e+03
1.385000000000000000e+03
9.320000000000000000e+02
1.074000000000000000e+03
1.521000000000000000e+03
1.544000000000000000e+03
1.392000000000000000e+03
1.009000000000000000e+03
1.299000000000000000e+03
1.114000000000000000e+03
7.400000000000000000e+02
6.220000000000000000e+02
3.740000000000000000e+02
2.600000000000000000e+02
1.860000000000000000e+02
1.610000000000000000e+02
1.170000000000000000e+02
6.200000000000000000e+01
3.100000000000000000e+01
2.800000000000000000e+01
3.000000000000000000e+01
2.400000000000000000e+01
1.800000000000000000e+01
1.100000000000000000e+01
1.500000000000000000e+01
2.000000000000000000e+01
7.000000000000000000e+00
7.000000000000000000e+00
4.000000000000000000e+00
8.000000000000000000e+00
7.000000000000000000e+00
2.000000000000000000e+00
1.000000000000000000e+00
2.000000000000000000e+00
4.000000000000000000e+00
1.000000000000000000e+00
5.000000000000000000e+00
0.000000000000000000e+00
0.000000000000000000e+00
4.000000000000000000e+00
1.000000000000000000e+00
3.000000000000000000e+00
0.000000000000000000e+00
2.000000000000000000e+00
1.000000000000000000e+00
0.000000000000000000e+00
1.000000000000000000e+00
1.000000000000000000e+00
0.000000000000000000e+00
0.000000000000000000e+00
1.000000000000000000e+00
0.000000000000000000e+00
0.000000000000000000e+00
1.000000000000000000e+00
0.000000000000000000e+00
0.000000000000000000e+00
1.000000000000000000e+00
0.000000000000000000e+00
2.139000000000000000e+03
4.000000000000000000e+02
4.190000000000000000e+02
4.050000000000000000e+02
3.470000000000000000e+02
3.860000000000000000e+02
4.510000000000000000e+02
4.260000000000000000e+02
4.290000000000000000e+02
4.410000000000000000e+02
4.180000000000000000e+02
4.210000000000000000e+02
3.970000000000000000e+02
4.370000000000000000e+02
4.260000000000000000e+02
4.150000000000000000e+02
4.950000000000000000e+02
5.220000000000000000e+02
5.020000000000000000e+02
5.090000000000000000e+02
5.560000000000000000e+02
7.850000000000000000e+02
1.182000000000000000e+03
1.272000000000000000e+03
1.195000000000000000e+03
1.026000000000000000e+03
1.026000000000000000e+03
1.075000000000000000e+03
1.065000000000000000e+03
1.092000000000000000e+03
1.074000000000000000e+03
1.137000000000000000e+03
1.169000000000000000e+03
1.181000000000000000e+03
1.128000000000000000e+03
1.176000000000000000e+03
1.135000000000000000e+03
1.156000000000000000e+03
1.141000000000000000e+03
1.181000000000000000e+03
1.169000000000000000e+03
1.096000000000000000e+03
1.088000000000000000e+03
1.055000000000000000e+03
1.190000000000000000e+03
1.112000000000000000e+03
1.156000000000000000e+03
1.184000000000000000e+03
1.147000000000000000e+03
1.071000000000000000e+03
1.146000000000000000e+03
1.140000000000000000e+03
1.228000000000000000e+03
1.357000000000000000e+03
1.432000000000000000e+03
1.392000000000000000e+03
1.356000000000000000e+03
1.211000000000000000e+03
1.162000000000000000e+03
1.044000000000000000e+03
1.042000000000000000e+03
9.910000000000000000e+02
9.670000000000000000e+02
1.002000000000000000e+03
1.046000000000000000e+03
9.680000000000000000e+02
9.690000000000000000e+02
1.000000000000000000e+03
9.770000000000000000e+02
1.074000000000000000e+03
1.095000000000000000e+03
1.053000000000000000e+03
1.144000000000000000e+03
1.228000000000000000e+03
1.320000000000000000e+03
1.481000000000000000e+03
1.549000000000000000e+03
1.802000000000000000e+03
1.882000000000000000e+03
2.111000000000000000e+03
2.208000000000000000e+03
2.407000000000000000e+03
2.534000000000000000e+03
2.736000000000000000e+03
2.963000000000000000e+03
3.085000000000000000e+03
3.376000000000000000e+03
3.588000000000000000e+03
3.717000000000000000e+03
3.872000000000000000e+03
3.901000000000000000e+03
3.718000000000000000e+03
3.701000000000000000e+03
3.578000000000000000e+03
3.451000000000000000e+03
3.139000000000000000e+03
2.993000000000000000e+03
2.930000000000000000e+03
2.801000000000000000e+03
2.670000000000000000e+03
2.603000000000000000e+03
2.506000000000000000e+03
2.474000000000000000e+03
2.464000000000000000e+03
2.332000000000000000e+03
2.266000000000000000e+03
2.193000000000000000e+03
2.108000000000000000e+03
2.122000000000000000e+03
2.010000000000000000e+03
1.901000000000000000e+03
1.951000000000000000e+03
1.872000000000000000e+03
1.877000000000000000e+03
1.790000000000000000e+03
1.698000000000000000e+03
1.600000000000000000e+03
1.500000000000000000e+03
1.512000000000000000e+03
1.412000000000000000e+03
1.411000000000000000e+03
1.439000000000000000e+03
1.493000000000000000e+03
1.624000000000000000e+03
1.561000000000000000e+03
1.663000000000000000e+03
1.424000000000000000e+03
1.405000000000000000e+03
1.184000000000000000e+03
1.119000000000000000e+03
1.023000000000000000e+03
1.021000000000000000e+03
1.013000000000000000e+03
9.170000000000000000e+02
9.120000000000000000e+02
9.380000000000000000e+02
8.440000000000000000e+02
8.760000000000000000e+02
9.060000000000000000e+02
9.220000000000000000e+02
7.790000000000000000e+02
7.030000000000000000e+02
6.420000000000000000e+02
6.640000000000000000e+02
4.770000000000000000e+02
4.720000000000000000e+02
4.260000000000000000e+02
4.340000000000000000e+02
4.220000000000000000e+02
3.750000000000000000e+02
3.570000000000000000e+02
3.660000000000000000e+02
2.980000000000000000e+02
2.560000000000000000e+02
2.540000000000000000e+02
2.220000000000000000e+02
1.950000000000000000e+02
2.000000000000000000e+02
1.990000000000000000e+02
1.690000000000000000e+02
1.570000000000000000e+02
1.180000000000000000e+02
1.230000000000000000e+02
1.170000000000000000e+02
1.150000000000000000e+02
9.900000000000000000e+01
9.100000000000000000e+01
8.500000000000000000e+01
8.200000000000000000e+01
7.500000000000000000e+01
6.600000000000000000e+01
7.200000000000000000e+01
8.200000000000000000e+01
5.700000000000000000e+01
5.600000000000000000e+01
7.000000000000000000e+01
5.400000000000000000e+01
7.400000000000000000e+01
6.400000000000000000e+01
6.200000000000000000e+01
8.200000000000000000e+01
6.900000000000000000e+01
6.200000000000000000e+01
6.100000000000000000e+01
7.000000000000000000e+01
7.100000000000000000e+01
5.900000000000000000e+01
5.700000000000000000e+01
5.200000000000000000e+01
6.300000000000000000e+01
5.500000000000000000e+01
6.300000000000000000e+01
7.500000000000000000e+01
5.100000000000000000e+01
6.200000000000000000e+01
6.400000000000000000e+01
5.900000000000000000e+01
4.200000000000000000e+01
5.700000000000000000e+01
5.600000000000000000e+01
3.900000000000000000e+01
4.700000000000000000e+01
6.500000000000000000e+01
4.100000000000000000e+01
3.700000000000000000e+01
4.500000000000000000e+01
3.900000000000000000e+01
3.200000000000000000e+01
5.000000000000000000e+01
3.700000000000000000e+01
3.800000000000000000e+01
3.600000000000000000e+01
3.600000000000000000e+01
3.200000000000000000e+01
4.700000000000000000e+01
4.000000000000000000e+01
4.100000000000000000e+01
4.500000000000000000e+01
4.000000000000000000e+01
5.300000000000000000e+01
4.500000000000000000e+01
7.800000000000000000e+01
1.170000000000000000e+02
1.170000000000000000e+02
2.340000000000000000e+02
1.860000000000000000e+02
1.970000000000000000e+02
2.050000000000000000e+02
3.490000000000000000e+02
7.460000000000000000e+02
9.460000000000000000e+02
1.007000000000000000e+03
1.560000000000000000e+03
2.219000000000000000e+03
3.475000000000000000e+03
3.130000000000000000e+03
2.820000000000000000e+03
1.425000000000000000e+03
6.690000000000000000e+02
3.200000000000000000e+02
2.040000000000000000e+02
1.440000000000000000e+02
1.100000000000000000e+02
6.700000000000000000e+01
4.100000000000000000e+01
2.400000000000000000e+01
1.400000000000000000e+01
9.000000000000000000e+00
4.000000000000000000e+00
7.000000000000000000e+00
1.000000000000000000e+00
2.000000000000000000e+00
0.000000000000000000e+00
0.000000000000000000e+00
0.000000000000000000e+00
1.000000000000000000e+00
