4.108000000000000000e+03
2.766000000000000000e+03
2.450000000000000000e+03
1.857000000000000000e+03
1.585000000000000000e+03
1.359000000000000000e+03
1.203000000000000000e+03
1.048000000000000000e+03
1.098000000000000000e+03
1.001000000000000000e+03
9.890000000000000000e+02
1.000000000000000000e+03
9.840000000000000000e+02
8.770000000000000000e+02
8.560000000000000000e+02
8.780000000000000000e+02
9.090000000000000000e+02
9.230000000000000000e+02
9.020000000000000000e+02
8.790000000000000000e+02
9.560000000000000000e+02
9.470000000000000000e+02
9.370000000000000000e+02
1.047000000000000000e+03
1.061000000000000000e+03
1.026000000000000000e+03
1.067000000000000000e+03
1.094000000000000000e+03
1.147000000000000000e+03
1.141000000000000000e+03
1.180000000000000000e+03
1.223000000000000000e+03
1.265000000000000000e+03
1.321000000000000000e+03
1.455000000000000000e+03
1.472000000000000000e+03
1.530000000000000000e+03
1.572000000000000000e+03
1.609000000000000000e+03
1.788000000000000000e+03
1.764000000000000000e+03
1.802000000000000000e+03
1.846000000000000000e+03
1.947000000000000000e+03
1.917000000000000000e+03
1.977000000000000000e+03
1.986000000000000000e+03
2.044000000000000000e+03
2.172000000000000000e+03
2.071000000000000000e+03
2.191000000000000000e+03
2.249000000000000000e+03
2.266000000000000000e+03
2.319000000000000000e+03
2.524000000000000000e+03
2.680000000000000000e+03
2.966000000000000000e+03
3.208000000000000000e+03
3.330000000000000000e+03
3.451000000000000000e+03
3.292000000000000000e+03
3.260000000000000000e+03
3.040000000000000000e+03
2.904000000000000000e+03
2.748000000000000000e+03
2.500000000000000000e+03
2.387000000000000000e+03
2.391000000000000000e+03
2.287000000000000000e+03
2.085000000000000000e+03
2.001000000000000000e+03
1.978000000000000000e+03
1.811000000000000000e+03
1.803000000000000000e+03
1.662000000000000000e+03
1.533000000000000000e+03
1.514000000000000000e+03
1.354000000000000000e+03
1.200000000000000000e+03
1.125000000000000000e+03
1.014000000000000000e+03
9.350000000000000000e+02
8.830000000000000000e+02
8.120000000000000000e+02
7.550000000000000000e+02
6.580000000000000000e+02
5.910000000000000000e+02
6.380000000000000000e+02
5.780000000000000000e+02
5.960000000000000000e+02
5.940000000000000000e+02
6.440000000000000000e+02
5.940000000000000000e+02
5.670000000000000000e+02
5.590000000000000000e+02
4.890000000000000000e+02
4.790000000000000000e+02
4.360000000000000000e+02
4.140000000000000000e+02
3.730000000000000000e+02
3.430000000000000000e+02
3.250000000000000000e+02
3.520000000000000000e+02
3.140000000000000000e+02
3.210000000000000000e+02
3.090000000000000000e+02
3.030000000000000000e+02
2.970000000000000000e+02
2.770000000000000000e+02
2.930000000000000000e+02
2.880000000000000000e+02
2.880000000000000000e+02
2.670000000000000000e+02
2.970000000000000000e+02
2.850000000000000000e+02
3.190000000000000000e+02
3.610000000000000000e+02
3.500000000000000000e+02
3.740000000000000000e+02
4.140000000000000000e+02
4.080000000000000000e+02
4.110000000000000000e+02
4.820000000000000000e+02
5.170000000000000000e+02
6.240000000000000000e+02
6.330000000000000000e+02
7.240000000000000000e+02
8.530000000000000000e+02
1.031000000000000000e+03
1.314000000000000000e+03
1.699000000000000000e+03
2.162000000000000000e+03
2.402000000000000000e+03
2.800000000000000000e+03
2.968000000000000000e+03
2.968000000000000000e+03
2.930000000000000000e+03
3.129000000000000000e+03
3.367000000000000000e+03
3.522000000000000000e+03
3.528000000000000000e+03
3.834000000000000000e+03
3.961000000000000000e+03
3.892000000000000000e+03
3.917000000000000000e+03
3.532000000000000000e+03
3.009000000000000000e+03
2.500000000000000000e+03
1.940000000000000000e+03
1.419000000000000000e+03
9.160000000000000000e+02
5.170000000000000000e+02
3.880000000000000000e+02
2.610000000000000000e+02
2.380000000000000000e+02
2.320000000000000000e+02
2.240000000000000000e+02
2.280000000000000000e+02
2.320000000000000000e+02
2.280000000000000000e+02
2.270000000000000000e+02
2.120000000000000000e+02
1.970000000000000000e+02
2.310000000000000000e+02
2.180000000000000000e+02
2.090000000000000000e+02
2.070000000000000000e+02
1.890000000000000000e+02
1.850000000000000000e+02
1.990000000000000000e+02
1.840000000000000000e+02
1.760000000000000000e+02
1.900000000000000000e+02
1.690000000000000000e+02
1.610000000000000000e+02
1.560000000000000000e+02
1.650000000000000000e+02
1.520000000000000000e+02
1.430000000000000000e+02
1.530000000000000000e+02
1.320000000000000000e+02
1.510000000000000000e+02
1.430000000000000000e+02
1.360000000000000000e+02
1.280000000000000000e+02
1.180000000000000000e+02
1.110000000000000000e+02
9.700000000000000000e+01
9.700000000000000000e+01
1.270000000000000000e+02
1.070000000000000000e+02
1.060000000000000000e+02
1.010000000000000000e+02
1.110000000000000000e+02
1.130000000000000000e+02
8.700000000000000000e+01
9.500000000000000000e+01
1.030000000000000000e+02
5.700000000000000000e+01
6.200000000000000000e+01
3.800000000000000000e+01
3.300000000000000000e+01
5.400000000000000000e+01
4.000000000000000000e+01
2.900000000000000000e+01
2.800000000000000000e+01
2.500000000000000000e+01
2.500000000000000000e+01
3.400000000000000000e+01
2.400000000000000000e+01
1.800000000000000000e+01
2.900000000000000000e+01
1.800000000000000000e+01
3.500000000000000000e+01
3.300000000000000000e+01
2.400000000000000000e+01
2.600000000000000000e+01
2.900000000000000000e+01
3.500000000000000000e+01
4.400000000000000000e+01
4.000000000000000000e+01
3.800000000000000000e+01
4.000000000000000000e+01
3.200000000000000000e+01
3.900000000000000000e+01
3.700000000000000000e+01
6.400000000000000000e+01
4.300000000000000000e+01
4.700000000000000000e+01
4.600000000000000000e+01
5.500000000000000000e+01
4.200000000000000000e+01
5.800000000000000000e+01
3.400000000000000000e+01
4.800000000000000000e+01
4.500000000000000000e+01
4.500000000000000000e+01
4.100000000000000000e+01
4.200000000000000000e+01
5.300000000000000000e+01
5.800000000000000000e+01
6.600000000000000000e+01
6.000000000000000000e+01
6.700000000000000000e+01
7.800000000000000000e+01
1.070000000000000000e+02
1.820000000000000000e+02
2.210000000000000000e+02
2.360000000000000000e+02
2.240000000000000000e+02
1.470000000000000000e+02
6.400000000000000000e+01
3.700000000000000000e+01
1.500000000000000000e+01
2.000000000000000000e+00
0.000000000000000000e+00
2.224000000000000000e+03
1.527000000000000000e+03
1.470000000000000000e+03
1.276000000000000000e+03
1.088000000000000000e+03
9.530000000000000000e+02
1.038000000000000000e+03
8.110000000000000000e+02
7.190000000000000000e+02
7.070000000000000000e+02
6.500000000000000000e+02
5.500000000000000000e+02
4.890000000000000000e+02
4.880000000000000000e+02
4.550000000000000000e+02
4.440000000000000000e+02
4.290000000000000000e+02
4.540000000000000000e+02
5.090000000000000000e+02
5.360000000000000000e+02
5.150000000000000000e+02
6.100000000000000000e+02
5.900000000000000000e+02
6.060000000000000000e+02
6.370000000000000000e+02
6.430000000000000000e+02
6.950000000000000000e+02
6.740000000000000000e+02
7.780000000000000000e+02
7.660000000000000000e+02
9.300000000000000000e+02
9.210000000000000000e+02
9.090000000000000000e+02
8.960000000000000000e+02
9.410000000000000000e+02
9.960000000000000000e+02
9.580000000000000000e+02
1.058000000000000000e+03
9.820000000000000000e+02
1.101000000000000000e+03
1.153000000000000000e+03
1.076000000000000000e+03
1.128000000000000000e+03
1.104000000000000000e+03
1.091000000000000000e+03
1.082000000000000000e+03
1.073000000000000000e+03
1.127000000000000000e+03
1.172000000000000000e+03
1.202000000000000000e+03
1.339000000000000000e+03
1.341000000000000000e+03
1.373000000000000000e+03
1.352000000000000000e+03
1.440000000000000000e+03
1.593000000000000000e+03
1.571000000000000000e+03
1.699000000000000000e+03
1.772000000000000000e+03
1.968000000000000000e+03
2.217000000000000000e+03
2.378000000000000000e+03
2.504000000000000000e+03
2.409000000000000000e+03
2.518000000000000000e+03
2.487000000000000000e+03
2.621000000000000000e+03
2.552000000000000000e+03
2.523000000000000000e+03
2.644000000000000000e+03
2.754000000000000000e+03
2.730000000000000000e+03
2.751000000000000000e+03
2.620000000000000000e+03
2.669000000000000000e+03
2.484000000000000000e+03
2.477000000000000000e+03
2.485000000000000000e+03
2.399000000000000000e+03
2.305000000000000000e+03
2.201000000000000000e+03
2.213000000000000000e+03
2.104000000000000000e+03
2.086000000000000000e+03
2.107000000000000000e+03
1.986000000000000000e+03
1.970000000000000000e+03
1.910000000000000000e+03
1.785000000000000000e+03
1.850000000000000000e+03
1.777000000000000000e+03
1.688000000000000000e+03
1.431000000000000000e+03
1.414000000000000000e+03
1.278000000000000000e+03
1.234000000000000000e+03
1.067000000000000000e+03
1.066000000000000000e+03
1.038000000000000000e+03
8.740000000000000000e+02
7.660000000000000000e+02
7.640000000000000000e+02
7.410000000000000000e+02
6.570000000000000000e+02
6.070000000000000000e+02
5.560000000000000000e+02
5.160000000000000000e+02
4.870000000000000000e+02
4.750000000000000000e+02
4.830000000000000000e+02
4.310000000000000000e+02
4.640000000000000000e+02
4.520000000000000000e+02
5.240000000000000000e+02
5.490000000000000000e+02
5.110000000000000000e+02
5.540000000000000000e+02
6.290000000000000000e+02
6.850000000000000000e+02
7.250000000000000000e+02
8.230000000000000000e+02
8.300000000000000000e+02
8.690000000000000000e+02
9.600000000000000000e+02
9.310000000000000000e+02
8.640000000000000000e+02
9.310000000000000000e+02
1.036000000000000000e+03
1.230000000000000000e+03
1.538000000000000000e+03
1.887000000000000000e+03
2.324000000000000000e+03
2.665000000000000000e+03
2.994000000000000000e+03
3.170000000000000000e+03
3.068000000000000000e+03
3.098000000000000000e+03
3.324000000000000000e+03
3.577000000000000000e+03
3.925000000000000000e+03
3.908000000000000000e+03
4.165000000000000000e+03
4.215000000000000000e+03
4.116000000000000000e+03
4.051000000000000000e+03
3.630000000000000000e+03
3.128000000000000000e+03
2.478000000000000000e+03
1.958000000000000000e+03
1.392000000000000000e+03
9.070000000000000000e+02
5.550000000000000000e+02
4.490000000000000000e+02
3.950000000000000000e+02
3.210000000000000000e+02
2.930000000000000000e+02
2.930000000000000000e+02
2.780000000000000000e+02
3.440000000000000000e+02
2.590000000000000000e+02
2.850000000000000000e+02
2.310000000000000000e+02
2.390000000000000000e+02
2.230000000000000000e+02
2.130000000000000000e+02
1.790000000000000000e+02
1.670000000000000000e+02
2.010000000000000000e+02
1.700000000000000000e+02
1.770000000000000000e+02
1.550000000000000000e+02
1.250000000000000000e+02
1.390000000000000000e+02
1.360000000000000000e+02
1.320000000000000000e+02
1.370000000000000000e+02
1.370000000000000000e+02
1.290000000000000000e+02
1.270000000000000000e+02
1.460000000000000000e+02
1.350000000000000000e+02
1.350000000000000000e+02
1.340000000000000000e+02
1.290000000000000000e+02
1.200000000000000000e+02
1.200000000000000000e+02
9.500000000000000000e+01
6.800000000000000000e+01
4.500000000000000000e+01
5.800000000000000000e+01
5.500000000000000000e+01
4.400000000000000000e+01
4.200000000000000000e+01
4.800000000000000000e+01
4.400000000000000000e+01
2.500000000000000000e+01
4.300000000000000000e+01
3.900000000000000000e+01
4.200000000000000000e+01
3.600000000000000000e+01
2.700000000000000000e+01
3.100000000000000000e+01
3.200000000000000000e+01
3.500000000000000000e+01
2.100000000000000000e+01
3.800000000000000000e+01
2.400000000000000000e+01
3.000000000000000000e+01
2.700000000000000000e+01
3.400000000000000000e+01
1.900000000000000000e+01
3.300000000000000000e+01
1.600000000000000000e+01
3.700000000000000000e+01
4.300000000000000000e+01
2.200000000000000000e+01
2.800000000000000000e+01
3.300000000000000000e+01
3.600000000000000000e+01
3.800000000000000000e+01
3.800000000000000000e+01
3.600000000000000000e+01
4.200000000000000000e+01
3.600000000000000000e+01
3.800000000000000000e+01
4.200000000000000000e+01
5.700000000000000000e+01
4.800000000000000000e+01
4.300000000000000000e+01
4.900000000000000000e+01
5.800000000000000000e+01
3.900000000000000000e+01
5.200000000000000000e+01
4.400000000000000000e+01
3.700000000000000000e+01
4.800000000000000000e+01
4.500000000000000000e+01
4.800000000000000000e+01
4.800000000000000000e+01
4.700000000000000000e+01
6.200000000000000000e+01
5.600000000000000000e+01
5.800000000000000000e+01
6.800000000000000000e+01
7.400000000000000000e+01
1.170000000000000000e+02
1.950000000000000000e+02
2.280000000000000000e+02
2.300000000000000000e+02
2.280000000000000000e+02
1.450000000000000000e+02
6.200000000000000000e+01
2.600000000000000000e+01
5.000000000000000000e+00
2.000000000000000000e+00
0.000000000000000000e+00
1.156000000000000000e+03
6.530000000000000000e+02
1.292000000000000000e+03
1.095000000000000000e+03
1.013000000000000000e+03
1.122000000000000000e+03
1.023000000000000000e+03
9.850000000000000000e+02
8.390000000000000000e+02
8.270000000000000000e+02
7.200000000000000000e+02
6.360000000000000000e+02
6.010000000000000000e+02
6.170000000000000000e+02
6.170000000000000000e+02
6.080000000000000000e+02
6.230000000000000000e+02
6.650000000000000000e+02
6.560000000000000000e+02
7.500000000000000000e+02
7.930000000000000000e+02
8.830000000000000000e+02
9.130000000000000000e+02
1.015000000000000000e+03
1.134000000000000000e+03
1.255000000000000000e+03
1.440000000000000000e+03
1.474000000000000000e+03
1.630000000000000000e+03
1.802000000000000000e+03
1.995000000000000000e+03
2.032000000000000000e+03
2.131000000000000000e+03
2.169000000000000000e+03
2.422000000000000000e+03
2.640000000000000000e+03
2.756000000000000000e+03
2.998000000000000000e+03
3.013000000000000000e+03
3.091000000000000000e+03
3.177000000000000000e+03
3.202000000000000000e+03
3.317000000000000000e+03
3.262000000000000000e+03
3.152000000000000000e+03
3.091000000000000000e+03
3.080000000000000000e+03
2.977000000000000000e+03
2.901000000000000000e+03
2.782000000000000000e+03
2.618000000000000000e+03
2.396000000000000000e+03
2.258000000000000000e+03
2.165000000000000000e+03
1.946000000000000000e+03
1.813000000000000000e+03
1.668000000000000000e+03
1.645000000000000000e+03
1.505000000000000000e+03
1.427000000000000000e+03
1.539000000000000000e+03
1.490000000000000000e+03
1.621000000000000000e+03
1.416000000000000000e+03
1.541000000000000000e+03
1.383000000000000000e+03
1.223000000000000000e+03
1.123000000000000000e+03
1.100000000000000000e+03
9.990000000000000000e+02
1.076000000000000000e+03
1.047000000000000000e+03
1.051000000000000000e+03
1.014000000000000000e+03
1.075000000000000000e+03
1.124000000000000000e+03
1.050000000000000000e+03
1.065000000000000000e+03
9.420000000000000000e+02
9.140000000000000000e+02
8.860000000000000000e+02
8.770000000000000000e+02
7.610000000000000000e+02
6.550000000000000000e+02
6.500000000000000000e+02
6.160000000000000000e+02
5.670000000000000000e+02
5.750000000000000000e+02
5.840000000000000000e+02
5.560000000000000000e+02
5.260000000000000000e+02
4.980000000000000000e+02
4.690000000000000000e+02
4.740000000000000000e+02
4.390000000000000000e+02
4.310000000000000000e+02
4.100000000000000000e+02
4.330000000000000000e+02
3.660000000000000000e+02
3.930000000000000000e+02
3.800000000000000000e+02
3.750000000000000000e+02
3.960000000000000000e+02
3.510000000000000000e+02
3.710000000000000000e+02
3.920000000000000000e+02
3.870000000000000000e+02
4.030000000000000000e+02
4.300000000000000000e+02
4.060000000000000000e+02
4.060000000000000000e+02
4.630000000000000000e+02
4.860000000000000000e+02
4.650000000000000000e+02
4.350000000000000000e+02
4.630000000000000000e+02
5.080000000000000000e+02
4.730000000000000000e+02
4.860000000000000000e+02
5.320000000000000000e+02
5.670000000000000000e+02
5.840000000000000000e+02
6.290000000000000000e+02
7.140000000000000000e+02
7.650000000000000000e+02
8.150000000000000000e+02
9.640000000000000000e+02
9.830000000000000000e+02
9.850000000000000000e+02
1.191000000000000000e+03
1.396000000000000000e+03
1.762000000000000000e+03
2.091000000000000000e+03
2.418000000000000000e+03
2.758000000000000000e+03
2.951000000000000000e+03
3.319000000000000000e+03
3.345000000000000000e+03
3.389000000000000000e+03
3.779000000000000000e+03
3.943000000000000000e+03
4.243000000000000000e+03
4.432000000000000000e+03
4.436000000000000000e+03
4.469000000000000000e+03
4.190000000000000000e+03
3.834000000000000000e+03
3.162000000000000000e+03
2.522000000000000000e+03
1.988000000000000000e+03
1.424000000000000000e+03
9.810000000000000000e+02
7.720000000000000000e+02
5.890000000000000000e+02
5.280000000000000000e+02
5.110000000000000000e+02
4.870000000000000000e+02
4.670000000000000000e+02
4.520000000000000000e+02
4.310000000000000000e+02
3.550000000000000000e+02
3.720000000000000000e+02
3.540000000000000000e+02
3.230000000000000000e+02
2.860000000000000000e+02
2.950000000000000000e+02
2.570000000000000000e+02
2.630000000000000000e+02
2.950000000000000000e+02
2.820000000000000000e+02
2.610000000000000000e+02
3.110000000000000000e+02
2.930000000000000000e+02
2.570000000000000000e+02
2.630000000000000000e+02
2.360000000000000000e+02
2.150000000000000000e+02
1.950000000000000000e+02
2.090000000000000000e+02
1.960000000000000000e+02
1.820000000000000000e+02
1.810000000000000000e+02
1.460000000000000000e+02
1.560000000000000000e+02
1.690000000000000000e+02
1.480000000000000000e+02
1.490000000000000000e+02
1.600000000000000000e+02
1.590000000000000000e+02
1.760000000000000000e+02
1.600000000000000000e+02
1.380000000000000000e+02
1.300000000000000000e+02
1.490000000000000000e+02
1.410000000000000000e+02
1.200000000000000000e+02
1.110000000000000000e+02
1.000000000000000000e+02
1.130000000000000000e+02
1.200000000000000000e+02
9.200000000000000000e+01
9.000000000000000000e+01
8.900000000000000000e+01
8.200000000000000000e+01
1.010000000000000000e+02
8.700000000000000000e+01
6.800000000000000000e+01
6.800000000000000000e+01
5.800000000000000000e+01
8.300000000000000000e+01
5.800000000000000000e+01
5.500000000000000000e+01
5.800000000000000000e+01
7.000000000000000000e+01
6.300000000000000000e+01
8.200000000000000000e+01
6.400000000000000000e+01
5.500000000000000000e+01
6.200000000000000000e+01
7.800000000000000000e+01
7.400000000000000000e+01
7.900000000000000000e+01
6.300000000000000000e+01
6.900000000000000000e+01
6.800000000000000000e+01
6.500000000000000000e+01
6.500000000000000000e+01
5.500000000000000000e+01
7.700000000000000000e+01
5.100000000000000000e+01
5.200000000000000000e+01
6.100000000000000000e+01
6.500000000000000000e+01
4.600000000000000000e+01
6.500000000000000000e+01
4.900000000000000000e+01
4.500000000000000000e+01
5.100000000000000000e+01
4.700000000000000000e+01
5.300000000000000000e+01
6.500000000000000000e+01
6.500000000000000000e+01
6.700000000000000000e+01
5.900000000000000000e+01
5.100000000000000000e+01
7.100000000000000000e+01
7.900000000000000000e+01
1.130000000000000000e+02
1.770000000000000000e+02
2.040000000000000000e+02
2.150000000000000000e+02
2.070000000000000000e+02
1.300000000000000000e+02
5.700000000000000000e+01
2.900000000000000000e+01
2.300000000000000000e+01
