2.232000000000000000e+03
1.300000000000000000e+04
1.203000000000000000e+03
2.090000000000000000e+03
1.268000000000000000e+03
9.730000000000000000e+02
7.180000000000000000e+02
5.790000000000000000e+02
4.870000000000000000e+02
3.620000000000000000e+02
3.450000000000000000e+02
3.910000000000000000e+02
4.480000000000000000e+02
5.990000000000000000e+02
5.630000000000000000e+02
5.880000000000000000e+02
7.390000000000000000e+02
7.160000000000000000e+02
6.550000000000000000e+02
7.330000000000000000e+02
6.750000000000000000e+02
7.650000000000000000e+02
7.290000000000000000e+02
7.400000000000000000e+02
8.500000000000000000e+02
8.720000000000000000e+02
9.470000000000000000e+02
9.600000000000000000e+02
9.960000000000000000e+02
1.120000000000000000e+03
1.165000000000000000e+03
1.202000000000000000e+03
1.252000000000000000e+03
1.369000000000000000e+03
1.303000000000000000e+03
1.329000000000000000e+03
1.299000000000000000e+03
1.318000000000000000e+03
1.190000000000000000e+03
1.266000000000000000e+03
1.284000000000000000e+03
1.330000000000000000e+03
1.325000000000000000e+03
1.349000000000000000e+03
1.319000000000000000e+03
1.293000000000000000e+03
1.211000000000000000e+03
1.212000000000000000e+03
1.215000000000000000e+03
1.233000000000000000e+03
1.171000000000000000e+03
1.191000000000000000e+03
1.204000000000000000e+03
1.165000000000000000e+03
1.082000000000000000e+03
1.087000000000000000e+03
1.137000000000000000e+03
1.060000000000000000e+03
1.073000000000000000e+03
1.030000000000000000e+03
1.087000000000000000e+03
1.143000000000000000e+03
1.039000000000000000e+03
1.092000000000000000e+03
1.107000000000000000e+03
1.060000000000000000e+03
1.147000000000000000e+03
1.162000000000000000e+03
1.201000000000000000e+03
1.266000000000000000e+03
1.214000000000000000e+03
1.175000000000000000e+03
1.187000000000000000e+03
1.281000000000000000e+03
1.356000000000000000e+03
1.375000000000000000e+03
1.623000000000000000e+03
1.671000000000000000e+03
1.720000000000000000e+03
1.667000000000000000e+03
1.681000000000000000e+03
1.639000000000000000e+03
1.748000000000000000e+03
1.604000000000000000e+03
1.611000000000000000e+03
1.444000000000000000e+03
1.472000000000000000e+03
1.455000000000000000e+03
1.377000000000000000e+03
1.307000000000000000e+03
1.224000000000000000e+03
1.087000000000000000e+03
1.062000000000000000e+03
1.060000000000000000e+03
1.010000000000000000e+03
1.014000000000000000e+03
9.970000000000000000e+02
9.630000000000000000e+02
9.800000000000000000e+02
9.900000000000000000e+02
1.008000000000000000e+03
9.260000000000000000e+02
8.980000000000000000e+02
8.370000000000000000e+02
8.750000000000000000e+02
8.650000000000000000e+02
7.870000000000000000e+02
7.890000000000000000e+02
7.360000000000000000e+02
7.340000000000000000e+02
7.010000000000000000e+02
7.200000000000000000e+02
7.050000000000000000e+02
6.860000000000000000e+02
6.640000000000000000e+02
6.690000000000000000e+02
6.570000000000000000e+02
6.860000000000000000e+02
7.200000000000000000e+02
7.180000000000000000e+02
7.240000000000000000e+02
7.420000000000000000e+02
7.630000000000000000e+02
7.110000000000000000e+02
7.590000000000000000e+02
8.070000000000000000e+02
7.080000000000000000e+02
7.160000000000000000e+02
6.740000000000000000e+02
6.610000000000000000e+02
7.060000000000000000e+02
7.010000000000000000e+02
7.180000000000000000e+02
7.010000000000000000e+02
6.670000000000000000e+02
6.470000000000000000e+02
7.200000000000000000e+02
6.990000000000000000e+02
7.160000000000000000e+02
6.850000000000000000e+02
7.210000000000000000e+02
8.060000000000000000e+02
8.600000000000000000e+02
8.800000000000000000e+02
9.220000000000000000e+02
9.620000000000000000e+02
9.740000000000000000e+02
1.128000000000000000e+03
1.258000000000000000e+03
1.278000000000000000e+03
1.206000000000000000e+03
1.156000000000000000e+03
1.153000000000000000e+03
1.215000000000000000e+03
1.131000000000000000e+03
1.195000000000000000e+03
1.090000000000000000e+03
1.057000000000000000e+03
9.510000000000000000e+02
8.890000000000000000e+02
8.560000000000000000e+02
8.270000000000000000e+02
7.770000000000000000e+02
7.040000000000000000e+02
6.970000000000000000e+02
7.090000000000000000e+02
6.740000000000000000e+02
5.980000000000000000e+02
6.660000000000000000e+02
6.060000000000000000e+02
5.710000000000000000e+02
5.750000000000000000e+02
5.730000000000000000e+02
5.510000000000000000e+02
5.280000000000000000e+02
5.310000000000000000e+02
4.760000000000000000e+02
4.480000000000000000e+02
5.050000000000000000e+02
4.770000000000000000e+02
4.690000000000000000e+02
4.380000000000000000e+02
5.100000000000000000e+02
4.790000000000000000e+02
5.480000000000000000e+02
5.940000000000000000e+02
6.300000000000000000e+02
6.390000000000000000e+02
7.820000000000000000e+02
7.820000000000000000e+02
8.890000000000000000e+02
8.610000000000000000e+02
9.280000000000000000e+02
1.133000000000000000e+03
1.160000000000000000e+03
1.250000000000000000e+03
1.241000000000000000e+03
1.248000000000000000e+03
1.258000000000000000e+03
1.263000000000000000e+03
1.212000000000000000e+03
1.201000000000000000e+03
1.121000000000000000e+03
1.073000000000000000e+03
1.022000000000000000e+03
9.670000000000000000e+02
9.220000000000000000e+02
9.000000000000000000e+02
8.400000000000000000e+02
8.460000000000000000e+02
7.720000000000000000e+02
7.950000000000000000e+02
7.770000000000000000e+02
7.520000000000000000e+02
6.580000000000000000e+02
6.660000000000000000e+02
6.660000000000000000e+02
6.040000000000000000e+02
6.040000000000000000e+02
5.770000000000000000e+02
5.580000000000000000e+02
5.770000000000000000e+02
5.730000000000000000e+02
5.300000000000000000e+02
4.770000000000000000e+02
4.670000000000000000e+02
4.550000000000000000e+02
4.070000000000000000e+02
4.290000000000000000e+02
3.690000000000000000e+02
3.620000000000000000e+02
3.500000000000000000e+02
3.240000000000000000e+02
3.520000000000000000e+02
3.140000000000000000e+02
3.340000000000000000e+02
3.170000000000000000e+02
2.960000000000000000e+02
3.030000000000000000e+02
2.980000000000000000e+02
3.430000000000000000e+02
3.330000000000000000e+02
3.610000000000000000e+02
3.910000000000000000e+02
4.220000000000000000e+02
3.770000000000000000e+02
4.370000000000000000e+02
4.910000000000000000e+02
5.070000000000000000e+02
5.770000000000000000e+02
6.300000000000000000e+02
7.760000000000000000e+02
8.490000000000000000e+02
8.470000000000000000e+02
1.086000000000000000e+03
1.312000000000000000e+03
1.000000000000000000e+00
0.000000000000000000e+00
1.000000000000000000e+00
4.000000000000000000e+00
4.000000000000000000e+00
4.000000000000000000e+00
6.000000000000000000e+00
1.300000000000000000e+01
2.700000000000000000e+01
2.600000000000000000e+01
5.600000000000000000e+01
1.210000000000000000e+02
2.110000000000000000e+02
2.910000000000000000e+02
3.910000000000000000e+02
4.220000000000000000e+02
4.320000000000000000e+02
4.310000000000000000e+02
4.750000000000000000e+02
5.030000000000000000e+02
5.610000000000000000e+02
5.960000000000000000e+02
5.760000000000000000e+02
5.850000000000000000e+02
5.990000000000000000e+02
6.500000000000000000e+02
6.630000000000000000e+02
7.100000000000000000e+02
7.050000000000000000e+02
7.660000000000000000e+02
7.350000000000000000e+02
7.920000000000000000e+02
7.740000000000000000e+02
8.790000000000000000e+02
8.380000000000000000e+02
9.300000000000000000e+02
9.570000000000000000e+02
9.860000000000000000e+02
9.870000000000000000e+02
1.076000000000000000e+03
1.058000000000000000e+03
1.042000000000000000e+03
1.131000000000000000e+03
1.091000000000000000e+03
1.193000000000000000e+03
1.209000000000000000e+03
1.154000000000000000e+03
1.190000000000000000e+03
1.178000000000000000e+03
1.217000000000000000e+03
1.138000000000000000e+03
1.151000000000000000e+03
1.133000000000000000e+03
1.134000000000000000e+03
1.092000000000000000e+03
1.141000000000000000e+03
1.085000000000000000e+03
1.059000000000000000e+03
1.084000000000000000e+03
1.090000000000000000e+03
1.130000000000000000e+03
1.089000000000000000e+03
1.073000000000000000e+03
1.093000000000000000e+03
1.133000000000000000e+03
1.044000000000000000e+03
1.093000000000000000e+03
1.193000000000000000e+03
1.273000000000000000e+03
1.264000000000000000e+03
1.173000000000000000e+03
1.237000000000000000e+03
1.245000000000000000e+03
1.384000000000000000e+03
1.380000000000000000e+03
1.381000000000000000e+03
1.476000000000000000e+03
1.556000000000000000e+03
1.687000000000000000e+03
1.917000000000000000e+03
1.991000000000000000e+03
2.244000000000000000e+03
2.675000000000000000e+03
3.794000000000000000e+03
1.587100000000000000e+04
3.860000000000000000e+03
2.311000000000000000e+03
1.748000000000000000e+03
1.497000000000000000e+03
1.347000000000000000e+03
1.252000000000000000e+03
1.196000000000000000e+03
1.202000000000000000e+03
1.205000000000000000e+03
1.204000000000000000e+03
1.272000000000000000e+03
1.316000000000000000e+03
1.302000000000000000e+03
1.261000000000000000e+03
1.251000000000000000e+03
1.072000000000000000e+03
1.107000000000000000e+03
1.032000000000000000e+03
9.840000000000000000e+02
8.960000000000000000e+02
8.120000000000000000e+02
8.770000000000000000e+02
8.070000000000000000e+02
8.060000000000000000e+02
8.070000000000000000e+02
7.940000000000000000e+02
7.360000000000000000e+02
7.460000000000000000e+02
7.560000000000000000e+02
7.420000000000000000e+02
7.500000000000000000e+02
7.800000000000000000e+02
7.600000000000000000e+02
7.180000000000000000e+02
7.310000000000000000e+02
7.840000000000000000e+02
8.050000000000000000e+02
8.100000000000000000e+02
7.670000000000000000e+02
7.870000000000000000e+02
7.510000000000000000e+02
6.910000000000000000e+02
6.740000000000000000e+02
7.000000000000000000e+02
6.510000000000000000e+02
6.530000000000000000e+02
6.700000000000000000e+02
6.420000000000000000e+02
6.650000000000000000e+02
6.140000000000000000e+02
5.880000000000000000e+02
6.070000000000000000e+02
5.980000000000000000e+02
6.020000000000000000e+02
6.340000000000000000e+02
6.410000000000000000e+02
7.410000000000000000e+02
7.940000000000000000e+02
8.170000000000000000e+02
8.660000000000000000e+02
7.890000000000000000e+02
7.030000000000000000e+02
6.540000000000000000e+02
5.740000000000000000e+02
5.650000000000000000e+02
5.380000000000000000e+02
5.480000000000000000e+02
5.710000000000000000e+02
6.170000000000000000e+02
6.330000000000000000e+02
6.640000000000000000e+02
6.150000000000000000e+02
6.280000000000000000e+02
6.390000000000000000e+02
6.210000000000000000e+02
5.740000000000000000e+02
5.610000000000000000e+02
5.290000000000000000e+02
5.190000000000000000e+02
5.600000000000000000e+02
5.560000000000000000e+02
6.440000000000000000e+02
5.900000000000000000e+02
6.090000000000000000e+02
6.740000000000000000e+02
6.520000000000000000e+02
7.000000000000000000e+02
7.370000000000000000e+02
7.550000000000000000e+02
8.330000000000000000e+02
7.910000000000000000e+02
9.020000000000000000e+02
8.910000000000000000e+02
9.930000000000000000e+02
1.035000000000000000e+03
1.110000000000000000e+03
1.177000000000000000e+03
1.273000000000000000e+03
1.243000000000000000e+03
1.196000000000000000e+03
1.264000000000000000e+03
1.331000000000000000e+03
1.366000000000000000e+03
1.349000000000000000e+03
1.454000000000000000e+03
1.463000000000000000e+03
1.464000000000000000e+03
1.548000000000000000e+03
1.651000000000000000e+03
1.590000000000000000e+03
1.608000000000000000e+03
1.639000000000000000e+03
1.548000000000000000e+03
1.503000000000000000e+03
1.390000000000000000e+03
1.415000000000000000e+03
1.304000000000000000e+03
1.148000000000000000e+03
1.115000000000000000e+03
1.071000000000000000e+03
1.005000000000000000e+03
1.017000000000000000e+03
9.000000000000000000e+02
8.830000000000000000e+02
9.020000000000000000e+02
7.570000000000000000e+02
7.510000000000000000e+02
6.780000000000000000e+02
7.160000000000000000e+02
6.580000000000000000e+02
6.230000000000000000e+02
5.770000000000000000e+02
5.860000000000000000e+02
5.860000000000000000e+02
5.910000000000000000e+02
5.390000000000000000e+02
5.560000000000000000e+02
5.250000000000000000e+02
4.940000000000000000e+02
5.040000000000000000e+02
4.370000000000000000e+02
4.540000000000000000e+02
4.140000000000000000e+02
4.240000000000000000e+02
3.790000000000000000e+02
3.750000000000000000e+02
3.420000000000000000e+02
3.230000000000000000e+02
3.590000000000000000e+02
2.680000000000000000e+02
2.690000000000000000e+02
2.820000000000000000e+02
2.760000000000000000e+02
2.730000000000000000e+02
2.550000000000000000e+02
2.800000000000000000e+02
2.460000000000000000e+02
2.520000000000000000e+02
2.130000000000000000e+02
2.540000000000000000e+02
2.930000000000000000e+02
3.090000000000000000e+02
4.020000000000000000e+02
4.260000000000000000e+02
5.860000000000000000e+02
7.770000000000000000e+02
1.021000000000000000e+03
1.235000000000000000e+03
1.491000000000000000e+03
1.548000000000000000e+03
2.766000000000000000e+03
0.000000000000000000e+00
0.000000000000000000e+00
0.000000000000000000e+00
0.000000000000000000e+00
0.000000000000000000e+00
0.000000000000000000e+00
1.000000000000000000e+00
2.000000000000000000e+00
4.000000000000000000e+00
3.000000000000000000e+00
4.000000000000000000e+00
6.000000000000000000e+00
1.600000000000000000e+01
2.000000000000000000e+01
3.200000000000000000e+01
4.200000000000000000e+01
7.900000000000000000e+01
1.120000000000000000e+02
1.900000000000000000e+02
2.950000000000000000e+02
2.980000000000000000e+02
3.470000000000000000e+02
3.740000000000000000e+02
4.740000000000000000e+02
5.930000000000000000e+02
6.600000000000000000e+02
7.420000000000000000e+02
8.210000000000000000e+02
8.980000000000000000e+02
1.048000000000000000e+03
1.125000000000000000e+03
1.226000000000000000e+03
1.277000000000000000e+03
1.232000000000000000e+03
1.358000000000000000e+03
1.378000000000000000e+03
1.413000000000000000e+03
1.380000000000000000e+03
1.468000000000000000e+03
1.362000000000000000e+03
1.354000000000000000e+03
1.408000000000000000e+03
1.303000000000000000e+03
1.275000000000000000e+03
1.353000000000000000e+03
1.241000000000000000e+03
1.178000000000000000e+03
1.208000000000000000e+03
1.139000000000000000e+03
1.150000000000000000e+03
1.091000000000000000e+03
1.108000000000000000e+03
1.058000000000000000e+03
1.013000000000000000e+03
1.007000000000000000e+03
1.015000000000000000e+03
1.012000000000000000e+03
1.005000000000000000e+03
9.290000000000000000e+02
8.980000000000000000e+02
8.620000000000000000e+02
8.110000000000000000e+02
8.140000000000000000e+02
8.040000000000000000e+02
7.870000000000000000e+02
7.290000000000000000e+02
7.640000000000000000e+02
7.870000000000000000e+02
7.490000000000000000e+02
8.180000000000000000e+02
8.030000000000000000e+02
7.920000000000000000e+02
8.170000000000000000e+02
8.080000000000000000e+02
8.250000000000000000e+02
8.530000000000000000e+02
8.910000000000000000e+02
9.300000000000000000e+02
1.041000000000000000e+03
1.037000000000000000e+03
1.107000000000000000e+03
1.151000000000000000e+03
1.101000000000000000e+03
1.098000000000000000e+03
1.055000000000000000e+03
1.100000000000000000e+03
1.063000000000000000e+03
1.048000000000000000e+03
1.012000000000000000e+03
1.017000000000000000e+03
1.066000000000000000e+03
1.068000000000000000e+03
1.014000000000000000e+03
9.890000000000000000e+02
1.052000000000000000e+03
1.045000000000000000e+03
9.740000000000000000e+02
1.012000000000000000e+03
9.980000000000000000e+02
9.880000000000000000e+02
9.490000000000000000e+02
9.330000000000000000e+02
8.480000000000000000e+02
8.720000000000000000e+02
9.050000000000000000e+02
8.900000000000000000e+02
8.880000000000000000e+02
9.380000000000000000e+02
9.490000000000000000e+02
8.770000000000000000e+02
9.240000000000000000e+02
8.840000000000000000e+02
8.670000000000000000e+02
8.820000000000000000e+02
8.610000000000000000e+02
8.350000000000000000e+02
8.470000000000000000e+02
8.650000000000000000e+02
8.250000000000000000e+02
7.710000000000000000e+02
7.660000000000000000e+02
8.340000000000000000e+02
8.390000000000000000e+02
8.730000000000000000e+02
8.900000000000000000e+02
9.220000000000000000e+02
9.360000000000000000e+02
9.490000000000000000e+02
8.640000000000000000e+02
8.250000000000000000e+02
8.720000000000000000e+02
8.430000000000000000e+02
8.480000000000000000e+02
8.830000000000000000e+02
8.750000000000000000e+02
8.420000000000000000e+02
8.810000000000000000e+02
8.420000000000000000e+02
7.940000000000000000e+02
7.990000000000000000e+02
7.690000000000000000e+02
8.410000000000000000e+02
8.280000000000000000e+02
8.230000000000000000e+02
9.290000000000000000e+02
9.280000000000000000e+02
9.660000000000000000e+02
1.038000000000000000e+03
1.103000000000000000e+03
1.412000000000000000e+03
2.201000000000000000e+03
1.226000000000000000e+03
1.350900000000000000e+04
1.410000000000000000e+03
1.900000000000000000e+03
8.530000000000000000e+02
8.150000000000000000e+02
6.030000000000000000e+02
5.150000000000000000e+02
4.780000000000000000e+02
4.260000000000000000e+02
4.320000000000000000e+02
4.060000000000000000e+02
4.430000000000000000e+02
3.940000000000000000e+02
4.190000000000000000e+02
4.300000000000000000e+02
4.460000000000000000e+02
4.070000000000000000e+02
3.960000000000000000e+02
4.150000000000000000e+02
4.210000000000000000e+02
4.210000000000000000e+02
4.350000000000000000e+02
4.130000000000000000e+02
4.240000000000000000e+02
4.420000000000000000e+02
4.180000000000000000e+02
4.480000000000000000e+02
5.060000000000000000e+02
5.120000000000000000e+02
4.770000000000000000e+02
5.300000000000000000e+02
5.350000000000000000e+02
6.120000000000000000e+02
5.950000000000000000e+02
6.550000000000000000e+02
6.500000000000000000e+02
7.340000000000000000e+02
7.550000000000000000e+02
7.890000000000000000e+02
7.870000000000000000e+02
8.280000000000000000e+02
8.390000000000000000e+02
9.240000000000000000e+02
9.360000000000000000e+02
9.680000000000000000e+02
1.103000000000000000e+03
1.121000000000000000e+03
1.200000000000000000e+03
1.341000000000000000e+03
1.397000000000000000e+03
1.272000000000000000e+03
1.469000000000000000e+03
1.550000000000000000e+03
1.685000000000000000e+03
1.730000000000000000e+03
1.836000000000000000e+03
1.709000000000000000e+03
1.849000000000000000e+03
1.867000000000000000e+03
1.926000000000000000e+03
1.901000000000000000e+03
1.853000000000000000e+03
1.722000000000000000e+03
1.564000000000000000e+03
1.574000000000000000e+03
1.532000000000000000e+03
1.463000000000000000e+03
1.425000000000000000e+03
1.330000000000000000e+03
1.200000000000000000e+03
1.182000000000000000e+03
1.136000000000000000e+03
1.014000000000000000e+03
9.560000000000000000e+02
9.300000000000000000e+02
8.960000000000000000e+02
8.910000000000000000e+02
8.570000000000000000e+02
7.770000000000000000e+02
7.950000000000000000e+02
7.940000000000000000e+02
6.910000000000000000e+02
6.690000000000000000e+02
7.490000000000000000e+02
7.080000000000000000e+02
7.220000000000000000e+02
6.360000000000000000e+02
7.050000000000000000e+02
6.120000000000000000e+02
6.370000000000000000e+02
5.650000000000000000e+02
5.460000000000000000e+02
5.150000000000000000e+02
4.620000000000000000e+02
4.500000000000000000e+02
4.870000000000000000e+02
4.510000000000000000e+02
5.220000000000000000e+02
6.230000000000000000e+02
7.510000000000000000e+02
8.250000000000000000e+02
1.057000000000000000e+03
1.210000000000000000e+03
7.253000000000000000e+03
