1.530000000000000000e+02
6.900000000000000000e+01
1.140000000000000000e+02
1.410000000000000000e+02
2.190000000000000000e+02
2.750000000000000000e+02
3.610000000000000000e+02
4.570000000000000000e+02
5.860000000000000000e+02
6.760000000000000000e+02
7.910000000000000000e+02
9.240000000000000000e+02
9.750000000000000000e+02
1.024000000000000000e+03
1.099000000000000000e+03
1.114000000000000000e+03
1.124000000000000000e+03
1.135000000000000000e+03
1.136000000000000000e+03
1.131000000000000000e+03
1.148000000000000000e+03
1.060000000000000000e+03
1.116000000000000000e+03
1.128000000000000000e+03
1.127000000000000000e+03
1.154000000000000000e+03
1.137000000000000000e+03
1.251000000000000000e+03
1.124000000000000000e+03
1.134000000000000000e+03
1.117000000000000000e+03
1.014000000000000000e+03
1.018000000000000000e+03
1.034000000000000000e+03
1.002000000000000000e+03
9.490000000000000000e+02
9.760000000000000000e+02
9.740000000000000000e+02
9.230000000000000000e+02
9.450000000000000000e+02
8.540000000000000000e+02
8.260000000000000000e+02
8.070000000000000000e+02
8.610000000000000000e+02
8.820000000000000000e+02
9.200000000000000000e+02
8.310000000000000000e+02
8.300000000000000000e+02
7.810000000000000000e+02
8.400000000000000000e+02
8.400000000000000000e+02
7.830000000000000000e+02
8.070000000000000000e+02
7.760000000000000000e+02
7.720000000000000000e+02
7.520000000000000000e+02
7.740000000000000000e+02
7.140000000000000000e+02
8.090000000000000000e+02
8.230000000000000000e+02
7.360000000000000000e+02
8.560000000000000000e+02
8.190000000000000000e+02
8.010000000000000000e+02
7.330000000000000000e+02
7.670000000000000000e+02
8.530000000000000000e+02
8.560000000000000000e+02
8.380000000000000000e+02
8.040000000000000000e+02
7.930000000000000000e+02
8.430000000000000000e+02
8.710000000000000000e+02
8.660000000000000000e+02
8.640000000000000000e+02
7.950000000000000000e+02
8.610000000000000000e+02
8.080000000000000000e+02
8.530000000000000000e+02
8.000000000000000000e+02
8.390000000000000000e+02
7.520000000000000000e+02
8.010000000000000000e+02
7.500000000000000000e+02
8.560000000000000000e+02
7.780000000000000000e+02
7.890000000000000000e+02
8.110000000000000000e+02
7.990000000000000000e+02
7.820000000000000000e+02
7.620000000000000000e+02
7.940000000000000000e+02
7.260000000000000000e+02
7.350000000000000000e+02
7.410000000000000000e+02
8.600000000000000000e+02
8.310000000000000000e+02
8.170000000000000000e+02
7.710000000000000000e+02
7.270000000000000000e+02
8.930000000000000000e+02
9.820000000000000000e+02
9.070000000000000000e+02
9.470000000000000000e+02
7.490000000000000000e+02
7.810000000000000000e+02
7.620000000000000000e+02
7.300000000000000000e+02
7.030000000000000000e+02
6.380000000000000000e+02
6.350000000000000000e+02
6.200000000000000000e+02
5.910000000000000000e+02
6.510000000000000000e+02
6.600000000000000000e+02
5.810000000000000000e+02
6.580000000000000000e+02
6.760000000000000000e+02
7.090000000000000000e+02
6.380000000000000000e+02
6.630000000000000000e+02
7.060000000000000000e+02
6.200000000000000000e+02
6.350000000000000000e+02
6.920000000000000000e+02
6.740000000000000000e+02
6.130000000000000000e+02
6.080000000000000000e+02
6.610000000000000000e+02
6.410000000000000000e+02
6.360000000000000000e+02
5.690000000000000000e+02
5.370000000000000000e+02
6.390000000000000000e+02
6.520000000000000000e+02
6.820000000000000000e+02
6.800000000000000000e+02
6.910000000000000000e+02
7.470000000000000000e+02
6.310000000000000000e+02
6.660000000000000000e+02
7.160000000000000000e+02
6.970000000000000000e+02
8.090000000000000000e+02
7.740000000000000000e+02
7.880000000000000000e+02
7.560000000000000000e+02
8.440000000000000000e+02
8.060000000000000000e+02
8.280000000000000000e+02
8.130000000000000000e+02
8.810000000000000000e+02
7.470000000000000000e+02
7.530000000000000000e+02
7.660000000000000000e+02
7.310000000000000000e+02
7.230000000000000000e+02
6.540000000000000000e+02
6.960000000000000000e+02
6.880000000000000000e+02
8.170000000000000000e+02
8.570000000000000000e+02
8.290000000000000000e+02
8.140000000000000000e+02
7.260000000000000000e+02
8.160000000000000000e+02
6.940000000000000000e+02
1.049000000000000000e+03
1.108000000000000000e+03
9.460000000000000000e+02
1.065000000000000000e+03
1.195000000000000000e+03
7.930000000000000000e+02
2.371000000000000000e+03
3.084000000000000000e+03
1.778000000000000000e+03
3.569000000000000000e+03
3.254000000000000000e+03
1.235000000000000000e+03
3.490000000000000000e+03
1.161000000000000000e+03
1.625000000000000000e+03
4.314000000000000000e+03
7.354000000000000000e+03
5.511000000000000000e+03
4.101000000000000000e+03
1.908000000000000000e+03
4.160000000000000000e+03
1.549000000000000000e+03
4.954000000000000000e+03
3.286000000000000000e+03
5.368000000000000000e+03
3.140000000000000000e+03
2.713000000000000000e+03
1.719000000000000000e+03
1.347000000000000000e+03
1.689000000000000000e+03
1.291000000000000000e+03
1.098000000000000000e+03
1.086000000000000000e+03
9.480000000000000000e+02
1.135000000000000000e+03
9.130000000000000000e+02
6.740000000000000000e+02
8.500000000000000000e+02
8.820000000000000000e+02
9.890000000000000000e+02
9.540000000000000000e+02
7.530000000000000000e+02
8.390000000000000000e+02
6.300000000000000000e+02
7.820000000000000000e+02
9.910000000000000000e+02
8.260000000000000000e+02
6.240000000000000000e+02
5.450000000000000000e+02
5.660000000000000000e+02
5.500000000000000000e+02
5.020000000000000000e+02
5.380000000000000000e+02
5.320000000000000000e+02
5.650000000000000000e+02
5.460000000000000000e+02
6.400000000000000000e+02
5.040000000000000000e+02
4.670000000000000000e+02
3.960000000000000000e+02
3.390000000000000000e+02
3.160000000000000000e+02
2.730000000000000000e+02
1.950000000000000000e+02
1.900000000000000000e+02
1.500000000000000000e+02
1.550000000000000000e+02
1.150000000000000000e+02
8.600000000000000000e+01
6.600000000000000000e+01
6.700000000000000000e+01
4.800000000000000000e+01
5.200000000000000000e+01
7.100000000000000000e+01
5.300000000000000000e+01
4.600000000000000000e+01
3.900000000000000000e+01
4.200000000000000000e+01
5.200000000000000000e+01
4.800000000000000000e+01
5.600000000000000000e+01
7.000000000000000000e+01
9.700000000000000000e+01
1.660000000000000000e+02
2.580000000000000000e+02
4.050000000000000000e+02
4.960000000000000000e+02
6.080000000000000000e+02
5.570000000000000000e+02
1.200000000000000000e+01
1.600000000000000000e+01
2.900000000000000000e+01
3.800000000000000000e+01
5.500000000000000000e+01
9.800000000000000000e+01
1.210000000000000000e+02
1.670000000000000000e+02
2.010000000000000000e+02
2.850000000000000000e+02
3.270000000000000000e+02
4.550000000000000000e+02
5.450000000000000000e+02
5.960000000000000000e+02
6.680000000000000000e+02
7.370000000000000000e+02
8.520000000000000000e+02
8.210000000000000000e+02
9.420000000000000000e+02
9.830000000000000000e+02
1.068000000000000000e+03
1.069000000000000000e+03
1.123000000000000000e+03
1.069000000000000000e+03
1.149000000000000000e+03
1.111000000000000000e+03
1.168000000000000000e+03
1.173000000000000000e+03
1.245000000000000000e+03
1.173000000000000000e+03
1.061000000000000000e+03
1.052000000000000000e+03
1.039000000000000000e+03
9.550000000000000000e+02
9.220000000000000000e+02
9.050000000000000000e+02
8.850000000000000000e+02
8.210000000000000000e+02
8.180000000000000000e+02
7.860000000000000000e+02
7.880000000000000000e+02
7.750000000000000000e+02
7.730000000000000000e+02
7.280000000000000000e+02
7.970000000000000000e+02
7.790000000000000000e+02
7.840000000000000000e+02
8.250000000000000000e+02
8.010000000000000000e+02
8.720000000000000000e+02
8.880000000000000000e+02
8.810000000000000000e+02
8.320000000000000000e+02
8.540000000000000000e+02
8.230000000000000000e+02
8.590000000000000000e+02
8.300000000000000000e+02
8.660000000000000000e+02
7.510000000000000000e+02
7.860000000000000000e+02
8.180000000000000000e+02
7.710000000000000000e+02
8.290000000000000000e+02
7.850000000000000000e+02
7.950000000000000000e+02
7.690000000000000000e+02
8.440000000000000000e+02
7.720000000000000000e+02
7.940000000000000000e+02
7.890000000000000000e+02
8.200000000000000000e+02
7.750000000000000000e+02
7.480000000000000000e+02
6.850000000000000000e+02
6.500000000000000000e+02
6.690000000000000000e+02
6.530000000000000000e+02
6.720000000000000000e+02
6.400000000000000000e+02
6.170000000000000000e+02
7.010000000000000000e+02
6.370000000000000000e+02
5.960000000000000000e+02
6.080000000000000000e+02
5.650000000000000000e+02
5.970000000000000000e+02
5.820000000000000000e+02
6.280000000000000000e+02
6.610000000000000000e+02
6.590000000000000000e+02
7.350000000000000000e+02
6.860000000000000000e+02
6.990000000000000000e+02
6.680000000000000000e+02
7.040000000000000000e+02
6.990000000000000000e+02
6.640000000000000000e+02
6.210000000000000000e+02
6.280000000000000000e+02
7.410000000000000000e+02
7.010000000000000000e+02
7.630000000000000000e+02
7.120000000000000000e+02
7.180000000000000000e+02
6.910000000000000000e+02
7.310000000000000000e+02
6.770000000000000000e+02
7.240000000000000000e+02
7.260000000000000000e+02
7.480000000000000000e+02
7.120000000000000000e+02
7.330000000000000000e+02
7.320000000000000000e+02
7.520000000000000000e+02
7.790000000000000000e+02
8.010000000000000000e+02
8.960000000000000000e+02
9.190000000000000000e+02
9.130000000000000000e+02
9.060000000000000000e+02
8.430000000000000000e+02
7.700000000000000000e+02
6.800000000000000000e+02
7.560000000000000000e+02
7.990000000000000000e+02
8.440000000000000000e+02
7.760000000000000000e+02
8.260000000000000000e+02
8.610000000000000000e+02
7.880000000000000000e+02
8.100000000000000000e+02
7.650000000000000000e+02
7.260000000000000000e+02
7.370000000000000000e+02
7.320000000000000000e+02
6.730000000000000000e+02
6.810000000000000000e+02
6.560000000000000000e+02
6.500000000000000000e+02
6.120000000000000000e+02
7.110000000000000000e+02
7.260000000000000000e+02
6.900000000000000000e+02
6.480000000000000000e+02
5.550000000000000000e+02
5.460000000000000000e+02
5.380000000000000000e+02
6.050000000000000000e+02
6.440000000000000000e+02
5.920000000000000000e+02
6.750000000000000000e+02
5.800000000000000000e+02
5.700000000000000000e+02
6.130000000000000000e+02
5.510000000000000000e+02
5.530000000000000000e+02
6.080000000000000000e+02
5.770000000000000000e+02
5.520000000000000000e+02
5.200000000000000000e+02
5.030000000000000000e+02
5.180000000000000000e+02
5.160000000000000000e+02
5.000000000000000000e+02
5.410000000000000000e+02
4.640000000000000000e+02
4.390000000000000000e+02
4.400000000000000000e+02
4.490000000000000000e+02
4.910000000000000000e+02
4.400000000000000000e+02
4.590000000000000000e+02
4.330000000000000000e+02
4.240000000000000000e+02
4.570000000000000000e+02
5.050000000000000000e+02
5.420000000000000000e+02
5.410000000000000000e+02
5.690000000000000000e+02
5.500000000000000000e+02
5.550000000000000000e+02
5.630000000000000000e+02
5.550000000000000000e+02
5.810000000000000000e+02
6.230000000000000000e+02
6.550000000000000000e+02
7.320000000000000000e+02
7.090000000000000000e+02
7.400000000000000000e+02
7.410000000000000000e+02
7.660000000000000000e+02
7.640000000000000000e+02
8.630000000000000000e+02
8.560000000000000000e+02
9.380000000000000000e+02
8.600000000000000000e+02
9.000000000000000000e+02
8.860000000000000000e+02
1.080000000000000000e+03
1.043000000000000000e+03
1.064000000000000000e+03
1.133000000000000000e+03
9.870000000000000000e+02
1.315000000000000000e+03
1.382000000000000000e+03
1.474000000000000000e+03
1.485000000000000000e+03
1.117000000000000000e+03
3.113000000000000000e+03
4.218000000000000000e+03
4.413000000000000000e+03
3.887000000000000000e+03
5.754000000000000000e+03
1.057600000000000000e+04
7.519000000000000000e+03
6.230000000000000000e+03
1.994000000000000000e+03
7.976000000000000000e+03
8.168000000000000000e+03
3.595000000000000000e+03
3.115000000000000000e+03
1.786000000000000000e+03
2.116000000000000000e+03
1.691000000000000000e+03
1.757000000000000000e+03
1.098000000000000000e+03
1.258000000000000000e+03
1.222000000000000000e+03
9.060000000000000000e+02
6.200000000000000000e+02
7.300000000000000000e+02
7.510000000000000000e+02
5.190000000000000000e+02
3.400000000000000000e+02
2.820000000000000000e+02
2.000000000000000000e+02
1.620000000000000000e+02
1.540000000000000000e+02
1.380000000000000000e+02
1.020000000000000000e+02
8.800000000000000000e+01
4.600000000000000000e+01
5.000000000000000000e+01
6.300000000000000000e+01
7.300000000000000000e+01
7.800000000000000000e+01
5.800000000000000000e+01
5.100000000000000000e+01
6.200000000000000000e+01
8.700000000000000000e+01
1.170000000000000000e+02
2.450000000000000000e+02
4.060000000000000000e+02
4.790000000000000000e+02
4.990000000000000000e+02
8.810000000000000000e+02
4.000000000000000000e+00
3.000000000000000000e+00
1.200000000000000000e+01
1.100000000000000000e+01
3.000000000000000000e+01
4.700000000000000000e+01
8.300000000000000000e+01
1.160000000000000000e+02
1.660000000000000000e+02
1.990000000000000000e+02
2.900000000000000000e+02
3.710000000000000000e+02
4.890000000000000000e+02
5.090000000000000000e+02
6.120000000000000000e+02
6.880000000000000000e+02
7.510000000000000000e+02
7.320000000000000000e+02
8.330000000000000000e+02
8.150000000000000000e+02
9.020000000000000000e+02
9.720000000000000000e+02
8.920000000000000000e+02
9.190000000000000000e+02
1.030000000000000000e+03
9.880000000000000000e+02
9.970000000000000000e+02
1.040000000000000000e+03
9.940000000000000000e+02
1.013000000000000000e+03
1.043000000000000000e+03
1.014000000000000000e+03
9.650000000000000000e+02
9.760000000000000000e+02
9.830000000000000000e+02
1.030000000000000000e+03
1.027000000000000000e+03
9.460000000000000000e+02
9.070000000000000000e+02
8.710000000000000000e+02
8.680000000000000000e+02
8.640000000000000000e+02
9.170000000000000000e+02
8.800000000000000000e+02
7.900000000000000000e+02
8.180000000000000000e+02
7.640000000000000000e+02
7.660000000000000000e+02
7.850000000000000000e+02
7.580000000000000000e+02
7.280000000000000000e+02
7.870000000000000000e+02
7.260000000000000000e+02
7.170000000000000000e+02
7.320000000000000000e+02
7.400000000000000000e+02
6.630000000000000000e+02
6.970000000000000000e+02
6.910000000000000000e+02
7.030000000000000000e+02
7.120000000000000000e+02
7.240000000000000000e+02
7.600000000000000000e+02
7.320000000000000000e+02
7.210000000000000000e+02
7.390000000000000000e+02
7.550000000000000000e+02
7.520000000000000000e+02
7.560000000000000000e+02
7.550000000000000000e+02
7.330000000000000000e+02
7.680000000000000000e+02
7.840000000000000000e+02
7.830000000000000000e+02
7.790000000000000000e+02
8.280000000000000000e+02
7.630000000000000000e+02
7.660000000000000000e+02
7.520000000000000000e+02
7.130000000000000000e+02
7.010000000000000000e+02
7.440000000000000000e+02
6.890000000000000000e+02
6.660000000000000000e+02
6.700000000000000000e+02
6.320000000000000000e+02
6.120000000000000000e+02
6.760000000000000000e+02
5.950000000000000000e+02
6.150000000000000000e+02
6.000000000000000000e+02
6.030000000000000000e+02
6.070000000000000000e+02
5.440000000000000000e+02
4.930000000000000000e+02
5.160000000000000000e+02
5.240000000000000000e+02
5.260000000000000000e+02
5.370000000000000000e+02
5.360000000000000000e+02
5.400000000000000000e+02
5.990000000000000000e+02
6.070000000000000000e+02
6.270000000000000000e+02
6.620000000000000000e+02
6.630000000000000000e+02
7.060000000000000000e+02
6.740000000000000000e+02
6.240000000000000000e+02
6.620000000000000000e+02
6.290000000000000000e+02
6.570000000000000000e+02
5.920000000000000000e+02
6.220000000000000000e+02
5.920000000000000000e+02
6.070000000000000000e+02
6.030000000000000000e+02
5.580000000000000000e+02
6.710000000000000000e+02
7.450000000000000000e+02
6.250000000000000000e+02
7.250000000000000000e+02
7.610000000000000000e+02
6.910000000000000000e+02
7.100000000000000000e+02
7.180000000000000000e+02
7.550000000000000000e+02
8.730000000000000000e+02
7.750000000000000000e+02
8.400000000000000000e+02
8.640000000000000000e+02
9.420000000000000000e+02
9.130000000000000000e+02
9.710000000000000000e+02
9.690000000000000000e+02
9.510000000000000000e+02
9.820000000000000000e+02
9.140000000000000000e+02
8.720000000000000000e+02
8.470000000000000000e+02
8.180000000000000000e+02
7.780000000000000000e+02
7.980000000000000000e+02
7.680000000000000000e+02
7.150000000000000000e+02
6.750000000000000000e+02
6.980000000000000000e+02
6.750000000000000000e+02
7.260000000000000000e+02
6.940000000000000000e+02
6.990000000000000000e+02
6.230000000000000000e+02
6.970000000000000000e+02
6.570000000000000000e+02
6.180000000000000000e+02
6.660000000000000000e+02
6.960000000000000000e+02
6.170000000000000000e+02
6.330000000000000000e+02
6.390000000000000000e+02
6.210000000000000000e+02
5.970000000000000000e+02
5.550000000000000000e+02
5.330000000000000000e+02
5.470000000000000000e+02
5.150000000000000000e+02
4.930000000000000000e+02
4.550000000000000000e+02
4.840000000000000000e+02
5.040000000000000000e+02
5.080000000000000000e+02
4.700000000000000000e+02
4.880000000000000000e+02
4.860000000000000000e+02
5.290000000000000000e+02
5.260000000000000000e+02
5.810000000000000000e+02
5.740000000000000000e+02
5.810000000000000000e+02
5.780000000000000000e+02
5.820000000000000000e+02
5.540000000000000000e+02
5.780000000000000000e+02
5.460000000000000000e+02
5.400000000000000000e+02
5.020000000000000000e+02
4.830000000000000000e+02
4.780000000000000000e+02
5.390000000000000000e+02
5.510000000000000000e+02
5.140000000000000000e+02
4.520000000000000000e+02
5.200000000000000000e+02
5.250000000000000000e+02
5.080000000000000000e+02
5.960000000000000000e+02
5.290000000000000000e+02
5.320000000000000000e+02
5.440000000000000000e+02
5.680000000000000000e+02
5.930000000000000000e+02
5.580000000000000000e+02
5.700000000000000000e+02
5.090000000000000000e+02
5.560000000000000000e+02
5.420000000000000000e+02
5.200000000000000000e+02
5.580000000000000000e+02
5.840000000000000000e+02
5.880000000000000000e+02
6.130000000000000000e+02
6.410000000000000000e+02
7.050000000000000000e+02
7.720000000000000000e+02
8.210000000000000000e+02
7.640000000000000000e+02
7.530000000000000000e+02
8.310000000000000000e+02
9.230000000000000000e+02
9.290000000000000000e+02
1.057000000000000000e+03
1.081000000000000000e+03
1.132000000000000000e+03
1.209000000000000000e+03
1.150000000000000000e+03
1.151000000000000000e+03
1.051000000000000000e+03
9.790000000000000000e+02
9.320000000000000000e+02
9.270000000000000000e+02
8.810000000000000000e+02
8.750000000000000000e+02
8.680000000000000000e+02
9.980000000000000000e+02
1.621000000000000000e+03
2.439000000000000000e+03
4.561000000000000000e+03
7.415000000000000000e+03
1.144000000000000000e+04
1.834300000000000000e+04
1.051500000000000000e+04
7.435000000000000000e+03
2.239000000000000000e+03
2.496000000000000000e+03
2.280000000000000000e+03
1.869000000000000000e+03
1.737000000000000000e+03
1.157000000000000000e+03
4.570000000000000000e+02
2.690000000000000000e+02
2.680000000000000000e+02
2.680000000000000000e+02
3.880000000000000000e+02
5.200000000000000000e+02
4.610000000000000000e+02
8.820000000000000000e+02
