1.936000000000000000e+03
9.430000000000000000e+02
1.135000000000000000e+03
1.036000000000000000e+03
9.000000000000000000e+02
8.060000000000000000e+02
7.090000000000000000e+02
6.340000000000000000e+02
5.270000000000000000e+02
4.750000000000000000e+02
4.650000000000000000e+02
4.660000000000000000e+02
4.570000000000000000e+02
4.560000000000000000e+02
4.080000000000000000e+02
4.820000000000000000e+02
5.070000000000000000e+02
5.430000000000000000e+02
5.280000000000000000e+02
5.440000000000000000e+02
5.400000000000000000e+02
5.650000000000000000e+02
5.740000000000000000e+02
6.200000000000000000e+02
5.860000000000000000e+02
6.190000000000000000e+02
6.390000000000000000e+02
6.300000000000000000e+02
7.210000000000000000e+02
6.980000000000000000e+02
7.080000000000000000e+02
8.060000000000000000e+02
7.580000000000000000e+02
7.700000000000000000e+02
7.410000000000000000e+02
7.440000000000000000e+02
6.620000000000000000e+02
7.140000000000000000e+02
6.850000000000000000e+02
6.570000000000000000e+02
6.550000000000000000e+02
6.660000000000000000e+02
6.550000000000000000e+02
7.090000000000000000e+02
6.900000000000000000e+02
7.430000000000000000e+02
7.570000000000000000e+02
7.480000000000000000e+02
7.780000000000000000e+02
7.930000000000000000e+02
8.130000000000000000e+02
7.700000000000000000e+02
7.810000000000000000e+02
8.370000000000000000e+02
8.440000000000000000e+02
9.240000000000000000e+02
1.021000000000000000e+03
9.390000000000000000e+02
1.041000000000000000e+03
9.590000000000000000e+02
1.009000000000000000e+03
9.450000000000000000e+02
9.020000000000000000e+02
9.290000000000000000e+02
9.720000000000000000e+02
9.400000000000000000e+02
8.630000000000000000e+02
7.130000000000000000e+02
6.060000000000000000e+02
5.780000000000000000e+02
5.380000000000000000e+02
4.970000000000000000e+02
4.970000000000000000e+02
4.970000000000000000e+02
5.410000000000000000e+02
5.210000000000000000e+02
5.720000000000000000e+02
6.450000000000000000e+02
6.160000000000000000e+02
6.350000000000000000e+02
6.890000000000000000e+02
6.510000000000000000e+02
7.450000000000000000e+02
7.240000000000000000e+02
7.800000000000000000e+02
8.280000000000000000e+02
7.900000000000000000e+02
8.360000000000000000e+02
7.840000000000000000e+02
7.920000000000000000e+02
8.270000000000000000e+02
8.000000000000000000e+02
7.720000000000000000e+02
7.540000000000000000e+02
7.110000000000000000e+02
6.520000000000000000e+02
6.430000000000000000e+02
6.110000000000000000e+02
5.420000000000000000e+02
5.860000000000000000e+02
6.010000000000000000e+02
5.540000000000000000e+02
5.780000000000000000e+02
5.240000000000000000e+02
5.520000000000000000e+02
5.630000000000000000e+02
5.140000000000000000e+02
5.200000000000000000e+02
5.150000000000000000e+02
4.710000000000000000e+02
4.720000000000000000e+02
5.010000000000000000e+02
4.890000000000000000e+02
4.620000000000000000e+02
4.890000000000000000e+02
4.030000000000000000e+02
4.270000000000000000e+02
3.990000000000000000e+02
4.270000000000000000e+02
3.940000000000000000e+02
3.840000000000000000e+02
3.890000000000000000e+02
3.480000000000000000e+02
3.990000000000000000e+02
3.870000000000000000e+02
4.160000000000000000e+02
3.600000000000000000e+02
4.630000000000000000e+02
5.130000000000000000e+02
4.960000000000000000e+02
5.110000000000000000e+02
4.750000000000000000e+02
4.490000000000000000e+02
4.860000000000000000e+02
4.550000000000000000e+02
6.110000000000000000e+02
7.240000000000000000e+02
9.300000000000000000e+02
9.300000000000000000e+02
6.640000000000000000e+02
1.034000000000000000e+03
1.394000000000000000e+03
1.714000000000000000e+03
1.697000000000000000e+03
1.265000000000000000e+03
1.776000000000000000e+03
1.477000000000000000e+03
2.014000000000000000e+03
2.561000000000000000e+03
4.007000000000000000e+03
3.592000000000000000e+03
1.586000000000000000e+03
3.903000000000000000e+03
2.266000000000000000e+03
1.694000000000000000e+03
2.592000000000000000e+03
2.919000000000000000e+03
3.985000000000000000e+03
4.254000000000000000e+03
2.189000000000000000e+03
4.511000000000000000e+03
3.694000000000000000e+03
3.983000000000000000e+03
3.453000000000000000e+03
4.743000000000000000e+03
4.975000000000000000e+03
2.496000000000000000e+03
4.545000000000000000e+03
3.730000000000000000e+03
3.124000000000000000e+03
3.625000000000000000e+03
3.296000000000000000e+03
3.107000000000000000e+03
2.266000000000000000e+03
3.150000000000000000e+03
2.791000000000000000e+03
1.889000000000000000e+03
3.137000000000000000e+03
1.399000000000000000e+03
1.445000000000000000e+03
1.272000000000000000e+03
1.175000000000000000e+03
1.162000000000000000e+03
1.137000000000000000e+03
1.194000000000000000e+03
1.119000000000000000e+03
1.197000000000000000e+03
1.123000000000000000e+03
1.035000000000000000e+03
1.096000000000000000e+03
1.014000000000000000e+03
9.760000000000000000e+02
1.018000000000000000e+03
9.490000000000000000e+02
9.270000000000000000e+02
8.810000000000000000e+02
8.440000000000000000e+02
8.370000000000000000e+02
7.860000000000000000e+02
7.820000000000000000e+02
7.670000000000000000e+02
7.720000000000000000e+02
6.500000000000000000e+02
6.890000000000000000e+02
6.240000000000000000e+02
5.950000000000000000e+02
5.970000000000000000e+02
5.380000000000000000e+02
5.260000000000000000e+02
5.180000000000000000e+02
4.650000000000000000e+02
4.680000000000000000e+02
4.530000000000000000e+02
4.050000000000000000e+02
3.970000000000000000e+02
4.190000000000000000e+02
3.630000000000000000e+02
3.910000000000000000e+02
3.200000000000000000e+02
3.240000000000000000e+02
3.220000000000000000e+02
3.040000000000000000e+02
2.530000000000000000e+02
2.460000000000000000e+02
2.340000000000000000e+02
2.290000000000000000e+02
2.100000000000000000e+02
1.910000000000000000e+02
1.670000000000000000e+02
1.590000000000000000e+02
1.440000000000000000e+02
1.130000000000000000e+02
1.150000000000000000e+02
1.100000000000000000e+02
1.070000000000000000e+02
7.200000000000000000e+01
6.100000000000000000e+01
6.200000000000000000e+01
5.900000000000000000e+01
5.700000000000000000e+01
4.300000000000000000e+01
3.600000000000000000e+01
3.300000000000000000e+01
3.500000000000000000e+01
3.400000000000000000e+01
2.900000000000000000e+01
3.000000000000000000e+01
2.800000000000000000e+01
2.300000000000000000e+01
1.800000000000000000e+01
2.400000000000000000e+01
1.200000000000000000e+01
1.200000000000000000e+01
1.100000000000000000e+01
1.300000000000000000e+01
2.600000000000000000e+01
9.970000000000000000e+02
1.101000000000000000e+03
1.026000000000000000e+03
8.130000000000000000e+02
5.930000000000000000e+02
4.770000000000000000e+02
5.000000000000000000e+02
4.460000000000000000e+02
4.020000000000000000e+02
4.420000000000000000e+02
3.910000000000000000e+02
3.920000000000000000e+02
4.100000000000000000e+02
4.380000000000000000e+02
4.030000000000000000e+02
4.140000000000000000e+02
3.670000000000000000e+02
4.510000000000000000e+02
4.500000000000000000e+02
4.350000000000000000e+02
4.760000000000000000e+02
5.140000000000000000e+02
5.760000000000000000e+02
5.320000000000000000e+02
4.810000000000000000e+02
4.960000000000000000e+02
4.620000000000000000e+02
4.890000000000000000e+02
4.520000000000000000e+02
4.590000000000000000e+02
4.540000000000000000e+02
4.450000000000000000e+02
5.120000000000000000e+02
5.280000000000000000e+02
4.790000000000000000e+02
5.080000000000000000e+02
5.540000000000000000e+02
6.010000000000000000e+02
5.560000000000000000e+02
5.520000000000000000e+02
5.590000000000000000e+02
5.700000000000000000e+02
5.620000000000000000e+02
5.950000000000000000e+02
6.200000000000000000e+02
5.780000000000000000e+02
5.590000000000000000e+02
5.240000000000000000e+02
5.410000000000000000e+02
4.980000000000000000e+02
5.250000000000000000e+02
5.340000000000000000e+02
4.930000000000000000e+02
5.430000000000000000e+02
5.470000000000000000e+02
5.680000000000000000e+02
6.140000000000000000e+02
5.470000000000000000e+02
5.850000000000000000e+02
5.990000000000000000e+02
5.870000000000000000e+02
6.250000000000000000e+02
6.090000000000000000e+02
6.270000000000000000e+02
5.860000000000000000e+02
6.050000000000000000e+02
6.370000000000000000e+02
5.990000000000000000e+02
5.880000000000000000e+02
5.280000000000000000e+02
4.990000000000000000e+02
5.530000000000000000e+02
5.720000000000000000e+02
5.910000000000000000e+02
5.980000000000000000e+02
5.810000000000000000e+02
5.950000000000000000e+02
6.050000000000000000e+02
6.700000000000000000e+02
6.620000000000000000e+02
5.790000000000000000e+02
5.840000000000000000e+02
5.560000000000000000e+02
5.520000000000000000e+02
4.910000000000000000e+02
4.800000000000000000e+02
4.570000000000000000e+02
4.520000000000000000e+02
4.660000000000000000e+02
4.290000000000000000e+02
4.630000000000000000e+02
4.260000000000000000e+02
4.750000000000000000e+02
4.100000000000000000e+02
4.590000000000000000e+02
4.830000000000000000e+02
4.510000000000000000e+02
5.240000000000000000e+02
5.570000000000000000e+02
5.850000000000000000e+02
6.900000000000000000e+02
8.040000000000000000e+02
8.450000000000000000e+02
8.540000000000000000e+02
9.390000000000000000e+02
9.780000000000000000e+02
1.076000000000000000e+03
1.143000000000000000e+03
1.237000000000000000e+03
1.335000000000000000e+03
1.476000000000000000e+03
1.408000000000000000e+03
1.449000000000000000e+03
1.340000000000000000e+03
1.216000000000000000e+03
1.093000000000000000e+03
9.870000000000000000e+02
9.140000000000000000e+02
8.410000000000000000e+02
7.440000000000000000e+02
7.690000000000000000e+02
6.970000000000000000e+02
6.640000000000000000e+02
7.030000000000000000e+02
6.350000000000000000e+02
6.810000000000000000e+02
6.400000000000000000e+02
6.770000000000000000e+02
6.700000000000000000e+02
6.270000000000000000e+02
6.140000000000000000e+02
6.540000000000000000e+02
6.530000000000000000e+02
6.940000000000000000e+02
6.620000000000000000e+02
7.500000000000000000e+02
7.220000000000000000e+02
7.780000000000000000e+02
7.820000000000000000e+02
8.260000000000000000e+02
9.020000000000000000e+02
9.130000000000000000e+02
8.880000000000000000e+02
8.790000000000000000e+02
8.470000000000000000e+02
8.060000000000000000e+02
8.540000000000000000e+02
9.180000000000000000e+02
9.140000000000000000e+02
1.003000000000000000e+03
1.005000000000000000e+03
1.047000000000000000e+03
1.078000000000000000e+03
1.066000000000000000e+03
1.148000000000000000e+03
1.180000000000000000e+03
1.138000000000000000e+03
1.118000000000000000e+03
1.123000000000000000e+03
1.192000000000000000e+03
1.164000000000000000e+03
1.199000000000000000e+03
1.304000000000000000e+03
1.182000000000000000e+03
1.225000000000000000e+03
1.209000000000000000e+03
1.246000000000000000e+03
1.230000000000000000e+03
1.323000000000000000e+03
1.209000000000000000e+03
1.255000000000000000e+03
1.234000000000000000e+03
1.216000000000000000e+03
1.217000000000000000e+03
1.181000000000000000e+03
1.125000000000000000e+03
1.244000000000000000e+03
1.249000000000000000e+03
1.200000000000000000e+03
1.290000000000000000e+03
1.260000000000000000e+03
1.270000000000000000e+03
1.444000000000000000e+03
1.530000000000000000e+03
1.439000000000000000e+03
1.698000000000000000e+03
2.135000000000000000e+03
2.517000000000000000e+03
2.414000000000000000e+03
2.506000000000000000e+03
3.648000000000000000e+03
5.403000000000000000e+03
4.700000000000000000e+03
2.892000000000000000e+03
4.332000000000000000e+03
6.254000000000000000e+03
6.374000000000000000e+03
3.380000000000000000e+03
3.420000000000000000e+03
5.711000000000000000e+03
6.479000000000000000e+03
4.598000000000000000e+03
3.291000000000000000e+03
2.584000000000000000e+03
6.327000000000000000e+03
7.315000000000000000e+03
3.261000000000000000e+03
2.637000000000000000e+03
1.005000000000000000e+03
4.170000000000000000e+02
2.920000000000000000e+02
2.850000000000000000e+02
2.440000000000000000e+02
2.540000000000000000e+02
2.430000000000000000e+02
2.350000000000000000e+02
2.080000000000000000e+02
2.110000000000000000e+02
1.920000000000000000e+02
2.050000000000000000e+02
1.610000000000000000e+02
1.460000000000000000e+02
1.330000000000000000e+02
1.300000000000000000e+02
1.220000000000000000e+02
1.050000000000000000e+02
1.100000000000000000e+02
8.600000000000000000e+01
5.900000000000000000e+01
6.900000000000000000e+01
6.300000000000000000e+01
5.500000000000000000e+01
4.500000000000000000e+01
3.200000000000000000e+01
3.300000000000000000e+01
2.200000000000000000e+01
1.900000000000000000e+01
1.500000000000000000e+01
1.100000000000000000e+01
1.200000000000000000e+01
1.200000000000000000e+01
4.000000000000000000e+00
1.400000000000000000e+01
9.000000000000000000e+00
1.300000000000000000e+01
1.600000000000000000e+01
4.000000000000000000e+00
1.400000000000000000e+01
1.100000000000000000e+01
1.200000000000000000e+01
2.000000000000000000e+00
7.000000000000000000e+00
9.000000000000000000e+00
5.000000000000000000e+00
2.000000000000000000e+00
9.000000000000000000e+00
1.030000000000000000e+02
1.800000000000000000e+01
3.500000000000000000e+01
2.600000000000000000e+01
4.800000000000000000e+01
7.800000000000000000e+01
1.070000000000000000e+02
2.020000000000000000e+02
2.680000000000000000e+02
3.920000000000000000e+02
3.140000000000000000e+02
3.270000000000000000e+02
3.180000000000000000e+02
3.930000000000000000e+02
4.680000000000000000e+02
4.920000000000000000e+02
4.660000000000000000e+02
5.610000000000000000e+02
4.520000000000000000e+02
4.030000000000000000e+02
3.800000000000000000e+02
3.640000000000000000e+02
4.150000000000000000e+02
3.820000000000000000e+02
3.680000000000000000e+02
3.530000000000000000e+02
3.650000000000000000e+02
4.000000000000000000e+02
3.650000000000000000e+02
3.660000000000000000e+02
3.900000000000000000e+02
3.490000000000000000e+02
3.370000000000000000e+02
3.050000000000000000e+02
3.050000000000000000e+02
2.960000000000000000e+02
2.920000000000000000e+02
2.960000000000000000e+02
2.750000000000000000e+02
2.750000000000000000e+02
2.700000000000000000e+02
2.760000000000000000e+02
2.980000000000000000e+02
3.470000000000000000e+02
3.320000000000000000e+02
3.630000000000000000e+02
3.270000000000000000e+02
3.850000000000000000e+02
4.380000000000000000e+02
4.920000000000000000e+02
5.370000000000000000e+02
5.650000000000000000e+02
6.310000000000000000e+02
6.450000000000000000e+02
6.290000000000000000e+02
6.570000000000000000e+02
6.540000000000000000e+02
6.480000000000000000e+02
6.460000000000000000e+02
7.190000000000000000e+02
7.250000000000000000e+02
6.390000000000000000e+02
5.900000000000000000e+02
6.180000000000000000e+02
5.740000000000000000e+02
4.920000000000000000e+02
4.760000000000000000e+02
4.850000000000000000e+02
4.910000000000000000e+02
5.090000000000000000e+02
4.970000000000000000e+02
5.500000000000000000e+02
5.180000000000000000e+02
4.790000000000000000e+02
4.910000000000000000e+02
4.930000000000000000e+02
4.400000000000000000e+02
4.700000000000000000e+02
4.360000000000000000e+02
4.550000000000000000e+02
4.170000000000000000e+02
4.050000000000000000e+02
3.960000000000000000e+02
3.910000000000000000e+02
3.930000000000000000e+02
3.710000000000000000e+02
4.070000000000000000e+02
4.000000000000000000e+02
4.480000000000000000e+02
4.200000000000000000e+02
4.120000000000000000e+02
4.250000000000000000e+02
4.330000000000000000e+02
4.420000000000000000e+02
4.760000000000000000e+02
4.280000000000000000e+02
4.930000000000000000e+02
5.090000000000000000e+02
5.380000000000000000e+02
5.810000000000000000e+02
5.750000000000000000e+02
5.540000000000000000e+02
6.130000000000000000e+02
5.570000000000000000e+02
5.540000000000000000e+02
5.530000000000000000e+02
5.830000000000000000e+02
6.050000000000000000e+02
5.910000000000000000e+02
5.740000000000000000e+02
6.430000000000000000e+02
6.470000000000000000e+02
6.240000000000000000e+02
6.820000000000000000e+02
6.550000000000000000e+02
6.550000000000000000e+02
6.860000000000000000e+02
7.190000000000000000e+02
7.960000000000000000e+02
8.400000000000000000e+02
8.580000000000000000e+02
9.130000000000000000e+02
9.550000000000000000e+02
1.038000000000000000e+03
1.007000000000000000e+03
1.012000000000000000e+03
1.073000000000000000e+03
1.078000000000000000e+03
1.017000000000000000e+03
1.021000000000000000e+03
1.047000000000000000e+03
1.160000000000000000e+03
1.216000000000000000e+03
1.270000000000000000e+03
1.288000000000000000e+03
1.401000000000000000e+03
1.444000000000000000e+03
1.566000000000000000e+03
1.618000000000000000e+03
1.745000000000000000e+03
1.849000000000000000e+03
2.042000000000000000e+03
1.944000000000000000e+03
2.066000000000000000e+03
2.065000000000000000e+03
2.113000000000000000e+03
2.168000000000000000e+03
2.120000000000000000e+03
2.087000000000000000e+03
2.154000000000000000e+03
2.134000000000000000e+03
2.041000000000000000e+03
2.059000000000000000e+03
1.976000000000000000e+03
1.987000000000000000e+03
1.850000000000000000e+03
1.753000000000000000e+03
1.750000000000000000e+03
1.675000000000000000e+03
1.584000000000000000e+03
1.500000000000000000e+03
1.594000000000000000e+03
1.431000000000000000e+03
1.343000000000000000e+03
1.271000000000000000e+03
1.212000000000000000e+03
1.150000000000000000e+03
1.183000000000000000e+03
1.166000000000000000e+03
1.064000000000000000e+03
1.068000000000000000e+03
9.890000000000000000e+02
9.240000000000000000e+02
9.170000000000000000e+02
8.900000000000000000e+02
8.290000000000000000e+02
7.580000000000000000e+02
7.180000000000000000e+02
7.370000000000000000e+02
7.170000000000000000e+02
7.160000000000000000e+02
6.720000000000000000e+02
6.790000000000000000e+02
6.340000000000000000e+02
6.540000000000000000e+02
6.030000000000000000e+02
5.600000000000000000e+02
5.370000000000000000e+02
4.630000000000000000e+02
3.800000000000000000e+02
3.550000000000000000e+02
3.520000000000000000e+02
3.230000000000000000e+02
2.640000000000000000e+02
2.790000000000000000e+02
2.150000000000000000e+02
1.950000000000000000e+02
2.110000000000000000e+02
2.230000000000000000e+02
2.140000000000000000e+02
2.080000000000000000e+02
1.840000000000000000e+02
1.790000000000000000e+02
1.770000000000000000e+02
1.660000000000000000e+02
1.600000000000000000e+02
1.450000000000000000e+02
1.380000000000000000e+02
1.390000000000000000e+02
1.120000000000000000e+02
1.180000000000000000e+02
1.080000000000000000e+02
1.340000000000000000e+02
1.310000000000000000e+02
1.330000000000000000e+02
2.090000000000000000e+02
2.390000000000000000e+02
4.080000000000000000e+02
5.810000000000000000e+02
6.700000000000000000e+02
9.580000000000000000e+02
1.208000000000000000e+03
2.114000000000000000e+03
2.771000000000000000e+03
2.891000000000000000e+03
4.493000000000000000e+03
4.941000000000000000e+03
5.922000000000000000e+03
7.506000000000000000e+03
8.639000000000000000e+03
1.028200000000000000e+04
8.854000000000000000e+03
8.671000000000000000e+03
8.833000000000000000e+03
5.033000000000000000e+03
3.537000000000000000e+03
5.620000000000000000e+02
2.280000000000000000e+02
1.350000000000000000e+02
1.150000000000000000e+02
8.100000000000000000e+01
6.900000000000000000e+01
6.200000000000000000e+01
3.100000000000000000e+01
3.900000000000000000e+01
2.800000000000000000e+01
3.900000000000000000e+01
2.500000000000000000e+01
2.700000000000000000e+01
3.600000000000000000e+01
2.800000000000000000e+01
2.700000000000000000e+01
1.600000000000000000e+01
2.300000000000000000e+01
2.200000000000000000e+01
1.540000000000000000e+02
