1.135000000000000000e+03
8.030000000000000000e+02
7.970000000000000000e+02
7.920000000000000000e+02
7.020000000000000000e+02
6.470000000000000000e+02
6.610000000000000000e+02
6.640000000000000000e+02
6.900000000000000000e+02
6.140000000000000000e+02
6.850000000000000000e+02
7.030000000000000000e+02
6.840000000000000000e+02
8.940000000000000000e+02
1.250000000000000000e+03
2.230000000000000000e+03
9.930000000000000000e+02
6.859000000000000000e+03
2.466000000000000000e+03
1.007000000000000000e+03
1.475000000000000000e+03
1.216000000000000000e+03
9.720000000000000000e+02
8.180000000000000000e+02
8.640000000000000000e+02
8.740000000000000000e+02
8.330000000000000000e+02
8.320000000000000000e+02
9.020000000000000000e+02
8.700000000000000000e+02
9.810000000000000000e+02
8.870000000000000000e+02
9.600000000000000000e+02
8.920000000000000000e+02
9.670000000000000000e+02
9.880000000000000000e+02
9.470000000000000000e+02
8.860000000000000000e+02
8.650000000000000000e+02
8.330000000000000000e+02
8.090000000000000000e+02
8.750000000000000000e+02
8.520000000000000000e+02
8.920000000000000000e+02
1.061000000000000000e+03
1.169000000000000000e+03
1.472000000000000000e+03
1.671000000000000000e+03
2.175000000000000000e+03
2.561000000000000000e+03
3.439000000000000000e+03
2.941000000000000000e+03
2.656000000000000000e+03
2.778000000000000000e+03
2.713000000000000000e+03
2.694000000000000000e+03
2.406000000000000000e+03
2.286000000000000000e+03
2.140000000000000000e+03
1.820000000000000000e+03
1.963000000000000000e+03
1.588000000000000000e+03
1.383000000000000000e+03
1.248000000000000000e+03
1.495000000000000000e+03
1.269000000000000000e+03
1.101000000000000000e+03
1.132000000000000000e+03
1.196000000000000000e+03
1.066000000000000000e+03
1.092000000000000000e+03
1.200000000000000000e+03
1.153000000000000000e+03
1.094000000000000000e+03
9.270000000000000000e+02
1.082000000000000000e+03
1.005000000000000000e+03
1.123000000000000000e+03
1.126000000000000000e+03
1.137000000000000000e+03
1.061000000000000000e+03
1.085000000000000000e+03
1.114000000000000000e+03
1.137000000000000000e+03
1.127000000000000000e+03
9.850000000000000000e+02
1.067000000000000000e+03
1.018000000000000000e+03
9.580000000000000000e+02
9.280000000000000000e+02
9.000000000000000000e+02
8.520000000000000000e+02
8.300000000000000000e+02
7.960000000000000000e+02
6.650000000000000000e+02
7.550000000000000000e+02
6.160000000000000000e+02
6.830000000000000000e+02
6.960000000000000000e+02
7.400000000000000000e+02
6.620000000000000000e+02
6.290000000000000000e+02
6.770000000000000000e+02
6.110000000000000000e+02
6.360000000000000000e+02
6.860000000000000000e+02
7.160000000000000000e+02
7.560000000000000000e+02
7.470000000000000000e+02
6.730000000000000000e+02
6.250000000000000000e+02
7.090000000000000000e+02
6.030000000000000000e+02
5.900000000000000000e+02
6.000000000000000000e+02
5.760000000000000000e+02
6.130000000000000000e+02
5.820000000000000000e+02
5.540000000000000000e+02
5.760000000000000000e+02
6.640000000000000000e+02
7.450000000000000000e+02
7.600000000000000000e+02
6.690000000000000000e+02
6.940000000000000000e+02
6.840000000000000000e+02
6.040000000000000000e+02
6.530000000000000000e+02
6.320000000000000000e+02
6.650000000000000000e+02
7.410000000000000000e+02
6.890000000000000000e+02
7.050000000000000000e+02
6.840000000000000000e+02
6.570000000000000000e+02
6.350000000000000000e+02
6.650000000000000000e+02
6.580000000000000000e+02
6.690000000000000000e+02
6.620000000000000000e+02
6.340000000000000000e+02
6.890000000000000000e+02
6.200000000000000000e+02
5.750000000000000000e+02
5.940000000000000000e+02
4.960000000000000000e+02
5.160000000000000000e+02
5.200000000000000000e+02
4.960000000000000000e+02
5.720000000000000000e+02
5.400000000000000000e+02
5.650000000000000000e+02
5.650000000000000000e+02
5.770000000000000000e+02
5.690000000000000000e+02
5.890000000000000000e+02
5.640000000000000000e+02
6.130000000000000000e+02
5.600000000000000000e+02
5.660000000000000000e+02
5.450000000000000000e+02
5.140000000000000000e+02
5.260000000000000000e+02
5.710000000000000000e+02
5.960000000000000000e+02
6.300000000000000000e+02
6.100000000000000000e+02
7.220000000000000000e+02
6.420000000000000000e+02
6.490000000000000000e+02
6.970000000000000000e+02
7.140000000000000000e+02
6.480000000000000000e+02
6.040000000000000000e+02
6.200000000000000000e+02
6.140000000000000000e+02
5.570000000000000000e+02
5.240000000000000000e+02
4.790000000000000000e+02
4.770000000000000000e+02
4.730000000000000000e+02
5.120000000000000000e+02
5.320000000000000000e+02
5.490000000000000000e+02
6.010000000000000000e+02
5.500000000000000000e+02
6.270000000000000000e+02
6.930000000000000000e+02
6.830000000000000000e+02
7.690000000000000000e+02
9.360000000000000000e+02
1.231000000000000000e+03
1.391000000000000000e+03
1.783000000000000000e+03
1.426000000000000000e+03
1.413000000000000000e+03
1.612000000000000000e+03
1.847000000000000000e+03
1.770000000000000000e+03
1.744000000000000000e+03
1.969000000000000000e+03
1.970000000000000000e+03
1.464000000000000000e+03
1.426000000000000000e+03
1.423000000000000000e+03
1.458000000000000000e+03
1.085000000000000000e+03
9.150000000000000000e+02
9.590000000000000000e+02
8.680000000000000000e+02
8.000000000000000000e+02
8.250000000000000000e+02
8.810000000000000000e+02
7.760000000000000000e+02
8.420000000000000000e+02
9.810000000000000000e+02
8.890000000000000000e+02
7.690000000000000000e+02
7.010000000000000000e+02
7.980000000000000000e+02
8.240000000000000000e+02
7.250000000000000000e+02
7.670000000000000000e+02
7.300000000000000000e+02
6.880000000000000000e+02
6.330000000000000000e+02
7.580000000000000000e+02
8.150000000000000000e+02
7.300000000000000000e+02
7.560000000000000000e+02
8.240000000000000000e+02
8.330000000000000000e+02
7.570000000000000000e+02
8.420000000000000000e+02
8.830000000000000000e+02
8.400000000000000000e+02
7.000000000000000000e+02
7.620000000000000000e+02
7.440000000000000000e+02
6.510000000000000000e+02
5.850000000000000000e+02
6.690000000000000000e+02
7.370000000000000000e+02
5.880000000000000000e+02
8.290000000000000000e+02
9.120000000000000000e+02
4.990000000000000000e+02
3.100000000000000000e+02
3.010000000000000000e+02
1.830000000000000000e+02
1.040000000000000000e+02
1.070000000000000000e+02
7.500000000000000000e+01
7.200000000000000000e+01
5.900000000000000000e+01
1.110000000000000000e+02
1.175000000000000000e+03
7.280000000000000000e+02
8.910000000000000000e+02
1.133000000000000000e+03
1.248000000000000000e+03
1.744000000000000000e+03
2.152000000000000000e+03
2.091000000000000000e+03
2.099000000000000000e+03
1.721000000000000000e+03
1.372000000000000000e+03
1.069000000000000000e+03
8.900000000000000000e+02
8.380000000000000000e+02
7.530000000000000000e+02
7.100000000000000000e+02
6.220000000000000000e+02
6.070000000000000000e+02
6.340000000000000000e+02
7.310000000000000000e+02
7.600000000000000000e+02
9.220000000000000000e+02
1.042000000000000000e+03
1.362000000000000000e+03
2.028000000000000000e+03
2.874000000000000000e+03
3.198000000000000000e+03
3.672000000000000000e+03
3.593000000000000000e+03
4.591000000000000000e+03
4.694000000000000000e+03
4.766000000000000000e+03
4.830000000000000000e+03
5.074000000000000000e+03
4.344000000000000000e+03
3.459000000000000000e+03
2.648000000000000000e+03
1.813000000000000000e+03
1.374000000000000000e+03
1.023000000000000000e+03
8.610000000000000000e+02
8.070000000000000000e+02
7.200000000000000000e+02
6.650000000000000000e+02
6.820000000000000000e+02
6.430000000000000000e+02
6.320000000000000000e+02
6.690000000000000000e+02
5.990000000000000000e+02
6.410000000000000000e+02
6.610000000000000000e+02
6.260000000000000000e+02
6.250000000000000000e+02
6.900000000000000000e+02
5.890000000000000000e+02
6.570000000000000000e+02
6.200000000000000000e+02
5.970000000000000000e+02
6.090000000000000000e+02
5.990000000000000000e+02
6.530000000000000000e+02
6.000000000000000000e+02
5.810000000000000000e+02
5.800000000000000000e+02
5.610000000000000000e+02
5.410000000000000000e+02
5.580000000000000000e+02
5.650000000000000000e+02
5.620000000000000000e+02
6.230000000000000000e+02
6.240000000000000000e+02
5.950000000000000000e+02
5.760000000000000000e+02
5.690000000000000000e+02
5.460000000000000000e+02
5.770000000000000000e+02
5.610000000000000000e+02
5.690000000000000000e+02
5.330000000000000000e+02
5.440000000000000000e+02
4.950000000000000000e+02
4.980000000000000000e+02
4.910000000000000000e+02
5.150000000000000000e+02
5.650000000000000000e+02
5.160000000000000000e+02
5.590000000000000000e+02
5.570000000000000000e+02
5.970000000000000000e+02
5.260000000000000000e+02
5.060000000000000000e+02
5.060000000000000000e+02
5.120000000000000000e+02
4.790000000000000000e+02
4.150000000000000000e+02
4.510000000000000000e+02
4.440000000000000000e+02
4.350000000000000000e+02
4.150000000000000000e+02
4.060000000000000000e+02
4.120000000000000000e+02
4.540000000000000000e+02
4.940000000000000000e+02
4.990000000000000000e+02
4.900000000000000000e+02
5.050000000000000000e+02
5.860000000000000000e+02
6.930000000000000000e+02
6.610000000000000000e+02
6.170000000000000000e+02
5.930000000000000000e+02
6.470000000000000000e+02
7.930000000000000000e+02
8.200000000000000000e+02
8.710000000000000000e+02
1.009000000000000000e+03
1.769000000000000000e+03
3.319000000000000000e+03
7.278000000000000000e+03
2.292000000000000000e+03
1.139000000000000000e+03
7.440000000000000000e+02
5.970000000000000000e+02
6.100000000000000000e+02
5.840000000000000000e+02
5.910000000000000000e+02
5.720000000000000000e+02
5.430000000000000000e+02
5.160000000000000000e+02
4.800000000000000000e+02
4.720000000000000000e+02
4.830000000000000000e+02
4.920000000000000000e+02
4.610000000000000000e+02
5.270000000000000000e+02
5.330000000000000000e+02
5.550000000000000000e+02
5.920000000000000000e+02
5.430000000000000000e+02
5.400000000000000000e+02
5.290000000000000000e+02
4.540000000000000000e+02
4.590000000000000000e+02
4.600000000000000000e+02
4.750000000000000000e+02
4.750000000000000000e+02
4.460000000000000000e+02
4.430000000000000000e+02
4.800000000000000000e+02
5.480000000000000000e+02
5.250000000000000000e+02
5.600000000000000000e+02
5.550000000000000000e+02
5.330000000000000000e+02
5.460000000000000000e+02
5.770000000000000000e+02
5.790000000000000000e+02
5.790000000000000000e+02
5.640000000000000000e+02
5.860000000000000000e+02
5.390000000000000000e+02
5.870000000000000000e+02
6.070000000000000000e+02
6.890000000000000000e+02
6.430000000000000000e+02
7.010000000000000000e+02
8.640000000000000000e+02
9.780000000000000000e+02
9.340000000000000000e+02
7.990000000000000000e+02
1.045000000000000000e+03
1.167000000000000000e+03
1.165000000000000000e+03
8.840000000000000000e+02
1.136000000000000000e+03
1.179000000000000000e+03
1.009000000000000000e+03
9.350000000000000000e+02
1.000000000000000000e+03
1.129000000000000000e+03
9.950000000000000000e+02
9.810000000000000000e+02
1.050000000000000000e+03
1.088000000000000000e+03
1.111000000000000000e+03
1.072000000000000000e+03
1.286000000000000000e+03
1.326000000000000000e+03
1.170000000000000000e+03
1.125000000000000000e+03
1.249000000000000000e+03
1.613000000000000000e+03
1.527000000000000000e+03
1.348000000000000000e+03
1.090000000000000000e+03
9.780000000000000000e+02
9.970000000000000000e+02
9.230000000000000000e+02
8.850000000000000000e+02
9.020000000000000000e+02
9.030000000000000000e+02
8.450000000000000000e+02
7.980000000000000000e+02
7.610000000000000000e+02
8.370000000000000000e+02
7.610000000000000000e+02
7.170000000000000000e+02
6.620000000000000000e+02
7.270000000000000000e+02
6.300000000000000000e+02
7.500000000000000000e+02
9.230000000000000000e+02
7.840000000000000000e+02
6.290000000000000000e+02
7.160000000000000000e+02
8.420000000000000000e+02
7.400000000000000000e+02
6.940000000000000000e+02
6.660000000000000000e+02
6.200000000000000000e+02
6.060000000000000000e+02
6.310000000000000000e+02
7.280000000000000000e+02
8.070000000000000000e+02
7.270000000000000000e+02
7.120000000000000000e+02
7.450000000000000000e+02
7.720000000000000000e+02
7.100000000000000000e+02
7.250000000000000000e+02
7.840000000000000000e+02
7.150000000000000000e+02
7.560000000000000000e+02
8.180000000000000000e+02
9.020000000000000000e+02
7.750000000000000000e+02
6.510000000000000000e+02
7.670000000000000000e+02
7.460000000000000000e+02
7.090000000000000000e+02
6.780000000000000000e+02
7.190000000000000000e+02
6.350000000000000000e+02
5.740000000000000000e+02
7.780000000000000000e+02
9.000000000000000000e+02
4.740000000000000000e+02
3.110000000000000000e+02
3.060000000000000000e+02
1.820000000000000000e+02
1.110000000000000000e+02
9.800000000000000000e+01
1.120000000000000000e+02
1.320000000000000000e+02
1.310000000000000000e+02
7.400000000000000000e+02
1.032000000000000000e+03
5.620000000000000000e+02
6.600000000000000000e+02
7.120000000000000000e+02
8.430000000000000000e+02
8.840000000000000000e+02
1.059000000000000000e+03
1.190000000000000000e+03
1.569000000000000000e+03
1.590000000000000000e+03
1.866000000000000000e+03
1.692000000000000000e+03
1.520000000000000000e+03
1.504000000000000000e+03
1.350000000000000000e+03
1.023000000000000000e+03
9.740000000000000000e+02
9.440000000000000000e+02
7.490000000000000000e+02
7.150000000000000000e+02
6.700000000000000000e+02
7.240000000000000000e+02
7.340000000000000000e+02
6.830000000000000000e+02
7.200000000000000000e+02
7.510000000000000000e+02
7.630000000000000000e+02
7.910000000000000000e+02
8.780000000000000000e+02
8.570000000000000000e+02
1.215000000000000000e+03
1.671000000000000000e+03
1.800000000000000000e+03
2.448000000000000000e+03
2.180000000000000000e+03
3.235000000000000000e+03
2.686000000000000000e+03
3.472000000000000000e+03
2.870000000000000000e+03
3.350000000000000000e+03
3.051000000000000000e+03
3.226000000000000000e+03
3.121000000000000000e+03
4.087000000000000000e+03
3.922000000000000000e+03
3.577000000000000000e+03
2.555000000000000000e+03
1.998000000000000000e+03
1.691000000000000000e+03
1.344000000000000000e+03
1.292000000000000000e+03
1.034000000000000000e+03
8.510000000000000000e+02
8.240000000000000000e+02
7.210000000000000000e+02
6.910000000000000000e+02
6.410000000000000000e+02
6.010000000000000000e+02
5.220000000000000000e+02
4.820000000000000000e+02
4.610000000000000000e+02
4.870000000000000000e+02
4.470000000000000000e+02
4.690000000000000000e+02
5.100000000000000000e+02
4.840000000000000000e+02
5.780000000000000000e+02
6.270000000000000000e+02
6.140000000000000000e+02
6.310000000000000000e+02
6.390000000000000000e+02
6.110000000000000000e+02
6.250000000000000000e+02
5.810000000000000000e+02
6.260000000000000000e+02
6.230000000000000000e+02
6.140000000000000000e+02
6.020000000000000000e+02
5.350000000000000000e+02
5.020000000000000000e+02
4.890000000000000000e+02
4.580000000000000000e+02
3.930000000000000000e+02
4.140000000000000000e+02
4.160000000000000000e+02
3.770000000000000000e+02
4.140000000000000000e+02
4.040000000000000000e+02
3.870000000000000000e+02
4.260000000000000000e+02
4.050000000000000000e+02
4.110000000000000000e+02
3.930000000000000000e+02
3.890000000000000000e+02
4.160000000000000000e+02
4.720000000000000000e+02
4.790000000000000000e+02
4.610000000000000000e+02
4.510000000000000000e+02
4.810000000000000000e+02
4.580000000000000000e+02
4.460000000000000000e+02
4.630000000000000000e+02
4.490000000000000000e+02
4.250000000000000000e+02
4.120000000000000000e+02
3.950000000000000000e+02
4.570000000000000000e+02
4.270000000000000000e+02
4.530000000000000000e+02
4.380000000000000000e+02
4.370000000000000000e+02
4.630000000000000000e+02
4.240000000000000000e+02
4.420000000000000000e+02
4.600000000000000000e+02
4.690000000000000000e+02
4.050000000000000000e+02
4.580000000000000000e+02
4.120000000000000000e+02
4.560000000000000000e+02
5.000000000000000000e+02
4.800000000000000000e+02
4.610000000000000000e+02
4.660000000000000000e+02
4.960000000000000000e+02
4.770000000000000000e+02
4.890000000000000000e+02
4.660000000000000000e+02
4.270000000000000000e+02
4.380000000000000000e+02
4.740000000000000000e+02
4.540000000000000000e+02
4.590000000000000000e+02
5.050000000000000000e+02
5.530000000000000000e+02
5.750000000000000000e+02
5.650000000000000000e+02
5.710000000000000000e+02
5.150000000000000000e+02
5.250000000000000000e+02
5.060000000000000000e+02
5.060000000000000000e+02
4.900000000000000000e+02
5.480000000000000000e+02
5.920000000000000000e+02
5.380000000000000000e+02
6.290000000000000000e+02
6.190000000000000000e+02
6.890000000000000000e+02
7.920000000000000000e+02
7.260000000000000000e+02
8.440000000000000000e+02
8.740000000000000000e+02
8.290000000000000000e+02
9.850000000000000000e+02
9.170000000000000000e+02
1.136000000000000000e+03
1.064000000000000000e+03
9.260000000000000000e+02
1.045000000000000000e+03
1.060000000000000000e+03
9.820000000000000000e+02
9.700000000000000000e+02
1.040000000000000000e+03
1.186000000000000000e+03
1.094000000000000000e+03
1.164000000000000000e+03
1.432000000000000000e+03
1.316000000000000000e+03
1.987000000000000000e+03
1.472000000000000000e+03
2.630000000000000000e+03
1.507000000000000000e+03
7.269000000000000000e+03
1.558000000000000000e+03
2.620000000000000000e+03
1.928000000000000000e+03
1.410000000000000000e+03
1.301000000000000000e+03
1.193000000000000000e+03
1.145000000000000000e+03
1.230000000000000000e+03
1.267000000000000000e+03
1.359000000000000000e+03
1.100000000000000000e+03
1.399000000000000000e+03
1.204000000000000000e+03
1.130000000000000000e+03
1.083000000000000000e+03
9.180000000000000000e+02
9.920000000000000000e+02
1.009000000000000000e+03
1.004000000000000000e+03
9.530000000000000000e+02
9.590000000000000000e+02
9.630000000000000000e+02
9.250000000000000000e+02
9.350000000000000000e+02
9.070000000000000000e+02
8.810000000000000000e+02
8.000000000000000000e+02
7.650000000000000000e+02
7.950000000000000000e+02
7.170000000000000000e+02
7.730000000000000000e+02
7.640000000000000000e+02
7.520000000000000000e+02
8.140000000000000000e+02
8.120000000000000000e+02
8.330000000000000000e+02
7.570000000000000000e+02
7.910000000000000000e+02
8.040000000000000000e+02
8.990000000000000000e+02
8.100000000000000000e+02
7.850000000000000000e+02
7.470000000000000000e+02
6.890000000000000000e+02
6.240000000000000000e+02
6.900000000000000000e+02
6.500000000000000000e+02
7.270000000000000000e+02
7.260000000000000000e+02
7.650000000000000000e+02
7.410000000000000000e+02
7.470000000000000000e+02
8.020000000000000000e+02
7.590000000000000000e+02
6.610000000000000000e+02
7.370000000000000000e+02
6.710000000000000000e+02
6.790000000000000000e+02
7.230000000000000000e+02
7.870000000000000000e+02
8.200000000000000000e+02
6.890000000000000000e+02
7.130000000000000000e+02
7.510000000000000000e+02
7.650000000000000000e+02
6.120000000000000000e+02
6.780000000000000000e+02
7.680000000000000000e+02
6.850000000000000000e+02
8.810000000000000000e+02
1.177000000000000000e+03
8.970000000000000000e+02
4.510000000000000000e+02
4.030000000000000000e+02
2.220000000000000000e+02
1.190000000000000000e+02
1.100000000000000000e+02
1.290000000000000000e+02
1.370000000000000000e+02
1.070000000000000000e+02
1.439000000000000000e+03
