3.750000000000000000e+02
2.770000000000000000e+02
3.630000000000000000e+02
4.450000000000000000e+02
4.870000000000000000e+02
4.960000000000000000e+02
5.890000000000000000e+02
6.160000000000000000e+02
6.660000000000000000e+02
6.310000000000000000e+02
6.980000000000000000e+02
5.980000000000000000e+02
5.880000000000000000e+02
6.140000000000000000e+02
6.630000000000000000e+02
6.210000000000000000e+02
6.370000000000000000e+02
5.620000000000000000e+02
5.120000000000000000e+02
4.900000000000000000e+02
5.150000000000000000e+02
5.190000000000000000e+02
5.180000000000000000e+02
4.760000000000000000e+02
4.910000000000000000e+02
5.070000000000000000e+02
4.800000000000000000e+02
5.210000000000000000e+02
5.110000000000000000e+02
5.080000000000000000e+02
5.450000000000000000e+02
5.630000000000000000e+02
5.440000000000000000e+02
5.780000000000000000e+02
5.650000000000000000e+02
5.880000000000000000e+02
5.670000000000000000e+02
6.100000000000000000e+02
5.460000000000000000e+02
6.090000000000000000e+02
5.890000000000000000e+02
6.660000000000000000e+02
6.600000000000000000e+02
7.090000000000000000e+02
6.930000000000000000e+02
7.700000000000000000e+02
7.530000000000000000e+02
8.040000000000000000e+02
8.670000000000000000e+02
9.540000000000000000e+02
9.730000000000000000e+02
1.000000000000000000e+03
1.029000000000000000e+03
1.241000000000000000e+03
1.185000000000000000e+03
1.040000000000000000e+03
1.144000000000000000e+03
1.150000000000000000e+03
1.195000000000000000e+03
1.234000000000000000e+03
1.284000000000000000e+03
1.210000000000000000e+03
1.165000000000000000e+03
1.144000000000000000e+03
1.170000000000000000e+03
1.223000000000000000e+03
1.118000000000000000e+03
1.257000000000000000e+03
1.260000000000000000e+03
1.192000000000000000e+03
1.239000000000000000e+03
1.219000000000000000e+03
1.137000000000000000e+03
1.161000000000000000e+03
1.195000000000000000e+03
1.251000000000000000e+03
1.221000000000000000e+03
1.206000000000000000e+03
1.203000000000000000e+03
1.199000000000000000e+03
1.289000000000000000e+03
1.225000000000000000e+03
1.276000000000000000e+03
1.275000000000000000e+03
1.342000000000000000e+03
1.237000000000000000e+03
1.234000000000000000e+03
1.325000000000000000e+03
1.285000000000000000e+03
1.226000000000000000e+03
1.311000000000000000e+03
1.306000000000000000e+03
1.345000000000000000e+03
1.312000000000000000e+03
1.440000000000000000e+03
1.501000000000000000e+03
1.522000000000000000e+03
1.533000000000000000e+03
1.564000000000000000e+03
1.588000000000000000e+03
1.616000000000000000e+03
1.639000000000000000e+03
1.708000000000000000e+03
1.720000000000000000e+03
1.786000000000000000e+03
1.808000000000000000e+03
1.779000000000000000e+03
1.829000000000000000e+03
1.831000000000000000e+03
1.846000000000000000e+03
1.887000000000000000e+03
2.025000000000000000e+03
1.893000000000000000e+03
1.928000000000000000e+03
1.952000000000000000e+03
1.849000000000000000e+03
1.993000000000000000e+03
1.953000000000000000e+03
1.891000000000000000e+03
1.927000000000000000e+03
1.853000000000000000e+03
1.826000000000000000e+03
1.874000000000000000e+03
1.939000000000000000e+03
1.772000000000000000e+03
1.841000000000000000e+03
1.735000000000000000e+03
1.620000000000000000e+03
1.660000000000000000e+03
1.652000000000000000e+03
1.587000000000000000e+03
1.602000000000000000e+03
1.601000000000000000e+03
1.667000000000000000e+03
1.692000000000000000e+03
1.679000000000000000e+03
1.673000000000000000e+03
1.720000000000000000e+03
1.681000000000000000e+03
1.672000000000000000e+03
1.747000000000000000e+03
1.723000000000000000e+03
1.682000000000000000e+03
1.675000000000000000e+03
1.670000000000000000e+03
1.540000000000000000e+03
1.489000000000000000e+03
1.471000000000000000e+03
1.451000000000000000e+03
1.389000000000000000e+03
1.276000000000000000e+03
1.284000000000000000e+03
1.340000000000000000e+03
1.112000000000000000e+03
1.170000000000000000e+03
9.910000000000000000e+02
1.017000000000000000e+03
9.210000000000000000e+02
8.610000000000000000e+02
8.270000000000000000e+02
7.330000000000000000e+02
6.790000000000000000e+02
6.440000000000000000e+02
6.270000000000000000e+02
6.000000000000000000e+02
5.820000000000000000e+02
5.940000000000000000e+02
5.570000000000000000e+02
5.310000000000000000e+02
5.710000000000000000e+02
5.850000000000000000e+02
6.320000000000000000e+02
6.270000000000000000e+02
6.640000000000000000e+02
7.360000000000000000e+02
6.750000000000000000e+02
7.930000000000000000e+02
8.980000000000000000e+02
9.680000000000000000e+02
9.550000000000000000e+02
1.012000000000000000e+03
1.107000000000000000e+03
1.160000000000000000e+03
1.225000000000000000e+03
1.308000000000000000e+03
1.362000000000000000e+03
1.401000000000000000e+03
1.369000000000000000e+03
1.502000000000000000e+03
1.358000000000000000e+03
1.251000000000000000e+03
1.149000000000000000e+03
1.089000000000000000e+03
1.004000000000000000e+03
9.790000000000000000e+02
8.950000000000000000e+02
7.730000000000000000e+02
7.130000000000000000e+02
6.870000000000000000e+02
6.250000000000000000e+02
5.550000000000000000e+02
4.990000000000000000e+02
4.690000000000000000e+02
4.810000000000000000e+02
5.030000000000000000e+02
3.980000000000000000e+02
4.150000000000000000e+02
3.730000000000000000e+02
3.460000000000000000e+02
3.490000000000000000e+02
3.540000000000000000e+02
3.340000000000000000e+02
3.670000000000000000e+02
3.810000000000000000e+02
3.880000000000000000e+02
3.610000000000000000e+02
3.400000000000000000e+02
3.330000000000000000e+02
3.090000000000000000e+02
3.070000000000000000e+02
2.970000000000000000e+02
2.920000000000000000e+02
2.850000000000000000e+02
2.480000000000000000e+02
2.770000000000000000e+02
2.340000000000000000e+02
2.130000000000000000e+02
2.040000000000000000e+02
1.940000000000000000e+02
1.790000000000000000e+02
1.750000000000000000e+02
1.750000000000000000e+02
1.870000000000000000e+02
1.950000000000000000e+02
1.770000000000000000e+02
2.090000000000000000e+02
1.510000000000000000e+02
1.460000000000000000e+02
1.440000000000000000e+02
1.590000000000000000e+02
1.510000000000000000e+02
1.850000000000000000e+02
1.430000000000000000e+02
1.450000000000000000e+02
1.690000000000000000e+02
1.750000000000000000e+02
1.790000000000000000e+02
1.980000000000000000e+02
1.660000000000000000e+02
2.360000000000000000e+02
1.820000000000000000e+02
1.590000000000000000e+02
1.650000000000000000e+02
1.870000000000000000e+02
2.360000000000000000e+02
3.240000000000000000e+02
1.900000000000000000e+01
3.400000000000000000e+01
6.800000000000000000e+01
1.320000000000000000e+02
1.730000000000000000e+02
2.600000000000000000e+02
3.390000000000000000e+02
3.880000000000000000e+02
4.470000000000000000e+02
4.940000000000000000e+02
5.680000000000000000e+02
5.710000000000000000e+02
6.110000000000000000e+02
6.360000000000000000e+02
6.540000000000000000e+02
6.700000000000000000e+02
7.090000000000000000e+02
6.820000000000000000e+02
6.870000000000000000e+02
6.820000000000000000e+02
6.510000000000000000e+02
6.080000000000000000e+02
5.580000000000000000e+02
6.360000000000000000e+02
6.520000000000000000e+02
6.040000000000000000e+02
5.890000000000000000e+02
5.880000000000000000e+02
6.290000000000000000e+02
5.440000000000000000e+02
5.400000000000000000e+02
5.890000000000000000e+02
5.070000000000000000e+02
6.380000000000000000e+02
5.940000000000000000e+02
5.700000000000000000e+02
6.240000000000000000e+02
6.220000000000000000e+02
6.340000000000000000e+02
6.870000000000000000e+02
6.320000000000000000e+02
7.350000000000000000e+02
7.210000000000000000e+02
7.530000000000000000e+02
7.480000000000000000e+02
7.320000000000000000e+02
7.530000000000000000e+02
7.380000000000000000e+02
7.590000000000000000e+02
8.330000000000000000e+02
9.000000000000000000e+02
8.960000000000000000e+02
9.400000000000000000e+02
8.790000000000000000e+02
9.390000000000000000e+02
9.640000000000000000e+02
1.030000000000000000e+03
1.081000000000000000e+03
1.145000000000000000e+03
1.153000000000000000e+03
1.131000000000000000e+03
1.349000000000000000e+03
1.318000000000000000e+03
1.312000000000000000e+03
1.311000000000000000e+03
1.256000000000000000e+03
1.353000000000000000e+03
1.340000000000000000e+03
1.357000000000000000e+03
1.413000000000000000e+03
1.376000000000000000e+03
1.399000000000000000e+03
1.437000000000000000e+03
1.527000000000000000e+03
1.344000000000000000e+03
1.553000000000000000e+03
1.541000000000000000e+03
1.507000000000000000e+03
1.519000000000000000e+03
1.659000000000000000e+03
1.504000000000000000e+03
1.577000000000000000e+03
1.442000000000000000e+03
1.550000000000000000e+03
1.576000000000000000e+03
1.563000000000000000e+03
1.669000000000000000e+03
1.672000000000000000e+03
1.644000000000000000e+03
1.765000000000000000e+03
1.686000000000000000e+03
1.800000000000000000e+03
1.757000000000000000e+03
1.854000000000000000e+03
1.783000000000000000e+03
1.822000000000000000e+03
1.830000000000000000e+03
1.868000000000000000e+03
1.879000000000000000e+03
1.808000000000000000e+03
1.868000000000000000e+03
1.821000000000000000e+03
1.906000000000000000e+03
1.873000000000000000e+03
1.793000000000000000e+03
1.770000000000000000e+03
1.679000000000000000e+03
1.775000000000000000e+03
1.778000000000000000e+03
1.661000000000000000e+03
1.782000000000000000e+03
1.702000000000000000e+03
1.808000000000000000e+03
1.788000000000000000e+03
1.955000000000000000e+03
1.914000000000000000e+03
1.888000000000000000e+03
1.925000000000000000e+03
1.983000000000000000e+03
1.872000000000000000e+03
1.980000000000000000e+03
1.857000000000000000e+03
1.874000000000000000e+03
1.842000000000000000e+03
1.904000000000000000e+03
1.791000000000000000e+03
1.895000000000000000e+03
1.903000000000000000e+03
1.917000000000000000e+03
1.944000000000000000e+03
1.855000000000000000e+03
1.857000000000000000e+03
1.760000000000000000e+03
1.731000000000000000e+03
1.715000000000000000e+03
1.628000000000000000e+03
1.596000000000000000e+03
1.567000000000000000e+03
1.503000000000000000e+03
1.437000000000000000e+03
1.391000000000000000e+03
1.416000000000000000e+03
1.293000000000000000e+03
1.251000000000000000e+03
1.239000000000000000e+03
1.193000000000000000e+03
1.203000000000000000e+03
1.028000000000000000e+03
1.037000000000000000e+03
9.540000000000000000e+02
9.820000000000000000e+02
9.820000000000000000e+02
9.530000000000000000e+02
9.810000000000000000e+02
1.004000000000000000e+03
1.018000000000000000e+03
1.147000000000000000e+03
1.164000000000000000e+03
1.196000000000000000e+03
1.317000000000000000e+03
1.375000000000000000e+03
1.408000000000000000e+03
1.370000000000000000e+03
1.396000000000000000e+03
1.399000000000000000e+03
1.432000000000000000e+03
1.363000000000000000e+03
1.233000000000000000e+03
1.278000000000000000e+03
1.191000000000000000e+03
1.101000000000000000e+03
1.084000000000000000e+03
1.059000000000000000e+03
9.940000000000000000e+02
9.740000000000000000e+02
9.450000000000000000e+02
8.830000000000000000e+02
8.440000000000000000e+02
7.510000000000000000e+02
6.690000000000000000e+02
6.380000000000000000e+02
5.780000000000000000e+02
5.570000000000000000e+02
5.310000000000000000e+02
5.000000000000000000e+02
5.030000000000000000e+02
4.770000000000000000e+02
4.590000000000000000e+02
4.260000000000000000e+02
4.320000000000000000e+02
3.900000000000000000e+02
3.990000000000000000e+02
3.960000000000000000e+02
3.710000000000000000e+02
3.620000000000000000e+02
3.840000000000000000e+02
3.340000000000000000e+02
3.290000000000000000e+02
3.340000000000000000e+02
3.020000000000000000e+02
3.010000000000000000e+02
2.850000000000000000e+02
3.080000000000000000e+02
2.630000000000000000e+02
2.650000000000000000e+02
2.420000000000000000e+02
2.570000000000000000e+02
2.800000000000000000e+02
2.790000000000000000e+02
2.690000000000000000e+02
2.720000000000000000e+02
2.620000000000000000e+02
2.550000000000000000e+02
2.600000000000000000e+02
2.620000000000000000e+02
2.790000000000000000e+02
2.530000000000000000e+02
2.800000000000000000e+02
3.190000000000000000e+02
3.120000000000000000e+02
3.060000000000000000e+02
3.020000000000000000e+02
3.570000000000000000e+02
3.100000000000000000e+02
3.340000000000000000e+02
3.570000000000000000e+02
2.910000000000000000e+02
2.520000000000000000e+02
2.220000000000000000e+02
2.270000000000000000e+02
1.870000000000000000e+02
1.690000000000000000e+02
1.780000000000000000e+02
1.660000000000000000e+02
1.670000000000000000e+02
1.650000000000000000e+02
1.720000000000000000e+02
1.740000000000000000e+02
1.580000000000000000e+02
1.680000000000000000e+02
1.650000000000000000e+02
1.790000000000000000e+02
1.560000000000000000e+02
1.620000000000000000e+02
1.520000000000000000e+02
1.730000000000000000e+02
1.670000000000000000e+02
2.230000000000000000e+02
1.980000000000000000e+02
2.480000000000000000e+02
1.920000000000000000e+02
1.970000000000000000e+02
1.880000000000000000e+02
2.020000000000000000e+02
2.340000000000000000e+02
4.320000000000000000e+02
5.970000000000000000e+02
2.770000000000000000e+02
3.660000000000000000e+02
3.930000000000000000e+02
4.700000000000000000e+02
5.560000000000000000e+02
6.410000000000000000e+02
7.280000000000000000e+02
7.240000000000000000e+02
8.230000000000000000e+02
7.790000000000000000e+02
8.380000000000000000e+02
8.560000000000000000e+02
8.740000000000000000e+02
8.080000000000000000e+02
7.570000000000000000e+02
7.940000000000000000e+02
7.670000000000000000e+02
7.400000000000000000e+02
7.480000000000000000e+02
7.190000000000000000e+02
7.130000000000000000e+02
6.560000000000000000e+02
6.400000000000000000e+02
6.840000000000000000e+02
6.570000000000000000e+02
6.900000000000000000e+02
6.680000000000000000e+02
7.110000000000000000e+02
7.000000000000000000e+02
6.620000000000000000e+02
7.050000000000000000e+02
7.260000000000000000e+02
6.970000000000000000e+02
6.900000000000000000e+02
7.310000000000000000e+02
6.840000000000000000e+02
7.390000000000000000e+02
7.440000000000000000e+02
6.990000000000000000e+02
7.100000000000000000e+02
7.510000000000000000e+02
7.870000000000000000e+02
8.060000000000000000e+02
7.390000000000000000e+02
7.890000000000000000e+02
7.730000000000000000e+02
8.070000000000000000e+02
7.860000000000000000e+02
8.200000000000000000e+02
7.990000000000000000e+02
8.610000000000000000e+02
8.670000000000000000e+02
8.430000000000000000e+02
9.080000000000000000e+02
8.540000000000000000e+02
8.670000000000000000e+02
8.720000000000000000e+02
9.140000000000000000e+02
9.710000000000000000e+02
9.940000000000000000e+02
1.084000000000000000e+03
1.063000000000000000e+03
1.114000000000000000e+03
1.140000000000000000e+03
1.228000000000000000e+03
1.314000000000000000e+03
1.346000000000000000e+03
1.455000000000000000e+03
1.460000000000000000e+03
1.495000000000000000e+03
1.575000000000000000e+03
1.640000000000000000e+03
1.653000000000000000e+03
1.835000000000000000e+03
1.729000000000000000e+03
1.799000000000000000e+03
1.867000000000000000e+03
1.960000000000000000e+03
2.151000000000000000e+03
2.201000000000000000e+03
2.250000000000000000e+03
2.369000000000000000e+03
2.370000000000000000e+03
2.271000000000000000e+03
2.444000000000000000e+03
2.361000000000000000e+03
2.422000000000000000e+03
2.404000000000000000e+03
2.472000000000000000e+03
2.363000000000000000e+03
2.437000000000000000e+03
2.469000000000000000e+03
2.423000000000000000e+03
2.518000000000000000e+03
2.568000000000000000e+03
2.461000000000000000e+03
2.488000000000000000e+03
2.404000000000000000e+03
2.361000000000000000e+03
2.412000000000000000e+03
2.414000000000000000e+03
2.236000000000000000e+03
2.369000000000000000e+03
2.329000000000000000e+03
2.261000000000000000e+03
2.233000000000000000e+03
2.143000000000000000e+03
2.237000000000000000e+03
2.272000000000000000e+03
2.144000000000000000e+03
2.249000000000000000e+03
2.102000000000000000e+03
2.197000000000000000e+03
2.155000000000000000e+03
2.053000000000000000e+03
2.031000000000000000e+03
2.089000000000000000e+03
2.018000000000000000e+03
1.921000000000000000e+03
2.049000000000000000e+03
1.933000000000000000e+03
1.906000000000000000e+03
1.969000000000000000e+03
1.895000000000000000e+03
1.911000000000000000e+03
1.819000000000000000e+03
1.744000000000000000e+03
1.715000000000000000e+03
1.679000000000000000e+03
1.520000000000000000e+03
1.558000000000000000e+03
1.546000000000000000e+03
1.483000000000000000e+03
1.327000000000000000e+03
1.309000000000000000e+03
1.220000000000000000e+03
1.078000000000000000e+03
1.149000000000000000e+03
1.049000000000000000e+03
9.410000000000000000e+02
9.140000000000000000e+02
8.050000000000000000e+02
8.530000000000000000e+02
8.160000000000000000e+02
7.590000000000000000e+02
6.890000000000000000e+02
6.850000000000000000e+02
6.400000000000000000e+02
5.930000000000000000e+02
5.430000000000000000e+02
5.140000000000000000e+02
5.080000000000000000e+02
4.780000000000000000e+02
4.530000000000000000e+02
4.300000000000000000e+02
4.530000000000000000e+02
4.060000000000000000e+02
4.240000000000000000e+02
4.420000000000000000e+02
4.050000000000000000e+02
4.080000000000000000e+02
4.130000000000000000e+02
3.970000000000000000e+02
4.040000000000000000e+02
3.950000000000000000e+02
3.720000000000000000e+02
4.260000000000000000e+02
4.230000000000000000e+02
3.950000000000000000e+02
4.120000000000000000e+02
3.840000000000000000e+02
4.140000000000000000e+02
3.900000000000000000e+02
4.130000000000000000e+02
4.340000000000000000e+02
4.210000000000000000e+02
4.180000000000000000e+02
4.150000000000000000e+02
3.850000000000000000e+02
3.780000000000000000e+02
4.270000000000000000e+02
3.980000000000000000e+02
3.900000000000000000e+02
3.940000000000000000e+02
3.370000000000000000e+02
3.550000000000000000e+02
3.000000000000000000e+02
3.520000000000000000e+02
3.550000000000000000e+02
3.890000000000000000e+02
3.730000000000000000e+02
3.490000000000000000e+02
3.730000000000000000e+02
3.540000000000000000e+02
3.600000000000000000e+02
4.120000000000000000e+02
3.520000000000000000e+02
3.260000000000000000e+02
3.600000000000000000e+02
3.100000000000000000e+02
3.500000000000000000e+02
3.300000000000000000e+02
3.420000000000000000e+02
3.280000000000000000e+02
3.510000000000000000e+02
3.440000000000000000e+02
3.330000000000000000e+02
3.120000000000000000e+02
3.310000000000000000e+02
3.270000000000000000e+02
3.180000000000000000e+02
2.870000000000000000e+02
2.610000000000000000e+02
2.920000000000000000e+02
2.810000000000000000e+02
2.670000000000000000e+02
2.700000000000000000e+02
2.970000000000000000e+02
2.460000000000000000e+02
2.650000000000000000e+02
2.880000000000000000e+02
3.150000000000000000e+02
3.040000000000000000e+02
3.040000000000000000e+02
3.120000000000000000e+02
3.070000000000000000e+02
3.410000000000000000e+02
3.010000000000000000e+02
2.490000000000000000e+02
2.580000000000000000e+02
2.860000000000000000e+02
2.590000000000000000e+02
2.190000000000000000e+02
2.260000000000000000e+02
2.140000000000000000e+02
2.200000000000000000e+02
2.040000000000000000e+02
1.860000000000000000e+02
1.930000000000000000e+02
1.990000000000000000e+02
1.860000000000000000e+02
2.050000000000000000e+02
1.630000000000000000e+02
1.830000000000000000e+02
2.010000000000000000e+02
2.050000000000000000e+02
2.200000000000000000e+02
2.250000000000000000e+02
2.050000000000000000e+02
2.300000000000000000e+02
2.260000000000000000e+02
2.020000000000000000e+02
2.650000000000000000e+02
5.300000000000000000e+01
1.430000000000000000e+02
