1.490000000000000000e+02
1.800000000000000000e+02
1.330000000000000000e+02
1.920000000000000000e+02
2.470000000000000000e+02
2.960000000000000000e+02
3.480000000000000000e+02
4.290000000000000000e+02
4.830000000000000000e+02
4.970000000000000000e+02
5.380000000000000000e+02
6.250000000000000000e+02
6.420000000000000000e+02
6.580000000000000000e+02
6.820000000000000000e+02
6.620000000000000000e+02
7.060000000000000000e+02
7.350000000000000000e+02
7.590000000000000000e+02
7.800000000000000000e+02
8.410000000000000000e+02
8.770000000000000000e+02
9.700000000000000000e+02
9.940000000000000000e+02
1.038000000000000000e+03
1.111000000000000000e+03
1.168000000000000000e+03
1.066000000000000000e+03
1.074000000000000000e+03
1.061000000000000000e+03
1.074000000000000000e+03
1.085000000000000000e+03
1.029000000000000000e+03
9.940000000000000000e+02
1.013000000000000000e+03
9.690000000000000000e+02
1.018000000000000000e+03
9.610000000000000000e+02
1.028000000000000000e+03
9.580000000000000000e+02
1.055000000000000000e+03
1.045000000000000000e+03
1.066000000000000000e+03
1.097000000000000000e+03
1.167000000000000000e+03
1.174000000000000000e+03
1.152000000000000000e+03
1.189000000000000000e+03
1.105000000000000000e+03
1.202000000000000000e+03
1.225000000000000000e+03
1.292000000000000000e+03
1.207000000000000000e+03
1.204000000000000000e+03
1.182000000000000000e+03
1.162000000000000000e+03
1.092000000000000000e+03
1.076000000000000000e+03
1.055000000000000000e+03
9.450000000000000000e+02
1.003000000000000000e+03
1.016000000000000000e+03
1.082000000000000000e+03
1.131000000000000000e+03
1.194000000000000000e+03
1.235000000000000000e+03
1.228000000000000000e+03
1.299000000000000000e+03
1.389000000000000000e+03
1.404000000000000000e+03
1.384000000000000000e+03
1.511000000000000000e+03
1.519000000000000000e+03
1.834000000000000000e+03
1.753000000000000000e+03
1.612000000000000000e+03
1.698000000000000000e+03
1.931000000000000000e+03
1.956000000000000000e+03
2.009000000000000000e+03
2.051000000000000000e+03
2.077000000000000000e+03
1.927000000000000000e+03
2.138000000000000000e+03
2.133000000000000000e+03
2.135000000000000000e+03
2.155000000000000000e+03
2.154000000000000000e+03
2.247000000000000000e+03
2.190000000000000000e+03
2.285000000000000000e+03
2.333000000000000000e+03
2.261000000000000000e+03
2.369000000000000000e+03
2.400000000000000000e+03
2.473000000000000000e+03
2.582000000000000000e+03
2.662000000000000000e+03
2.638000000000000000e+03
2.565000000000000000e+03
2.583000000000000000e+03
2.548000000000000000e+03
2.603000000000000000e+03
2.508000000000000000e+03
2.458000000000000000e+03
2.374000000000000000e+03
2.323000000000000000e+03
2.285000000000000000e+03
2.322000000000000000e+03
2.192000000000000000e+03
2.149000000000000000e+03
2.048000000000000000e+03
2.043000000000000000e+03
1.969000000000000000e+03
1.992000000000000000e+03
1.906000000000000000e+03
1.857000000000000000e+03
1.881000000000000000e+03
1.900000000000000000e+03
1.836000000000000000e+03
1.596000000000000000e+03
1.554000000000000000e+03
1.529000000000000000e+03
1.504000000000000000e+03
1.374000000000000000e+03
1.359000000000000000e+03
1.350000000000000000e+03
1.258000000000000000e+03
1.276000000000000000e+03
1.241000000000000000e+03
1.191000000000000000e+03
1.109000000000000000e+03
1.075000000000000000e+03
1.024000000000000000e+03
9.510000000000000000e+02
1.007000000000000000e+03
9.330000000000000000e+02
9.900000000000000000e+02
9.280000000000000000e+02
8.840000000000000000e+02
8.530000000000000000e+02
7.650000000000000000e+02
8.110000000000000000e+02
7.610000000000000000e+02
7.430000000000000000e+02
7.440000000000000000e+02
7.280000000000000000e+02
7.250000000000000000e+02
7.410000000000000000e+02
6.900000000000000000e+02
7.040000000000000000e+02
6.310000000000000000e+02
6.430000000000000000e+02
6.090000000000000000e+02
6.070000000000000000e+02
6.050000000000000000e+02
5.980000000000000000e+02
5.640000000000000000e+02
5.620000000000000000e+02
5.070000000000000000e+02
5.060000000000000000e+02
5.110000000000000000e+02
4.810000000000000000e+02
5.070000000000000000e+02
5.430000000000000000e+02
4.810000000000000000e+02
5.030000000000000000e+02
5.140000000000000000e+02
4.730000000000000000e+02
4.010000000000000000e+02
4.630000000000000000e+02
4.690000000000000000e+02
4.870000000000000000e+02
4.550000000000000000e+02
4.820000000000000000e+02
4.030000000000000000e+02
3.610000000000000000e+02
2.990000000000000000e+02
3.110000000000000000e+02
3.290000000000000000e+02
3.220000000000000000e+02
3.160000000000000000e+02
3.340000000000000000e+02
3.570000000000000000e+02
3.150000000000000000e+02
3.020000000000000000e+02
3.250000000000000000e+02
3.260000000000000000e+02
3.350000000000000000e+02
3.140000000000000000e+02
3.350000000000000000e+02
3.780000000000000000e+02
4.000000000000000000e+02
4.530000000000000000e+02
4.340000000000000000e+02
4.920000000000000000e+02
4.510000000000000000e+02
5.010000000000000000e+02
5.260000000000000000e+02
5.330000000000000000e+02
5.320000000000000000e+02
5.450000000000000000e+02
5.680000000000000000e+02
6.270000000000000000e+02
5.450000000000000000e+02
5.870000000000000000e+02
5.480000000000000000e+02
5.000000000000000000e+02
4.900000000000000000e+02
4.980000000000000000e+02
4.390000000000000000e+02
4.160000000000000000e+02
3.570000000000000000e+02
3.360000000000000000e+02
3.360000000000000000e+02
3.430000000000000000e+02
2.710000000000000000e+02
3.190000000000000000e+02
3.240000000000000000e+02
3.550000000000000000e+02
3.580000000000000000e+02
2.980000000000000000e+02
3.080000000000000000e+02
3.190000000000000000e+02
3.150000000000000000e+02
3.270000000000000000e+02
2.650000000000000000e+02
2.720000000000000000e+02
2.210000000000000000e+02
1.990000000000000000e+02
1.810000000000000000e+02
1.490000000000000000e+02
1.660000000000000000e+02
1.260000000000000000e+02
1.670000000000000000e+02
1.220000000000000000e+02
1.330000000000000000e+02
1.040000000000000000e+02
8.000000000000000000e+01
7.600000000000000000e+01
8.100000000000000000e+01
9.100000000000000000e+01
6.700000000000000000e+01
7.200000000000000000e+01
5.800000000000000000e+01
6.200000000000000000e+01
4.900000000000000000e+01
4.600000000000000000e+01
4.500000000000000000e+01
4.500000000000000000e+01
3.000000000000000000e+01
3.300000000000000000e+01
3.300000000000000000e+01
3.100000000000000000e+01
2.100000000000000000e+01
1.600000000000000000e+02
4.678000000000000000e+03
3.028000000000000000e+03
2.821000000000000000e+03
2.542000000000000000e+03
2.406000000000000000e+03
2.117000000000000000e+03
2.112000000000000000e+03
2.192000000000000000e+03
2.331000000000000000e+03
2.233000000000000000e+03
2.156000000000000000e+03
2.337000000000000000e+03
2.171000000000000000e+03
2.024000000000000000e+03
2.021000000000000000e+03
1.950000000000000000e+03
1.855000000000000000e+03
1.826000000000000000e+03
1.729000000000000000e+03
1.612000000000000000e+03
1.617000000000000000e+03
1.512000000000000000e+03
1.369000000000000000e+03
1.284000000000000000e+03
1.190000000000000000e+03
1.161000000000000000e+03
1.234000000000000000e+03
1.180000000000000000e+03
1.226000000000000000e+03
1.116000000000000000e+03
1.167000000000000000e+03
1.125000000000000000e+03
1.262000000000000000e+03
1.280000000000000000e+03
1.291000000000000000e+03
1.358000000000000000e+03
1.446000000000000000e+03
1.538000000000000000e+03
1.568000000000000000e+03
1.666000000000000000e+03
1.766000000000000000e+03
1.794000000000000000e+03
1.786000000000000000e+03
1.776000000000000000e+03
1.721000000000000000e+03
1.746000000000000000e+03
1.790000000000000000e+03
1.862000000000000000e+03
1.880000000000000000e+03
1.910000000000000000e+03
1.852000000000000000e+03
1.986000000000000000e+03
1.949000000000000000e+03
2.027000000000000000e+03
1.971000000000000000e+03
2.075000000000000000e+03
1.902000000000000000e+03
1.947000000000000000e+03
1.855000000000000000e+03
2.010000000000000000e+03
2.037000000000000000e+03
1.947000000000000000e+03
1.982000000000000000e+03
1.969000000000000000e+03
2.042000000000000000e+03
2.031000000000000000e+03
2.032000000000000000e+03
1.972000000000000000e+03
2.047000000000000000e+03
1.945000000000000000e+03
1.953000000000000000e+03
1.950000000000000000e+03
2.036000000000000000e+03
1.926000000000000000e+03
1.939000000000000000e+03
1.913000000000000000e+03
1.889000000000000000e+03
1.880000000000000000e+03
1.754000000000000000e+03
1.958000000000000000e+03
1.936000000000000000e+03
1.829000000000000000e+03
1.916000000000000000e+03
2.005000000000000000e+03
1.936000000000000000e+03
1.854000000000000000e+03
1.950000000000000000e+03
1.887000000000000000e+03
1.751000000000000000e+03
1.703000000000000000e+03
1.684000000000000000e+03
1.681000000000000000e+03
1.629000000000000000e+03
1.643000000000000000e+03
1.565000000000000000e+03
1.583000000000000000e+03
1.465000000000000000e+03
1.482000000000000000e+03
1.383000000000000000e+03
1.417000000000000000e+03
1.377000000000000000e+03
1.404000000000000000e+03
1.298000000000000000e+03
1.298000000000000000e+03
1.273000000000000000e+03
1.155000000000000000e+03
1.119000000000000000e+03
1.191000000000000000e+03
1.077000000000000000e+03
1.013000000000000000e+03
1.066000000000000000e+03
9.870000000000000000e+02
9.450000000000000000e+02
9.170000000000000000e+02
8.740000000000000000e+02
8.550000000000000000e+02
8.230000000000000000e+02
7.530000000000000000e+02
7.790000000000000000e+02
7.090000000000000000e+02
7.280000000000000000e+02
6.920000000000000000e+02
6.310000000000000000e+02
6.080000000000000000e+02
5.820000000000000000e+02
5.120000000000000000e+02
4.810000000000000000e+02
4.580000000000000000e+02
4.430000000000000000e+02
4.490000000000000000e+02
4.010000000000000000e+02
4.220000000000000000e+02
4.420000000000000000e+02
4.200000000000000000e+02
4.780000000000000000e+02
4.080000000000000000e+02
4.160000000000000000e+02
4.260000000000000000e+02
3.840000000000000000e+02
4.120000000000000000e+02
3.410000000000000000e+02
3.820000000000000000e+02
3.860000000000000000e+02
3.490000000000000000e+02
3.510000000000000000e+02
3.600000000000000000e+02
3.390000000000000000e+02
3.200000000000000000e+02
3.220000000000000000e+02
2.940000000000000000e+02
3.000000000000000000e+02
3.170000000000000000e+02
3.180000000000000000e+02
2.830000000000000000e+02
3.530000000000000000e+02
2.930000000000000000e+02
3.310000000000000000e+02
2.880000000000000000e+02
3.150000000000000000e+02
2.940000000000000000e+02
3.260000000000000000e+02
3.330000000000000000e+02
3.470000000000000000e+02
3.460000000000000000e+02
3.880000000000000000e+02
3.770000000000000000e+02
4.400000000000000000e+02
4.130000000000000000e+02
4.200000000000000000e+02
4.020000000000000000e+02
4.500000000000000000e+02
4.470000000000000000e+02
4.760000000000000000e+02
4.240000000000000000e+02
4.790000000000000000e+02
4.320000000000000000e+02
3.980000000000000000e+02
3.470000000000000000e+02
3.520000000000000000e+02
3.360000000000000000e+02
3.130000000000000000e+02
2.960000000000000000e+02
2.840000000000000000e+02
3.090000000000000000e+02
3.390000000000000000e+02
2.820000000000000000e+02
3.330000000000000000e+02
3.450000000000000000e+02
3.190000000000000000e+02
3.310000000000000000e+02
3.530000000000000000e+02
2.890000000000000000e+02
3.180000000000000000e+02
3.370000000000000000e+02
3.350000000000000000e+02
3.100000000000000000e+02
2.410000000000000000e+02
2.480000000000000000e+02
2.390000000000000000e+02
2.320000000000000000e+02
1.590000000000000000e+02
1.840000000000000000e+02
1.920000000000000000e+02
1.860000000000000000e+02
1.820000000000000000e+02
1.610000000000000000e+02
1.770000000000000000e+02
1.460000000000000000e+02
1.460000000000000000e+02
1.680000000000000000e+02
1.610000000000000000e+02
1.680000000000000000e+02
1.470000000000000000e+02
1.460000000000000000e+02
1.580000000000000000e+02
1.480000000000000000e+02
1.510000000000000000e+02
1.370000000000000000e+02
1.490000000000000000e+02
1.460000000000000000e+02
1.300000000000000000e+02
1.370000000000000000e+02
1.210000000000000000e+02
1.010000000000000000e+02
9.400000000000000000e+01
1.040000000000000000e+02
6.900000000000000000e+01
8.100000000000000000e+01
7.500000000000000000e+01
6.100000000000000000e+01
7.200000000000000000e+01
5.700000000000000000e+01
5.200000000000000000e+01
5.400000000000000000e+01
4.800000000000000000e+01
3.400000000000000000e+01
5.100000000000000000e+01
3.800000000000000000e+01
3.800000000000000000e+01
4.200000000000000000e+01
2.800000000000000000e+01
3.200000000000000000e+01
3.300000000000000000e+01
3.100000000000000000e+01
2.600000000000000000e+01
2.500000000000000000e+01
2.200000000000000000e+01
1.400000000000000000e+01
1.900000000000000000e+01
1.300000000000000000e+01
8.000000000000000000e+00
6.000000000000000000e+00
2.000000000000000000e+00
3.000000000000000000e+00
1.000000000000000000e+00
1.000000000000000000e+00
5.627000000000000000e+03
1.895000000000000000e+03
1.957000000000000000e+03
2.066000000000000000e+03
1.905000000000000000e+03
1.882000000000000000e+03
1.880000000000000000e+03
1.786000000000000000e+03
1.896000000000000000e+03
2.099000000000000000e+03
2.299000000000000000e+03
2.358000000000000000e+03
2.376000000000000000e+03
2.110000000000000000e+03
2.040000000000000000e+03
1.909000000000000000e+03
1.809000000000000000e+03
1.742000000000000000e+03
1.844000000000000000e+03
1.989000000000000000e+03
2.086000000000000000e+03
1.847000000000000000e+03
1.859000000000000000e+03
1.810000000000000000e+03
1.799000000000000000e+03
1.711000000000000000e+03
1.652000000000000000e+03
1.511000000000000000e+03
1.479000000000000000e+03
1.501000000000000000e+03
1.457000000000000000e+03
1.419000000000000000e+03
1.400000000000000000e+03
1.368000000000000000e+03
1.387000000000000000e+03
1.364000000000000000e+03
1.484000000000000000e+03
1.412000000000000000e+03
1.437000000000000000e+03
1.513000000000000000e+03
1.577000000000000000e+03
1.489000000000000000e+03
1.615000000000000000e+03
1.555000000000000000e+03
1.651000000000000000e+03
1.648000000000000000e+03
1.784000000000000000e+03
1.711000000000000000e+03
1.853000000000000000e+03
1.789000000000000000e+03
1.843000000000000000e+03
1.894000000000000000e+03
1.941000000000000000e+03
1.858000000000000000e+03
1.806000000000000000e+03
1.888000000000000000e+03
1.991000000000000000e+03
1.918000000000000000e+03
1.898000000000000000e+03
2.047000000000000000e+03
2.051000000000000000e+03
2.104000000000000000e+03
2.127000000000000000e+03
2.147000000000000000e+03
2.110000000000000000e+03
2.170000000000000000e+03
2.081000000000000000e+03
2.327000000000000000e+03
2.311000000000000000e+03
2.380000000000000000e+03
2.583000000000000000e+03
2.492000000000000000e+03
2.633000000000000000e+03
2.754000000000000000e+03
2.759000000000000000e+03
2.578000000000000000e+03
2.467000000000000000e+03
2.507000000000000000e+03
2.469000000000000000e+03
2.469000000000000000e+03
2.339000000000000000e+03
2.149000000000000000e+03
2.106000000000000000e+03
1.930000000000000000e+03
1.916000000000000000e+03
1.852000000000000000e+03
1.833000000000000000e+03
1.770000000000000000e+03
1.630000000000000000e+03
1.679000000000000000e+03
1.600000000000000000e+03
1.599000000000000000e+03
1.487000000000000000e+03
1.532000000000000000e+03
1.403000000000000000e+03
1.481000000000000000e+03
1.431000000000000000e+03
1.426000000000000000e+03
1.333000000000000000e+03
1.270000000000000000e+03
1.317000000000000000e+03
1.230000000000000000e+03
1.130000000000000000e+03
1.045000000000000000e+03
1.005000000000000000e+03
1.049000000000000000e+03
9.650000000000000000e+02
8.870000000000000000e+02
8.860000000000000000e+02
8.680000000000000000e+02
8.270000000000000000e+02
7.930000000000000000e+02
7.370000000000000000e+02
7.250000000000000000e+02
6.860000000000000000e+02
6.980000000000000000e+02
6.580000000000000000e+02
6.520000000000000000e+02
6.170000000000000000e+02
5.940000000000000000e+02
5.800000000000000000e+02
5.470000000000000000e+02
5.460000000000000000e+02
5.000000000000000000e+02
4.700000000000000000e+02
4.560000000000000000e+02
4.280000000000000000e+02
4.460000000000000000e+02
4.490000000000000000e+02
4.270000000000000000e+02
4.360000000000000000e+02
3.950000000000000000e+02
4.220000000000000000e+02
4.220000000000000000e+02
4.850000000000000000e+02
4.840000000000000000e+02
5.080000000000000000e+02
4.900000000000000000e+02
5.240000000000000000e+02
4.520000000000000000e+02
4.940000000000000000e+02
4.620000000000000000e+02
5.230000000000000000e+02
4.590000000000000000e+02
5.150000000000000000e+02
4.630000000000000000e+02
4.060000000000000000e+02
3.960000000000000000e+02
3.700000000000000000e+02
3.970000000000000000e+02
3.910000000000000000e+02
3.370000000000000000e+02
3.740000000000000000e+02
3.760000000000000000e+02
3.200000000000000000e+02
3.410000000000000000e+02
3.630000000000000000e+02
3.790000000000000000e+02
3.640000000000000000e+02
3.750000000000000000e+02
3.380000000000000000e+02
3.380000000000000000e+02
3.250000000000000000e+02
3.150000000000000000e+02
3.050000000000000000e+02
3.170000000000000000e+02
3.250000000000000000e+02
2.710000000000000000e+02
2.690000000000000000e+02
2.810000000000000000e+02
2.300000000000000000e+02
2.060000000000000000e+02
2.370000000000000000e+02
1.760000000000000000e+02
2.050000000000000000e+02
2.120000000000000000e+02
1.550000000000000000e+02
1.730000000000000000e+02
1.860000000000000000e+02
1.640000000000000000e+02
1.690000000000000000e+02
1.660000000000000000e+02
1.720000000000000000e+02
2.040000000000000000e+02
1.750000000000000000e+02
1.760000000000000000e+02
1.890000000000000000e+02
1.980000000000000000e+02
2.210000000000000000e+02
2.040000000000000000e+02
2.100000000000000000e+02
2.070000000000000000e+02
2.150000000000000000e+02
2.460000000000000000e+02
2.420000000000000000e+02
2.220000000000000000e+02
2.340000000000000000e+02
2.670000000000000000e+02
2.250000000000000000e+02
2.700000000000000000e+02
2.800000000000000000e+02
2.530000000000000000e+02
2.330000000000000000e+02
2.290000000000000000e+02
2.000000000000000000e+02
1.690000000000000000e+02
1.550000000000000000e+02
1.450000000000000000e+02
1.510000000000000000e+02
1.440000000000000000e+02
1.380000000000000000e+02
1.030000000000000000e+02
1.170000000000000000e+02
9.500000000000000000e+01
7.500000000000000000e+01
8.500000000000000000e+01
7.600000000000000000e+01
7.000000000000000000e+01
6.600000000000000000e+01
8.400000000000000000e+01
6.900000000000000000e+01
4.600000000000000000e+01
6.900000000000000000e+01
6.700000000000000000e+01
5.100000000000000000e+01
4.900000000000000000e+01
3.400000000000000000e+01
5.300000000000000000e+01
5.000000000000000000e+01
5.500000000000000000e+01
4.600000000000000000e+01
4.500000000000000000e+01
3.400000000000000000e+01
3.300000000000000000e+01
2.100000000000000000e+01
2.400000000000000000e+01
2.600000000000000000e+01
2.700000000000000000e+01
2.000000000000000000e+01
1.600000000000000000e+01
1.900000000000000000e+01
1.500000000000000000e+01
1.700000000000000000e+01
1.000000000000000000e+01
6.000000000000000000e+00
1.200000000000000000e+01
1.100000000000000000e+01
6.000000000000000000e+00
5.000000000000000000e+00
0.000000000000000000e+00
1.000000000000000000e+00
2.000000000000000000e+00
0.000000000000000000e+00
1.000000000000000000e+00
1.000000000000000000e+00
4.000000000000000000e+00
