5.210000000000000000e+02
7.120000000000000000e+02
1.431000000000000000e+03
1.828000000000000000e+03
1.787000000000000000e+03
1.341000000000000000e+03
1.224000000000000000e+03
1.071000000000000000e+03
9.780000000000000000e+02
1.006000000000000000e+03
9.990000000000000000e+02
9.720000000000000000e+02
9.830000000000000000e+02
9.500000000000000000e+02
9.810000000000000000e+02
9.000000000000000000e+02
8.320000000000000000e+02
7.440000000000000000e+02
7.000000000000000000e+02
6.300000000000000000e+02
6.380000000000000000e+02
6.220000000000000000e+02
5.490000000000000000e+02
6.040000000000000000e+02
6.130000000000000000e+02
6.440000000000000000e+02
7.140000000000000000e+02
7.790000000000000000e+02
8.900000000000000000e+02
1.002000000000000000e+03
1.185000000000000000e+03
1.389000000000000000e+03
1.528000000000000000e+03
1.677000000000000000e+03
1.783000000000000000e+03
1.930000000000000000e+03
2.075000000000000000e+03
2.275000000000000000e+03
2.225000000000000000e+03
2.376000000000000000e+03
2.580000000000000000e+03
2.594000000000000000e+03
2.676000000000000000e+03
2.635000000000000000e+03
2.695000000000000000e+03
2.763000000000000000e+03
2.601000000000000000e+03
2.571000000000000000e+03
2.649000000000000000e+03
2.492000000000000000e+03
2.589000000000000000e+03
2.469000000000000000e+03
2.379000000000000000e+03
2.350000000000000000e+03
2.296000000000000000e+03
2.279000000000000000e+03
2.283000000000000000e+03
2.042000000000000000e+03
1.986000000000000000e+03
1.790000000000000000e+03
1.743000000000000000e+03
1.653000000000000000e+03
1.552000000000000000e+03
1.492000000000000000e+03
1.528000000000000000e+03
1.665000000000000000e+03
1.612000000000000000e+03
1.604000000000000000e+03
1.530000000000000000e+03
1.619000000000000000e+03
1.559000000000000000e+03
1.445000000000000000e+03
1.426000000000000000e+03
1.495000000000000000e+03
1.514000000000000000e+03
1.525000000000000000e+03
1.492000000000000000e+03
1.411000000000000000e+03
1.356000000000000000e+03
1.307000000000000000e+03
1.341000000000000000e+03
1.242000000000000000e+03
1.315000000000000000e+03
1.253000000000000000e+03
1.214000000000000000e+03
1.185000000000000000e+03
1.175000000000000000e+03
1.146000000000000000e+03
1.140000000000000000e+03
1.202000000000000000e+03
1.216000000000000000e+03
1.122000000000000000e+03
1.152000000000000000e+03
1.236000000000000000e+03
1.087000000000000000e+03
1.096000000000000000e+03
1.033000000000000000e+03
1.049000000000000000e+03
1.157000000000000000e+03
1.088000000000000000e+03
1.092000000000000000e+03
1.125000000000000000e+03
1.070000000000000000e+03
1.055000000000000000e+03
1.048000000000000000e+03
9.200000000000000000e+02
9.020000000000000000e+02
8.890000000000000000e+02
8.600000000000000000e+02
8.290000000000000000e+02
8.140000000000000000e+02
7.710000000000000000e+02
8.750000000000000000e+02
7.390000000000000000e+02
6.940000000000000000e+02
6.940000000000000000e+02
6.530000000000000000e+02
6.550000000000000000e+02
6.980000000000000000e+02
6.720000000000000000e+02
6.830000000000000000e+02
7.250000000000000000e+02
7.070000000000000000e+02
7.520000000000000000e+02
7.230000000000000000e+02
6.840000000000000000e+02
5.980000000000000000e+02
6.250000000000000000e+02
6.070000000000000000e+02
5.520000000000000000e+02
6.150000000000000000e+02
5.700000000000000000e+02
5.690000000000000000e+02
5.480000000000000000e+02
5.230000000000000000e+02
5.620000000000000000e+02
5.410000000000000000e+02
5.260000000000000000e+02
5.250000000000000000e+02
5.340000000000000000e+02
5.660000000000000000e+02
5.580000000000000000e+02
5.130000000000000000e+02
5.340000000000000000e+02
4.630000000000000000e+02
4.600000000000000000e+02
5.230000000000000000e+02
4.820000000000000000e+02
4.630000000000000000e+02
5.030000000000000000e+02
5.020000000000000000e+02
4.700000000000000000e+02
4.780000000000000000e+02
4.660000000000000000e+02
4.650000000000000000e+02
4.460000000000000000e+02
4.500000000000000000e+02
4.690000000000000000e+02
4.620000000000000000e+02
4.510000000000000000e+02
4.380000000000000000e+02
4.850000000000000000e+02
4.360000000000000000e+02
4.110000000000000000e+02
4.440000000000000000e+02
4.310000000000000000e+02
3.810000000000000000e+02
4.030000000000000000e+02
3.850000000000000000e+02
3.850000000000000000e+02
3.770000000000000000e+02
3.690000000000000000e+02
3.800000000000000000e+02
3.590000000000000000e+02
3.870000000000000000e+02
3.630000000000000000e+02
3.480000000000000000e+02
3.680000000000000000e+02
3.500000000000000000e+02
3.730000000000000000e+02
3.580000000000000000e+02
3.790000000000000000e+02
3.580000000000000000e+02
3.470000000000000000e+02
3.490000000000000000e+02
3.850000000000000000e+02
3.940000000000000000e+02
3.460000000000000000e+02
4.020000000000000000e+02
3.810000000000000000e+02
3.900000000000000000e+02
3.950000000000000000e+02
3.680000000000000000e+02
4.080000000000000000e+02
4.370000000000000000e+02
4.580000000000000000e+02
4.550000000000000000e+02
4.430000000000000000e+02
4.740000000000000000e+02
4.620000000000000000e+02
4.060000000000000000e+02
4.110000000000000000e+02
4.350000000000000000e+02
4.440000000000000000e+02
4.480000000000000000e+02
4.140000000000000000e+02
4.350000000000000000e+02
4.480000000000000000e+02
3.930000000000000000e+02
4.080000000000000000e+02
3.720000000000000000e+02
3.690000000000000000e+02
3.640000000000000000e+02
3.550000000000000000e+02
3.330000000000000000e+02
3.720000000000000000e+02
3.430000000000000000e+02
3.700000000000000000e+02
3.580000000000000000e+02
3.880000000000000000e+02
3.740000000000000000e+02
3.790000000000000000e+02
4.190000000000000000e+02
4.190000000000000000e+02
4.350000000000000000e+02
4.460000000000000000e+02
4.160000000000000000e+02
4.540000000000000000e+02
4.900000000000000000e+02
5.210000000000000000e+02
5.020000000000000000e+02
4.700000000000000000e+02
4.640000000000000000e+02
5.050000000000000000e+02
4.920000000000000000e+02
5.360000000000000000e+02
5.440000000000000000e+02
5.930000000000000000e+02
5.940000000000000000e+02
7.030000000000000000e+02
7.020000000000000000e+02
6.960000000000000000e+02
7.280000000000000000e+02
7.520000000000000000e+02
7.450000000000000000e+02
7.810000000000000000e+02
7.970000000000000000e+02
8.460000000000000000e+02
8.780000000000000000e+02
9.710000000000000000e+02
1.048000000000000000e+03
1.123000000000000000e+03
1.331000000000000000e+03
1.549000000000000000e+03
1.587000000000000000e+03
4.250000000000000000e+03
1.026000000000000000e+03
9.790000000000000000e+02
1.765000000000000000e+03
2.082000000000000000e+03
1.940000000000000000e+03
1.483000000000000000e+03
1.185000000000000000e+03
1.032000000000000000e+03
9.000000000000000000e+02
8.710000000000000000e+02
8.300000000000000000e+02
8.490000000000000000e+02
7.660000000000000000e+02
7.690000000000000000e+02
7.630000000000000000e+02
8.990000000000000000e+02
8.500000000000000000e+02
7.980000000000000000e+02
8.160000000000000000e+02
7.710000000000000000e+02
7.100000000000000000e+02
6.160000000000000000e+02
5.630000000000000000e+02
5.160000000000000000e+02
5.050000000000000000e+02
4.800000000000000000e+02
4.870000000000000000e+02
4.750000000000000000e+02
4.960000000000000000e+02
5.270000000000000000e+02
5.760000000000000000e+02
6.170000000000000000e+02
7.110000000000000000e+02
8.010000000000000000e+02
8.870000000000000000e+02
1.013000000000000000e+03
1.224000000000000000e+03
1.317000000000000000e+03
1.464000000000000000e+03
1.547000000000000000e+03
1.666000000000000000e+03
1.731000000000000000e+03
1.859000000000000000e+03
1.932000000000000000e+03
2.103000000000000000e+03
2.035000000000000000e+03
2.060000000000000000e+03
2.142000000000000000e+03
2.084000000000000000e+03
2.217000000000000000e+03
2.138000000000000000e+03
2.157000000000000000e+03
2.119000000000000000e+03
2.101000000000000000e+03
2.043000000000000000e+03
1.999000000000000000e+03
1.852000000000000000e+03
1.862000000000000000e+03
1.798000000000000000e+03
1.898000000000000000e+03
2.491000000000000000e+03
2.835000000000000000e+03
3.009000000000000000e+03
3.130000000000000000e+03
3.302000000000000000e+03
3.418000000000000000e+03
2.835000000000000000e+03
2.655000000000000000e+03
2.292000000000000000e+03
2.306000000000000000e+03
2.373000000000000000e+03
2.316000000000000000e+03
2.208000000000000000e+03
2.193000000000000000e+03
1.991000000000000000e+03
1.916000000000000000e+03
1.844000000000000000e+03
1.820000000000000000e+03
1.803000000000000000e+03
1.817000000000000000e+03
1.758000000000000000e+03
1.801000000000000000e+03
1.904000000000000000e+03
1.900000000000000000e+03
1.844000000000000000e+03
1.750000000000000000e+03
1.683000000000000000e+03
1.671000000000000000e+03
1.710000000000000000e+03
1.604000000000000000e+03
1.689000000000000000e+03
1.644000000000000000e+03
1.609000000000000000e+03
1.501000000000000000e+03
1.472000000000000000e+03
1.441000000000000000e+03
1.527000000000000000e+03
1.544000000000000000e+03
1.501000000000000000e+03
1.459000000000000000e+03
1.390000000000000000e+03
1.275000000000000000e+03
1.278000000000000000e+03
1.187000000000000000e+03
1.146000000000000000e+03
1.058000000000000000e+03
1.081000000000000000e+03
1.061000000000000000e+03
9.980000000000000000e+02
9.880000000000000000e+02
9.330000000000000000e+02
8.840000000000000000e+02
8.930000000000000000e+02
8.920000000000000000e+02
9.050000000000000000e+02
8.890000000000000000e+02
8.190000000000000000e+02
8.810000000000000000e+02
8.280000000000000000e+02
8.650000000000000000e+02
8.230000000000000000e+02
8.080000000000000000e+02
8.450000000000000000e+02
8.550000000000000000e+02
7.850000000000000000e+02
8.440000000000000000e+02
7.440000000000000000e+02
8.490000000000000000e+02
7.360000000000000000e+02
7.590000000000000000e+02
7.750000000000000000e+02
7.140000000000000000e+02
7.290000000000000000e+02
7.120000000000000000e+02
6.930000000000000000e+02
7.370000000000000000e+02
7.000000000000000000e+02
6.950000000000000000e+02
6.810000000000000000e+02
6.890000000000000000e+02
6.770000000000000000e+02
6.050000000000000000e+02
6.290000000000000000e+02
6.190000000000000000e+02
6.280000000000000000e+02
6.040000000000000000e+02
6.280000000000000000e+02
6.120000000000000000e+02
5.440000000000000000e+02
5.130000000000000000e+02
5.280000000000000000e+02
4.960000000000000000e+02
5.260000000000000000e+02
5.310000000000000000e+02
4.930000000000000000e+02
5.540000000000000000e+02
5.670000000000000000e+02
5.010000000000000000e+02
4.820000000000000000e+02
4.280000000000000000e+02
4.120000000000000000e+02
3.750000000000000000e+02
4.170000000000000000e+02
3.790000000000000000e+02
3.820000000000000000e+02
3.960000000000000000e+02
3.490000000000000000e+02
4.060000000000000000e+02
3.370000000000000000e+02
3.430000000000000000e+02
3.590000000000000000e+02
3.430000000000000000e+02
3.440000000000000000e+02
3.170000000000000000e+02
3.210000000000000000e+02
3.230000000000000000e+02
3.160000000000000000e+02
2.860000000000000000e+02
3.300000000000000000e+02
3.250000000000000000e+02
3.130000000000000000e+02
3.140000000000000000e+02
3.520000000000000000e+02
3.310000000000000000e+02
3.210000000000000000e+02
3.080000000000000000e+02
3.220000000000000000e+02
3.550000000000000000e+02
3.530000000000000000e+02
3.340000000000000000e+02
3.440000000000000000e+02
3.330000000000000000e+02
2.940000000000000000e+02
3.180000000000000000e+02
3.380000000000000000e+02
2.910000000000000000e+02
3.120000000000000000e+02
2.850000000000000000e+02
2.730000000000000000e+02
2.450000000000000000e+02
2.790000000000000000e+02
2.830000000000000000e+02
2.660000000000000000e+02
2.980000000000000000e+02
3.170000000000000000e+02
3.510000000000000000e+02
3.660000000000000000e+02
3.850000000000000000e+02
4.580000000000000000e+02
4.710000000000000000e+02
3.850000000000000000e+02
4.180000000000000000e+02
3.860000000000000000e+02
3.850000000000000000e+02
4.030000000000000000e+02
4.040000000000000000e+02
3.870000000000000000e+02
4.310000000000000000e+02
3.640000000000000000e+02
4.220000000000000000e+02
4.520000000000000000e+02
4.690000000000000000e+02
5.510000000000000000e+02
5.730000000000000000e+02
5.510000000000000000e+02
4.620000000000000000e+02
4.870000000000000000e+02
4.860000000000000000e+02
5.000000000000000000e+02
4.980000000000000000e+02
5.240000000000000000e+02
5.710000000000000000e+02
5.630000000000000000e+02
5.750000000000000000e+02
6.380000000000000000e+02
6.140000000000000000e+02
6.130000000000000000e+02
5.700000000000000000e+02
4.990000000000000000e+02
4.430000000000000000e+02
4.330000000000000000e+02
3.540000000000000000e+02
3.240000000000000000e+02
3.070000000000000000e+02
2.660000000000000000e+02
2.590000000000000000e+02
2.340000000000000000e+02
2.230000000000000000e+02
1.590000000000000000e+02
1.930000000000000000e+02
1.710000000000000000e+02
1.940000000000000000e+02
2.060000000000000000e+02
1.530000000000000000e+02
1.080000000000000000e+02
6.500000000000000000e+01
2.708000000000000000e+03
1.128000000000000000e+03
2.001000000000000000e+03
2.238000000000000000e+03
2.178000000000000000e+03
1.833000000000000000e+03
1.573000000000000000e+03
1.294000000000000000e+03
1.274000000000000000e+03
1.191000000000000000e+03
1.118000000000000000e+03
1.038000000000000000e+03
1.042000000000000000e+03
9.860000000000000000e+02
9.820000000000000000e+02
9.620000000000000000e+02
9.260000000000000000e+02
8.720000000000000000e+02
8.680000000000000000e+02
8.790000000000000000e+02
8.540000000000000000e+02
8.640000000000000000e+02
8.270000000000000000e+02
7.700000000000000000e+02
7.360000000000000000e+02
6.790000000000000000e+02
6.590000000000000000e+02
5.710000000000000000e+02
5.290000000000000000e+02
4.750000000000000000e+02
4.700000000000000000e+02
4.730000000000000000e+02
4.720000000000000000e+02
5.030000000000000000e+02
5.970000000000000000e+02
6.100000000000000000e+02
6.460000000000000000e+02
6.970000000000000000e+02
7.990000000000000000e+02
8.710000000000000000e+02
1.000000000000000000e+03
1.058000000000000000e+03
1.201000000000000000e+03
1.262000000000000000e+03
1.390000000000000000e+03
1.448000000000000000e+03
1.581000000000000000e+03
1.676000000000000000e+03
1.794000000000000000e+03
1.809000000000000000e+03
1.960000000000000000e+03
1.974000000000000000e+03
2.003000000000000000e+03
2.069000000000000000e+03
2.057000000000000000e+03
2.130000000000000000e+03
2.093000000000000000e+03
2.090000000000000000e+03
2.080000000000000000e+03
2.047000000000000000e+03
2.028000000000000000e+03
2.042000000000000000e+03
1.977000000000000000e+03
2.087000000000000000e+03
2.045000000000000000e+03
2.020000000000000000e+03
2.126000000000000000e+03
2.361000000000000000e+03
2.675000000000000000e+03
2.824000000000000000e+03
2.710000000000000000e+03
2.936000000000000000e+03
2.832000000000000000e+03
2.578000000000000000e+03
2.321000000000000000e+03
2.271000000000000000e+03
2.322000000000000000e+03
2.079000000000000000e+03
2.072000000000000000e+03
2.151000000000000000e+03
1.974000000000000000e+03
2.049000000000000000e+03
1.999000000000000000e+03
1.895000000000000000e+03
1.891000000000000000e+03
1.776000000000000000e+03
1.644000000000000000e+03
1.648000000000000000e+03
1.678000000000000000e+03
1.688000000000000000e+03
1.608000000000000000e+03
1.531000000000000000e+03
1.552000000000000000e+03
1.468000000000000000e+03
1.413000000000000000e+03
1.352000000000000000e+03
1.431000000000000000e+03
1.478000000000000000e+03
1.563000000000000000e+03
1.566000000000000000e+03
1.583000000000000000e+03
1.654000000000000000e+03
1.761000000000000000e+03
1.868000000000000000e+03
1.856000000000000000e+03
1.932000000000000000e+03
1.889000000000000000e+03
1.836000000000000000e+03
1.725000000000000000e+03
1.578000000000000000e+03
1.515000000000000000e+03
1.337000000000000000e+03
1.259000000000000000e+03
1.170000000000000000e+03
1.202000000000000000e+03
1.050000000000000000e+03
1.024000000000000000e+03
9.680000000000000000e+02
9.560000000000000000e+02
9.350000000000000000e+02
8.450000000000000000e+02
9.010000000000000000e+02
8.530000000000000000e+02
8.350000000000000000e+02
8.410000000000000000e+02
7.680000000000000000e+02
7.580000000000000000e+02
7.130000000000000000e+02
6.990000000000000000e+02
6.970000000000000000e+02
6.960000000000000000e+02
6.690000000000000000e+02
6.590000000000000000e+02
6.870000000000000000e+02
6.450000000000000000e+02
6.070000000000000000e+02
6.170000000000000000e+02
6.320000000000000000e+02
6.210000000000000000e+02
6.160000000000000000e+02
5.590000000000000000e+02
5.350000000000000000e+02
5.430000000000000000e+02
5.450000000000000000e+02
5.040000000000000000e+02
4.730000000000000000e+02
5.120000000000000000e+02
4.870000000000000000e+02
4.800000000000000000e+02
4.400000000000000000e+02
4.490000000000000000e+02
4.630000000000000000e+02
4.330000000000000000e+02
4.580000000000000000e+02
4.430000000000000000e+02
3.890000000000000000e+02
3.860000000000000000e+02
4.000000000000000000e+02
4.110000000000000000e+02
3.750000000000000000e+02
3.660000000000000000e+02
3.640000000000000000e+02
3.830000000000000000e+02
3.690000000000000000e+02
3.210000000000000000e+02
3.620000000000000000e+02
3.900000000000000000e+02
3.380000000000000000e+02
3.200000000000000000e+02
3.640000000000000000e+02
3.200000000000000000e+02
3.510000000000000000e+02
3.490000000000000000e+02
3.660000000000000000e+02
3.540000000000000000e+02
2.960000000000000000e+02
3.360000000000000000e+02
3.230000000000000000e+02
3.030000000000000000e+02
3.220000000000000000e+02
3.210000000000000000e+02
3.280000000000000000e+02
3.320000000000000000e+02
3.200000000000000000e+02
3.220000000000000000e+02
3.060000000000000000e+02
3.140000000000000000e+02
3.440000000000000000e+02
3.430000000000000000e+02
3.430000000000000000e+02
3.150000000000000000e+02
3.190000000000000000e+02
3.380000000000000000e+02
3.460000000000000000e+02
3.360000000000000000e+02
3.450000000000000000e+02
3.830000000000000000e+02
3.500000000000000000e+02
3.850000000000000000e+02
3.960000000000000000e+02
3.820000000000000000e+02
4.120000000000000000e+02
4.070000000000000000e+02
4.820000000000000000e+02
5.170000000000000000e+02
5.550000000000000000e+02
5.590000000000000000e+02
6.200000000000000000e+02
6.280000000000000000e+02
6.780000000000000000e+02
6.880000000000000000e+02
7.000000000000000000e+02
6.360000000000000000e+02
6.010000000000000000e+02
6.460000000000000000e+02
5.850000000000000000e+02
6.300000000000000000e+02
5.290000000000000000e+02
5.520000000000000000e+02
5.830000000000000000e+02
4.790000000000000000e+02
5.060000000000000000e+02
4.000000000000000000e+02
4.120000000000000000e+02
4.070000000000000000e+02
3.920000000000000000e+02
3.790000000000000000e+02
3.270000000000000000e+02
3.540000000000000000e+02
3.000000000000000000e+02
2.980000000000000000e+02
3.060000000000000000e+02
2.750000000000000000e+02
2.740000000000000000e+02
2.340000000000000000e+02
2.670000000000000000e+02
2.510000000000000000e+02
2.020000000000000000e+02
1.760000000000000000e+02
1.630000000000000000e+02
1.310000000000000000e+02
1.110000000000000000e+02
9.100000000000000000e+01
8.300000000000000000e+01
8.400000000000000000e+01
8.800000000000000000e+01
7.100000000000000000e+01
7.800000000000000000e+01
9.400000000000000000e+01
8.500000000000000000e+01
6.400000000000000000e+01
7.100000000000000000e+01
4.200000000000000000e+01
4.900000000000000000e+01
1.700000000000000000e+01
4.800000000000000000e+01
