3.637000000000000000e+03
1.833000000000000000e+03
2.166000000000000000e+03
2.339000000000000000e+03
2.281000000000000000e+03
2.181000000000000000e+03
2.068000000000000000e+03
1.791000000000000000e+03
1.610000000000000000e+03
1.575000000000000000e+03
1.396000000000000000e+03
1.221000000000000000e+03
1.248000000000000000e+03
1.110000000000000000e+03
1.043000000000000000e+03
1.092000000000000000e+03
9.940000000000000000e+02
9.900000000000000000e+02
9.200000000000000000e+02
8.720000000000000000e+02
8.400000000000000000e+02
8.880000000000000000e+02
8.050000000000000000e+02
7.720000000000000000e+02
7.610000000000000000e+02
7.230000000000000000e+02
7.230000000000000000e+02
7.650000000000000000e+02
7.780000000000000000e+02
7.510000000000000000e+02
7.330000000000000000e+02
7.510000000000000000e+02
7.550000000000000000e+02
7.110000000000000000e+02
6.760000000000000000e+02
6.400000000000000000e+02
6.620000000000000000e+02
5.950000000000000000e+02
6.150000000000000000e+02
6.260000000000000000e+02
5.830000000000000000e+02
5.650000000000000000e+02
5.310000000000000000e+02
5.660000000000000000e+02
5.130000000000000000e+02
4.930000000000000000e+02
5.220000000000000000e+02
5.050000000000000000e+02
5.110000000000000000e+02
5.160000000000000000e+02
5.040000000000000000e+02
5.070000000000000000e+02
4.850000000000000000e+02
5.360000000000000000e+02
4.910000000000000000e+02
5.270000000000000000e+02
5.390000000000000000e+02
4.990000000000000000e+02
5.060000000000000000e+02
5.610000000000000000e+02
5.430000000000000000e+02
5.330000000000000000e+02
5.620000000000000000e+02
5.310000000000000000e+02
5.330000000000000000e+02
5.520000000000000000e+02
5.690000000000000000e+02
5.930000000000000000e+02
5.250000000000000000e+02
5.770000000000000000e+02
5.800000000000000000e+02
5.980000000000000000e+02
5.820000000000000000e+02
6.020000000000000000e+02
5.620000000000000000e+02
5.750000000000000000e+02
5.900000000000000000e+02
5.870000000000000000e+02
5.560000000000000000e+02
5.520000000000000000e+02
5.680000000000000000e+02
5.610000000000000000e+02
5.730000000000000000e+02
5.480000000000000000e+02
5.630000000000000000e+02
5.700000000000000000e+02
5.990000000000000000e+02
5.600000000000000000e+02
5.940000000000000000e+02
5.850000000000000000e+02
6.060000000000000000e+02
5.910000000000000000e+02
6.210000000000000000e+02
6.130000000000000000e+02
6.550000000000000000e+02
5.930000000000000000e+02
6.090000000000000000e+02
6.610000000000000000e+02
6.830000000000000000e+02
7.590000000000000000e+02
6.670000000000000000e+02
7.220000000000000000e+02
7.520000000000000000e+02
7.640000000000000000e+02
7.640000000000000000e+02
7.280000000000000000e+02
7.920000000000000000e+02
8.240000000000000000e+02
7.860000000000000000e+02
8.860000000000000000e+02
7.990000000000000000e+02
8.170000000000000000e+02
8.290000000000000000e+02
8.060000000000000000e+02
8.510000000000000000e+02
8.490000000000000000e+02
8.820000000000000000e+02
8.440000000000000000e+02
9.120000000000000000e+02
8.880000000000000000e+02
8.830000000000000000e+02
9.330000000000000000e+02
8.600000000000000000e+02
8.870000000000000000e+02
9.270000000000000000e+02
9.310000000000000000e+02
9.040000000000000000e+02
9.170000000000000000e+02
9.820000000000000000e+02
9.480000000000000000e+02
9.330000000000000000e+02
9.560000000000000000e+02
9.700000000000000000e+02
9.450000000000000000e+02
9.800000000000000000e+02
9.270000000000000000e+02
9.350000000000000000e+02
1.036000000000000000e+03
9.890000000000000000e+02
1.019000000000000000e+03
1.000000000000000000e+03
1.041000000000000000e+03
9.780000000000000000e+02
9.910000000000000000e+02
1.007000000000000000e+03
1.060000000000000000e+03
1.032000000000000000e+03
1.114000000000000000e+03
1.167000000000000000e+03
1.128000000000000000e+03
1.164000000000000000e+03
1.189000000000000000e+03
1.170000000000000000e+03
1.174000000000000000e+03
1.272000000000000000e+03
1.240000000000000000e+03
1.229000000000000000e+03
1.264000000000000000e+03
1.207000000000000000e+03
1.230000000000000000e+03
1.217000000000000000e+03
1.225000000000000000e+03
1.249000000000000000e+03
1.219000000000000000e+03
1.214000000000000000e+03
1.135000000000000000e+03
1.114000000000000000e+03
1.087000000000000000e+03
1.179000000000000000e+03
1.091000000000000000e+03
1.219000000000000000e+03
1.138000000000000000e+03
1.092000000000000000e+03
1.156000000000000000e+03
1.150000000000000000e+03
1.147000000000000000e+03
1.199000000000000000e+03
1.094000000000000000e+03
1.252000000000000000e+03
1.151000000000000000e+03
1.224000000000000000e+03
1.219000000000000000e+03
1.189000000000000000e+03
1.311000000000000000e+03
1.231000000000000000e+03
1.234000000000000000e+03
1.244000000000000000e+03
1.247000000000000000e+03
1.296000000000000000e+03
1.237000000000000000e+03
1.245000000000000000e+03
1.235000000000000000e+03
1.222000000000000000e+03
1.304000000000000000e+03
1.291000000000000000e+03
1.393000000000000000e+03
1.401000000000000000e+03
1.350000000000000000e+03
1.434000000000000000e+03
1.417000000000000000e+03
1.469000000000000000e+03
1.527000000000000000e+03
1.496000000000000000e+03
1.585000000000000000e+03
1.633000000000000000e+03
1.738000000000000000e+03
1.743000000000000000e+03
1.743000000000000000e+03
1.859000000000000000e+03
1.925000000000000000e+03
2.006000000000000000e+03
2.081000000000000000e+03
1.995000000000000000e+03
1.925000000000000000e+03
1.859000000000000000e+03
1.813000000000000000e+03
1.804000000000000000e+03
1.587000000000000000e+03
1.469000000000000000e+03
1.363000000000000000e+03
1.286000000000000000e+03
1.285000000000000000e+03
1.178000000000000000e+03
1.106000000000000000e+03
1.087000000000000000e+03
1.033000000000000000e+03
9.260000000000000000e+02
8.860000000000000000e+02
7.780000000000000000e+02
6.950000000000000000e+02
7.110000000000000000e+02
7.260000000000000000e+02
6.890000000000000000e+02
5.810000000000000000e+02
3.970000000000000000e+02
2.790000000000000000e+02
1.720000000000000000e+02
1.280000000000000000e+02
1.050000000000000000e+02
1.180000000000000000e+02
1.140000000000000000e+02
1.210000000000000000e+02
1.660000000000000000e+02
1.550000000000000000e+02
2.040000000000000000e+02
4.050000000000000000e+02
4.670000000000000000e+02
4.400000000000000000e+02
3.690000000000000000e+02
2.790000000000000000e+02
1.860000000000000000e+02
1.440000000000000000e+02
9.500000000000000000e+01
8.400000000000000000e+01
6.100000000000000000e+01
3.800000000000000000e+02
3.012000000000000000e+03
1.351000000000000000e+03
1.309000000000000000e+03
1.356000000000000000e+03
1.272000000000000000e+03
1.138000000000000000e+03
1.008000000000000000e+03
9.190000000000000000e+02
8.750000000000000000e+02
9.580000000000000000e+02
1.085000000000000000e+03
1.182000000000000000e+03
1.278000000000000000e+03
1.264000000000000000e+03
1.194000000000000000e+03
1.115000000000000000e+03
1.057000000000000000e+03
1.001000000000000000e+03
8.840000000000000000e+02
8.900000000000000000e+02
8.570000000000000000e+02
7.940000000000000000e+02
8.230000000000000000e+02
7.920000000000000000e+02
7.310000000000000000e+02
7.440000000000000000e+02
6.620000000000000000e+02
6.750000000000000000e+02
5.610000000000000000e+02
5.690000000000000000e+02
6.690000000000000000e+02
6.280000000000000000e+02
5.720000000000000000e+02
6.190000000000000000e+02
6.620000000000000000e+02
6.450000000000000000e+02
6.910000000000000000e+02
6.810000000000000000e+02
6.870000000000000000e+02
6.740000000000000000e+02
7.170000000000000000e+02
6.950000000000000000e+02
7.030000000000000000e+02
7.300000000000000000e+02
8.130000000000000000e+02
7.280000000000000000e+02
7.980000000000000000e+02
8.120000000000000000e+02
8.060000000000000000e+02
8.690000000000000000e+02
8.630000000000000000e+02
8.510000000000000000e+02
8.990000000000000000e+02
8.740000000000000000e+02
9.720000000000000000e+02
8.720000000000000000e+02
9.760000000000000000e+02
9.230000000000000000e+02
1.013000000000000000e+03
1.113000000000000000e+03
1.085000000000000000e+03
1.155000000000000000e+03
1.203000000000000000e+03
1.101000000000000000e+03
1.162000000000000000e+03
1.040000000000000000e+03
1.076000000000000000e+03
1.083000000000000000e+03
1.023000000000000000e+03
1.031000000000000000e+03
1.063000000000000000e+03
1.013000000000000000e+03
9.980000000000000000e+02
1.003000000000000000e+03
9.200000000000000000e+02
9.620000000000000000e+02
9.310000000000000000e+02
9.710000000000000000e+02
8.780000000000000000e+02
8.730000000000000000e+02
8.760000000000000000e+02
8.340000000000000000e+02
7.960000000000000000e+02
7.800000000000000000e+02
7.840000000000000000e+02
7.560000000000000000e+02
7.450000000000000000e+02
7.680000000000000000e+02
7.570000000000000000e+02
7.330000000000000000e+02
7.080000000000000000e+02
7.010000000000000000e+02
7.610000000000000000e+02
7.260000000000000000e+02
7.290000000000000000e+02
7.080000000000000000e+02
7.010000000000000000e+02
7.100000000000000000e+02
6.820000000000000000e+02
7.100000000000000000e+02
7.230000000000000000e+02
7.170000000000000000e+02
6.720000000000000000e+02
6.770000000000000000e+02
7.460000000000000000e+02
7.470000000000000000e+02
7.170000000000000000e+02
7.610000000000000000e+02
7.820000000000000000e+02
7.350000000000000000e+02
7.400000000000000000e+02
7.540000000000000000e+02
7.890000000000000000e+02
7.680000000000000000e+02
7.780000000000000000e+02
7.510000000000000000e+02
7.300000000000000000e+02
7.500000000000000000e+02
7.780000000000000000e+02
7.930000000000000000e+02
8.150000000000000000e+02
8.340000000000000000e+02
7.940000000000000000e+02
8.220000000000000000e+02
8.120000000000000000e+02
7.930000000000000000e+02
8.650000000000000000e+02
8.390000000000000000e+02
8.400000000000000000e+02
8.170000000000000000e+02
8.270000000000000000e+02
9.050000000000000000e+02
8.410000000000000000e+02
8.750000000000000000e+02
8.650000000000000000e+02
9.330000000000000000e+02
8.910000000000000000e+02
8.890000000000000000e+02
9.050000000000000000e+02
9.390000000000000000e+02
8.710000000000000000e+02
8.840000000000000000e+02
9.700000000000000000e+02
9.970000000000000000e+02
9.110000000000000000e+02
9.810000000000000000e+02
9.990000000000000000e+02
1.085000000000000000e+03
9.990000000000000000e+02
1.083000000000000000e+03
1.085000000000000000e+03
1.116000000000000000e+03
1.101000000000000000e+03
1.112000000000000000e+03
1.141000000000000000e+03
1.124000000000000000e+03
1.133000000000000000e+03
1.101000000000000000e+03
1.101000000000000000e+03
1.170000000000000000e+03
1.202000000000000000e+03
1.114000000000000000e+03
1.090000000000000000e+03
1.109000000000000000e+03
1.136000000000000000e+03
1.197000000000000000e+03
1.084000000000000000e+03
1.132000000000000000e+03
1.032000000000000000e+03
1.125000000000000000e+03
1.077000000000000000e+03
1.086000000000000000e+03
1.016000000000000000e+03
1.050000000000000000e+03
1.171000000000000000e+03
1.075000000000000000e+03
1.074000000000000000e+03
1.107000000000000000e+03
1.077000000000000000e+03
1.044000000000000000e+03
1.024000000000000000e+03
1.082000000000000000e+03
1.116000000000000000e+03
1.104000000000000000e+03
1.149000000000000000e+03
1.166000000000000000e+03
1.066000000000000000e+03
1.208000000000000000e+03
1.194000000000000000e+03
1.220000000000000000e+03
1.241000000000000000e+03
1.233000000000000000e+03
1.209000000000000000e+03
1.267000000000000000e+03
1.226000000000000000e+03
1.263000000000000000e+03
1.284000000000000000e+03
1.261000000000000000e+03
1.339000000000000000e+03
1.345000000000000000e+03
1.354000000000000000e+03
1.397000000000000000e+03
1.485000000000000000e+03
1.473000000000000000e+03
1.459000000000000000e+03
1.579000000000000000e+03
1.670000000000000000e+03
1.708000000000000000e+03
1.757000000000000000e+03
1.818000000000000000e+03
1.936000000000000000e+03
1.835000000000000000e+03
1.952000000000000000e+03
1.966000000000000000e+03
1.842000000000000000e+03
1.891000000000000000e+03
1.851000000000000000e+03
1.803000000000000000e+03
1.805000000000000000e+03
1.756000000000000000e+03
1.656000000000000000e+03
1.480000000000000000e+03
1.386000000000000000e+03
1.175000000000000000e+03
1.084000000000000000e+03
9.460000000000000000e+02
8.260000000000000000e+02
6.340000000000000000e+02
5.760000000000000000e+02
4.930000000000000000e+02
5.240000000000000000e+02
4.980000000000000000e+02
4.670000000000000000e+02
4.940000000000000000e+02
3.900000000000000000e+02
2.610000000000000000e+02
1.430000000000000000e+02
7.700000000000000000e+01
6.700000000000000000e+01
8.100000000000000000e+01
8.100000000000000000e+01
9.700000000000000000e+01
1.160000000000000000e+02
1.220000000000000000e+02
2.160000000000000000e+02
3.490000000000000000e+02
4.000000000000000000e+02
4.290000000000000000e+02
3.410000000000000000e+02
2.720000000000000000e+02
1.820000000000000000e+02
1.240000000000000000e+02
1.050000000000000000e+02
6.600000000000000000e+01
4.200000000000000000e+01
4.800000000000000000e+01
7.600000000000000000e+01
3.000000000000000000e+01
3.600000000000000000e+01
3.000000000000000000e+01
3.500000000000000000e+01
8.100000000000000000e+01
1.070000000000000000e+02
1.240000000000000000e+02
1.830000000000000000e+02
2.820000000000000000e+02
3.660000000000000000e+02
4.890000000000000000e+02
6.450000000000000000e+02
9.090000000000000000e+02
9.320000000000000000e+02
9.320000000000000000e+02
8.800000000000000000e+02
9.310000000000000000e+02
8.120000000000000000e+02
8.220000000000000000e+02
8.470000000000000000e+02
8.280000000000000000e+02
9.130000000000000000e+02
9.940000000000000000e+02
1.063000000000000000e+03
1.178000000000000000e+03
1.084000000000000000e+03
1.135000000000000000e+03
1.149000000000000000e+03
1.140000000000000000e+03
1.132000000000000000e+03
1.161000000000000000e+03
1.153000000000000000e+03
1.137000000000000000e+03
1.211000000000000000e+03
1.036000000000000000e+03
1.044000000000000000e+03
9.980000000000000000e+02
9.360000000000000000e+02
9.590000000000000000e+02
9.210000000000000000e+02
8.720000000000000000e+02
8.860000000000000000e+02
8.850000000000000000e+02
8.430000000000000000e+02
8.570000000000000000e+02
8.570000000000000000e+02
8.360000000000000000e+02
8.070000000000000000e+02
8.220000000000000000e+02
8.330000000000000000e+02
7.890000000000000000e+02
7.900000000000000000e+02
7.330000000000000000e+02
7.630000000000000000e+02
7.590000000000000000e+02
7.140000000000000000e+02
6.440000000000000000e+02
6.750000000000000000e+02
6.190000000000000000e+02
5.830000000000000000e+02
5.730000000000000000e+02
5.720000000000000000e+02
6.200000000000000000e+02
5.730000000000000000e+02
5.800000000000000000e+02
6.030000000000000000e+02
5.610000000000000000e+02
5.650000000000000000e+02
5.560000000000000000e+02
5.820000000000000000e+02
5.560000000000000000e+02
6.000000000000000000e+02
5.730000000000000000e+02
6.200000000000000000e+02
5.870000000000000000e+02
6.190000000000000000e+02
6.310000000000000000e+02
6.610000000000000000e+02
6.690000000000000000e+02
6.920000000000000000e+02
7.190000000000000000e+02
7.410000000000000000e+02
7.340000000000000000e+02
7.340000000000000000e+02
8.040000000000000000e+02
8.540000000000000000e+02
7.880000000000000000e+02
8.350000000000000000e+02
8.550000000000000000e+02
8.260000000000000000e+02
8.670000000000000000e+02
8.690000000000000000e+02
8.590000000000000000e+02
8.770000000000000000e+02
9.390000000000000000e+02
9.740000000000000000e+02
9.190000000000000000e+02
1.071000000000000000e+03
1.064000000000000000e+03
1.103000000000000000e+03
1.107000000000000000e+03
1.205000000000000000e+03
1.177000000000000000e+03
1.226000000000000000e+03
1.228000000000000000e+03
1.263000000000000000e+03
1.219000000000000000e+03
1.251000000000000000e+03
1.289000000000000000e+03
1.242000000000000000e+03
1.254000000000000000e+03
1.280000000000000000e+03
1.223000000000000000e+03
1.287000000000000000e+03
1.249000000000000000e+03
1.176000000000000000e+03
1.175000000000000000e+03
1.263000000000000000e+03
1.151000000000000000e+03
1.226000000000000000e+03
1.134000000000000000e+03
1.179000000000000000e+03
1.206000000000000000e+03
1.174000000000000000e+03
1.172000000000000000e+03
1.172000000000000000e+03
1.152000000000000000e+03
1.138000000000000000e+03
1.105000000000000000e+03
1.117000000000000000e+03
1.130000000000000000e+03
1.089000000000000000e+03
1.080000000000000000e+03
1.078000000000000000e+03
1.121000000000000000e+03
1.096000000000000000e+03
1.114000000000000000e+03
1.089000000000000000e+03
1.091000000000000000e+03
1.062000000000000000e+03
1.083000000000000000e+03
1.135000000000000000e+03
1.105000000000000000e+03
1.115000000000000000e+03
1.066000000000000000e+03
1.081000000000000000e+03
1.119000000000000000e+03
1.098000000000000000e+03
1.150000000000000000e+03
1.180000000000000000e+03
1.137000000000000000e+03
1.092000000000000000e+03
1.213000000000000000e+03
1.189000000000000000e+03
1.180000000000000000e+03
1.229000000000000000e+03
1.189000000000000000e+03
1.168000000000000000e+03
1.211000000000000000e+03
1.210000000000000000e+03
1.231000000000000000e+03
1.175000000000000000e+03
1.243000000000000000e+03
1.169000000000000000e+03
1.187000000000000000e+03
1.241000000000000000e+03
1.161000000000000000e+03
1.178000000000000000e+03
1.120000000000000000e+03
1.177000000000000000e+03
1.176000000000000000e+03
1.226000000000000000e+03
1.176000000000000000e+03
1.174000000000000000e+03
1.107000000000000000e+03
1.215000000000000000e+03
1.122000000000000000e+03
1.105000000000000000e+03
1.127000000000000000e+03
1.050000000000000000e+03
1.141000000000000000e+03
1.135000000000000000e+03
1.150000000000000000e+03
1.124000000000000000e+03
1.105000000000000000e+03
1.141000000000000000e+03
1.168000000000000000e+03
1.158000000000000000e+03
1.191000000000000000e+03
1.243000000000000000e+03
1.213000000000000000e+03
1.226000000000000000e+03
1.185000000000000000e+03
1.285000000000000000e+03
1.384000000000000000e+03
1.386000000000000000e+03
1.353000000000000000e+03
1.442000000000000000e+03
1.503000000000000000e+03
1.564000000000000000e+03
1.582000000000000000e+03
1.603000000000000000e+03
1.668000000000000000e+03
1.669000000000000000e+03
1.669000000000000000e+03
1.710000000000000000e+03
1.784000000000000000e+03
1.891000000000000000e+03
1.923000000000000000e+03
1.888000000000000000e+03
1.979000000000000000e+03
1.915000000000000000e+03
1.849000000000000000e+03
1.836000000000000000e+03
1.714000000000000000e+03
1.690000000000000000e+03
1.583000000000000000e+03
1.509000000000000000e+03
1.301000000000000000e+03
1.275000000000000000e+03
1.165000000000000000e+03
1.025000000000000000e+03
8.770000000000000000e+02
8.130000000000000000e+02
6.930000000000000000e+02
5.930000000000000000e+02
5.140000000000000000e+02
5.310000000000000000e+02
4.900000000000000000e+02
4.690000000000000000e+02
4.460000000000000000e+02
3.630000000000000000e+02
2.470000000000000000e+02
2.160000000000000000e+02
1.230000000000000000e+02
9.500000000000000000e+01
1.140000000000000000e+02
9.900000000000000000e+01
1.060000000000000000e+02
1.300000000000000000e+02
1.200000000000000000e+02
1.390000000000000000e+02
2.040000000000000000e+02
1.920000000000000000e+02
2.900000000000000000e+02
4.200000000000000000e+02
3.770000000000000000e+02
3.400000000000000000e+02
2.740000000000000000e+02
1.550000000000000000e+02
1.030000000000000000e+02
6.200000000000000000e+01
3.500000000000000000e+01
1.500000000000000000e+01
1.700000000000000000e+01
