2.000000000000000000e+00
8.000000000000000000e+00
5.000000000000000000e+00
1.200000000000000000e+01
1.700000000000000000e+01
2.700000000000000000e+01
3.700000000000000000e+01
6.600000000000000000e+01
9.800000000000000000e+01
1.280000000000000000e+02
2.210000000000000000e+02
2.570000000000000000e+02
2.570000000000000000e+02
3.370000000000000000e+02
3.500000000000000000e+02
3.230000000000000000e+02
3.840000000000000000e+02
4.280000000000000000e+02
4.540000000000000000e+02
5.280000000000000000e+02
7.220000000000000000e+02
7.280000000000000000e+02
7.570000000000000000e+02
8.070000000000000000e+02
8.030000000000000000e+02
9.410000000000000000e+02
1.028000000000000000e+03
1.100000000000000000e+03
1.262000000000000000e+03
1.570000000000000000e+03
1.396000000000000000e+03
1.497000000000000000e+03
1.302000000000000000e+03
1.349000000000000000e+03
1.423000000000000000e+03
1.379000000000000000e+03
1.275000000000000000e+03
1.206000000000000000e+03
1.269000000000000000e+03
1.228000000000000000e+03
1.213000000000000000e+03
1.269000000000000000e+03
1.137000000000000000e+03
1.053000000000000000e+03
1.134000000000000000e+03
1.148000000000000000e+03
1.126000000000000000e+03
1.518000000000000000e+03
1.154000000000000000e+03
1.150000000000000000e+03
1.253000000000000000e+03
1.099000000000000000e+03
1.109000000000000000e+03
1.083000000000000000e+03
9.840000000000000000e+02
1.018000000000000000e+03
9.510000000000000000e+02
9.430000000000000000e+02
9.550000000000000000e+02
9.960000000000000000e+02
9.650000000000000000e+02
9.770000000000000000e+02
9.540000000000000000e+02
9.390000000000000000e+02
9.240000000000000000e+02
9.150000000000000000e+02
1.006000000000000000e+03
1.067000000000000000e+03
9.390000000000000000e+02
9.850000000000000000e+02
1.033000000000000000e+03
1.012000000000000000e+03
1.070000000000000000e+03
1.074000000000000000e+03
9.870000000000000000e+02
9.630000000000000000e+02
1.021000000000000000e+03
9.650000000000000000e+02
1.014000000000000000e+03
1.075000000000000000e+03
9.970000000000000000e+02
1.089000000000000000e+03
1.043000000000000000e+03
9.530000000000000000e+02
9.940000000000000000e+02
9.140000000000000000e+02
9.410000000000000000e+02
1.011000000000000000e+03
1.001000000000000000e+03
9.590000000000000000e+02
1.097000000000000000e+03
1.219000000000000000e+03
1.092000000000000000e+03
1.127000000000000000e+03
1.000000000000000000e+03
1.012000000000000000e+03
9.460000000000000000e+02
1.077000000000000000e+03
9.640000000000000000e+02
1.040000000000000000e+03
9.910000000000000000e+02
9.780000000000000000e+02
1.031000000000000000e+03
1.074000000000000000e+03
1.114000000000000000e+03
9.840000000000000000e+02
1.041000000000000000e+03
1.058000000000000000e+03
9.990000000000000000e+02
1.058000000000000000e+03
1.002000000000000000e+03
9.670000000000000000e+02
9.580000000000000000e+02
1.037000000000000000e+03
1.004000000000000000e+03
1.012000000000000000e+03
9.640000000000000000e+02
9.150000000000000000e+02
9.720000000000000000e+02
8.620000000000000000e+02
8.500000000000000000e+02
7.980000000000000000e+02
8.270000000000000000e+02
8.320000000000000000e+02
8.210000000000000000e+02
8.090000000000000000e+02
7.920000000000000000e+02
7.870000000000000000e+02
8.040000000000000000e+02
8.600000000000000000e+02
8.540000000000000000e+02
8.500000000000000000e+02
8.610000000000000000e+02
8.050000000000000000e+02
8.710000000000000000e+02
8.570000000000000000e+02
7.830000000000000000e+02
8.780000000000000000e+02
8.520000000000000000e+02
8.420000000000000000e+02
9.280000000000000000e+02
9.000000000000000000e+02
9.420000000000000000e+02
8.960000000000000000e+02
9.180000000000000000e+02
9.530000000000000000e+02
9.750000000000000000e+02
9.580000000000000000e+02
9.150000000000000000e+02
9.280000000000000000e+02
9.370000000000000000e+02
9.680000000000000000e+02
9.560000000000000000e+02
9.610000000000000000e+02
9.850000000000000000e+02
9.930000000000000000e+02
9.730000000000000000e+02
9.680000000000000000e+02
1.006000000000000000e+03
1.023000000000000000e+03
1.118000000000000000e+03
1.123000000000000000e+03
1.092000000000000000e+03
1.072000000000000000e+03
1.118000000000000000e+03
1.101000000000000000e+03
1.094000000000000000e+03
1.107000000000000000e+03
1.103000000000000000e+03
1.030000000000000000e+03
1.057000000000000000e+03
1.075000000000000000e+03
1.050000000000000000e+03
1.096000000000000000e+03
1.013000000000000000e+03
1.059000000000000000e+03
9.850000000000000000e+02
1.039000000000000000e+03
1.009000000000000000e+03
9.690000000000000000e+02
9.180000000000000000e+02
9.850000000000000000e+02
9.740000000000000000e+02
9.440000000000000000e+02
8.960000000000000000e+02
8.850000000000000000e+02
9.430000000000000000e+02
9.300000000000000000e+02
8.950000000000000000e+02
9.070000000000000000e+02
8.040000000000000000e+02
8.260000000000000000e+02
8.600000000000000000e+02
9.090000000000000000e+02
7.900000000000000000e+02
8.510000000000000000e+02
8.110000000000000000e+02
7.890000000000000000e+02
7.380000000000000000e+02
7.280000000000000000e+02
7.520000000000000000e+02
7.240000000000000000e+02
7.640000000000000000e+02
7.200000000000000000e+02
7.290000000000000000e+02
6.870000000000000000e+02
6.450000000000000000e+02
6.300000000000000000e+02
6.490000000000000000e+02
5.870000000000000000e+02
5.910000000000000000e+02
5.950000000000000000e+02
5.990000000000000000e+02
5.930000000000000000e+02
5.530000000000000000e+02
5.490000000000000000e+02
5.050000000000000000e+02
5.050000000000000000e+02
5.070000000000000000e+02
5.140000000000000000e+02
4.870000000000000000e+02
5.240000000000000000e+02
5.070000000000000000e+02
5.150000000000000000e+02
4.360000000000000000e+02
4.640000000000000000e+02
4.380000000000000000e+02
3.970000000000000000e+02
4.070000000000000000e+02
3.840000000000000000e+02
3.920000000000000000e+02
4.240000000000000000e+02
3.780000000000000000e+02
3.950000000000000000e+02
4.080000000000000000e+02
3.710000000000000000e+02
4.100000000000000000e+02
3.780000000000000000e+02
3.630000000000000000e+02
3.950000000000000000e+02
4.230000000000000000e+02
3.990000000000000000e+02
4.070000000000000000e+02
5.560000000000000000e+02
4.630000000000000000e+02
8.600000000000000000e+02
3.606000000000000000e+03
1.445000000000000000e+03
1.564000000000000000e+03
7.224000000000000000e+03
3.089000000000000000e+03
1.767000000000000000e+03
4.922000000000000000e+03
3.550000000000000000e+03
2.110000000000000000e+03
2.679000000000000000e+03
1.020000000000000000e+02
1.140000000000000000e+02
1.550000000000000000e+02
1.990000000000000000e+02
2.240000000000000000e+02
3.290000000000000000e+02
2.870000000000000000e+02
3.260000000000000000e+02
3.810000000000000000e+02
3.680000000000000000e+02
3.490000000000000000e+02
4.080000000000000000e+02
4.400000000000000000e+02
5.140000000000000000e+02
7.030000000000000000e+02
8.400000000000000000e+02
9.890000000000000000e+02
1.028000000000000000e+03
1.104000000000000000e+03
1.198000000000000000e+03
1.243000000000000000e+03
1.233000000000000000e+03
1.390000000000000000e+03
1.664000000000000000e+03
1.837000000000000000e+03
1.639000000000000000e+03
1.440000000000000000e+03
1.526000000000000000e+03
1.450000000000000000e+03
1.628000000000000000e+03
1.481000000000000000e+03
1.337000000000000000e+03
1.148000000000000000e+03
1.181000000000000000e+03
1.289000000000000000e+03
1.443000000000000000e+03
1.614000000000000000e+03
1.280000000000000000e+03
1.211000000000000000e+03
1.352000000000000000e+03
1.236000000000000000e+03
1.277000000000000000e+03
1.254000000000000000e+03
1.163000000000000000e+03
1.165000000000000000e+03
1.206000000000000000e+03
1.202000000000000000e+03
1.142000000000000000e+03
1.107000000000000000e+03
1.028000000000000000e+03
1.028000000000000000e+03
1.070000000000000000e+03
9.820000000000000000e+02
1.002000000000000000e+03
9.770000000000000000e+02
1.032000000000000000e+03
1.042000000000000000e+03
1.034000000000000000e+03
1.041000000000000000e+03
1.063000000000000000e+03
1.008000000000000000e+03
9.940000000000000000e+02
9.690000000000000000e+02
9.640000000000000000e+02
9.410000000000000000e+02
9.260000000000000000e+02
8.770000000000000000e+02
9.000000000000000000e+02
9.080000000000000000e+02
8.430000000000000000e+02
7.990000000000000000e+02
7.830000000000000000e+02
7.640000000000000000e+02
7.870000000000000000e+02
7.260000000000000000e+02
7.450000000000000000e+02
7.630000000000000000e+02
7.450000000000000000e+02
8.200000000000000000e+02
8.330000000000000000e+02
8.390000000000000000e+02
8.330000000000000000e+02
8.750000000000000000e+02
9.250000000000000000e+02
9.770000000000000000e+02
8.690000000000000000e+02
8.740000000000000000e+02
8.340000000000000000e+02
8.670000000000000000e+02
8.760000000000000000e+02
9.380000000000000000e+02
9.410000000000000000e+02
1.023000000000000000e+03
9.410000000000000000e+02
1.019000000000000000e+03
1.064000000000000000e+03
1.032000000000000000e+03
1.070000000000000000e+03
1.115000000000000000e+03
1.079000000000000000e+03
1.136000000000000000e+03
1.062000000000000000e+03
1.058000000000000000e+03
1.073000000000000000e+03
1.056000000000000000e+03
9.980000000000000000e+02
9.400000000000000000e+02
9.830000000000000000e+02
8.910000000000000000e+02
8.960000000000000000e+02
8.980000000000000000e+02
8.700000000000000000e+02
8.210000000000000000e+02
8.120000000000000000e+02
7.940000000000000000e+02
7.820000000000000000e+02
8.460000000000000000e+02
8.900000000000000000e+02
8.050000000000000000e+02
8.760000000000000000e+02
8.610000000000000000e+02
8.910000000000000000e+02
8.600000000000000000e+02
8.880000000000000000e+02
8.910000000000000000e+02
8.390000000000000000e+02
8.990000000000000000e+02
8.070000000000000000e+02
8.340000000000000000e+02
9.020000000000000000e+02
8.410000000000000000e+02
8.190000000000000000e+02
7.610000000000000000e+02
7.910000000000000000e+02
8.710000000000000000e+02
8.060000000000000000e+02
8.450000000000000000e+02
7.720000000000000000e+02
7.710000000000000000e+02
8.040000000000000000e+02
8.210000000000000000e+02
8.320000000000000000e+02
8.280000000000000000e+02
8.620000000000000000e+02
8.100000000000000000e+02
8.360000000000000000e+02
8.910000000000000000e+02
8.740000000000000000e+02
9.630000000000000000e+02
9.540000000000000000e+02
9.910000000000000000e+02
9.430000000000000000e+02
1.009000000000000000e+03
1.019000000000000000e+03
1.022000000000000000e+03
1.077000000000000000e+03
1.024000000000000000e+03
1.125000000000000000e+03
1.015000000000000000e+03
1.078000000000000000e+03
1.095000000000000000e+03
1.102000000000000000e+03
1.080000000000000000e+03
1.065000000000000000e+03
1.085000000000000000e+03
1.101000000000000000e+03
1.171000000000000000e+03
1.057000000000000000e+03
1.077000000000000000e+03
1.019000000000000000e+03
1.061000000000000000e+03
1.023000000000000000e+03
1.056000000000000000e+03
1.014000000000000000e+03
9.870000000000000000e+02
9.440000000000000000e+02
1.013000000000000000e+03
9.900000000000000000e+02
1.013000000000000000e+03
9.750000000000000000e+02
8.940000000000000000e+02
8.770000000000000000e+02
9.160000000000000000e+02
8.320000000000000000e+02
8.280000000000000000e+02
8.410000000000000000e+02
8.020000000000000000e+02
7.890000000000000000e+02
8.130000000000000000e+02
7.980000000000000000e+02
7.700000000000000000e+02
7.190000000000000000e+02
7.610000000000000000e+02
6.970000000000000000e+02
7.520000000000000000e+02
6.940000000000000000e+02
6.940000000000000000e+02
7.100000000000000000e+02
6.850000000000000000e+02
6.050000000000000000e+02
6.230000000000000000e+02
6.070000000000000000e+02
5.880000000000000000e+02
5.780000000000000000e+02
5.500000000000000000e+02
5.790000000000000000e+02
5.740000000000000000e+02
6.130000000000000000e+02
6.100000000000000000e+02
5.210000000000000000e+02
5.770000000000000000e+02
5.330000000000000000e+02
5.500000000000000000e+02
5.170000000000000000e+02
5.000000000000000000e+02
5.130000000000000000e+02
5.550000000000000000e+02
5.500000000000000000e+02
5.500000000000000000e+02
5.350000000000000000e+02
5.390000000000000000e+02
4.870000000000000000e+02
5.170000000000000000e+02
4.140000000000000000e+02
4.510000000000000000e+02
4.640000000000000000e+02
4.230000000000000000e+02
3.860000000000000000e+02
4.300000000000000000e+02
4.120000000000000000e+02
4.270000000000000000e+02
3.980000000000000000e+02
3.890000000000000000e+02
3.920000000000000000e+02
3.520000000000000000e+02
3.530000000000000000e+02
3.500000000000000000e+02
3.760000000000000000e+02
3.530000000000000000e+02
3.690000000000000000e+02
3.750000000000000000e+02
3.740000000000000000e+02
4.610000000000000000e+02
1.824000000000000000e+03
1.690000000000000000e+03
2.834000000000000000e+03
2.880000000000000000e+03
2.522000000000000000e+03
2.990000000000000000e+03
5.886000000000000000e+03
3.155000000000000000e+03
1.307000000000000000e+03
2.943000000000000000e+03
2.931000000000000000e+03
8.330000000000000000e+02
2.900000000000000000e+02
3.270000000000000000e+02
2.130000000000000000e+02
2.520000000000000000e+02
3.710000000000000000e+02
5.070000000000000000e+02
6.070000000000000000e+02
7.350000000000000000e+02
8.140000000000000000e+02
7.780000000000000000e+02
8.620000000000000000e+02
1.018000000000000000e+03
1.143000000000000000e+03
1.157000000000000000e+03
1.267000000000000000e+03
1.365000000000000000e+03
1.426000000000000000e+03
1.412000000000000000e+03
1.314000000000000000e+03
1.431000000000000000e+03
1.342000000000000000e+03
1.390000000000000000e+03
1.283000000000000000e+03
1.455000000000000000e+03
1.345000000000000000e+03
1.331000000000000000e+03
1.992000000000000000e+03
1.578000000000000000e+03
1.540000000000000000e+03
1.380000000000000000e+03
1.333000000000000000e+03
1.093000000000000000e+03
1.188000000000000000e+03
1.143000000000000000e+03
1.207000000000000000e+03
1.445000000000000000e+03
1.128000000000000000e+03
1.094000000000000000e+03
1.184000000000000000e+03
1.049000000000000000e+03
1.086000000000000000e+03
1.074000000000000000e+03
1.038000000000000000e+03
1.030000000000000000e+03
9.230000000000000000e+02
9.280000000000000000e+02
9.310000000000000000e+02
9.310000000000000000e+02
8.820000000000000000e+02
8.540000000000000000e+02
8.600000000000000000e+02
8.600000000000000000e+02
8.120000000000000000e+02
8.300000000000000000e+02
8.410000000000000000e+02
8.920000000000000000e+02
9.210000000000000000e+02
9.220000000000000000e+02
9.260000000000000000e+02
9.580000000000000000e+02
9.670000000000000000e+02
1.007000000000000000e+03
9.840000000000000000e+02
1.031000000000000000e+03
1.032000000000000000e+03
9.670000000000000000e+02
1.062000000000000000e+03
9.990000000000000000e+02
1.029000000000000000e+03
9.320000000000000000e+02
9.290000000000000000e+02
9.130000000000000000e+02
8.340000000000000000e+02
8.430000000000000000e+02
8.450000000000000000e+02
8.500000000000000000e+02
8.550000000000000000e+02
8.270000000000000000e+02
7.680000000000000000e+02
8.100000000000000000e+02
8.590000000000000000e+02
8.210000000000000000e+02
8.500000000000000000e+02
8.840000000000000000e+02
9.410000000000000000e+02
1.058000000000000000e+03
1.033000000000000000e+03
1.049000000000000000e+03
1.079000000000000000e+03
1.055000000000000000e+03
1.074000000000000000e+03
1.074000000000000000e+03
1.122000000000000000e+03
1.117000000000000000e+03
1.016000000000000000e+03
9.800000000000000000e+02
1.027000000000000000e+03
1.034000000000000000e+03
1.007000000000000000e+03
1.103000000000000000e+03
9.830000000000000000e+02
1.020000000000000000e+03
1.055000000000000000e+03
1.011000000000000000e+03
9.660000000000000000e+02
1.030000000000000000e+03
1.030000000000000000e+03
9.080000000000000000e+02
8.770000000000000000e+02
9.240000000000000000e+02
8.860000000000000000e+02
8.660000000000000000e+02
8.080000000000000000e+02
7.710000000000000000e+02
7.690000000000000000e+02
7.590000000000000000e+02
7.620000000000000000e+02
7.330000000000000000e+02
7.260000000000000000e+02
7.280000000000000000e+02
7.470000000000000000e+02
6.680000000000000000e+02
7.060000000000000000e+02
7.500000000000000000e+02
7.160000000000000000e+02
7.060000000000000000e+02
6.810000000000000000e+02
7.030000000000000000e+02
7.330000000000000000e+02
6.700000000000000000e+02
7.110000000000000000e+02
7.030000000000000000e+02
6.910000000000000000e+02
7.230000000000000000e+02
6.930000000000000000e+02
7.120000000000000000e+02
7.460000000000000000e+02
7.620000000000000000e+02
7.620000000000000000e+02
8.230000000000000000e+02
8.130000000000000000e+02
7.810000000000000000e+02
8.710000000000000000e+02
8.430000000000000000e+02
8.610000000000000000e+02
8.640000000000000000e+02
9.530000000000000000e+02
9.380000000000000000e+02
8.790000000000000000e+02
9.700000000000000000e+02
9.300000000000000000e+02
9.030000000000000000e+02
9.680000000000000000e+02
9.800000000000000000e+02
9.550000000000000000e+02
9.450000000000000000e+02
1.002000000000000000e+03
1.028000000000000000e+03
1.029000000000000000e+03
9.840000000000000000e+02
1.009000000000000000e+03
9.710000000000000000e+02
9.400000000000000000e+02
9.990000000000000000e+02
9.780000000000000000e+02
1.037000000000000000e+03
9.870000000000000000e+02
9.790000000000000000e+02
9.000000000000000000e+02
9.770000000000000000e+02
9.180000000000000000e+02
8.810000000000000000e+02
9.110000000000000000e+02
9.260000000000000000e+02
9.130000000000000000e+02
8.920000000000000000e+02
8.720000000000000000e+02
8.440000000000000000e+02
8.530000000000000000e+02
8.620000000000000000e+02
8.590000000000000000e+02
8.590000000000000000e+02
8.230000000000000000e+02
8.700000000000000000e+02
8.670000000000000000e+02
8.510000000000000000e+02
8.500000000000000000e+02
8.350000000000000000e+02
8.430000000000000000e+02
8.000000000000000000e+02
8.080000000000000000e+02
7.600000000000000000e+02
7.450000000000000000e+02
7.500000000000000000e+02
7.230000000000000000e+02
7.300000000000000000e+02
7.690000000000000000e+02
7.170000000000000000e+02
7.350000000000000000e+02
6.600000000000000000e+02
6.940000000000000000e+02
6.780000000000000000e+02
6.570000000000000000e+02
6.250000000000000000e+02
5.780000000000000000e+02
6.270000000000000000e+02
5.530000000000000000e+02
5.920000000000000000e+02
5.500000000000000000e+02
5.610000000000000000e+02
5.450000000000000000e+02
5.450000000000000000e+02
5.450000000000000000e+02
5.680000000000000000e+02
5.550000000000000000e+02
5.000000000000000000e+02
5.220000000000000000e+02
5.070000000000000000e+02
4.960000000000000000e+02
4.800000000000000000e+02
4.940000000000000000e+02
5.220000000000000000e+02
4.680000000000000000e+02
5.010000000000000000e+02
5.130000000000000000e+02
4.850000000000000000e+02
4.740000000000000000e+02
4.770000000000000000e+02
4.500000000000000000e+02
4.970000000000000000e+02
4.600000000000000000e+02
4.630000000000000000e+02
5.080000000000000000e+02
5.500000000000000000e+02
5.650000000000000000e+02
5.370000000000000000e+02
5.550000000000000000e+02
5.650000000000000000e+02
5.610000000000000000e+02
6.010000000000000000e+02
7.190000000000000000e+02
7.020000000000000000e+02
3.833000000000000000e+03
1.266000000000000000e+03
1.834000000000000000e+03
4.740000000000000000e+03
1.654000000000000000e+03
2.874000000000000000e+03
3.622000000000000000e+03
1.919000000000000000e+03
4.827000000000000000e+03
8.910000000000000000e+02
1.502000000000000000e+03
1.384000000000000000e+03
3.380000000000000000e+02
2.860000000000000000e+02
3.020000000000000000e+02
