4.272000000000000000e+03
2.563000000000000000e+03
2.589000000000000000e+03
3.131000000000000000e+03
3.008000000000000000e+03
3.121000000000000000e+03
3.159000000000000000e+03
2.904000000000000000e+03
2.735000000000000000e+03
2.590000000000000000e+03
2.386000000000000000e+03
2.097000000000000000e+03
1.835000000000000000e+03
1.725000000000000000e+03
1.610000000000000000e+03
1.512000000000000000e+03
1.544000000000000000e+03
1.425000000000000000e+03
1.273000000000000000e+03
1.237000000000000000e+03
1.142000000000000000e+03
1.140000000000000000e+03
1.030000000000000000e+03
1.028000000000000000e+03
9.260000000000000000e+02
9.740000000000000000e+02
8.700000000000000000e+02
8.250000000000000000e+02
7.670000000000000000e+02
7.740000000000000000e+02
7.540000000000000000e+02
6.980000000000000000e+02
7.350000000000000000e+02
7.240000000000000000e+02
8.080000000000000000e+02
8.290000000000000000e+02
8.150000000000000000e+02
9.170000000000000000e+02
9.660000000000000000e+02
8.760000000000000000e+02
8.660000000000000000e+02
8.170000000000000000e+02
9.240000000000000000e+02
8.270000000000000000e+02
7.390000000000000000e+02
8.590000000000000000e+02
8.810000000000000000e+02
9.750000000000000000e+02
1.093000000000000000e+03
1.409000000000000000e+03
1.524400000000000000e+04
1.754000000000000000e+03
2.909000000000000000e+03
1.622000000000000000e+03
1.069000000000000000e+03
8.690000000000000000e+02
8.030000000000000000e+02
6.530000000000000000e+02
6.860000000000000000e+02
6.110000000000000000e+02
6.260000000000000000e+02
6.270000000000000000e+02
6.550000000000000000e+02
5.880000000000000000e+02
5.370000000000000000e+02
5.630000000000000000e+02
5.470000000000000000e+02
5.180000000000000000e+02
5.100000000000000000e+02
5.700000000000000000e+02
5.210000000000000000e+02
5.310000000000000000e+02
5.300000000000000000e+02
5.090000000000000000e+02
5.300000000000000000e+02
5.100000000000000000e+02
5.140000000000000000e+02
5.300000000000000000e+02
4.940000000000000000e+02
4.830000000000000000e+02
4.850000000000000000e+02
5.140000000000000000e+02
4.640000000000000000e+02
4.790000000000000000e+02
4.710000000000000000e+02
4.290000000000000000e+02
4.790000000000000000e+02
4.290000000000000000e+02
4.750000000000000000e+02
4.620000000000000000e+02
4.630000000000000000e+02
4.620000000000000000e+02
4.150000000000000000e+02
4.620000000000000000e+02
4.670000000000000000e+02
4.990000000000000000e+02
4.960000000000000000e+02
4.640000000000000000e+02
4.690000000000000000e+02
4.710000000000000000e+02
4.280000000000000000e+02
4.530000000000000000e+02
4.870000000000000000e+02
4.550000000000000000e+02
4.800000000000000000e+02
4.610000000000000000e+02
5.270000000000000000e+02
5.350000000000000000e+02
5.130000000000000000e+02
4.690000000000000000e+02
4.600000000000000000e+02
4.410000000000000000e+02
4.360000000000000000e+02
4.270000000000000000e+02
4.810000000000000000e+02
4.240000000000000000e+02
4.350000000000000000e+02
4.030000000000000000e+02
3.830000000000000000e+02
3.490000000000000000e+02
3.460000000000000000e+02
3.510000000000000000e+02
3.720000000000000000e+02
3.870000000000000000e+02
3.430000000000000000e+02
4.060000000000000000e+02
3.680000000000000000e+02
3.760000000000000000e+02
4.010000000000000000e+02
3.970000000000000000e+02
3.770000000000000000e+02
3.930000000000000000e+02
4.180000000000000000e+02
3.990000000000000000e+02
3.710000000000000000e+02
3.870000000000000000e+02
3.080000000000000000e+02
3.250000000000000000e+02
3.490000000000000000e+02
3.360000000000000000e+02
3.430000000000000000e+02
3.340000000000000000e+02
3.300000000000000000e+02
3.000000000000000000e+02
3.160000000000000000e+02
3.040000000000000000e+02
3.100000000000000000e+02
2.940000000000000000e+02
3.240000000000000000e+02
2.930000000000000000e+02
3.450000000000000000e+02
3.170000000000000000e+02
3.400000000000000000e+02
3.030000000000000000e+02
2.980000000000000000e+02
2.900000000000000000e+02
3.250000000000000000e+02
3.140000000000000000e+02
3.300000000000000000e+02
3.140000000000000000e+02
2.940000000000000000e+02
3.030000000000000000e+02
3.480000000000000000e+02
3.380000000000000000e+02
3.600000000000000000e+02
3.630000000000000000e+02
3.150000000000000000e+02
3.510000000000000000e+02
3.680000000000000000e+02
3.710000000000000000e+02
3.530000000000000000e+02
3.520000000000000000e+02
3.600000000000000000e+02
3.820000000000000000e+02
3.570000000000000000e+02
4.010000000000000000e+02
4.050000000000000000e+02
3.870000000000000000e+02
4.100000000000000000e+02
4.620000000000000000e+02
4.830000000000000000e+02
4.660000000000000000e+02
4.840000000000000000e+02
4.580000000000000000e+02
5.060000000000000000e+02
4.510000000000000000e+02
4.690000000000000000e+02
5.080000000000000000e+02
5.500000000000000000e+02
5.700000000000000000e+02
5.730000000000000000e+02
5.880000000000000000e+02
5.920000000000000000e+02
6.040000000000000000e+02
6.040000000000000000e+02
6.140000000000000000e+02
5.830000000000000000e+02
5.610000000000000000e+02
5.770000000000000000e+02
5.700000000000000000e+02
5.750000000000000000e+02
6.200000000000000000e+02
6.710000000000000000e+02
6.360000000000000000e+02
6.500000000000000000e+02
7.290000000000000000e+02
7.300000000000000000e+02
7.650000000000000000e+02
7.550000000000000000e+02
7.050000000000000000e+02
7.080000000000000000e+02
7.450000000000000000e+02
7.320000000000000000e+02
7.620000000000000000e+02
7.780000000000000000e+02
7.530000000000000000e+02
8.100000000000000000e+02
8.770000000000000000e+02
9.000000000000000000e+02
9.230000000000000000e+02
9.830000000000000000e+02
9.330000000000000000e+02
1.087000000000000000e+03
1.093000000000000000e+03
1.112000000000000000e+03
1.125000000000000000e+03
1.130000000000000000e+03
1.130000000000000000e+03
1.250000000000000000e+03
1.237000000000000000e+03
1.202000000000000000e+03
1.305000000000000000e+03
1.342000000000000000e+03
1.231000000000000000e+03
1.303000000000000000e+03
1.221000000000000000e+03
1.293000000000000000e+03
1.408000000000000000e+03
1.392000000000000000e+03
1.446000000000000000e+03
1.678000000000000000e+03
1.778000000000000000e+03
1.593000000000000000e+03
1.863000000000000000e+03
1.500000000000000000e+03
1.634000000000000000e+03
2.260000000000000000e+03
2.172000000000000000e+03
2.167000000000000000e+03
2.097000000000000000e+03
2.561000000000000000e+03
3.367000000000000000e+03
3.863000000000000000e+03
5.633000000000000000e+03
3.040000000000000000e+03
2.703000000000000000e+03
3.378000000000000000e+03
2.532000000000000000e+03
2.819000000000000000e+03
3.295000000000000000e+03
3.121000000000000000e+03
3.039000000000000000e+03
2.860000000000000000e+03
2.916000000000000000e+03
2.897000000000000000e+03
2.849000000000000000e+03
2.512000000000000000e+03
2.425000000000000000e+03
2.324000000000000000e+03
2.111000000000000000e+03
1.950000000000000000e+03
1.850000000000000000e+03
1.720000000000000000e+03
1.600000000000000000e+03
1.545000000000000000e+03
1.374000000000000000e+03
1.249000000000000000e+03
1.271000000000000000e+03
1.172000000000000000e+03
1.129000000000000000e+03
1.149000000000000000e+03
1.032000000000000000e+03
9.960000000000000000e+02
1.023000000000000000e+03
1.003000000000000000e+03
9.660000000000000000e+02
1.012000000000000000e+03
1.001000000000000000e+03
1.008000000000000000e+03
1.040000000000000000e+03
1.059000000000000000e+03
9.640000000000000000e+02
1.046000000000000000e+03
1.040000000000000000e+03
1.020000000000000000e+03
9.700000000000000000e+02
9.320000000000000000e+02
9.720000000000000000e+02
8.910000000000000000e+02
9.290000000000000000e+02
9.580000000000000000e+02
1.023000000000000000e+03
9.760000000000000000e+02
1.017000000000000000e+03
1.187000000000000000e+03
1.538000000000000000e+03
3.309000000000000000e+03
1.551900000000000000e+04
1.937000000000000000e+03
1.074000000000000000e+03
9.360000000000000000e+02
7.710000000000000000e+02
7.720000000000000000e+02
7.160000000000000000e+02
6.940000000000000000e+02
6.610000000000000000e+02
6.400000000000000000e+02
6.730000000000000000e+02
6.860000000000000000e+02
6.090000000000000000e+02
6.240000000000000000e+02
6.100000000000000000e+02
5.530000000000000000e+02
6.030000000000000000e+02
5.720000000000000000e+02
5.760000000000000000e+02
5.690000000000000000e+02
5.550000000000000000e+02
5.660000000000000000e+02
5.490000000000000000e+02
5.400000000000000000e+02
5.600000000000000000e+02
5.220000000000000000e+02
5.540000000000000000e+02
5.410000000000000000e+02
5.610000000000000000e+02
5.260000000000000000e+02
5.370000000000000000e+02
4.970000000000000000e+02
5.010000000000000000e+02
5.740000000000000000e+02
5.820000000000000000e+02
5.240000000000000000e+02
6.090000000000000000e+02
5.520000000000000000e+02
5.110000000000000000e+02
5.860000000000000000e+02
5.610000000000000000e+02
6.260000000000000000e+02
6.330000000000000000e+02
6.180000000000000000e+02
6.600000000000000000e+02
6.520000000000000000e+02
6.710000000000000000e+02
6.080000000000000000e+02
6.010000000000000000e+02
6.080000000000000000e+02
6.260000000000000000e+02
5.960000000000000000e+02
5.930000000000000000e+02
6.120000000000000000e+02
5.660000000000000000e+02
6.230000000000000000e+02
6.060000000000000000e+02
5.950000000000000000e+02
5.560000000000000000e+02
5.730000000000000000e+02
5.540000000000000000e+02
5.990000000000000000e+02
6.080000000000000000e+02
5.760000000000000000e+02
6.260000000000000000e+02
6.320000000000000000e+02
6.040000000000000000e+02
5.850000000000000000e+02
5.510000000000000000e+02
5.680000000000000000e+02
5.460000000000000000e+02
5.300000000000000000e+02
5.180000000000000000e+02
5.450000000000000000e+02
5.410000000000000000e+02
4.460000000000000000e+02
4.660000000000000000e+02
4.860000000000000000e+02
5.150000000000000000e+02
4.700000000000000000e+02
4.270000000000000000e+02
4.520000000000000000e+02
5.370000000000000000e+02
4.890000000000000000e+02
5.100000000000000000e+02
4.820000000000000000e+02
4.570000000000000000e+02
4.560000000000000000e+02
4.540000000000000000e+02
4.190000000000000000e+02
4.610000000000000000e+02
4.440000000000000000e+02
4.350000000000000000e+02
4.440000000000000000e+02
4.700000000000000000e+02
4.580000000000000000e+02
4.490000000000000000e+02
4.670000000000000000e+02
4.670000000000000000e+02
4.440000000000000000e+02
4.670000000000000000e+02
4.130000000000000000e+02
4.000000000000000000e+02
4.030000000000000000e+02
4.160000000000000000e+02
3.940000000000000000e+02
4.020000000000000000e+02
3.860000000000000000e+02
3.910000000000000000e+02
3.860000000000000000e+02
4.090000000000000000e+02
4.040000000000000000e+02
4.320000000000000000e+02
3.900000000000000000e+02
4.320000000000000000e+02
4.230000000000000000e+02
4.270000000000000000e+02
3.790000000000000000e+02
4.000000000000000000e+02
4.220000000000000000e+02
4.060000000000000000e+02
3.660000000000000000e+02
3.800000000000000000e+02
3.820000000000000000e+02
3.700000000000000000e+02
4.090000000000000000e+02
3.820000000000000000e+02
3.520000000000000000e+02
3.770000000000000000e+02
4.320000000000000000e+02
3.880000000000000000e+02
3.820000000000000000e+02
3.660000000000000000e+02
3.910000000000000000e+02
4.070000000000000000e+02
3.650000000000000000e+02
3.840000000000000000e+02
3.910000000000000000e+02
3.450000000000000000e+02
4.210000000000000000e+02
4.090000000000000000e+02
4.030000000000000000e+02
3.780000000000000000e+02
4.180000000000000000e+02
4.100000000000000000e+02
4.180000000000000000e+02
4.010000000000000000e+02
4.360000000000000000e+02
4.580000000000000000e+02
4.890000000000000000e+02
4.740000000000000000e+02
4.850000000000000000e+02
4.900000000000000000e+02
4.900000000000000000e+02
5.390000000000000000e+02
5.680000000000000000e+02
5.560000000000000000e+02
6.100000000000000000e+02
5.830000000000000000e+02
5.760000000000000000e+02
5.640000000000000000e+02
6.320000000000000000e+02
6.380000000000000000e+02
6.710000000000000000e+02
6.650000000000000000e+02
7.040000000000000000e+02
7.540000000000000000e+02
7.890000000000000000e+02
8.340000000000000000e+02
7.930000000000000000e+02
8.630000000000000000e+02
8.620000000000000000e+02
9.350000000000000000e+02
9.230000000000000000e+02
8.720000000000000000e+02
8.940000000000000000e+02
9.630000000000000000e+02
1.009000000000000000e+03
1.036000000000000000e+03
9.430000000000000000e+02
9.720000000000000000e+02
1.135000000000000000e+03
1.065000000000000000e+03
9.870000000000000000e+02
1.029000000000000000e+03
1.028000000000000000e+03
1.157000000000000000e+03
1.327000000000000000e+03
1.198000000000000000e+03
1.146000000000000000e+03
1.502000000000000000e+03
1.439000000000000000e+03
1.306000000000000000e+03
1.680000000000000000e+03
1.169000000000000000e+03
1.240000000000000000e+03
1.966000000000000000e+03
1.709000000000000000e+03
1.647000000000000000e+03
1.580000000000000000e+03
3.147000000000000000e+03
3.213000000000000000e+03
4.936000000000000000e+03
2.672000000000000000e+03
8.300000000000000000e+02
2.627000000000000000e+03
1.525000000000000000e+03
1.579000000000000000e+03
1.691000000000000000e+03
1.815000000000000000e+03
2.059000000000000000e+03
2.122000000000000000e+03
2.083000000000000000e+03
2.173000000000000000e+03
2.126000000000000000e+03
2.018000000000000000e+03
2.046000000000000000e+03
1.994000000000000000e+03
1.761000000000000000e+03
1.863000000000000000e+03
1.856000000000000000e+03
1.826000000000000000e+03
1.728000000000000000e+03
1.864000000000000000e+03
1.744000000000000000e+03
1.810000000000000000e+03
1.681000000000000000e+03
1.612000000000000000e+03
1.603000000000000000e+03
1.506000000000000000e+03
1.379000000000000000e+03
1.282000000000000000e+03
1.313000000000000000e+03
1.230000000000000000e+03
1.268000000000000000e+03
1.279000000000000000e+03
1.263000000000000000e+03
1.289000000000000000e+03
1.277000000000000000e+03
1.199000000000000000e+03
1.219000000000000000e+03
1.259000000000000000e+03
1.202000000000000000e+03
1.164000000000000000e+03
1.170000000000000000e+03
1.105000000000000000e+03
1.053000000000000000e+03
9.930000000000000000e+02
1.046000000000000000e+03
1.120000000000000000e+03
1.084000000000000000e+03
1.075000000000000000e+03
1.074000000000000000e+03
1.030000000000000000e+03
1.048000000000000000e+03
1.039000000000000000e+03
1.016000000000000000e+03
9.820000000000000000e+02
9.940000000000000000e+02
8.890000000000000000e+02
9.190000000000000000e+02
8.730000000000000000e+02
8.330000000000000000e+02
8.430000000000000000e+02
7.910000000000000000e+02
7.750000000000000000e+02
7.680000000000000000e+02
8.980000000000000000e+02
9.200000000000000000e+02
1.031000000000000000e+03
9.760000000000000000e+02
8.850000000000000000e+02
1.060000000000000000e+03
1.118000000000000000e+03
1.166000000000000000e+03
1.310000000000000000e+03
2.072000000000000000e+03
1.486400000000000000e+04
1.147000000000000000e+03
1.359000000000000000e+03
8.710000000000000000e+02
7.960000000000000000e+02
6.990000000000000000e+02
6.730000000000000000e+02
6.430000000000000000e+02
6.920000000000000000e+02
6.590000000000000000e+02
6.500000000000000000e+02
6.370000000000000000e+02
6.130000000000000000e+02
6.470000000000000000e+02
6.460000000000000000e+02
6.180000000000000000e+02
5.960000000000000000e+02
6.230000000000000000e+02
6.120000000000000000e+02
6.140000000000000000e+02
6.470000000000000000e+02
6.290000000000000000e+02
6.080000000000000000e+02
5.820000000000000000e+02
5.420000000000000000e+02
5.330000000000000000e+02
4.860000000000000000e+02
4.680000000000000000e+02
4.730000000000000000e+02
5.200000000000000000e+02
5.110000000000000000e+02
5.190000000000000000e+02
5.590000000000000000e+02
5.180000000000000000e+02
5.630000000000000000e+02
4.680000000000000000e+02
4.350000000000000000e+02
4.660000000000000000e+02
4.460000000000000000e+02
4.570000000000000000e+02
4.280000000000000000e+02
3.770000000000000000e+02
3.940000000000000000e+02
3.890000000000000000e+02
3.910000000000000000e+02
3.740000000000000000e+02
3.980000000000000000e+02
3.800000000000000000e+02
3.570000000000000000e+02
3.620000000000000000e+02
3.690000000000000000e+02
3.480000000000000000e+02
3.740000000000000000e+02
3.290000000000000000e+02
3.610000000000000000e+02
3.200000000000000000e+02
3.190000000000000000e+02
3.160000000000000000e+02
2.970000000000000000e+02
2.950000000000000000e+02
2.760000000000000000e+02
2.700000000000000000e+02
2.940000000000000000e+02
3.060000000000000000e+02
2.670000000000000000e+02
2.770000000000000000e+02
3.000000000000000000e+02
3.070000000000000000e+02
2.950000000000000000e+02
3.040000000000000000e+02
2.920000000000000000e+02
2.940000000000000000e+02
2.930000000000000000e+02
3.160000000000000000e+02
2.660000000000000000e+02
2.900000000000000000e+02
2.560000000000000000e+02
2.420000000000000000e+02
2.870000000000000000e+02
2.480000000000000000e+02
3.070000000000000000e+02
3.040000000000000000e+02
3.290000000000000000e+02
2.990000000000000000e+02
3.410000000000000000e+02
3.500000000000000000e+02
3.430000000000000000e+02
2.870000000000000000e+02
2.920000000000000000e+02
2.690000000000000000e+02
3.320000000000000000e+02
2.650000000000000000e+02
2.600000000000000000e+02
2.920000000000000000e+02
2.840000000000000000e+02
3.000000000000000000e+02
2.890000000000000000e+02
2.880000000000000000e+02
2.490000000000000000e+02
2.900000000000000000e+02
2.710000000000000000e+02
3.400000000000000000e+02
2.970000000000000000e+02
3.040000000000000000e+02
3.000000000000000000e+02
3.240000000000000000e+02
3.130000000000000000e+02
3.170000000000000000e+02
3.520000000000000000e+02
3.630000000000000000e+02
3.170000000000000000e+02
3.790000000000000000e+02
3.700000000000000000e+02
3.610000000000000000e+02
3.510000000000000000e+02
3.760000000000000000e+02
3.670000000000000000e+02
3.560000000000000000e+02
3.770000000000000000e+02
3.780000000000000000e+02
4.070000000000000000e+02
3.980000000000000000e+02
3.790000000000000000e+02
4.130000000000000000e+02
4.130000000000000000e+02
4.120000000000000000e+02
4.480000000000000000e+02
4.520000000000000000e+02
4.480000000000000000e+02
4.530000000000000000e+02
4.980000000000000000e+02
5.060000000000000000e+02
5.410000000000000000e+02
5.720000000000000000e+02
5.740000000000000000e+02
6.160000000000000000e+02
5.950000000000000000e+02
6.370000000000000000e+02
6.220000000000000000e+02
6.010000000000000000e+02
6.870000000000000000e+02
7.210000000000000000e+02
7.040000000000000000e+02
7.440000000000000000e+02
7.750000000000000000e+02
7.990000000000000000e+02
7.900000000000000000e+02
8.450000000000000000e+02
8.720000000000000000e+02
8.710000000000000000e+02
8.990000000000000000e+02
9.610000000000000000e+02
1.081000000000000000e+03
1.037000000000000000e+03
1.081000000000000000e+03
1.075000000000000000e+03
1.156000000000000000e+03
1.113000000000000000e+03
1.181000000000000000e+03
1.154000000000000000e+03
1.190000000000000000e+03
1.297000000000000000e+03
1.263000000000000000e+03
1.239000000000000000e+03
1.304000000000000000e+03
1.343000000000000000e+03
1.371000000000000000e+03
1.383000000000000000e+03
1.377000000000000000e+03
1.464000000000000000e+03
1.549000000000000000e+03
1.678000000000000000e+03
1.731000000000000000e+03
1.494000000000000000e+03
1.868000000000000000e+03
1.838000000000000000e+03
1.748000000000000000e+03
2.258000000000000000e+03
1.821000000000000000e+03
2.680000000000000000e+03
2.716000000000000000e+03
5.391000000000000000e+03
3.463000000000000000e+03
4.982000000000000000e+03
