2.899000000000000000e+03
1.882000000000000000e+03
3.006000000000000000e+03
4.683000000000000000e+03
5.416000000000000000e+03
8.934000000000000000e+03
6.649000000000000000e+03
6.450000000000000000e+03
5.118000000000000000e+03
3.895000000000000000e+03
3.129000000000000000e+03
3.203000000000000000e+03
3.058000000000000000e+03
2.553000000000000000e+03
2.422000000000000000e+03
1.885000000000000000e+03
1.569000000000000000e+03
1.319000000000000000e+03
1.243000000000000000e+03
1.276000000000000000e+03
1.157000000000000000e+03
1.043000000000000000e+03
9.210000000000000000e+02
9.230000000000000000e+02
8.980000000000000000e+02
9.170000000000000000e+02
8.480000000000000000e+02
8.570000000000000000e+02
8.050000000000000000e+02
8.620000000000000000e+02
8.830000000000000000e+02
8.520000000000000000e+02
9.220000000000000000e+02
9.050000000000000000e+02
9.510000000000000000e+02
8.640000000000000000e+02
7.270000000000000000e+02
6.610000000000000000e+02
5.830000000000000000e+02
5.660000000000000000e+02
5.130000000000000000e+02
5.350000000000000000e+02
4.490000000000000000e+02
4.820000000000000000e+02
4.820000000000000000e+02
4.800000000000000000e+02
4.860000000000000000e+02
4.610000000000000000e+02
4.910000000000000000e+02
4.490000000000000000e+02
5.060000000000000000e+02
5.040000000000000000e+02
5.180000000000000000e+02
5.270000000000000000e+02
5.320000000000000000e+02
5.540000000000000000e+02
6.420000000000000000e+02
6.800000000000000000e+02
6.580000000000000000e+02
6.390000000000000000e+02
6.890000000000000000e+02
7.160000000000000000e+02
8.090000000000000000e+02
7.710000000000000000e+02
8.300000000000000000e+02
8.060000000000000000e+02
8.060000000000000000e+02
8.300000000000000000e+02
9.140000000000000000e+02
8.750000000000000000e+02
9.460000000000000000e+02
9.750000000000000000e+02
1.001000000000000000e+03
1.005000000000000000e+03
1.074000000000000000e+03
1.052000000000000000e+03
1.057000000000000000e+03
1.066000000000000000e+03
1.115000000000000000e+03
1.079000000000000000e+03
1.233000000000000000e+03
1.218000000000000000e+03
1.238000000000000000e+03
1.249000000000000000e+03
1.235000000000000000e+03
1.220000000000000000e+03
1.272000000000000000e+03
1.271000000000000000e+03
1.271000000000000000e+03
1.259000000000000000e+03
1.231000000000000000e+03
1.208000000000000000e+03
1.205000000000000000e+03
1.220000000000000000e+03
1.236000000000000000e+03
1.217000000000000000e+03
1.122000000000000000e+03
1.143000000000000000e+03
1.168000000000000000e+03
1.141000000000000000e+03
1.229000000000000000e+03
1.134000000000000000e+03
1.172000000000000000e+03
1.134000000000000000e+03
1.157000000000000000e+03
1.118000000000000000e+03
1.156000000000000000e+03
1.113000000000000000e+03
1.213000000000000000e+03
1.192000000000000000e+03
1.187000000000000000e+03
1.324000000000000000e+03
1.312000000000000000e+03
1.342000000000000000e+03
1.376000000000000000e+03
1.272000000000000000e+03
1.272000000000000000e+03
1.185000000000000000e+03
1.336000000000000000e+03
1.522000000000000000e+03
1.530000000000000000e+03
1.371000000000000000e+03
1.324000000000000000e+03
1.220000000000000000e+03
1.107000000000000000e+03
1.117000000000000000e+03
1.115000000000000000e+03
9.900000000000000000e+02
8.760000000000000000e+02
7.810000000000000000e+02
7.160000000000000000e+02
6.590000000000000000e+02
7.050000000000000000e+02
7.210000000000000000e+02
6.310000000000000000e+02
6.720000000000000000e+02
6.280000000000000000e+02
6.480000000000000000e+02
5.770000000000000000e+02
6.470000000000000000e+02
5.850000000000000000e+02
5.800000000000000000e+02
5.310000000000000000e+02
5.600000000000000000e+02
5.520000000000000000e+02
5.720000000000000000e+02
5.690000000000000000e+02
5.450000000000000000e+02
4.970000000000000000e+02
5.270000000000000000e+02
5.320000000000000000e+02
5.230000000000000000e+02
5.700000000000000000e+02
6.180000000000000000e+02
6.730000000000000000e+02
6.780000000000000000e+02
7.840000000000000000e+02
8.620000000000000000e+02
8.400000000000000000e+02
9.050000000000000000e+02
1.075000000000000000e+03
1.119000000000000000e+03
1.276000000000000000e+03
1.410000000000000000e+03
1.504000000000000000e+03
1.555000000000000000e+03
1.587000000000000000e+03
1.846000000000000000e+03
2.080000000000000000e+03
2.330000000000000000e+03
2.256000000000000000e+03
2.029000000000000000e+03
1.684000000000000000e+03
1.260000000000000000e+03
9.100000000000000000e+02
7.670000000000000000e+02
5.950000000000000000e+02
4.470000000000000000e+02
3.880000000000000000e+02
3.750000000000000000e+02
3.220000000000000000e+02
3.280000000000000000e+02
3.430000000000000000e+02
3.450000000000000000e+02
3.300000000000000000e+02
3.290000000000000000e+02
3.430000000000000000e+02
3.530000000000000000e+02
3.920000000000000000e+02
3.670000000000000000e+02
4.310000000000000000e+02
4.060000000000000000e+02
4.520000000000000000e+02
4.090000000000000000e+02
4.950000000000000000e+02
4.920000000000000000e+02
5.160000000000000000e+02
5.400000000000000000e+02
4.990000000000000000e+02
4.730000000000000000e+02
4.590000000000000000e+02
5.280000000000000000e+02
5.390000000000000000e+02
5.430000000000000000e+02
5.260000000000000000e+02
5.250000000000000000e+02
4.600000000000000000e+02
4.230000000000000000e+02
4.100000000000000000e+02
3.740000000000000000e+02
4.240000000000000000e+02
3.880000000000000000e+02
3.190000000000000000e+02
2.590000000000000000e+02
2.110000000000000000e+02
1.640000000000000000e+02
1.430000000000000000e+02
1.340000000000000000e+02
1.020000000000000000e+02
1.000000000000000000e+02
9.700000000000000000e+01
1.320000000000000000e+02
1.040000000000000000e+02
1.080000000000000000e+02
8.500000000000000000e+01
9.400000000000000000e+01
6.900000000000000000e+01
5.800000000000000000e+01
7.300000000000000000e+01
6.000000000000000000e+01
5.600000000000000000e+01
5.200000000000000000e+01
4.800000000000000000e+01
5.000000000000000000e+01
6.100000000000000000e+01
4.500000000000000000e+01
4.700000000000000000e+01
4.800000000000000000e+01
5.400000000000000000e+01
4.600000000000000000e+01
4.300000000000000000e+01
4.200000000000000000e+01
3.400000000000000000e+01
4.400000000000000000e+01
4.700000000000000000e+01
7.000000000000000000e+01
3.800000000000000000e+01
4.500000000000000000e+01
5.600000000000000000e+01
4.100000000000000000e+01
3.700000000000000000e+01
2.400000000000000000e+01
1.300000000000000000e+01
6.000000000000000000e+00
5.000000000000000000e+00
0.000000000000000000e+00
7.570000000000000000e+02
1.398000000000000000e+03
2.587000000000000000e+03
3.937000000000000000e+03
3.732000000000000000e+03
6.296000000000000000e+03
4.133000000000000000e+03
2.948000000000000000e+03
2.462000000000000000e+03
2.473000000000000000e+03
2.071000000000000000e+03
1.720000000000000000e+03
1.673000000000000000e+03
1.453000000000000000e+03
1.634000000000000000e+03
1.656000000000000000e+03
1.832000000000000000e+03
1.771000000000000000e+03
2.509000000000000000e+03
1.665000000000000000e+03
2.024000000000000000e+03
1.734000000000000000e+03
1.498000000000000000e+03
1.490000000000000000e+03
1.510000000000000000e+03
1.356000000000000000e+03
1.624000000000000000e+03
1.505000000000000000e+03
1.584000000000000000e+03
1.615000000000000000e+03
1.404000000000000000e+03
1.575000000000000000e+03
1.199000000000000000e+03
1.022000000000000000e+03
1.023000000000000000e+03
8.190000000000000000e+02
9.040000000000000000e+02
8.640000000000000000e+02
8.430000000000000000e+02
9.050000000000000000e+02
9.040000000000000000e+02
8.420000000000000000e+02
8.660000000000000000e+02
8.780000000000000000e+02
8.890000000000000000e+02
9.160000000000000000e+02
8.430000000000000000e+02
8.170000000000000000e+02
9.220000000000000000e+02
9.360000000000000000e+02
1.056000000000000000e+03
1.020000000000000000e+03
8.580000000000000000e+02
7.500000000000000000e+02
6.470000000000000000e+02
5.660000000000000000e+02
4.920000000000000000e+02
4.610000000000000000e+02
4.170000000000000000e+02
4.150000000000000000e+02
4.060000000000000000e+02
4.000000000000000000e+02
3.870000000000000000e+02
4.080000000000000000e+02
4.350000000000000000e+02
3.980000000000000000e+02
4.400000000000000000e+02
4.480000000000000000e+02
4.540000000000000000e+02
4.790000000000000000e+02
5.020000000000000000e+02
4.780000000000000000e+02
4.870000000000000000e+02
4.840000000000000000e+02
5.490000000000000000e+02
5.450000000000000000e+02
5.660000000000000000e+02
6.360000000000000000e+02
6.730000000000000000e+02
6.200000000000000000e+02
6.910000000000000000e+02
7.000000000000000000e+02
6.640000000000000000e+02
6.780000000000000000e+02
7.840000000000000000e+02
7.670000000000000000e+02
8.180000000000000000e+02
8.220000000000000000e+02
8.710000000000000000e+02
8.150000000000000000e+02
8.740000000000000000e+02
9.730000000000000000e+02
9.660000000000000000e+02
1.001000000000000000e+03
1.023000000000000000e+03
9.600000000000000000e+02
1.038000000000000000e+03
1.069000000000000000e+03
1.097000000000000000e+03
1.146000000000000000e+03
1.084000000000000000e+03
1.167000000000000000e+03
1.123000000000000000e+03
1.112000000000000000e+03
1.159000000000000000e+03
1.171000000000000000e+03
1.188000000000000000e+03
1.215000000000000000e+03
1.236000000000000000e+03
1.298000000000000000e+03
1.285000000000000000e+03
1.379000000000000000e+03
1.535000000000000000e+03
1.571000000000000000e+03
1.577000000000000000e+03
1.675000000000000000e+03
1.632000000000000000e+03
1.552000000000000000e+03
1.742000000000000000e+03
1.834000000000000000e+03
1.896000000000000000e+03
1.937000000000000000e+03
1.689000000000000000e+03
1.684000000000000000e+03
1.544000000000000000e+03
1.512000000000000000e+03
1.401000000000000000e+03
1.413000000000000000e+03
1.342000000000000000e+03
1.337000000000000000e+03
1.191000000000000000e+03
1.274000000000000000e+03
1.201000000000000000e+03
1.178000000000000000e+03
1.157000000000000000e+03
1.154000000000000000e+03
1.081000000000000000e+03
1.017000000000000000e+03
1.004000000000000000e+03
1.062000000000000000e+03
1.060000000000000000e+03
1.020000000000000000e+03
9.920000000000000000e+02
1.069000000000000000e+03
9.750000000000000000e+02
9.100000000000000000e+02
9.710000000000000000e+02
9.300000000000000000e+02
8.750000000000000000e+02
9.140000000000000000e+02
8.570000000000000000e+02
8.930000000000000000e+02
8.720000000000000000e+02
9.860000000000000000e+02
1.024000000000000000e+03
9.830000000000000000e+02
1.111000000000000000e+03
1.215000000000000000e+03
1.093000000000000000e+03
1.136000000000000000e+03
1.198000000000000000e+03
1.218000000000000000e+03
1.271000000000000000e+03
1.514000000000000000e+03
1.535000000000000000e+03
1.688000000000000000e+03
1.615000000000000000e+03
1.899000000000000000e+03
2.151000000000000000e+03
2.483000000000000000e+03
2.336000000000000000e+03
2.090000000000000000e+03
1.758000000000000000e+03
1.317000000000000000e+03
1.001000000000000000e+03
8.160000000000000000e+02
6.700000000000000000e+02
5.130000000000000000e+02
4.180000000000000000e+02
3.520000000000000000e+02
3.460000000000000000e+02
3.630000000000000000e+02
3.390000000000000000e+02
3.650000000000000000e+02
3.710000000000000000e+02
3.560000000000000000e+02
3.350000000000000000e+02
3.440000000000000000e+02
3.410000000000000000e+02
3.340000000000000000e+02
3.110000000000000000e+02
3.550000000000000000e+02
3.840000000000000000e+02
3.430000000000000000e+02
3.530000000000000000e+02
3.830000000000000000e+02
3.500000000000000000e+02
3.700000000000000000e+02
3.420000000000000000e+02
3.470000000000000000e+02
4.010000000000000000e+02
3.400000000000000000e+02
4.120000000000000000e+02
4.550000000000000000e+02
5.210000000000000000e+02
5.180000000000000000e+02
5.140000000000000000e+02
5.250000000000000000e+02
5.280000000000000000e+02
4.540000000000000000e+02
4.720000000000000000e+02
4.770000000000000000e+02
4.760000000000000000e+02
5.410000000000000000e+02
5.160000000000000000e+02
5.060000000000000000e+02
4.570000000000000000e+02
3.860000000000000000e+02
3.910000000000000000e+02
4.120000000000000000e+02
3.620000000000000000e+02
2.490000000000000000e+02
2.180000000000000000e+02
1.700000000000000000e+02
1.580000000000000000e+02
1.340000000000000000e+02
1.420000000000000000e+02
1.230000000000000000e+02
8.700000000000000000e+01
8.200000000000000000e+01
6.200000000000000000e+01
7.500000000000000000e+01
6.200000000000000000e+01
6.000000000000000000e+01
5.400000000000000000e+01
5.600000000000000000e+01
4.900000000000000000e+01
5.100000000000000000e+01
6.900000000000000000e+01
6.100000000000000000e+01
4.900000000000000000e+01
5.600000000000000000e+01
5.200000000000000000e+01
3.800000000000000000e+01
4.900000000000000000e+01
4.400000000000000000e+01
5.100000000000000000e+01
3.500000000000000000e+01
5.200000000000000000e+01
5.100000000000000000e+01
5.700000000000000000e+01
6.200000000000000000e+01
5.800000000000000000e+01
3.400000000000000000e+01
3.100000000000000000e+01
3.300000000000000000e+01
4.153000000000000000e+03
2.153000000000000000e+03
3.211000000000000000e+03
4.341000000000000000e+03
3.999000000000000000e+03
5.816000000000000000e+03
3.731000000000000000e+03
4.038000000000000000e+03
3.920000000000000000e+03
3.945000000000000000e+03
3.819000000000000000e+03
4.129000000000000000e+03
3.306000000000000000e+03
3.124000000000000000e+03
2.870000000000000000e+03
2.702000000000000000e+03
2.622000000000000000e+03
2.562000000000000000e+03
2.519000000000000000e+03
2.364000000000000000e+03
2.409000000000000000e+03
2.442000000000000000e+03
2.253000000000000000e+03
2.108000000000000000e+03
2.082000000000000000e+03
1.884000000000000000e+03
1.877000000000000000e+03
1.669000000000000000e+03
1.883000000000000000e+03
1.709000000000000000e+03
1.435000000000000000e+03
1.486000000000000000e+03
1.760000000000000000e+03
1.587000000000000000e+03
2.288000000000000000e+03
1.576000000000000000e+03
2.181000000000000000e+03
2.123000000000000000e+03
1.824000000000000000e+03
1.665000000000000000e+03
1.565000000000000000e+03
1.445000000000000000e+03
1.296000000000000000e+03
1.162000000000000000e+03
1.166000000000000000e+03
1.224000000000000000e+03
1.231000000000000000e+03
1.104000000000000000e+03
1.083000000000000000e+03
1.492000000000000000e+03
1.071000000000000000e+03
9.360000000000000000e+02
7.640000000000000000e+02
6.910000000000000000e+02
6.930000000000000000e+02
6.170000000000000000e+02
5.990000000000000000e+02
6.080000000000000000e+02
6.690000000000000000e+02
7.370000000000000000e+02
8.520000000000000000e+02
9.500000000000000000e+02
1.078000000000000000e+03
1.334000000000000000e+03
1.242000000000000000e+03
1.068000000000000000e+03
1.150000000000000000e+03
1.098000000000000000e+03
1.182000000000000000e+03
1.100000000000000000e+03
1.076000000000000000e+03
1.092000000000000000e+03
9.280000000000000000e+02
8.560000000000000000e+02
8.170000000000000000e+02
6.820000000000000000e+02
6.170000000000000000e+02
6.510000000000000000e+02
5.520000000000000000e+02
5.240000000000000000e+02
4.280000000000000000e+02
4.140000000000000000e+02
3.870000000000000000e+02
3.900000000000000000e+02
4.230000000000000000e+02
4.200000000000000000e+02
4.030000000000000000e+02
4.310000000000000000e+02
3.770000000000000000e+02
3.560000000000000000e+02
3.610000000000000000e+02
3.810000000000000000e+02
3.170000000000000000e+02
3.100000000000000000e+02
3.180000000000000000e+02
3.270000000000000000e+02
2.910000000000000000e+02
2.990000000000000000e+02
3.000000000000000000e+02
2.670000000000000000e+02
2.780000000000000000e+02
3.110000000000000000e+02
3.500000000000000000e+02
3.080000000000000000e+02
3.780000000000000000e+02
4.120000000000000000e+02
4.240000000000000000e+02
4.960000000000000000e+02
5.860000000000000000e+02
6.120000000000000000e+02
6.720000000000000000e+02
6.250000000000000000e+02
6.480000000000000000e+02
6.580000000000000000e+02
7.080000000000000000e+02
8.020000000000000000e+02
8.790000000000000000e+02
8.670000000000000000e+02
8.380000000000000000e+02
8.000000000000000000e+02
8.460000000000000000e+02
7.990000000000000000e+02
8.680000000000000000e+02
6.930000000000000000e+02
6.410000000000000000e+02
5.110000000000000000e+02
4.880000000000000000e+02
4.850000000000000000e+02
4.310000000000000000e+02
4.990000000000000000e+02
4.990000000000000000e+02
5.500000000000000000e+02
5.360000000000000000e+02
5.260000000000000000e+02
5.770000000000000000e+02
5.550000000000000000e+02
5.870000000000000000e+02
5.290000000000000000e+02
4.990000000000000000e+02
4.770000000000000000e+02
5.200000000000000000e+02
5.110000000000000000e+02
4.660000000000000000e+02
5.310000000000000000e+02
5.310000000000000000e+02
4.910000000000000000e+02
6.030000000000000000e+02
6.230000000000000000e+02
6.240000000000000000e+02
6.840000000000000000e+02
8.080000000000000000e+02
8.410000000000000000e+02
8.640000000000000000e+02
9.670000000000000000e+02
1.027000000000000000e+03
1.002000000000000000e+03
1.124000000000000000e+03
1.094000000000000000e+03
1.150000000000000000e+03
1.164000000000000000e+03
1.225000000000000000e+03
1.250000000000000000e+03
1.395000000000000000e+03
1.462000000000000000e+03
1.474000000000000000e+03
1.548000000000000000e+03
1.637000000000000000e+03
1.770000000000000000e+03
1.971000000000000000e+03
2.177000000000000000e+03
2.064000000000000000e+03
1.894000000000000000e+03
1.556000000000000000e+03
1.150000000000000000e+03
8.900000000000000000e+02
7.330000000000000000e+02
6.050000000000000000e+02
4.100000000000000000e+02
3.890000000000000000e+02
3.580000000000000000e+02
3.080000000000000000e+02
3.240000000000000000e+02
3.310000000000000000e+02
3.650000000000000000e+02
3.390000000000000000e+02
3.440000000000000000e+02
3.370000000000000000e+02
3.640000000000000000e+02
3.560000000000000000e+02
3.640000000000000000e+02
3.660000000000000000e+02
3.480000000000000000e+02
3.410000000000000000e+02
2.880000000000000000e+02
3.030000000000000000e+02
2.980000000000000000e+02
2.610000000000000000e+02
2.760000000000000000e+02
2.840000000000000000e+02
2.900000000000000000e+02
2.700000000000000000e+02
3.060000000000000000e+02
2.630000000000000000e+02
2.600000000000000000e+02
2.960000000000000000e+02
3.280000000000000000e+02
3.030000000000000000e+02
3.350000000000000000e+02
3.610000000000000000e+02
3.310000000000000000e+02
3.580000000000000000e+02
4.020000000000000000e+02
4.270000000000000000e+02
3.960000000000000000e+02
4.640000000000000000e+02
5.080000000000000000e+02
5.380000000000000000e+02
5.150000000000000000e+02
4.730000000000000000e+02
4.640000000000000000e+02
4.540000000000000000e+02
4.750000000000000000e+02
4.400000000000000000e+02
4.690000000000000000e+02
4.100000000000000000e+02
4.260000000000000000e+02
4.730000000000000000e+02
4.690000000000000000e+02
4.100000000000000000e+02
3.630000000000000000e+02
3.910000000000000000e+02
3.070000000000000000e+02
2.180000000000000000e+02
1.890000000000000000e+02
1.810000000000000000e+02
1.490000000000000000e+02
1.440000000000000000e+02
1.100000000000000000e+02
1.020000000000000000e+02
8.400000000000000000e+01
7.400000000000000000e+01
6.700000000000000000e+01
5.400000000000000000e+01
5.600000000000000000e+01
6.400000000000000000e+01
5.000000000000000000e+01
5.300000000000000000e+01
6.000000000000000000e+01
5.400000000000000000e+01
4.300000000000000000e+01
6.100000000000000000e+01
6.400000000000000000e+01
4.500000000000000000e+01
7.300000000000000000e+01
4.800000000000000000e+01
1.870000000000000000e+02
