9.360000000000000000e+02
4.490000000000000000e+02
5.940000000000000000e+02
7.900000000000000000e+02
1.044000000000000000e+03
1.258000000000000000e+03
1.518000000000000000e+03
1.513000000000000000e+03
1.579000000000000000e+03
1.711000000000000000e+03
1.372000000000000000e+03
1.237000000000000000e+03
1.113000000000000000e+03
1.066000000000000000e+03
1.174000000000000000e+03
1.191000000000000000e+03
1.174000000000000000e+03
1.086000000000000000e+03
9.620000000000000000e+02
9.240000000000000000e+02
8.900000000000000000e+02
8.860000000000000000e+02
8.460000000000000000e+02
7.820000000000000000e+02
7.440000000000000000e+02
8.020000000000000000e+02
8.170000000000000000e+02
7.540000000000000000e+02
8.110000000000000000e+02
7.320000000000000000e+02
7.640000000000000000e+02
7.710000000000000000e+02
7.680000000000000000e+02
7.300000000000000000e+02
7.690000000000000000e+02
7.390000000000000000e+02
7.160000000000000000e+02
7.620000000000000000e+02
7.450000000000000000e+02
7.770000000000000000e+02
7.890000000000000000e+02
7.890000000000000000e+02
8.380000000000000000e+02
8.300000000000000000e+02
8.590000000000000000e+02
9.150000000000000000e+02
9.250000000000000000e+02
1.019000000000000000e+03
9.940000000000000000e+02
1.103000000000000000e+03
1.117000000000000000e+03
1.149000000000000000e+03
1.207000000000000000e+03
1.322000000000000000e+03
1.375000000000000000e+03
1.446000000000000000e+03
1.470000000000000000e+03
1.569000000000000000e+03
1.526000000000000000e+03
1.594000000000000000e+03
1.712000000000000000e+03
1.721000000000000000e+03
1.725000000000000000e+03
1.839000000000000000e+03
1.807000000000000000e+03
1.954000000000000000e+03
1.982000000000000000e+03
1.992000000000000000e+03
1.957000000000000000e+03
1.973000000000000000e+03
1.997000000000000000e+03
2.026000000000000000e+03
2.019000000000000000e+03
2.065000000000000000e+03
2.116000000000000000e+03
1.977000000000000000e+03
2.076000000000000000e+03
2.056000000000000000e+03
2.110000000000000000e+03
2.077000000000000000e+03
2.046000000000000000e+03
2.112000000000000000e+03
2.082000000000000000e+03
2.034000000000000000e+03
2.004000000000000000e+03
1.934000000000000000e+03
1.959000000000000000e+03
1.863000000000000000e+03
1.909000000000000000e+03
1.805000000000000000e+03
1.709000000000000000e+03
1.669000000000000000e+03
1.583000000000000000e+03
1.526000000000000000e+03
1.563000000000000000e+03
1.430000000000000000e+03
1.445000000000000000e+03
1.394000000000000000e+03
1.344000000000000000e+03
1.361000000000000000e+03
1.291000000000000000e+03
1.303000000000000000e+03
1.334000000000000000e+03
1.274000000000000000e+03
1.289000000000000000e+03
1.227000000000000000e+03
1.233000000000000000e+03
1.220000000000000000e+03
1.238000000000000000e+03
1.183000000000000000e+03
1.200000000000000000e+03
1.145000000000000000e+03
1.192000000000000000e+03
1.129000000000000000e+03
1.061000000000000000e+03
1.075000000000000000e+03
1.087000000000000000e+03
1.002000000000000000e+03
1.036000000000000000e+03
9.960000000000000000e+02
1.024000000000000000e+03
1.028000000000000000e+03
1.000000000000000000e+03
1.040000000000000000e+03
9.960000000000000000e+02
9.380000000000000000e+02
9.500000000000000000e+02
1.000000000000000000e+03
9.450000000000000000e+02
9.080000000000000000e+02
9.620000000000000000e+02
9.130000000000000000e+02
8.770000000000000000e+02
8.300000000000000000e+02
8.970000000000000000e+02
9.010000000000000000e+02
9.130000000000000000e+02
8.750000000000000000e+02
8.340000000000000000e+02
8.140000000000000000e+02
8.630000000000000000e+02
8.490000000000000000e+02
8.080000000000000000e+02
8.390000000000000000e+02
8.340000000000000000e+02
8.290000000000000000e+02
8.400000000000000000e+02
7.710000000000000000e+02
8.080000000000000000e+02
7.600000000000000000e+02
7.600000000000000000e+02
7.750000000000000000e+02
7.430000000000000000e+02
7.020000000000000000e+02
7.470000000000000000e+02
7.560000000000000000e+02
7.210000000000000000e+02
7.100000000000000000e+02
6.640000000000000000e+02
6.530000000000000000e+02
6.830000000000000000e+02
6.640000000000000000e+02
7.050000000000000000e+02
6.480000000000000000e+02
6.300000000000000000e+02
6.710000000000000000e+02
6.670000000000000000e+02
6.200000000000000000e+02
6.180000000000000000e+02
6.010000000000000000e+02
6.060000000000000000e+02
5.770000000000000000e+02
5.820000000000000000e+02
5.900000000000000000e+02
5.610000000000000000e+02
5.640000000000000000e+02
5.850000000000000000e+02
5.130000000000000000e+02
5.580000000000000000e+02
5.390000000000000000e+02
5.380000000000000000e+02
5.220000000000000000e+02
4.830000000000000000e+02
4.870000000000000000e+02
5.220000000000000000e+02
5.070000000000000000e+02
5.420000000000000000e+02
4.850000000000000000e+02
5.150000000000000000e+02
4.370000000000000000e+02
4.550000000000000000e+02
4.760000000000000000e+02
4.240000000000000000e+02
4.640000000000000000e+02
4.560000000000000000e+02
4.480000000000000000e+02
4.140000000000000000e+02
4.260000000000000000e+02
4.200000000000000000e+02
4.090000000000000000e+02
4.090000000000000000e+02
3.960000000000000000e+02
3.850000000000000000e+02
4.360000000000000000e+02
3.700000000000000000e+02
3.780000000000000000e+02
3.770000000000000000e+02
3.690000000000000000e+02
3.260000000000000000e+02
3.220000000000000000e+02
3.360000000000000000e+02
3.670000000000000000e+02
3.440000000000000000e+02
3.350000000000000000e+02
3.310000000000000000e+02
2.970000000000000000e+02
3.490000000000000000e+02
3.100000000000000000e+02
3.170000000000000000e+02
3.030000000000000000e+02
2.730000000000000000e+02
2.720000000000000000e+02
3.110000000000000000e+02
2.790000000000000000e+02
3.000000000000000000e+02
2.540000000000000000e+02
2.720000000000000000e+02
2.750000000000000000e+02
2.850000000000000000e+02
2.830000000000000000e+02
2.880000000000000000e+02
2.950000000000000000e+02
2.650000000000000000e+02
2.730000000000000000e+02
2.810000000000000000e+02
2.920000000000000000e+02
2.590000000000000000e+02
2.630000000000000000e+02
2.680000000000000000e+02
2.910000000000000000e+02
3.610000000000000000e+02
3.170000000000000000e+02
3.390000000000000000e+02
4.740000000000000000e+02
6.410000000000000000e+02
5.490000000000000000e+02
7.590000000000000000e+02
1.235000000000000000e+03
5.730000000000000000e+02
7.900000000000000000e+02
1.419000000000000000e+03
1.449000000000000000e+03
1.095000000000000000e+03
1.248000000000000000e+03
7.450000000000000000e+02
1.081000000000000000e+03
7.800000000000000000e+01
9.000000000000000000e+01
1.270000000000000000e+02
1.660000000000000000e+02
3.100000000000000000e+02
3.890000000000000000e+02
4.710000000000000000e+02
6.000000000000000000e+02
9.690000000000000000e+02
9.770000000000000000e+02
9.770000000000000000e+02
9.550000000000000000e+02
9.870000000000000000e+02
1.104000000000000000e+03
1.225000000000000000e+03
1.548000000000000000e+03
1.378000000000000000e+03
1.354000000000000000e+03
1.235000000000000000e+03
1.121000000000000000e+03
1.057000000000000000e+03
1.012000000000000000e+03
9.520000000000000000e+02
9.400000000000000000e+02
8.420000000000000000e+02
8.690000000000000000e+02
8.740000000000000000e+02
8.560000000000000000e+02
8.870000000000000000e+02
8.960000000000000000e+02
8.720000000000000000e+02
8.560000000000000000e+02
8.580000000000000000e+02
8.070000000000000000e+02
8.000000000000000000e+02
7.840000000000000000e+02
8.110000000000000000e+02
8.020000000000000000e+02
8.100000000000000000e+02
8.040000000000000000e+02
8.530000000000000000e+02
8.440000000000000000e+02
8.470000000000000000e+02
8.990000000000000000e+02
9.030000000000000000e+02
9.200000000000000000e+02
8.800000000000000000e+02
9.560000000000000000e+02
9.970000000000000000e+02
1.031000000000000000e+03
1.060000000000000000e+03
1.154000000000000000e+03
1.162000000000000000e+03
1.189000000000000000e+03
1.276000000000000000e+03
1.352000000000000000e+03
1.430000000000000000e+03
1.462000000000000000e+03
1.578000000000000000e+03
1.536000000000000000e+03
1.682000000000000000e+03
1.773000000000000000e+03
1.764000000000000000e+03
1.822000000000000000e+03
1.815000000000000000e+03
1.812000000000000000e+03
1.951000000000000000e+03
1.969000000000000000e+03
2.051000000000000000e+03
2.125000000000000000e+03
1.977000000000000000e+03
2.028000000000000000e+03
2.134000000000000000e+03
2.083000000000000000e+03
2.146000000000000000e+03
2.160000000000000000e+03
2.145000000000000000e+03
2.101000000000000000e+03
2.168000000000000000e+03
2.137000000000000000e+03
2.182000000000000000e+03
2.244000000000000000e+03
2.188000000000000000e+03
2.211000000000000000e+03
2.201000000000000000e+03
2.147000000000000000e+03
2.123000000000000000e+03
2.082000000000000000e+03
2.000000000000000000e+03
1.951000000000000000e+03
1.917000000000000000e+03
1.833000000000000000e+03
1.757000000000000000e+03
1.602000000000000000e+03
1.654000000000000000e+03
1.548000000000000000e+03
1.552000000000000000e+03
1.561000000000000000e+03
1.472000000000000000e+03
1.408000000000000000e+03
1.378000000000000000e+03
1.349000000000000000e+03
1.373000000000000000e+03
1.306000000000000000e+03
1.320000000000000000e+03
1.291000000000000000e+03
1.273000000000000000e+03
1.265000000000000000e+03
1.275000000000000000e+03
1.237000000000000000e+03
1.201000000000000000e+03
1.138000000000000000e+03
1.227000000000000000e+03
1.197000000000000000e+03
1.116000000000000000e+03
1.143000000000000000e+03
1.121000000000000000e+03
1.084000000000000000e+03
1.042000000000000000e+03
1.022000000000000000e+03
9.460000000000000000e+02
1.011000000000000000e+03
9.940000000000000000e+02
9.960000000000000000e+02
1.019000000000000000e+03
9.980000000000000000e+02
9.350000000000000000e+02
9.820000000000000000e+02
9.930000000000000000e+02
9.330000000000000000e+02
9.190000000000000000e+02
9.020000000000000000e+02
9.620000000000000000e+02
9.480000000000000000e+02
9.440000000000000000e+02
8.920000000000000000e+02
9.170000000000000000e+02
9.120000000000000000e+02
9.870000000000000000e+02
9.540000000000000000e+02
9.070000000000000000e+02
9.420000000000000000e+02
8.870000000000000000e+02
9.260000000000000000e+02
8.680000000000000000e+02
8.610000000000000000e+02
8.440000000000000000e+02
8.390000000000000000e+02
8.380000000000000000e+02
8.110000000000000000e+02
8.260000000000000000e+02
8.240000000000000000e+02
8.090000000000000000e+02
8.130000000000000000e+02
8.030000000000000000e+02
7.900000000000000000e+02
7.880000000000000000e+02
7.520000000000000000e+02
7.470000000000000000e+02
6.880000000000000000e+02
7.320000000000000000e+02
7.700000000000000000e+02
7.180000000000000000e+02
7.240000000000000000e+02
6.780000000000000000e+02
7.000000000000000000e+02
6.260000000000000000e+02
6.430000000000000000e+02
6.300000000000000000e+02
6.570000000000000000e+02
6.090000000000000000e+02
6.690000000000000000e+02
6.220000000000000000e+02
6.300000000000000000e+02
5.880000000000000000e+02
6.270000000000000000e+02
6.020000000000000000e+02
5.880000000000000000e+02
5.780000000000000000e+02
5.520000000000000000e+02
6.000000000000000000e+02
5.770000000000000000e+02
5.790000000000000000e+02
5.230000000000000000e+02
5.630000000000000000e+02
6.030000000000000000e+02
5.360000000000000000e+02
4.840000000000000000e+02
5.090000000000000000e+02
5.180000000000000000e+02
4.940000000000000000e+02
5.050000000000000000e+02
4.810000000000000000e+02
4.430000000000000000e+02
4.450000000000000000e+02
4.650000000000000000e+02
4.480000000000000000e+02
4.320000000000000000e+02
4.170000000000000000e+02
4.030000000000000000e+02
4.050000000000000000e+02
4.040000000000000000e+02
3.710000000000000000e+02
3.780000000000000000e+02
3.790000000000000000e+02
3.820000000000000000e+02
3.570000000000000000e+02
3.300000000000000000e+02
3.210000000000000000e+02
3.180000000000000000e+02
3.580000000000000000e+02
3.100000000000000000e+02
3.410000000000000000e+02
3.210000000000000000e+02
3.200000000000000000e+02
3.120000000000000000e+02
3.040000000000000000e+02
3.180000000000000000e+02
2.990000000000000000e+02
2.850000000000000000e+02
3.010000000000000000e+02
3.100000000000000000e+02
2.960000000000000000e+02
2.840000000000000000e+02
2.570000000000000000e+02
2.450000000000000000e+02
2.490000000000000000e+02
2.370000000000000000e+02
2.260000000000000000e+02
2.310000000000000000e+02
2.370000000000000000e+02
2.250000000000000000e+02
2.190000000000000000e+02
2.380000000000000000e+02
2.230000000000000000e+02
2.310000000000000000e+02
1.910000000000000000e+02
1.920000000000000000e+02
2.060000000000000000e+02
1.700000000000000000e+02
1.950000000000000000e+02
2.380000000000000000e+02
2.330000000000000000e+02
2.010000000000000000e+02
2.080000000000000000e+02
2.160000000000000000e+02
3.260000000000000000e+02
5.270000000000000000e+02
5.370000000000000000e+02
1.174000000000000000e+03
1.035000000000000000e+03
2.460000000000000000e+03
1.839000000000000000e+03
1.404000000000000000e+03
8.570000000000000000e+02
6.810000000000000000e+02
1.500000000000000000e+01
1.000000000000000000e+00
1.000000000000000000e+00
5.000000000000000000e+00
3.000000000000000000e+00
1.400000000000000000e+01
1.600000000000000000e+01
3.100000000000000000e+01
5.100000000000000000e+01
1.040000000000000000e+02
1.630000000000000000e+02
1.610000000000000000e+02
3.080000000000000000e+02
3.640000000000000000e+02
5.710000000000000000e+02
5.490000000000000000e+02
6.560000000000000000e+02
6.200000000000000000e+02
5.500000000000000000e+02
6.540000000000000000e+02
5.390000000000000000e+02
5.230000000000000000e+02
5.870000000000000000e+02
6.130000000000000000e+02
6.700000000000000000e+02
7.700000000000000000e+02
7.810000000000000000e+02
7.440000000000000000e+02
7.910000000000000000e+02
7.140000000000000000e+02
7.930000000000000000e+02
8.400000000000000000e+02
8.950000000000000000e+02
9.610000000000000000e+02
1.022000000000000000e+03
1.083000000000000000e+03
1.172000000000000000e+03
1.144000000000000000e+03
1.106000000000000000e+03
1.124000000000000000e+03
1.125000000000000000e+03
1.127000000000000000e+03
1.157000000000000000e+03
1.161000000000000000e+03
1.127000000000000000e+03
1.123000000000000000e+03
1.173000000000000000e+03
1.102000000000000000e+03
1.116000000000000000e+03
1.105000000000000000e+03
1.120000000000000000e+03
1.074000000000000000e+03
1.105000000000000000e+03
1.123000000000000000e+03
1.106000000000000000e+03
1.165000000000000000e+03
1.139000000000000000e+03
1.150000000000000000e+03
1.189000000000000000e+03
1.182000000000000000e+03
1.174000000000000000e+03
1.176000000000000000e+03
1.202000000000000000e+03
1.171000000000000000e+03
1.091000000000000000e+03
1.145000000000000000e+03
1.135000000000000000e+03
1.139000000000000000e+03
1.161000000000000000e+03
1.180000000000000000e+03
1.188000000000000000e+03
1.201000000000000000e+03
1.235000000000000000e+03
1.253000000000000000e+03
1.269000000000000000e+03
1.317000000000000000e+03
1.329000000000000000e+03
1.421000000000000000e+03
1.426000000000000000e+03
1.453000000000000000e+03
1.610000000000000000e+03
1.504000000000000000e+03
1.576000000000000000e+03
1.584000000000000000e+03
1.624000000000000000e+03
1.617000000000000000e+03
1.672000000000000000e+03
1.657000000000000000e+03
1.779000000000000000e+03
1.741000000000000000e+03
1.794000000000000000e+03
1.867000000000000000e+03
1.840000000000000000e+03
1.909000000000000000e+03
1.867000000000000000e+03
1.949000000000000000e+03
1.899000000000000000e+03
1.909000000000000000e+03
1.945000000000000000e+03
1.950000000000000000e+03
1.911000000000000000e+03
1.903000000000000000e+03
1.959000000000000000e+03
2.030000000000000000e+03
1.953000000000000000e+03
2.035000000000000000e+03
2.009000000000000000e+03
1.933000000000000000e+03
1.978000000000000000e+03
2.046000000000000000e+03
2.005000000000000000e+03
1.938000000000000000e+03
1.910000000000000000e+03
1.851000000000000000e+03
1.954000000000000000e+03
1.818000000000000000e+03
1.844000000000000000e+03
1.844000000000000000e+03
1.719000000000000000e+03
1.726000000000000000e+03
1.638000000000000000e+03
1.569000000000000000e+03
1.579000000000000000e+03
1.529000000000000000e+03
1.483000000000000000e+03
1.452000000000000000e+03
1.449000000000000000e+03
1.370000000000000000e+03
1.324000000000000000e+03
1.387000000000000000e+03
1.364000000000000000e+03
1.321000000000000000e+03
1.228000000000000000e+03
1.252000000000000000e+03
1.208000000000000000e+03
1.304000000000000000e+03
1.193000000000000000e+03
1.119000000000000000e+03
1.250000000000000000e+03
1.097000000000000000e+03
1.130000000000000000e+03
1.080000000000000000e+03
1.104000000000000000e+03
1.052000000000000000e+03
9.790000000000000000e+02
1.011000000000000000e+03
9.490000000000000000e+02
1.009000000000000000e+03
9.160000000000000000e+02
9.260000000000000000e+02
9.330000000000000000e+02
9.420000000000000000e+02
8.960000000000000000e+02
9.630000000000000000e+02
8.650000000000000000e+02
8.240000000000000000e+02
8.260000000000000000e+02
8.020000000000000000e+02
7.820000000000000000e+02
7.720000000000000000e+02
8.080000000000000000e+02
7.460000000000000000e+02
7.570000000000000000e+02
7.170000000000000000e+02
7.710000000000000000e+02
7.560000000000000000e+02
7.460000000000000000e+02
6.670000000000000000e+02
6.720000000000000000e+02
6.450000000000000000e+02
6.860000000000000000e+02
6.570000000000000000e+02
6.660000000000000000e+02
6.600000000000000000e+02
6.610000000000000000e+02
6.330000000000000000e+02
6.140000000000000000e+02
5.640000000000000000e+02
5.890000000000000000e+02
6.250000000000000000e+02
6.260000000000000000e+02
5.630000000000000000e+02
5.640000000000000000e+02
5.410000000000000000e+02
5.270000000000000000e+02
5.570000000000000000e+02
5.770000000000000000e+02
5.120000000000000000e+02
5.370000000000000000e+02
5.290000000000000000e+02
5.100000000000000000e+02
5.120000000000000000e+02
5.170000000000000000e+02
4.940000000000000000e+02
5.270000000000000000e+02
5.260000000000000000e+02
5.100000000000000000e+02
5.120000000000000000e+02
5.030000000000000000e+02
4.810000000000000000e+02
4.960000000000000000e+02
4.360000000000000000e+02
4.690000000000000000e+02
4.610000000000000000e+02
4.670000000000000000e+02
4.810000000000000000e+02
4.900000000000000000e+02
4.190000000000000000e+02
4.320000000000000000e+02
4.410000000000000000e+02
4.300000000000000000e+02
3.930000000000000000e+02
4.340000000000000000e+02
4.270000000000000000e+02
4.310000000000000000e+02
3.790000000000000000e+02
3.460000000000000000e+02
3.880000000000000000e+02
3.680000000000000000e+02
3.670000000000000000e+02
3.970000000000000000e+02
3.400000000000000000e+02
3.410000000000000000e+02
3.080000000000000000e+02
2.960000000000000000e+02
3.070000000000000000e+02
3.050000000000000000e+02
3.190000000000000000e+02
2.900000000000000000e+02
2.960000000000000000e+02
3.100000000000000000e+02
2.830000000000000000e+02
2.590000000000000000e+02
2.370000000000000000e+02
2.730000000000000000e+02
2.650000000000000000e+02
2.630000000000000000e+02
2.250000000000000000e+02
2.340000000000000000e+02
2.360000000000000000e+02
2.760000000000000000e+02
2.710000000000000000e+02
2.400000000000000000e+02
2.650000000000000000e+02
2.890000000000000000e+02
2.740000000000000000e+02
3.120000000000000000e+02
3.810000000000000000e+02
4.330000000000000000e+02
4.780000000000000000e+02
5.440000000000000000e+02
7.100000000000000000e+02
8.020000000000000000e+02
1.804000000000000000e+03
2.659000000000000000e+03
3.078000000000000000e+03
