1.916000000000000000e+03
1.308000000000000000e+03
1.990000000000000000e+03
2.101000000000000000e+03
2.010000000000000000e+03
1.976000000000000000e+03
1.939000000000000000e+03
1.981000000000000000e+03
1.805000000000000000e+03
1.821000000000000000e+03
1.740000000000000000e+03
1.584000000000000000e+03
1.541000000000000000e+03
1.525000000000000000e+03
1.580000000000000000e+03
1.563000000000000000e+03
1.525000000000000000e+03
1.489000000000000000e+03
1.543000000000000000e+03
1.457000000000000000e+03
1.513000000000000000e+03
1.529000000000000000e+03
1.462000000000000000e+03
1.429000000000000000e+03
1.438000000000000000e+03
1.431000000000000000e+03
1.400000000000000000e+03
1.422000000000000000e+03
1.359000000000000000e+03
1.294000000000000000e+03
1.347000000000000000e+03
1.394000000000000000e+03
1.347000000000000000e+03
1.288000000000000000e+03
1.317000000000000000e+03
1.288000000000000000e+03
1.253000000000000000e+03
1.247000000000000000e+03
1.228000000000000000e+03
1.240000000000000000e+03
1.237000000000000000e+03
1.205000000000000000e+03
1.209000000000000000e+03
1.206000000000000000e+03
1.160000000000000000e+03
1.105000000000000000e+03
1.079000000000000000e+03
1.048000000000000000e+03
1.036000000000000000e+03
1.062000000000000000e+03
1.015000000000000000e+03
1.012000000000000000e+03
1.014000000000000000e+03
9.810000000000000000e+02
9.610000000000000000e+02
9.680000000000000000e+02
9.920000000000000000e+02
9.870000000000000000e+02
9.530000000000000000e+02
1.007000000000000000e+03
9.930000000000000000e+02
1.013000000000000000e+03
9.720000000000000000e+02
9.870000000000000000e+02
1.037000000000000000e+03
9.490000000000000000e+02
9.440000000000000000e+02
9.650000000000000000e+02
9.150000000000000000e+02
8.710000000000000000e+02
9.170000000000000000e+02
9.040000000000000000e+02
8.810000000000000000e+02
8.290000000000000000e+02
7.920000000000000000e+02
7.500000000000000000e+02
7.350000000000000000e+02
7.520000000000000000e+02
6.740000000000000000e+02
6.740000000000000000e+02
7.200000000000000000e+02
6.560000000000000000e+02
6.510000000000000000e+02
6.040000000000000000e+02
5.470000000000000000e+02
5.910000000000000000e+02
5.550000000000000000e+02
5.070000000000000000e+02
5.020000000000000000e+02
4.940000000000000000e+02
4.940000000000000000e+02
4.830000000000000000e+02
4.700000000000000000e+02
4.700000000000000000e+02
4.770000000000000000e+02
4.520000000000000000e+02
4.220000000000000000e+02
4.460000000000000000e+02
4.410000000000000000e+02
4.500000000000000000e+02
4.380000000000000000e+02
4.270000000000000000e+02
4.280000000000000000e+02
4.620000000000000000e+02
4.420000000000000000e+02
4.550000000000000000e+02
4.450000000000000000e+02
4.840000000000000000e+02
4.590000000000000000e+02
4.030000000000000000e+02
4.650000000000000000e+02
4.350000000000000000e+02
4.490000000000000000e+02
4.500000000000000000e+02
5.040000000000000000e+02
4.240000000000000000e+02
4.710000000000000000e+02
4.340000000000000000e+02
4.610000000000000000e+02
4.380000000000000000e+02
3.990000000000000000e+02
4.380000000000000000e+02
4.140000000000000000e+02
4.300000000000000000e+02
4.280000000000000000e+02
4.490000000000000000e+02
4.710000000000000000e+02
4.730000000000000000e+02
4.540000000000000000e+02
4.630000000000000000e+02
4.580000000000000000e+02
4.700000000000000000e+02
4.610000000000000000e+02
4.480000000000000000e+02
4.800000000000000000e+02
4.480000000000000000e+02
5.050000000000000000e+02
5.000000000000000000e+02
5.030000000000000000e+02
5.590000000000000000e+02
5.420000000000000000e+02
6.230000000000000000e+02
5.570000000000000000e+02
6.090000000000000000e+02
5.600000000000000000e+02
5.470000000000000000e+02
5.680000000000000000e+02
5.650000000000000000e+02
5.680000000000000000e+02
5.960000000000000000e+02
5.360000000000000000e+02
6.150000000000000000e+02
6.170000000000000000e+02
6.310000000000000000e+02
6.650000000000000000e+02
6.770000000000000000e+02
6.490000000000000000e+02
7.070000000000000000e+02
7.350000000000000000e+02
7.550000000000000000e+02
7.660000000000000000e+02
7.930000000000000000e+02
7.730000000000000000e+02
8.180000000000000000e+02
9.120000000000000000e+02
9.460000000000000000e+02
9.850000000000000000e+02
1.025000000000000000e+03
1.115000000000000000e+03
1.064000000000000000e+03
1.117000000000000000e+03
1.162000000000000000e+03
1.278000000000000000e+03
1.320000000000000000e+03
1.330000000000000000e+03
1.329000000000000000e+03
1.513000000000000000e+03
1.538000000000000000e+03
1.606000000000000000e+03
1.671000000000000000e+03
1.708000000000000000e+03
1.746000000000000000e+03
1.840000000000000000e+03
1.940000000000000000e+03
2.041000000000000000e+03
2.012000000000000000e+03
2.175000000000000000e+03
2.213000000000000000e+03
2.176000000000000000e+03
2.254000000000000000e+03
2.321000000000000000e+03
2.311000000000000000e+03
2.270000000000000000e+03
2.257000000000000000e+03
2.131000000000000000e+03
2.126000000000000000e+03
2.104000000000000000e+03
1.913000000000000000e+03
1.798000000000000000e+03
1.606000000000000000e+03
1.480000000000000000e+03
1.451000000000000000e+03
1.395000000000000000e+03
1.227000000000000000e+03
1.160000000000000000e+03
1.070000000000000000e+03
1.063000000000000000e+03
9.360000000000000000e+02
9.020000000000000000e+02
7.420000000000000000e+02
7.230000000000000000e+02
7.060000000000000000e+02
7.630000000000000000e+02
7.930000000000000000e+02
8.050000000000000000e+02
7.430000000000000000e+02
6.840000000000000000e+02
5.890000000000000000e+02
4.900000000000000000e+02
5.790000000000000000e+02
5.350000000000000000e+02
4.610000000000000000e+02
4.990000000000000000e+02
5.800000000000000000e+02
6.120000000000000000e+02
6.500000000000000000e+02
7.390000000000000000e+02
1.055000000000000000e+03
9.850000000000000000e+02
9.660000000000000000e+02
9.180000000000000000e+02
1.086000000000000000e+03
1.295000000000000000e+03
1.242000000000000000e+03
1.518000000000000000e+03
7.190000000000000000e+02
6.220000000000000000e+02
4.230000000000000000e+02
1.890000000000000000e+02
1.400000000000000000e+02
1.090000000000000000e+02
7.100000000000000000e+01
6.400000000000000000e+01
7.400000000000000000e+01
7.700000000000000000e+01
6.400000000000000000e+01
5.400000000000000000e+01
7.500000000000000000e+01
6.700000000000000000e+01
8.400000000000000000e+01
7.600000000000000000e+01
7.900000000000000000e+01
7.800000000000000000e+01
4.300000000000000000e+01
4.300000000000000000e+01
1.400000000000000000e+01
3.480000000000000000e+02
6.100000000000000000e+02
1.350000000000000000e+03
1.274000000000000000e+03
1.033000000000000000e+03
1.000000000000000000e+03
1.064000000000000000e+03
1.160000000000000000e+03
1.167000000000000000e+03
1.272000000000000000e+03
1.272000000000000000e+03
1.263000000000000000e+03
1.191000000000000000e+03
1.116000000000000000e+03
1.180000000000000000e+03
1.261000000000000000e+03
1.235000000000000000e+03
1.221000000000000000e+03
1.245000000000000000e+03
1.191000000000000000e+03
1.169000000000000000e+03
1.248000000000000000e+03
1.154000000000000000e+03
1.097000000000000000e+03
9.610000000000000000e+02
1.053000000000000000e+03
1.022000000000000000e+03
9.650000000000000000e+02
1.030000000000000000e+03
9.580000000000000000e+02
1.030000000000000000e+03
1.039000000000000000e+03
1.074000000000000000e+03
1.041000000000000000e+03
1.060000000000000000e+03
1.026000000000000000e+03
1.070000000000000000e+03
1.072000000000000000e+03
1.054000000000000000e+03
9.700000000000000000e+02
1.011000000000000000e+03
1.042000000000000000e+03
1.043000000000000000e+03
1.043000000000000000e+03
1.051000000000000000e+03
1.024000000000000000e+03
1.083000000000000000e+03
1.107000000000000000e+03
1.069000000000000000e+03
1.096000000000000000e+03
1.085000000000000000e+03
1.154000000000000000e+03
1.138000000000000000e+03
1.110000000000000000e+03
1.117000000000000000e+03
1.136000000000000000e+03
1.082000000000000000e+03
1.150000000000000000e+03
1.150000000000000000e+03
1.167000000000000000e+03
1.206000000000000000e+03
1.191000000000000000e+03
1.196000000000000000e+03
1.295000000000000000e+03
1.240000000000000000e+03
1.207000000000000000e+03
1.265000000000000000e+03
1.219000000000000000e+03
1.126000000000000000e+03
1.130000000000000000e+03
1.067000000000000000e+03
1.077000000000000000e+03
1.031000000000000000e+03
1.008000000000000000e+03
1.001000000000000000e+03
9.260000000000000000e+02
8.490000000000000000e+02
8.500000000000000000e+02
8.430000000000000000e+02
8.520000000000000000e+02
8.280000000000000000e+02
8.160000000000000000e+02
7.690000000000000000e+02
8.040000000000000000e+02
8.180000000000000000e+02
7.960000000000000000e+02
7.570000000000000000e+02
7.640000000000000000e+02
7.560000000000000000e+02
7.710000000000000000e+02
7.330000000000000000e+02
7.520000000000000000e+02
7.160000000000000000e+02
7.240000000000000000e+02
7.710000000000000000e+02
7.260000000000000000e+02
7.770000000000000000e+02
7.550000000000000000e+02
7.310000000000000000e+02
7.250000000000000000e+02
7.330000000000000000e+02
6.660000000000000000e+02
6.920000000000000000e+02
6.460000000000000000e+02
6.440000000000000000e+02
6.610000000000000000e+02
6.240000000000000000e+02
6.120000000000000000e+02
6.020000000000000000e+02
5.970000000000000000e+02
5.790000000000000000e+02
6.670000000000000000e+02
6.140000000000000000e+02
5.550000000000000000e+02
5.890000000000000000e+02
5.900000000000000000e+02
5.690000000000000000e+02
5.820000000000000000e+02
5.810000000000000000e+02
5.610000000000000000e+02
5.820000000000000000e+02
5.570000000000000000e+02
5.420000000000000000e+02
5.370000000000000000e+02
6.300000000000000000e+02
6.110000000000000000e+02
5.660000000000000000e+02
5.330000000000000000e+02
5.420000000000000000e+02
5.900000000000000000e+02
5.710000000000000000e+02
6.310000000000000000e+02
5.550000000000000000e+02
5.800000000000000000e+02
5.760000000000000000e+02
5.400000000000000000e+02
5.790000000000000000e+02
5.930000000000000000e+02
5.440000000000000000e+02
5.490000000000000000e+02
5.900000000000000000e+02
6.290000000000000000e+02
6.290000000000000000e+02
5.900000000000000000e+02
5.990000000000000000e+02
5.620000000000000000e+02
6.000000000000000000e+02
6.590000000000000000e+02
6.560000000000000000e+02
6.520000000000000000e+02
6.700000000000000000e+02
7.280000000000000000e+02
7.160000000000000000e+02
8.040000000000000000e+02
8.660000000000000000e+02
8.620000000000000000e+02
9.260000000000000000e+02
9.610000000000000000e+02
9.780000000000000000e+02
1.025000000000000000e+03
1.074000000000000000e+03
1.082000000000000000e+03
1.093000000000000000e+03
1.151000000000000000e+03
1.140000000000000000e+03
1.241000000000000000e+03
1.299000000000000000e+03
1.384000000000000000e+03
1.460000000000000000e+03
1.511000000000000000e+03
1.616000000000000000e+03
1.641000000000000000e+03
1.780000000000000000e+03
1.738000000000000000e+03
1.801000000000000000e+03
1.937000000000000000e+03
2.021000000000000000e+03
2.026000000000000000e+03
2.152000000000000000e+03
2.136000000000000000e+03
2.286000000000000000e+03
2.348000000000000000e+03
2.315000000000000000e+03
2.435000000000000000e+03
2.356000000000000000e+03
2.377000000000000000e+03
2.358000000000000000e+03
2.351000000000000000e+03
2.246000000000000000e+03
2.089000000000000000e+03
1.982000000000000000e+03
1.868000000000000000e+03
1.694000000000000000e+03
1.588000000000000000e+03
1.458000000000000000e+03
1.331000000000000000e+03
1.128000000000000000e+03
1.085000000000000000e+03
9.930000000000000000e+02
8.230000000000000000e+02
8.670000000000000000e+02
8.390000000000000000e+02
6.820000000000000000e+02
6.180000000000000000e+02
6.110000000000000000e+02
5.470000000000000000e+02
4.770000000000000000e+02
5.190000000000000000e+02
4.470000000000000000e+02
4.320000000000000000e+02
3.740000000000000000e+02
4.190000000000000000e+02
3.960000000000000000e+02
5.050000000000000000e+02
4.750000000000000000e+02
4.250000000000000000e+02
4.610000000000000000e+02
3.860000000000000000e+02
3.900000000000000000e+02
4.100000000000000000e+02
4.600000000000000000e+02
5.570000000000000000e+02
4.520000000000000000e+02
4.830000000000000000e+02
5.400000000000000000e+02
6.190000000000000000e+02
6.570000000000000000e+02
6.330000000000000000e+02
6.730000000000000000e+02
7.730000000000000000e+02
1.067000000000000000e+03
1.255000000000000000e+03
1.276000000000000000e+03
1.381000000000000000e+03
1.346000000000000000e+03
1.685000000000000000e+03
1.935000000000000000e+03
1.339000000000000000e+03
1.243000000000000000e+03
4.170000000000000000e+02
2.510000000000000000e+02
1.840000000000000000e+02
1.370000000000000000e+02
9.500000000000000000e+01
9.200000000000000000e+01
6.400000000000000000e+01
6.900000000000000000e+01
6.300000000000000000e+01
8.000000000000000000e+01
6.200000000000000000e+01
9.700000000000000000e+01
1.020000000000000000e+02
1.090000000000000000e+02
1.080000000000000000e+02
1.230000000000000000e+02
1.530000000000000000e+02
2.665000000000000000e+03
5.280000000000000000e+02
7.160000000000000000e+02
7.930000000000000000e+02
1.315000000000000000e+03
1.590000000000000000e+03
1.701000000000000000e+03
1.924000000000000000e+03
2.048000000000000000e+03
2.041000000000000000e+03
1.979000000000000000e+03
2.019000000000000000e+03
1.885000000000000000e+03
1.904000000000000000e+03
1.985000000000000000e+03
1.955000000000000000e+03
1.980000000000000000e+03
2.008000000000000000e+03
1.924000000000000000e+03
1.945000000000000000e+03
1.995000000000000000e+03
2.095000000000000000e+03
2.006000000000000000e+03
2.029000000000000000e+03
2.004000000000000000e+03
2.037000000000000000e+03
1.919000000000000000e+03
1.841000000000000000e+03
1.989000000000000000e+03
1.844000000000000000e+03
1.865000000000000000e+03
1.808000000000000000e+03
1.827000000000000000e+03
1.775000000000000000e+03
1.668000000000000000e+03
1.612000000000000000e+03
1.500000000000000000e+03
1.508000000000000000e+03
1.526000000000000000e+03
1.472000000000000000e+03
1.412000000000000000e+03
1.385000000000000000e+03
1.354000000000000000e+03
1.270000000000000000e+03
1.306000000000000000e+03
1.198000000000000000e+03
1.135000000000000000e+03
1.123000000000000000e+03
1.131000000000000000e+03
9.910000000000000000e+02
1.049000000000000000e+03
1.022000000000000000e+03
9.650000000000000000e+02
9.070000000000000000e+02
8.940000000000000000e+02
8.880000000000000000e+02
8.480000000000000000e+02
7.550000000000000000e+02
7.750000000000000000e+02
7.930000000000000000e+02
7.790000000000000000e+02
7.710000000000000000e+02
7.950000000000000000e+02
8.190000000000000000e+02
7.810000000000000000e+02
7.760000000000000000e+02
8.440000000000000000e+02
7.030000000000000000e+02
7.610000000000000000e+02
7.240000000000000000e+02
6.530000000000000000e+02
6.060000000000000000e+02
6.020000000000000000e+02
5.460000000000000000e+02
5.200000000000000000e+02
5.490000000000000000e+02
5.100000000000000000e+02
5.050000000000000000e+02
4.760000000000000000e+02
4.300000000000000000e+02
4.030000000000000000e+02
4.040000000000000000e+02
4.110000000000000000e+02
3.770000000000000000e+02
3.350000000000000000e+02
3.680000000000000000e+02
3.630000000000000000e+02
3.590000000000000000e+02
3.370000000000000000e+02
3.290000000000000000e+02
3.420000000000000000e+02
3.110000000000000000e+02
2.910000000000000000e+02
2.890000000000000000e+02
2.830000000000000000e+02
2.990000000000000000e+02
2.890000000000000000e+02
2.650000000000000000e+02
2.910000000000000000e+02
2.770000000000000000e+02
2.780000000000000000e+02
2.690000000000000000e+02
2.710000000000000000e+02
2.750000000000000000e+02
2.400000000000000000e+02
2.870000000000000000e+02
3.000000000000000000e+02
2.620000000000000000e+02
2.700000000000000000e+02
2.420000000000000000e+02
2.990000000000000000e+02
2.750000000000000000e+02
2.700000000000000000e+02
2.810000000000000000e+02
2.930000000000000000e+02
2.830000000000000000e+02
2.870000000000000000e+02
2.720000000000000000e+02
2.540000000000000000e+02
2.720000000000000000e+02
3.030000000000000000e+02
2.540000000000000000e+02
3.010000000000000000e+02
2.940000000000000000e+02
2.990000000000000000e+02
3.690000000000000000e+02
3.160000000000000000e+02
2.890000000000000000e+02
3.950000000000000000e+02
3.210000000000000000e+02
3.830000000000000000e+02
3.680000000000000000e+02
3.860000000000000000e+02
3.950000000000000000e+02
4.200000000000000000e+02
4.520000000000000000e+02
5.220000000000000000e+02
6.240000000000000000e+02
5.930000000000000000e+02
6.190000000000000000e+02
5.980000000000000000e+02
6.200000000000000000e+02
6.680000000000000000e+02
6.560000000000000000e+02
6.240000000000000000e+02
6.590000000000000000e+02
6.480000000000000000e+02
6.310000000000000000e+02
7.070000000000000000e+02
7.280000000000000000e+02
7.080000000000000000e+02
8.160000000000000000e+02
8.220000000000000000e+02
8.630000000000000000e+02
9.320000000000000000e+02
9.810000000000000000e+02
1.020000000000000000e+03
1.079000000000000000e+03
1.057000000000000000e+03
1.136000000000000000e+03
1.179000000000000000e+03
1.319000000000000000e+03
1.322000000000000000e+03
1.397000000000000000e+03
1.462000000000000000e+03
1.546000000000000000e+03
1.608000000000000000e+03
1.660000000000000000e+03
1.674000000000000000e+03
1.727000000000000000e+03
1.799000000000000000e+03
1.854000000000000000e+03
1.946000000000000000e+03
1.982000000000000000e+03
2.056000000000000000e+03
2.136000000000000000e+03
2.168000000000000000e+03
2.292000000000000000e+03
2.287000000000000000e+03
2.282000000000000000e+03
2.303000000000000000e+03
2.320000000000000000e+03
2.259000000000000000e+03
2.203000000000000000e+03
2.154000000000000000e+03
2.103000000000000000e+03
1.990000000000000000e+03
1.842000000000000000e+03
1.733000000000000000e+03
1.655000000000000000e+03
1.466000000000000000e+03
1.385000000000000000e+03
1.254000000000000000e+03
1.096000000000000000e+03
1.008000000000000000e+03
9.150000000000000000e+02
8.220000000000000000e+02
7.770000000000000000e+02
7.110000000000000000e+02
6.620000000000000000e+02
5.790000000000000000e+02
5.930000000000000000e+02
5.040000000000000000e+02
4.770000000000000000e+02
4.360000000000000000e+02
4.240000000000000000e+02
4.070000000000000000e+02
3.860000000000000000e+02
3.410000000000000000e+02
3.280000000000000000e+02
2.710000000000000000e+02
3.140000000000000000e+02
3.110000000000000000e+02
2.930000000000000000e+02
2.820000000000000000e+02
2.610000000000000000e+02
2.810000000000000000e+02
2.850000000000000000e+02
2.830000000000000000e+02
2.580000000000000000e+02
2.450000000000000000e+02
2.410000000000000000e+02
2.820000000000000000e+02
2.850000000000000000e+02
3.000000000000000000e+02
2.480000000000000000e+02
3.260000000000000000e+02
3.160000000000000000e+02
4.050000000000000000e+02
3.910000000000000000e+02
4.340000000000000000e+02
4.680000000000000000e+02
5.450000000000000000e+02
5.470000000000000000e+02
5.460000000000000000e+02
5.930000000000000000e+02
6.070000000000000000e+02
6.540000000000000000e+02
7.650000000000000000e+02
8.820000000000000000e+02
9.770000000000000000e+02
1.037000000000000000e+03
1.168000000000000000e+03
1.295000000000000000e+03
1.440000000000000000e+03
1.623000000000000000e+03
1.552000000000000000e+03
1.828000000000000000e+03
1.713000000000000000e+03
1.286000000000000000e+03
3.690000000000000000e+02
2.230000000000000000e+02
1.470000000000000000e+02
1.180000000000000000e+02
1.030000000000000000e+02
8.380000000000000000e+02
