6.510000000000000000e+03
2.551000000000000000e+03
2.344000000000000000e+03
2.218000000000000000e+03
2.772000000000000000e+03
3.775000000000000000e+03
3.407000000000000000e+03
2.922000000000000000e+03
2.342000000000000000e+03
2.127000000000000000e+03
2.436000000000000000e+03
1.990000000000000000e+03
1.600000000000000000e+03
1.516000000000000000e+03
1.479000000000000000e+03
1.389000000000000000e+03
1.487000000000000000e+03
1.345000000000000000e+03
1.181000000000000000e+03
1.121000000000000000e+03
1.001000000000000000e+03
9.300000000000000000e+02
9.270000000000000000e+02
9.270000000000000000e+02
9.140000000000000000e+02
9.170000000000000000e+02
8.720000000000000000e+02
7.750000000000000000e+02
7.120000000000000000e+02
7.800000000000000000e+02
7.160000000000000000e+02
6.920000000000000000e+02
7.920000000000000000e+02
7.470000000000000000e+02
7.660000000000000000e+02
6.960000000000000000e+02
7.040000000000000000e+02
7.230000000000000000e+02
7.330000000000000000e+02
7.930000000000000000e+02
6.960000000000000000e+02
7.330000000000000000e+02
6.750000000000000000e+02
6.590000000000000000e+02
7.340000000000000000e+02
7.410000000000000000e+02
7.230000000000000000e+02
7.600000000000000000e+02
8.120000000000000000e+02
8.330000000000000000e+02
8.530000000000000000e+02
9.130000000000000000e+02
9.700000000000000000e+02
1.095000000000000000e+03
1.091000000000000000e+03
1.021000000000000000e+03
9.380000000000000000e+02
9.590000000000000000e+02
1.026000000000000000e+03
1.081000000000000000e+03
1.098000000000000000e+03
1.094000000000000000e+03
1.134000000000000000e+03
1.151000000000000000e+03
1.215000000000000000e+03
1.254000000000000000e+03
1.264000000000000000e+03
1.505000000000000000e+03
1.503000000000000000e+03
1.673000000000000000e+03
1.763000000000000000e+03
1.886000000000000000e+03
1.935000000000000000e+03
2.195000000000000000e+03
2.288000000000000000e+03
3.028000000000000000e+03
3.498000000000000000e+03
3.791000000000000000e+03
4.986000000000000000e+03
4.808000000000000000e+03
3.802000000000000000e+03
2.830000000000000000e+03
2.055000000000000000e+03
1.931000000000000000e+03
1.900000000000000000e+03
1.852000000000000000e+03
1.617000000000000000e+03
1.658000000000000000e+03
1.509000000000000000e+03
1.384000000000000000e+03
1.514000000000000000e+03
1.582000000000000000e+03
1.537000000000000000e+03
1.303000000000000000e+03
1.229000000000000000e+03
1.064000000000000000e+03
8.930000000000000000e+02
9.290000000000000000e+02
1.120000000000000000e+03
1.485000000000000000e+03
1.205000000000000000e+03
1.134000000000000000e+03
8.650000000000000000e+02
8.260000000000000000e+02
6.970000000000000000e+02
6.750000000000000000e+02
7.350000000000000000e+02
7.840000000000000000e+02
7.280000000000000000e+02
6.550000000000000000e+02
7.170000000000000000e+02
6.950000000000000000e+02
6.890000000000000000e+02
6.690000000000000000e+02
6.850000000000000000e+02
6.400000000000000000e+02
6.250000000000000000e+02
6.040000000000000000e+02
5.800000000000000000e+02
5.600000000000000000e+02
5.210000000000000000e+02
5.200000000000000000e+02
5.540000000000000000e+02
5.680000000000000000e+02
5.490000000000000000e+02
5.660000000000000000e+02
4.900000000000000000e+02
5.140000000000000000e+02
5.050000000000000000e+02
4.890000000000000000e+02
4.730000000000000000e+02
5.200000000000000000e+02
4.640000000000000000e+02
4.720000000000000000e+02
4.680000000000000000e+02
4.220000000000000000e+02
4.050000000000000000e+02
4.150000000000000000e+02
3.920000000000000000e+02
4.220000000000000000e+02
3.970000000000000000e+02
3.460000000000000000e+02
3.490000000000000000e+02
3.200000000000000000e+02
3.150000000000000000e+02
3.440000000000000000e+02
3.350000000000000000e+02
3.360000000000000000e+02
3.970000000000000000e+02
4.020000000000000000e+02
3.430000000000000000e+02
3.210000000000000000e+02
3.720000000000000000e+02
3.020000000000000000e+02
3.210000000000000000e+02
3.720000000000000000e+02
3.360000000000000000e+02
3.230000000000000000e+02
3.130000000000000000e+02
2.980000000000000000e+02
2.770000000000000000e+02
3.070000000000000000e+02
2.880000000000000000e+02
3.100000000000000000e+02
3.080000000000000000e+02
2.650000000000000000e+02
2.810000000000000000e+02
2.770000000000000000e+02
2.630000000000000000e+02
2.830000000000000000e+02
2.630000000000000000e+02
3.010000000000000000e+02
2.860000000000000000e+02
3.520000000000000000e+02
3.590000000000000000e+02
3.410000000000000000e+02
3.340000000000000000e+02
3.560000000000000000e+02
4.230000000000000000e+02
4.420000000000000000e+02
4.720000000000000000e+02
4.300000000000000000e+02
4.590000000000000000e+02
5.410000000000000000e+02
5.950000000000000000e+02
6.460000000000000000e+02
6.480000000000000000e+02
6.790000000000000000e+02
7.660000000000000000e+02
7.520000000000000000e+02
7.250000000000000000e+02
7.690000000000000000e+02
8.690000000000000000e+02
9.200000000000000000e+02
1.037000000000000000e+03
9.860000000000000000e+02
1.053000000000000000e+03
9.570000000000000000e+02
1.064000000000000000e+03
1.023000000000000000e+03
9.610000000000000000e+02
1.029000000000000000e+03
1.014000000000000000e+03
1.131000000000000000e+03
1.001000000000000000e+03
1.032000000000000000e+03
1.004000000000000000e+03
1.009000000000000000e+03
1.021000000000000000e+03
1.089000000000000000e+03
1.218000000000000000e+03
1.201000000000000000e+03
1.168000000000000000e+03
1.279000000000000000e+03
1.506000000000000000e+03
1.618000000000000000e+03
1.852000000000000000e+03
1.643000000000000000e+03
1.463000000000000000e+03
1.222000000000000000e+03
1.211000000000000000e+03
1.099000000000000000e+03
8.160000000000000000e+02
5.740000000000000000e+02
4.860000000000000000e+02
4.400000000000000000e+02
3.780000000000000000e+02
3.050000000000000000e+02
1.490000000000000000e+02
9.200000000000000000e+01
8.200000000000000000e+01
5.600000000000000000e+01
5.300000000000000000e+01
3.800000000000000000e+01
3.900000000000000000e+01
2.400000000000000000e+01
2.800000000000000000e+01
3.000000000000000000e+01
3.000000000000000000e+01
2.400000000000000000e+01
1.900000000000000000e+01
1.900000000000000000e+01
1.300000000000000000e+01
2.300000000000000000e+01
1.000000000000000000e+01
2.200000000000000000e+01
1.400000000000000000e+01
2.100000000000000000e+01
1.500000000000000000e+01
1.500000000000000000e+01
8.000000000000000000e+00
1.600000000000000000e+01
1.900000000000000000e+01
2.000000000000000000e+01
1.100000000000000000e+01
8.900000000000000000e+01
9.800000000000000000e+01
9.500000000000000000e+01
1.870000000000000000e+02
5.080000000000000000e+02
1.378000000000000000e+03
2.653000000000000000e+03
2.516000000000000000e+03
2.164000000000000000e+03
1.646000000000000000e+03
1.602000000000000000e+03
1.893000000000000000e+03
1.545000000000000000e+03
1.178000000000000000e+03
1.106000000000000000e+03
1.092000000000000000e+03
1.049000000000000000e+03
1.071000000000000000e+03
1.034000000000000000e+03
9.270000000000000000e+02
8.640000000000000000e+02
7.450000000000000000e+02
6.670000000000000000e+02
6.140000000000000000e+02
6.130000000000000000e+02
6.260000000000000000e+02
6.370000000000000000e+02
5.990000000000000000e+02
6.100000000000000000e+02
5.700000000000000000e+02
5.980000000000000000e+02
5.380000000000000000e+02
6.250000000000000000e+02
6.430000000000000000e+02
6.440000000000000000e+02
6.260000000000000000e+02
6.200000000000000000e+02
6.130000000000000000e+02
6.590000000000000000e+02
6.260000000000000000e+02
6.700000000000000000e+02
6.560000000000000000e+02
6.740000000000000000e+02
6.510000000000000000e+02
6.770000000000000000e+02
6.550000000000000000e+02
6.730000000000000000e+02
6.350000000000000000e+02
6.140000000000000000e+02
6.700000000000000000e+02
6.750000000000000000e+02
7.520000000000000000e+02
6.860000000000000000e+02
7.400000000000000000e+02
9.020000000000000000e+02
9.390000000000000000e+02
7.790000000000000000e+02
7.570000000000000000e+02
7.750000000000000000e+02
7.540000000000000000e+02
8.190000000000000000e+02
8.580000000000000000e+02
8.660000000000000000e+02
8.850000000000000000e+02
9.810000000000000000e+02
1.007000000000000000e+03
1.008000000000000000e+03
1.076000000000000000e+03
1.201000000000000000e+03
1.223000000000000000e+03
1.350000000000000000e+03
1.404000000000000000e+03
1.350000000000000000e+03
1.433000000000000000e+03
1.765000000000000000e+03
1.885000000000000000e+03
2.586000000000000000e+03
2.834000000000000000e+03
3.774000000000000000e+03
4.667000000000000000e+03
4.615000000000000000e+03
3.842000000000000000e+03
2.896000000000000000e+03
1.812000000000000000e+03
1.582000000000000000e+03
1.582000000000000000e+03
1.636000000000000000e+03
1.350000000000000000e+03
1.572000000000000000e+03
1.369000000000000000e+03
1.254000000000000000e+03
1.356000000000000000e+03
1.623000000000000000e+03
1.816000000000000000e+03
1.814000000000000000e+03
1.626000000000000000e+03
1.620000000000000000e+03
1.336000000000000000e+03
1.277000000000000000e+03
1.270000000000000000e+03
1.288000000000000000e+03
1.626000000000000000e+03
1.325000000000000000e+03
1.299000000000000000e+03
1.110000000000000000e+03
9.510000000000000000e+02
9.280000000000000000e+02
9.400000000000000000e+02
1.009000000000000000e+03
1.001000000000000000e+03
1.132000000000000000e+03
1.102000000000000000e+03
1.274000000000000000e+03
1.293000000000000000e+03
1.320000000000000000e+03
1.395000000000000000e+03
1.405000000000000000e+03
1.243000000000000000e+03
1.167000000000000000e+03
1.099000000000000000e+03
1.007000000000000000e+03
9.870000000000000000e+02
9.230000000000000000e+02
9.280000000000000000e+02
9.330000000000000000e+02
8.380000000000000000e+02
7.570000000000000000e+02
7.390000000000000000e+02
7.530000000000000000e+02
6.890000000000000000e+02
7.300000000000000000e+02
7.250000000000000000e+02
6.970000000000000000e+02
7.030000000000000000e+02
6.430000000000000000e+02
6.950000000000000000e+02
6.540000000000000000e+02
6.380000000000000000e+02
6.100000000000000000e+02
5.810000000000000000e+02
5.840000000000000000e+02
5.460000000000000000e+02
5.120000000000000000e+02
5.340000000000000000e+02
5.180000000000000000e+02
4.700000000000000000e+02
5.190000000000000000e+02
4.850000000000000000e+02
4.270000000000000000e+02
4.800000000000000000e+02
5.040000000000000000e+02
4.630000000000000000e+02
4.960000000000000000e+02
4.560000000000000000e+02
4.940000000000000000e+02
5.480000000000000000e+02
4.710000000000000000e+02
4.480000000000000000e+02
4.650000000000000000e+02
4.690000000000000000e+02
4.750000000000000000e+02
4.820000000000000000e+02
4.770000000000000000e+02
4.540000000000000000e+02
5.210000000000000000e+02
5.490000000000000000e+02
5.160000000000000000e+02
5.350000000000000000e+02
5.250000000000000000e+02
5.070000000000000000e+02
5.610000000000000000e+02
5.640000000000000000e+02
6.540000000000000000e+02
6.380000000000000000e+02
6.760000000000000000e+02
7.370000000000000000e+02
7.070000000000000000e+02
7.330000000000000000e+02
6.890000000000000000e+02
7.370000000000000000e+02
7.750000000000000000e+02
7.090000000000000000e+02
6.610000000000000000e+02
6.620000000000000000e+02
7.240000000000000000e+02
7.220000000000000000e+02
8.390000000000000000e+02
9.570000000000000000e+02
9.840000000000000000e+02
9.990000000000000000e+02
1.076000000000000000e+03
1.140000000000000000e+03
1.190000000000000000e+03
1.283000000000000000e+03
1.324000000000000000e+03
1.317000000000000000e+03
1.335000000000000000e+03
1.393000000000000000e+03
1.410000000000000000e+03
1.496000000000000000e+03
1.504000000000000000e+03
1.600000000000000000e+03
1.536000000000000000e+03
1.566000000000000000e+03
1.471000000000000000e+03
1.378000000000000000e+03
1.548000000000000000e+03
1.543000000000000000e+03
1.551000000000000000e+03
1.719000000000000000e+03
1.774000000000000000e+03
1.798000000000000000e+03
1.831000000000000000e+03
1.853000000000000000e+03
1.878000000000000000e+03
1.944000000000000000e+03
2.014000000000000000e+03
1.866000000000000000e+03
1.726000000000000000e+03
1.210000000000000000e+03
9.370000000000000000e+02
6.470000000000000000e+02
4.620000000000000000e+02
2.990000000000000000e+02
2.350000000000000000e+02
1.680000000000000000e+02
1.220000000000000000e+02
1.380000000000000000e+02
1.130000000000000000e+02
9.500000000000000000e+01
9.000000000000000000e+01
7.600000000000000000e+01
5.100000000000000000e+01
4.700000000000000000e+01
5.100000000000000000e+01
5.300000000000000000e+01
3.000000000000000000e+01
3.700000000000000000e+01
3.000000000000000000e+01
2.900000000000000000e+01
2.400000000000000000e+01
1.600000000000000000e+01
2.400000000000000000e+01
1.300000000000000000e+01
1.400000000000000000e+01
1.200000000000000000e+01
2.000000000000000000e+00
1.000000000000000000e+01
5.000000000000000000e+00
5.000000000000000000e+00
1.100000000000000000e+01
7.000000000000000000e+00
1.000000000000000000e+01
5.000000000000000000e+00
7.000000000000000000e+00
4.000000000000000000e+00
1.900000000000000000e+01
7.480000000000000000e+02
3.080000000000000000e+02
4.060000000000000000e+02
7.020000000000000000e+02
1.476000000000000000e+03
2.820000000000000000e+03
2.539000000000000000e+03
2.484000000000000000e+03
1.948000000000000000e+03
1.973000000000000000e+03
2.223000000000000000e+03
1.856000000000000000e+03
1.550000000000000000e+03
1.363000000000000000e+03
1.312000000000000000e+03
1.216000000000000000e+03
1.303000000000000000e+03
1.371000000000000000e+03
1.285000000000000000e+03
1.182000000000000000e+03
1.047000000000000000e+03
1.078000000000000000e+03
1.013000000000000000e+03
1.004000000000000000e+03
9.320000000000000000e+02
9.330000000000000000e+02
9.210000000000000000e+02
9.000000000000000000e+02
9.410000000000000000e+02
9.840000000000000000e+02
1.052000000000000000e+03
1.007000000000000000e+03
9.970000000000000000e+02
1.058000000000000000e+03
1.062000000000000000e+03
1.150000000000000000e+03
1.137000000000000000e+03
1.136000000000000000e+03
1.098000000000000000e+03
1.118000000000000000e+03
1.068000000000000000e+03
1.205000000000000000e+03
1.221000000000000000e+03
1.227000000000000000e+03
1.288000000000000000e+03
1.351000000000000000e+03
1.419000000000000000e+03
1.460000000000000000e+03
1.420000000000000000e+03
1.311000000000000000e+03
1.285000000000000000e+03
1.356000000000000000e+03
1.404000000000000000e+03
1.203000000000000000e+03
1.071000000000000000e+03
1.044000000000000000e+03
1.025000000000000000e+03
1.051000000000000000e+03
1.104000000000000000e+03
1.131000000000000000e+03
1.229000000000000000e+03
1.203000000000000000e+03
1.186000000000000000e+03
1.251000000000000000e+03
1.254000000000000000e+03
1.369000000000000000e+03
1.375000000000000000e+03
1.483000000000000000e+03
1.593000000000000000e+03
1.677000000000000000e+03
1.804000000000000000e+03
2.255000000000000000e+03
2.723000000000000000e+03
2.937000000000000000e+03
3.039000000000000000e+03
3.411000000000000000e+03
4.141000000000000000e+03
3.590000000000000000e+03
2.783000000000000000e+03
2.340000000000000000e+03
1.716000000000000000e+03
1.458000000000000000e+03
1.602000000000000000e+03
1.547000000000000000e+03
1.316000000000000000e+03
1.371000000000000000e+03
1.309000000000000000e+03
1.300000000000000000e+03
1.398000000000000000e+03
1.188000000000000000e+03
1.143000000000000000e+03
9.080000000000000000e+02
9.030000000000000000e+02
8.920000000000000000e+02
9.540000000000000000e+02
1.238000000000000000e+03
9.710000000000000000e+02
1.014000000000000000e+03
8.480000000000000000e+02
8.020000000000000000e+02
8.210000000000000000e+02
7.960000000000000000e+02
7.430000000000000000e+02
6.750000000000000000e+02
6.840000000000000000e+02
6.740000000000000000e+02
6.980000000000000000e+02
6.460000000000000000e+02
6.580000000000000000e+02
5.930000000000000000e+02
5.520000000000000000e+02
5.610000000000000000e+02
5.350000000000000000e+02
5.070000000000000000e+02
4.880000000000000000e+02
4.810000000000000000e+02
4.630000000000000000e+02
4.440000000000000000e+02
4.320000000000000000e+02
3.930000000000000000e+02
4.100000000000000000e+02
3.940000000000000000e+02
3.900000000000000000e+02
4.520000000000000000e+02
4.120000000000000000e+02
4.050000000000000000e+02
4.090000000000000000e+02
3.800000000000000000e+02
4.220000000000000000e+02
4.170000000000000000e+02
4.150000000000000000e+02
3.910000000000000000e+02
4.060000000000000000e+02
3.900000000000000000e+02
3.820000000000000000e+02
3.740000000000000000e+02
3.500000000000000000e+02
3.780000000000000000e+02
3.460000000000000000e+02
3.020000000000000000e+02
3.270000000000000000e+02
3.810000000000000000e+02
3.380000000000000000e+02
3.540000000000000000e+02
3.400000000000000000e+02
3.290000000000000000e+02
3.620000000000000000e+02
3.280000000000000000e+02
3.380000000000000000e+02
3.120000000000000000e+02
3.510000000000000000e+02
3.620000000000000000e+02
3.530000000000000000e+02
3.570000000000000000e+02
4.060000000000000000e+02
3.700000000000000000e+02
3.900000000000000000e+02
3.870000000000000000e+02
4.800000000000000000e+02
4.000000000000000000e+02
4.390000000000000000e+02
3.960000000000000000e+02
3.780000000000000000e+02
4.300000000000000000e+02
4.310000000000000000e+02
4.010000000000000000e+02
3.960000000000000000e+02
4.130000000000000000e+02
3.950000000000000000e+02
4.380000000000000000e+02
4.650000000000000000e+02
4.920000000000000000e+02
5.190000000000000000e+02
5.700000000000000000e+02
6.050000000000000000e+02
6.540000000000000000e+02
7.970000000000000000e+02
7.420000000000000000e+02
7.950000000000000000e+02
7.390000000000000000e+02
6.880000000000000000e+02
7.910000000000000000e+02
7.800000000000000000e+02
9.230000000000000000e+02
9.530000000000000000e+02
1.005000000000000000e+03
1.151000000000000000e+03
1.254000000000000000e+03
1.230000000000000000e+03
1.301000000000000000e+03
1.404000000000000000e+03
1.532000000000000000e+03
1.679000000000000000e+03
1.742000000000000000e+03
1.721000000000000000e+03
1.828000000000000000e+03
1.788000000000000000e+03
1.909000000000000000e+03
1.988000000000000000e+03
1.991000000000000000e+03
2.018000000000000000e+03
1.958000000000000000e+03
1.883000000000000000e+03
1.998000000000000000e+03
2.041000000000000000e+03
2.080000000000000000e+03
2.031000000000000000e+03
1.976000000000000000e+03
1.954000000000000000e+03
2.019000000000000000e+03
1.925000000000000000e+03
1.852000000000000000e+03
1.741000000000000000e+03
1.468000000000000000e+03
1.134000000000000000e+03
7.440000000000000000e+02
5.440000000000000000e+02
4.070000000000000000e+02
3.520000000000000000e+02
2.770000000000000000e+02
2.770000000000000000e+02
2.830000000000000000e+02
2.450000000000000000e+02
2.250000000000000000e+02
2.020000000000000000e+02
1.540000000000000000e+02
1.530000000000000000e+02
1.350000000000000000e+02
1.240000000000000000e+02
7.700000000000000000e+01
9.000000000000000000e+01
7.000000000000000000e+01
6.300000000000000000e+01
5.600000000000000000e+01
4.900000000000000000e+01
4.000000000000000000e+01
3.700000000000000000e+01
4.700000000000000000e+01
4.200000000000000000e+01
2.600000000000000000e+01
3.600000000000000000e+01
3.800000000000000000e+01
3.100000000000000000e+01
2.600000000000000000e+01
2.500000000000000000e+01
2.000000000000000000e+01
1.300000000000000000e+01
1.900000000000000000e+01
1.300000000000000000e+01
1.100000000000000000e+01
1.400000000000000000e+01
9.000000000000000000e+00
7.000000000000000000e+00
1.600000000000000000e+01
1.000000000000000000e+01
3.000000000000000000e+01
