3.400000000000000000e+01
2.900000000000000000e+01
9.700000000000000000e+01
2.030000000000000000e+02
6.590000000000000000e+02
1.352000000000000000e+03
1.361000000000000000e+03
1.180000000000000000e+03
1.041000000000000000e+03
8.440000000000000000e+02
7.490000000000000000e+02
7.250000000000000000e+02
7.400000000000000000e+02
6.930000000000000000e+02
7.090000000000000000e+02
7.770000000000000000e+02
7.320000000000000000e+02
7.670000000000000000e+02
8.070000000000000000e+02
8.360000000000000000e+02
9.150000000000000000e+02
8.590000000000000000e+02
9.150000000000000000e+02
8.800000000000000000e+02
8.850000000000000000e+02
8.390000000000000000e+02
7.380000000000000000e+02
7.820000000000000000e+02
7.720000000000000000e+02
7.890000000000000000e+02
8.070000000000000000e+02
7.450000000000000000e+02
7.380000000000000000e+02
6.910000000000000000e+02
6.520000000000000000e+02
6.920000000000000000e+02
7.150000000000000000e+02
6.860000000000000000e+02
7.260000000000000000e+02
7.910000000000000000e+02
7.050000000000000000e+02
7.890000000000000000e+02
7.820000000000000000e+02
6.930000000000000000e+02
6.670000000000000000e+02
6.920000000000000000e+02
6.140000000000000000e+02
5.780000000000000000e+02
5.670000000000000000e+02
6.160000000000000000e+02
5.430000000000000000e+02
5.360000000000000000e+02
5.420000000000000000e+02
5.450000000000000000e+02
5.450000000000000000e+02
6.190000000000000000e+02
6.350000000000000000e+02
6.230000000000000000e+02
6.910000000000000000e+02
7.440000000000000000e+02
7.040000000000000000e+02
7.220000000000000000e+02
6.600000000000000000e+02
6.370000000000000000e+02
6.850000000000000000e+02
6.580000000000000000e+02
7.070000000000000000e+02
6.910000000000000000e+02
7.500000000000000000e+02
7.350000000000000000e+02
7.760000000000000000e+02
8.000000000000000000e+02
8.310000000000000000e+02
8.680000000000000000e+02
9.050000000000000000e+02
9.990000000000000000e+02
9.590000000000000000e+02
1.079000000000000000e+03
1.087000000000000000e+03
1.109000000000000000e+03
1.065000000000000000e+03
1.053000000000000000e+03
1.084000000000000000e+03
1.136000000000000000e+03
1.077000000000000000e+03
1.100000000000000000e+03
1.121000000000000000e+03
1.229000000000000000e+03
1.276000000000000000e+03
1.412000000000000000e+03
1.452000000000000000e+03
1.620000000000000000e+03
1.662000000000000000e+03
1.758000000000000000e+03
1.802000000000000000e+03
1.955000000000000000e+03
1.950000000000000000e+03
1.928000000000000000e+03
1.928000000000000000e+03
1.735000000000000000e+03
1.940000000000000000e+03
1.708000000000000000e+03
1.659000000000000000e+03
2.027000000000000000e+03
2.155000000000000000e+03
2.333000000000000000e+03
1.978000000000000000e+03
1.695000000000000000e+03
1.399000000000000000e+03
1.339000000000000000e+03
1.217000000000000000e+03
1.093000000000000000e+03
9.480000000000000000e+02
9.400000000000000000e+02
9.070000000000000000e+02
9.030000000000000000e+02
8.930000000000000000e+02
8.780000000000000000e+02
8.980000000000000000e+02
8.630000000000000000e+02
8.400000000000000000e+02
8.210000000000000000e+02
7.750000000000000000e+02
8.370000000000000000e+02
7.640000000000000000e+02
8.040000000000000000e+02
7.780000000000000000e+02
7.950000000000000000e+02
7.790000000000000000e+02
7.820000000000000000e+02
7.530000000000000000e+02
7.920000000000000000e+02
7.880000000000000000e+02
7.940000000000000000e+02
7.890000000000000000e+02
8.010000000000000000e+02
8.350000000000000000e+02
8.050000000000000000e+02
7.900000000000000000e+02
7.840000000000000000e+02
7.800000000000000000e+02
7.540000000000000000e+02
7.150000000000000000e+02
7.820000000000000000e+02
7.360000000000000000e+02
6.910000000000000000e+02
7.190000000000000000e+02
7.470000000000000000e+02
7.030000000000000000e+02
6.600000000000000000e+02
7.170000000000000000e+02
7.500000000000000000e+02
7.130000000000000000e+02
7.310000000000000000e+02
6.960000000000000000e+02
6.800000000000000000e+02
7.060000000000000000e+02
7.480000000000000000e+02
6.690000000000000000e+02
7.380000000000000000e+02
6.580000000000000000e+02
7.200000000000000000e+02
7.490000000000000000e+02
7.460000000000000000e+02
7.540000000000000000e+02
7.130000000000000000e+02
7.330000000000000000e+02
7.200000000000000000e+02
7.200000000000000000e+02
6.530000000000000000e+02
6.690000000000000000e+02
6.370000000000000000e+02
6.080000000000000000e+02
6.240000000000000000e+02
5.820000000000000000e+02
5.550000000000000000e+02
6.270000000000000000e+02
5.610000000000000000e+02
5.790000000000000000e+02
5.750000000000000000e+02
5.970000000000000000e+02
6.460000000000000000e+02
6.550000000000000000e+02
6.030000000000000000e+02
6.310000000000000000e+02
6.770000000000000000e+02
6.680000000000000000e+02
6.600000000000000000e+02
6.540000000000000000e+02
6.270000000000000000e+02
5.340000000000000000e+02
4.980000000000000000e+02
5.170000000000000000e+02
4.770000000000000000e+02
4.680000000000000000e+02
4.660000000000000000e+02
4.830000000000000000e+02
4.650000000000000000e+02
4.960000000000000000e+02
5.150000000000000000e+02
4.620000000000000000e+02
4.510000000000000000e+02
4.500000000000000000e+02
4.380000000000000000e+02
3.360000000000000000e+02
3.260000000000000000e+02
3.460000000000000000e+02
2.830000000000000000e+02
2.600000000000000000e+02
2.490000000000000000e+02
2.480000000000000000e+02
2.560000000000000000e+02
2.220000000000000000e+02
2.300000000000000000e+02
2.600000000000000000e+02
2.720000000000000000e+02
2.510000000000000000e+02
2.370000000000000000e+02
2.750000000000000000e+02
2.980000000000000000e+02
3.270000000000000000e+02
3.020000000000000000e+02
3.220000000000000000e+02
3.550000000000000000e+02
2.850000000000000000e+02
2.640000000000000000e+02
2.200000000000000000e+02
2.020000000000000000e+02
1.250000000000000000e+02
9.200000000000000000e+01
1.010000000000000000e+02
8.700000000000000000e+01
8.800000000000000000e+01
1.120000000000000000e+02
8.900000000000000000e+01
9.700000000000000000e+01
1.150000000000000000e+02
1.050000000000000000e+02
9.400000000000000000e+01
7.700000000000000000e+01
6.000000000000000000e+01
4.300000000000000000e+01
4.500000000000000000e+01
3.600000000000000000e+01
3.300000000000000000e+01
2.600000000000000000e+01
2.000000000000000000e+01
1.600000000000000000e+01
3.800000000000000000e+01
3.400000000000000000e+01
6.900000000000000000e+01
1.430000000000000000e+02
2.130000000000000000e+02
5.490000000000000000e+02
2.164000000000000000e+03
5.588500000000000000e+04
0.000000000000000000e+00
0.000000000000000000e+00
4.000000000000000000e+00
1.300000000000000000e+01
1.200000000000000000e+01
5.600000000000000000e+01
1.770000000000000000e+02
4.030000000000000000e+02
8.040000000000000000e+02
1.465000000000000000e+03
1.285000000000000000e+03
1.176000000000000000e+03
1.069000000000000000e+03
9.670000000000000000e+02
8.760000000000000000e+02
8.010000000000000000e+02
8.300000000000000000e+02
8.600000000000000000e+02
7.740000000000000000e+02
8.040000000000000000e+02
7.940000000000000000e+02
8.410000000000000000e+02
7.800000000000000000e+02
8.430000000000000000e+02
8.980000000000000000e+02
8.830000000000000000e+02
8.980000000000000000e+02
8.770000000000000000e+02
8.910000000000000000e+02
8.930000000000000000e+02
8.480000000000000000e+02
8.170000000000000000e+02
9.030000000000000000e+02
9.510000000000000000e+02
8.830000000000000000e+02
8.560000000000000000e+02
8.000000000000000000e+02
7.190000000000000000e+02
7.060000000000000000e+02
7.370000000000000000e+02
7.030000000000000000e+02
7.340000000000000000e+02
7.870000000000000000e+02
7.160000000000000000e+02
7.490000000000000000e+02
6.660000000000000000e+02
6.700000000000000000e+02
6.290000000000000000e+02
5.600000000000000000e+02
6.150000000000000000e+02
6.140000000000000000e+02
5.870000000000000000e+02
6.100000000000000000e+02
6.040000000000000000e+02
5.760000000000000000e+02
5.520000000000000000e+02
6.340000000000000000e+02
6.100000000000000000e+02
6.380000000000000000e+02
7.300000000000000000e+02
7.720000000000000000e+02
8.050000000000000000e+02
8.240000000000000000e+02
8.060000000000000000e+02
8.620000000000000000e+02
8.780000000000000000e+02
8.870000000000000000e+02
9.420000000000000000e+02
1.003000000000000000e+03
1.016000000000000000e+03
9.870000000000000000e+02
9.970000000000000000e+02
9.860000000000000000e+02
1.076000000000000000e+03
1.050000000000000000e+03
1.080000000000000000e+03
1.040000000000000000e+03
1.012000000000000000e+03
1.131000000000000000e+03
1.122000000000000000e+03
1.176000000000000000e+03
1.263000000000000000e+03
1.264000000000000000e+03
1.253000000000000000e+03
1.364000000000000000e+03
1.310000000000000000e+03
1.350000000000000000e+03
1.344000000000000000e+03
1.315000000000000000e+03
1.280000000000000000e+03
1.219000000000000000e+03
1.162000000000000000e+03
1.167000000000000000e+03
1.124000000000000000e+03
1.119000000000000000e+03
1.002000000000000000e+03
1.072000000000000000e+03
1.137000000000000000e+03
1.059000000000000000e+03
1.135000000000000000e+03
1.080000000000000000e+03
1.159000000000000000e+03
1.160000000000000000e+03
1.286000000000000000e+03
1.309000000000000000e+03
1.320000000000000000e+03
1.357000000000000000e+03
1.212000000000000000e+03
1.330000000000000000e+03
1.221000000000000000e+03
1.210000000000000000e+03
1.632000000000000000e+03
1.823000000000000000e+03
1.925000000000000000e+03
1.721000000000000000e+03
1.523000000000000000e+03
1.175000000000000000e+03
1.119000000000000000e+03
9.630000000000000000e+02
8.690000000000000000e+02
8.260000000000000000e+02
7.640000000000000000e+02
7.770000000000000000e+02
7.310000000000000000e+02
6.800000000000000000e+02
6.990000000000000000e+02
6.990000000000000000e+02
7.180000000000000000e+02
7.050000000000000000e+02
7.180000000000000000e+02
6.920000000000000000e+02
7.130000000000000000e+02
6.720000000000000000e+02
7.100000000000000000e+02
7.150000000000000000e+02
7.330000000000000000e+02
7.320000000000000000e+02
7.880000000000000000e+02
7.700000000000000000e+02
7.800000000000000000e+02
8.340000000000000000e+02
8.610000000000000000e+02
8.600000000000000000e+02
8.290000000000000000e+02
8.310000000000000000e+02
8.460000000000000000e+02
8.740000000000000000e+02
8.770000000000000000e+02
8.510000000000000000e+02
8.010000000000000000e+02
7.900000000000000000e+02
7.280000000000000000e+02
7.210000000000000000e+02
7.180000000000000000e+02
7.260000000000000000e+02
7.250000000000000000e+02
7.040000000000000000e+02
6.960000000000000000e+02
6.450000000000000000e+02
6.890000000000000000e+02
6.910000000000000000e+02
6.550000000000000000e+02
6.780000000000000000e+02
6.910000000000000000e+02
6.860000000000000000e+02
7.280000000000000000e+02
7.540000000000000000e+02
6.900000000000000000e+02
7.980000000000000000e+02
7.470000000000000000e+02
7.520000000000000000e+02
7.870000000000000000e+02
7.780000000000000000e+02
8.180000000000000000e+02
7.330000000000000000e+02
7.580000000000000000e+02
7.290000000000000000e+02
7.710000000000000000e+02
6.690000000000000000e+02
6.910000000000000000e+02
6.710000000000000000e+02
6.110000000000000000e+02
6.210000000000000000e+02
5.620000000000000000e+02
5.490000000000000000e+02
4.650000000000000000e+02
5.220000000000000000e+02
5.460000000000000000e+02
5.350000000000000000e+02
5.320000000000000000e+02
5.410000000000000000e+02
5.240000000000000000e+02
4.730000000000000000e+02
4.820000000000000000e+02
4.810000000000000000e+02
4.240000000000000000e+02
5.020000000000000000e+02
4.500000000000000000e+02
5.080000000000000000e+02
4.780000000000000000e+02
4.980000000000000000e+02
5.020000000000000000e+02
4.920000000000000000e+02
5.370000000000000000e+02
4.980000000000000000e+02
5.020000000000000000e+02
4.940000000000000000e+02
5.360000000000000000e+02
5.340000000000000000e+02
5.380000000000000000e+02
4.830000000000000000e+02
5.320000000000000000e+02
4.260000000000000000e+02
3.830000000000000000e+02
3.160000000000000000e+02
2.760000000000000000e+02
2.510000000000000000e+02
2.540000000000000000e+02
2.340000000000000000e+02
2.780000000000000000e+02
2.650000000000000000e+02
3.000000000000000000e+02
2.810000000000000000e+02
2.950000000000000000e+02
2.900000000000000000e+02
3.150000000000000000e+02
2.640000000000000000e+02
3.170000000000000000e+02
3.620000000000000000e+02
2.620000000000000000e+02
2.370000000000000000e+02
2.080000000000000000e+02
2.280000000000000000e+02
1.800000000000000000e+02
1.710000000000000000e+02
1.210000000000000000e+02
1.130000000000000000e+02
9.600000000000000000e+01
9.100000000000000000e+01
9.700000000000000000e+01
1.060000000000000000e+02
1.080000000000000000e+02
1.580000000000000000e+02
1.180000000000000000e+02
6.000000000000000000e+01
4.800000000000000000e+01
2.900000000000000000e+01
2.600000000000000000e+01
3.200000000000000000e+01
4.300000000000000000e+01
7.100000000000000000e+01
1.270000000000000000e+02
2.070000000000000000e+02
4.230000000000000000e+02
1.579000000000000000e+03
5.653600000000000000e+04
0.000000000000000000e+00
0.000000000000000000e+00
0.000000000000000000e+00
1.000000000000000000e+00
2.000000000000000000e+00
2.000000000000000000e+00
1.100000000000000000e+01
2.700000000000000000e+01
7.800000000000000000e+01
1.890000000000000000e+02
4.750000000000000000e+02
8.610000000000000000e+02
1.402000000000000000e+03
1.670000000000000000e+03
1.564000000000000000e+03
1.257000000000000000e+03
1.078000000000000000e+03
1.099000000000000000e+03
1.003000000000000000e+03
1.011000000000000000e+03
1.002000000000000000e+03
9.470000000000000000e+02
1.017000000000000000e+03
9.940000000000000000e+02
9.810000000000000000e+02
9.900000000000000000e+02
9.790000000000000000e+02
1.035000000000000000e+03
1.072000000000000000e+03
1.047000000000000000e+03
9.050000000000000000e+02
8.930000000000000000e+02
9.010000000000000000e+02
8.690000000000000000e+02
7.770000000000000000e+02
8.200000000000000000e+02
7.650000000000000000e+02
7.480000000000000000e+02
7.310000000000000000e+02
6.800000000000000000e+02
7.100000000000000000e+02
6.380000000000000000e+02
6.390000000000000000e+02
6.620000000000000000e+02
6.370000000000000000e+02
7.120000000000000000e+02
7.040000000000000000e+02
7.380000000000000000e+02
7.270000000000000000e+02
7.400000000000000000e+02
7.170000000000000000e+02
7.240000000000000000e+02
7.120000000000000000e+02
7.070000000000000000e+02
7.950000000000000000e+02
8.730000000000000000e+02
9.670000000000000000e+02
9.700000000000000000e+02
1.016000000000000000e+03
1.032000000000000000e+03
1.147000000000000000e+03
1.078000000000000000e+03
1.104000000000000000e+03
1.135000000000000000e+03
1.049000000000000000e+03
1.120000000000000000e+03
1.083000000000000000e+03
1.055000000000000000e+03
1.027000000000000000e+03
1.144000000000000000e+03
1.186000000000000000e+03
1.187000000000000000e+03
1.273000000000000000e+03
1.265000000000000000e+03
1.263000000000000000e+03
1.313000000000000000e+03
1.270000000000000000e+03
1.223000000000000000e+03
1.275000000000000000e+03
1.166000000000000000e+03
1.190000000000000000e+03
1.149000000000000000e+03
1.023000000000000000e+03
9.660000000000000000e+02
1.026000000000000000e+03
9.520000000000000000e+02
9.260000000000000000e+02
8.530000000000000000e+02
8.160000000000000000e+02
8.320000000000000000e+02
7.870000000000000000e+02
7.740000000000000000e+02
7.350000000000000000e+02
7.690000000000000000e+02
7.280000000000000000e+02
6.940000000000000000e+02
7.060000000000000000e+02
8.170000000000000000e+02
8.130000000000000000e+02
8.200000000000000000e+02
8.550000000000000000e+02
8.730000000000000000e+02
1.009000000000000000e+03
1.002000000000000000e+03
1.106000000000000000e+03
1.116000000000000000e+03
1.226000000000000000e+03
1.295000000000000000e+03
1.147000000000000000e+03
1.220000000000000000e+03
1.144000000000000000e+03
1.276000000000000000e+03
1.214000000000000000e+03
1.268000000000000000e+03
1.644000000000000000e+03
1.756000000000000000e+03
1.836000000000000000e+03
1.749000000000000000e+03
1.507000000000000000e+03
1.215000000000000000e+03
1.063000000000000000e+03
9.630000000000000000e+02
8.750000000000000000e+02
8.050000000000000000e+02
8.170000000000000000e+02
7.070000000000000000e+02
7.680000000000000000e+02
7.100000000000000000e+02
6.790000000000000000e+02
7.480000000000000000e+02
7.230000000000000000e+02
7.050000000000000000e+02
7.510000000000000000e+02
7.410000000000000000e+02
8.160000000000000000e+02
8.410000000000000000e+02
7.910000000000000000e+02
8.600000000000000000e+02
8.060000000000000000e+02
7.890000000000000000e+02
8.100000000000000000e+02
8.800000000000000000e+02
9.030000000000000000e+02
8.280000000000000000e+02
7.800000000000000000e+02
8.280000000000000000e+02
8.060000000000000000e+02
7.050000000000000000e+02
7.930000000000000000e+02
7.470000000000000000e+02
7.190000000000000000e+02
7.290000000000000000e+02
7.630000000000000000e+02
7.430000000000000000e+02
6.930000000000000000e+02
7.260000000000000000e+02
6.850000000000000000e+02
6.940000000000000000e+02
6.430000000000000000e+02
6.800000000000000000e+02
6.920000000000000000e+02
6.030000000000000000e+02
6.210000000000000000e+02
6.450000000000000000e+02
6.280000000000000000e+02
6.050000000000000000e+02
6.370000000000000000e+02
6.190000000000000000e+02
6.620000000000000000e+02
6.420000000000000000e+02
6.640000000000000000e+02
6.730000000000000000e+02
7.200000000000000000e+02
6.990000000000000000e+02
7.360000000000000000e+02
6.630000000000000000e+02
6.540000000000000000e+02
7.250000000000000000e+02
6.810000000000000000e+02
7.490000000000000000e+02
6.840000000000000000e+02
6.390000000000000000e+02
6.340000000000000000e+02
6.090000000000000000e+02
5.720000000000000000e+02
5.550000000000000000e+02
5.530000000000000000e+02
5.670000000000000000e+02
5.450000000000000000e+02
5.310000000000000000e+02
4.780000000000000000e+02
4.740000000000000000e+02
4.530000000000000000e+02
4.380000000000000000e+02
4.060000000000000000e+02
4.100000000000000000e+02
3.980000000000000000e+02
3.840000000000000000e+02
3.600000000000000000e+02
3.670000000000000000e+02
3.450000000000000000e+02
3.650000000000000000e+02
3.540000000000000000e+02
4.350000000000000000e+02
4.090000000000000000e+02
4.180000000000000000e+02
4.700000000000000000e+02
4.220000000000000000e+02
4.280000000000000000e+02
4.270000000000000000e+02
4.440000000000000000e+02
4.500000000000000000e+02
4.720000000000000000e+02
4.850000000000000000e+02
5.170000000000000000e+02
5.180000000000000000e+02
4.930000000000000000e+02
4.370000000000000000e+02
3.950000000000000000e+02
3.540000000000000000e+02
3.610000000000000000e+02
2.990000000000000000e+02
2.780000000000000000e+02
2.620000000000000000e+02
2.520000000000000000e+02
2.370000000000000000e+02
2.260000000000000000e+02
2.600000000000000000e+02
2.220000000000000000e+02
2.740000000000000000e+02
2.710000000000000000e+02
3.240000000000000000e+02
3.520000000000000000e+02
2.790000000000000000e+02
2.580000000000000000e+02
1.800000000000000000e+02
2.040000000000000000e+02
1.920000000000000000e+02
2.240000000000000000e+02
2.030000000000000000e+02
2.100000000000000000e+02
2.300000000000000000e+02
1.800000000000000000e+02
1.180000000000000000e+02
1.170000000000000000e+02
1.180000000000000000e+02
1.480000000000000000e+02
1.700000000000000000e+02
1.800000000000000000e+02
1.690000000000000000e+02
1.860000000000000000e+02
2.680000000000000000e+02
3.210000000000000000e+02
7.930000000000000000e+02
1.292000000000000000e+03
5.571600000000000000e+04
