6.800000000000000000e+01
1.020000000000000000e+02
1.600000000000000000e+02
1.480000000000000000e+02
1.420000000000000000e+02
2.320000000000000000e+02
2.060000000000000000e+02
2.620000000000000000e+02
2.550000000000000000e+02
3.120000000000000000e+02
3.200000000000000000e+02
3.170000000000000000e+02
3.420000000000000000e+02
3.750000000000000000e+02
3.770000000000000000e+02
4.510000000000000000e+02
4.680000000000000000e+02
4.780000000000000000e+02
5.130000000000000000e+02
5.670000000000000000e+02
5.950000000000000000e+02
6.200000000000000000e+02
6.190000000000000000e+02
6.510000000000000000e+02
6.570000000000000000e+02
6.850000000000000000e+02
7.050000000000000000e+02
7.350000000000000000e+02
8.670000000000000000e+02
9.630000000000000000e+02
1.087000000000000000e+03
1.100000000000000000e+03
1.034000000000000000e+03
1.066000000000000000e+03
9.300000000000000000e+02
1.016000000000000000e+03
1.008000000000000000e+03
1.017000000000000000e+03
9.710000000000000000e+02
9.680000000000000000e+02
1.055000000000000000e+03
1.174000000000000000e+03
1.136000000000000000e+03
1.100000000000000000e+03
1.026000000000000000e+03
1.117000000000000000e+03
1.016000000000000000e+03
1.018000000000000000e+03
1.009000000000000000e+03
1.038000000000000000e+03
1.103000000000000000e+03
1.076000000000000000e+03
1.068000000000000000e+03
1.162000000000000000e+03
1.275000000000000000e+03
1.220000000000000000e+03
1.153000000000000000e+03
1.051000000000000000e+03
9.600000000000000000e+02
9.620000000000000000e+02
9.350000000000000000e+02
9.130000000000000000e+02
8.440000000000000000e+02
9.570000000000000000e+02
9.450000000000000000e+02
9.490000000000000000e+02
9.700000000000000000e+02
9.340000000000000000e+02
1.001000000000000000e+03
8.240000000000000000e+02
8.400000000000000000e+02
8.120000000000000000e+02
8.070000000000000000e+02
7.360000000000000000e+02
6.200000000000000000e+02
7.310000000000000000e+02
6.500000000000000000e+02
6.200000000000000000e+02
7.140000000000000000e+02
7.160000000000000000e+02
6.900000000000000000e+02
7.390000000000000000e+02
6.990000000000000000e+02
7.730000000000000000e+02
8.300000000000000000e+02
8.500000000000000000e+02
7.970000000000000000e+02
7.760000000000000000e+02
7.780000000000000000e+02
7.780000000000000000e+02
7.330000000000000000e+02
7.500000000000000000e+02
7.510000000000000000e+02
7.120000000000000000e+02
7.490000000000000000e+02
7.900000000000000000e+02
7.640000000000000000e+02
7.790000000000000000e+02
7.140000000000000000e+02
6.830000000000000000e+02
7.470000000000000000e+02
7.080000000000000000e+02
7.050000000000000000e+02
7.140000000000000000e+02
8.400000000000000000e+02
9.240000000000000000e+02
9.280000000000000000e+02
8.300000000000000000e+02
8.530000000000000000e+02
8.630000000000000000e+02
8.590000000000000000e+02
8.040000000000000000e+02
8.530000000000000000e+02
7.460000000000000000e+02
7.020000000000000000e+02
6.980000000000000000e+02
6.850000000000000000e+02
7.110000000000000000e+02
7.280000000000000000e+02
7.010000000000000000e+02
7.150000000000000000e+02
7.080000000000000000e+02
7.190000000000000000e+02
7.160000000000000000e+02
7.600000000000000000e+02
8.070000000000000000e+02
7.220000000000000000e+02
6.970000000000000000e+02
7.130000000000000000e+02
7.890000000000000000e+02
7.400000000000000000e+02
7.520000000000000000e+02
7.370000000000000000e+02
8.840000000000000000e+02
8.130000000000000000e+02
8.780000000000000000e+02
9.170000000000000000e+02
9.800000000000000000e+02
9.890000000000000000e+02
9.700000000000000000e+02
1.072000000000000000e+03
9.660000000000000000e+02
9.770000000000000000e+02
9.000000000000000000e+02
8.350000000000000000e+02
8.820000000000000000e+02
7.900000000000000000e+02
7.870000000000000000e+02
7.720000000000000000e+02
8.000000000000000000e+02
9.010000000000000000e+02
9.310000000000000000e+02
1.015000000000000000e+03
9.930000000000000000e+02
1.171000000000000000e+03
1.216000000000000000e+03
1.306000000000000000e+03
1.222000000000000000e+03
1.135000000000000000e+03
1.196000000000000000e+03
1.185000000000000000e+03
1.146000000000000000e+03
1.268000000000000000e+03
1.275000000000000000e+03
1.359000000000000000e+03
1.565000000000000000e+03
1.824000000000000000e+03
2.018000000000000000e+03
1.885000000000000000e+03
1.891000000000000000e+03
1.910000000000000000e+03
1.725000000000000000e+03
1.614000000000000000e+03
1.853000000000000000e+03
1.655000000000000000e+03
1.387000000000000000e+03
1.472000000000000000e+03
1.401000000000000000e+03
1.634000000000000000e+03
1.498000000000000000e+03
1.226000000000000000e+03
9.140000000000000000e+02
9.440000000000000000e+02
1.123000000000000000e+03
1.423000000000000000e+03
1.557000000000000000e+03
1.674000000000000000e+03
1.308000000000000000e+03
1.012000000000000000e+03
6.420000000000000000e+02
4.890000000000000000e+02
3.700000000000000000e+02
3.410000000000000000e+02
3.840000000000000000e+02
4.220000000000000000e+02
4.520000000000000000e+02
4.630000000000000000e+02
5.410000000000000000e+02
5.620000000000000000e+02
5.700000000000000000e+02
6.350000000000000000e+02
4.240000000000000000e+02
3.080000000000000000e+02
3.110000000000000000e+02
3.450000000000000000e+02
4.590000000000000000e+02
4.020000000000000000e+02
4.050000000000000000e+02
3.990000000000000000e+02
4.560000000000000000e+02
5.080000000000000000e+02
5.610000000000000000e+02
5.700000000000000000e+02
7.370000000000000000e+02
8.880000000000000000e+02
1.027000000000000000e+03
1.147000000000000000e+03
1.452000000000000000e+03
2.077000000000000000e+03
2.317000000000000000e+03
2.346000000000000000e+03
2.528000000000000000e+03
2.498000000000000000e+03
2.915000000000000000e+03
2.841000000000000000e+03
2.864000000000000000e+03
3.778000000000000000e+03
5.409000000000000000e+03
4.344000000000000000e+03
4.645000000000000000e+03
3.997000000000000000e+03
2.703000000000000000e+03
1.365000000000000000e+03
9.670000000000000000e+02
8.150000000000000000e+02
6.590000000000000000e+02
5.030000000000000000e+02
3.400000000000000000e+02
2.830000000000000000e+02
2.150000000000000000e+02
2.390000000000000000e+02
1.940000000000000000e+02
1.550000000000000000e+02
1.720000000000000000e+02
1.770000000000000000e+02
1.300000000000000000e+02
1.170000000000000000e+02
1.010000000000000000e+02
1.160000000000000000e+02
1.220000000000000000e+02
1.100000000000000000e+02
1.210000000000000000e+02
1.950000000000000000e+02
1.610000000000000000e+02
1.130000000000000000e+02
1.190000000000000000e+02
8.000000000000000000e+00
3.500000000000000000e+01
1.050000000000000000e+02
9.400000000000000000e+01
1.360000000000000000e+02
1.540000000000000000e+02
1.490000000000000000e+02
1.760000000000000000e+02
2.020000000000000000e+02
2.310000000000000000e+02
2.710000000000000000e+02
2.780000000000000000e+02
3.360000000000000000e+02
3.570000000000000000e+02
3.630000000000000000e+02
4.200000000000000000e+02
4.280000000000000000e+02
4.520000000000000000e+02
5.080000000000000000e+02
5.370000000000000000e+02
5.550000000000000000e+02
6.550000000000000000e+02
6.470000000000000000e+02
6.370000000000000000e+02
6.380000000000000000e+02
6.430000000000000000e+02
7.170000000000000000e+02
7.960000000000000000e+02
8.520000000000000000e+02
9.640000000000000000e+02
1.086000000000000000e+03
1.160000000000000000e+03
1.226000000000000000e+03
1.112000000000000000e+03
1.014000000000000000e+03
8.910000000000000000e+02
9.310000000000000000e+02
9.820000000000000000e+02
9.890000000000000000e+02
1.003000000000000000e+03
1.024000000000000000e+03
1.048000000000000000e+03
9.940000000000000000e+02
1.025000000000000000e+03
9.840000000000000000e+02
9.690000000000000000e+02
1.050000000000000000e+03
1.174000000000000000e+03
1.265000000000000000e+03
1.240000000000000000e+03
1.264000000000000000e+03
1.328000000000000000e+03
1.382000000000000000e+03
1.424000000000000000e+03
1.243000000000000000e+03
1.147000000000000000e+03
9.560000000000000000e+02
9.620000000000000000e+02
9.140000000000000000e+02
9.230000000000000000e+02
8.030000000000000000e+02
7.570000000000000000e+02
7.160000000000000000e+02
7.910000000000000000e+02
8.010000000000000000e+02
7.270000000000000000e+02
8.140000000000000000e+02
8.200000000000000000e+02
8.310000000000000000e+02
8.450000000000000000e+02
8.330000000000000000e+02
8.750000000000000000e+02
8.850000000000000000e+02
8.170000000000000000e+02
7.830000000000000000e+02
7.040000000000000000e+02
6.900000000000000000e+02
7.340000000000000000e+02
7.410000000000000000e+02
6.650000000000000000e+02
6.720000000000000000e+02
6.940000000000000000e+02
6.710000000000000000e+02
6.680000000000000000e+02
7.090000000000000000e+02
6.490000000000000000e+02
7.530000000000000000e+02
7.890000000000000000e+02
8.080000000000000000e+02
8.390000000000000000e+02
8.470000000000000000e+02
8.580000000000000000e+02
8.520000000000000000e+02
9.370000000000000000e+02
9.390000000000000000e+02
9.460000000000000000e+02
1.025000000000000000e+03
1.021000000000000000e+03
1.053000000000000000e+03
1.103000000000000000e+03
1.220000000000000000e+03
1.173000000000000000e+03
1.045000000000000000e+03
9.930000000000000000e+02
9.710000000000000000e+02
9.180000000000000000e+02
8.330000000000000000e+02
7.560000000000000000e+02
6.870000000000000000e+02
7.060000000000000000e+02
7.090000000000000000e+02
6.820000000000000000e+02
6.960000000000000000e+02
6.990000000000000000e+02
6.990000000000000000e+02
7.100000000000000000e+02
7.180000000000000000e+02
7.390000000000000000e+02
7.190000000000000000e+02
6.890000000000000000e+02
6.630000000000000000e+02
7.120000000000000000e+02
6.930000000000000000e+02
7.240000000000000000e+02
7.090000000000000000e+02
7.230000000000000000e+02
7.430000000000000000e+02
8.000000000000000000e+02
8.390000000000000000e+02
8.500000000000000000e+02
9.090000000000000000e+02
8.980000000000000000e+02
9.220000000000000000e+02
9.890000000000000000e+02
9.170000000000000000e+02
8.900000000000000000e+02
9.080000000000000000e+02
9.040000000000000000e+02
1.000000000000000000e+03
1.002000000000000000e+03
1.029000000000000000e+03
1.018000000000000000e+03
1.089000000000000000e+03
1.065000000000000000e+03
1.213000000000000000e+03
1.264000000000000000e+03
1.221000000000000000e+03
1.149000000000000000e+03
1.258000000000000000e+03
1.273000000000000000e+03
1.316000000000000000e+03
1.576000000000000000e+03
1.662000000000000000e+03
1.789000000000000000e+03
1.937000000000000000e+03
2.232000000000000000e+03
2.523000000000000000e+03
2.620000000000000000e+03
2.213000000000000000e+03
1.948000000000000000e+03
1.788000000000000000e+03
1.710000000000000000e+03
1.593000000000000000e+03
1.712000000000000000e+03
1.597000000000000000e+03
1.422000000000000000e+03
1.493000000000000000e+03
1.354000000000000000e+03
1.452000000000000000e+03
1.327000000000000000e+03
1.144000000000000000e+03
9.320000000000000000e+02
7.970000000000000000e+02
7.130000000000000000e+02
6.960000000000000000e+02
7.710000000000000000e+02
9.030000000000000000e+02
1.179000000000000000e+03
1.251000000000000000e+03
1.511000000000000000e+03
1.608000000000000000e+03
1.593000000000000000e+03
1.524000000000000000e+03
1.330000000000000000e+03
8.790000000000000000e+02
4.920000000000000000e+02
3.500000000000000000e+02
3.360000000000000000e+02
2.930000000000000000e+02
3.520000000000000000e+02
3.840000000000000000e+02
4.090000000000000000e+02
4.430000000000000000e+02
3.980000000000000000e+02
4.380000000000000000e+02
3.890000000000000000e+02
4.450000000000000000e+02
3.990000000000000000e+02
3.960000000000000000e+02
4.430000000000000000e+02
4.900000000000000000e+02
5.850000000000000000e+02
7.260000000000000000e+02
8.000000000000000000e+02
9.840000000000000000e+02
1.057000000000000000e+03
1.258000000000000000e+03
1.444000000000000000e+03
1.488000000000000000e+03
1.490000000000000000e+03
1.552000000000000000e+03
1.270000000000000000e+03
1.349000000000000000e+03
1.329000000000000000e+03
1.388000000000000000e+03
1.410000000000000000e+03
1.529000000000000000e+03
1.894000000000000000e+03
2.331000000000000000e+03
2.468000000000000000e+03
2.496000000000000000e+03
3.081000000000000000e+03
4.226000000000000000e+03
4.566000000000000000e+03
3.020000000000000000e+03
2.764000000000000000e+03
2.686000000000000000e+03
1.630000000000000000e+03
1.111000000000000000e+03
1.107000000000000000e+03
1.086000000000000000e+03
8.960000000000000000e+02
5.940000000000000000e+02
4.330000000000000000e+02
3.710000000000000000e+02
2.840000000000000000e+02
1.820000000000000000e+02
1.180000000000000000e+02
1.030000000000000000e+02
8.600000000000000000e+01
5.900000000000000000e+01
5.600000000000000000e+01
6.000000000000000000e+01
6.300000000000000000e+01
8.300000000000000000e+01
7.300000000000000000e+01
9.000000000000000000e+01
1.070000000000000000e+02
1.010000000000000000e+02
1.280000000000000000e+02
1.590000000000000000e+02
2.070000000000000000e+02
2.100000000000000000e+02
2.420000000000000000e+02
1.930000000000000000e+02
1.700000000000000000e+02
1.040000000000000000e+02
1.020000000000000000e+02
1.370000000000000000e+02
1.380000000000000000e+02
1.160000000000000000e+02
1.540000000000000000e+02
1.530000000000000000e+02
1.970000000000000000e+02
2.110000000000000000e+02
2.370000000000000000e+02
3.060000000000000000e+02
3.350000000000000000e+02
3.850000000000000000e+02
4.390000000000000000e+02
4.970000000000000000e+02
5.520000000000000000e+02
6.520000000000000000e+02
6.700000000000000000e+02
7.480000000000000000e+02
7.390000000000000000e+02
8.000000000000000000e+02
8.320000000000000000e+02
8.950000000000000000e+02
9.730000000000000000e+02
1.049000000000000000e+03
1.071000000000000000e+03
1.176000000000000000e+03
1.224000000000000000e+03
1.322000000000000000e+03
1.235000000000000000e+03
1.146000000000000000e+03
1.115000000000000000e+03
1.221000000000000000e+03
1.166000000000000000e+03
1.180000000000000000e+03
1.189000000000000000e+03
1.137000000000000000e+03
1.276000000000000000e+03
1.338000000000000000e+03
1.393000000000000000e+03
1.461000000000000000e+03
1.415000000000000000e+03
1.294000000000000000e+03
1.166000000000000000e+03
1.096000000000000000e+03
9.060000000000000000e+02
9.380000000000000000e+02
9.170000000000000000e+02
9.680000000000000000e+02
9.960000000000000000e+02
9.710000000000000000e+02
8.370000000000000000e+02
8.400000000000000000e+02
8.770000000000000000e+02
8.370000000000000000e+02
9.300000000000000000e+02
8.860000000000000000e+02
9.150000000000000000e+02
9.890000000000000000e+02
9.770000000000000000e+02
9.910000000000000000e+02
8.930000000000000000e+02
8.250000000000000000e+02
8.370000000000000000e+02
8.890000000000000000e+02
8.930000000000000000e+02
8.970000000000000000e+02
8.680000000000000000e+02
7.940000000000000000e+02
7.960000000000000000e+02
7.650000000000000000e+02
8.730000000000000000e+02
8.750000000000000000e+02
8.890000000000000000e+02
9.340000000000000000e+02
9.770000000000000000e+02
1.024000000000000000e+03
1.110000000000000000e+03
1.109000000000000000e+03
1.051000000000000000e+03
1.017000000000000000e+03
1.001000000000000000e+03
9.600000000000000000e+02
9.510000000000000000e+02
9.440000000000000000e+02
9.030000000000000000e+02
8.700000000000000000e+02
8.440000000000000000e+02
8.080000000000000000e+02
8.230000000000000000e+02
7.590000000000000000e+02
8.390000000000000000e+02
7.740000000000000000e+02
7.880000000000000000e+02
7.380000000000000000e+02
7.250000000000000000e+02
7.240000000000000000e+02
7.340000000000000000e+02
7.530000000000000000e+02
6.850000000000000000e+02
7.560000000000000000e+02
6.970000000000000000e+02
7.720000000000000000e+02
6.840000000000000000e+02
7.320000000000000000e+02
7.540000000000000000e+02
7.350000000000000000e+02
7.950000000000000000e+02
7.040000000000000000e+02
7.240000000000000000e+02
7.530000000000000000e+02
8.390000000000000000e+02
7.400000000000000000e+02
8.340000000000000000e+02
9.630000000000000000e+02
9.030000000000000000e+02
9.010000000000000000e+02
9.280000000000000000e+02
9.490000000000000000e+02
9.580000000000000000e+02
1.026000000000000000e+03
1.099000000000000000e+03
1.102000000000000000e+03
1.228000000000000000e+03
1.136000000000000000e+03
1.202000000000000000e+03
1.181000000000000000e+03
1.135000000000000000e+03
1.113000000000000000e+03
1.091000000000000000e+03
1.044000000000000000e+03
1.035000000000000000e+03
1.165000000000000000e+03
1.360000000000000000e+03
1.451000000000000000e+03
1.486000000000000000e+03
1.613000000000000000e+03
1.814000000000000000e+03
1.817000000000000000e+03
1.822000000000000000e+03
1.732000000000000000e+03
1.726000000000000000e+03
1.862000000000000000e+03
1.716000000000000000e+03
1.606000000000000000e+03
1.459000000000000000e+03
1.489000000000000000e+03
1.494000000000000000e+03
1.472000000000000000e+03
1.526000000000000000e+03
1.582000000000000000e+03
1.697000000000000000e+03
1.715000000000000000e+03
1.556000000000000000e+03
1.579000000000000000e+03
1.614000000000000000e+03
1.716000000000000000e+03
1.540000000000000000e+03
1.519000000000000000e+03
1.685000000000000000e+03
1.497000000000000000e+03
1.273000000000000000e+03
1.058000000000000000e+03
9.760000000000000000e+02
1.087000000000000000e+03
9.770000000000000000e+02
1.040000000000000000e+03
9.430000000000000000e+02
9.960000000000000000e+02
1.016000000000000000e+03
1.040000000000000000e+03
1.074000000000000000e+03
1.201000000000000000e+03
1.250000000000000000e+03
1.368000000000000000e+03
1.575000000000000000e+03
1.713000000000000000e+03
1.683000000000000000e+03
1.751000000000000000e+03
1.645000000000000000e+03
1.525000000000000000e+03
1.547000000000000000e+03
1.527000000000000000e+03
1.401000000000000000e+03
1.167000000000000000e+03
1.077000000000000000e+03
1.033000000000000000e+03
9.620000000000000000e+02
8.450000000000000000e+02
7.550000000000000000e+02
8.640000000000000000e+02
8.510000000000000000e+02
8.400000000000000000e+02
7.440000000000000000e+02
7.960000000000000000e+02
8.270000000000000000e+02
8.460000000000000000e+02
7.340000000000000000e+02
7.180000000000000000e+02
8.480000000000000000e+02
8.690000000000000000e+02
8.420000000000000000e+02
8.970000000000000000e+02
9.510000000000000000e+02
9.160000000000000000e+02
9.430000000000000000e+02
8.930000000000000000e+02
6.720000000000000000e+02
8.520000000000000000e+02
1.337000000000000000e+03
1.274000000000000000e+03
1.877000000000000000e+03
1.914000000000000000e+03
1.224000000000000000e+03
1.093000000000000000e+03
9.600000000000000000e+02
6.840000000000000000e+02
9.940000000000000000e+02
1.350000000000000000e+03
1.258000000000000000e+03
1.154000000000000000e+03
1.480000000000000000e+03
1.053000000000000000e+03
5.840000000000000000e+02
6.780000000000000000e+02
8.780000000000000000e+02
7.920000000000000000e+02
6.950000000000000000e+02
6.470000000000000000e+02
7.890000000000000000e+02
7.000000000000000000e+02
5.660000000000000000e+02
5.550000000000000000e+02
6.570000000000000000e+02
3.980000000000000000e+02
3.430000000000000000e+02
1.380000000000000000e+02
8.800000000000000000e+01
6.200000000000000000e+01
5.800000000000000000e+01
3.900000000000000000e+01
4.600000000000000000e+01
4.600000000000000000e+01
5.400000000000000000e+01
3.800000000000000000e+01
4.900000000000000000e+01
8.300000000000000000e+01
7.400000000000000000e+01
1.030000000000000000e+02
1.090000000000000000e+02
1.140000000000000000e+02
1.560000000000000000e+02
1.770000000000000000e+02
1.530000000000000000e+02
1.770000000000000000e+02
3.150000000000000000e+02
