8.040000000000000000e+02
2.800000000000000000e+02
3.680000000000000000e+02
4.480000000000000000e+02
6.110000000000000000e+02
6.960000000000000000e+02
9.800000000000000000e+02
1.300000000000000000e+03
1.402000000000000000e+03
9.930000000000000000e+02
8.820000000000000000e+02
8.450000000000000000e+02
8.470000000000000000e+02
8.170000000000000000e+02
8.180000000000000000e+02
8.810000000000000000e+02
8.930000000000000000e+02
9.170000000000000000e+02
9.540000000000000000e+02
9.050000000000000000e+02
9.360000000000000000e+02
8.920000000000000000e+02
8.980000000000000000e+02
8.790000000000000000e+02
9.790000000000000000e+02
9.390000000000000000e+02
8.760000000000000000e+02
9.140000000000000000e+02
8.800000000000000000e+02
9.350000000000000000e+02
9.170000000000000000e+02
9.470000000000000000e+02
9.990000000000000000e+02
9.720000000000000000e+02
1.020000000000000000e+03
1.090000000000000000e+03
1.059000000000000000e+03
1.121000000000000000e+03
1.216000000000000000e+03
1.345000000000000000e+03
1.506000000000000000e+03
1.626000000000000000e+03
1.614000000000000000e+03
1.565000000000000000e+03
1.445000000000000000e+03
1.448000000000000000e+03
1.380000000000000000e+03
1.456000000000000000e+03
1.408000000000000000e+03
1.370000000000000000e+03
1.458000000000000000e+03
1.497000000000000000e+03
1.547000000000000000e+03
1.494000000000000000e+03
1.676000000000000000e+03
1.599000000000000000e+03
1.568000000000000000e+03
1.663000000000000000e+03
1.539000000000000000e+03
1.598000000000000000e+03
1.574000000000000000e+03
1.362000000000000000e+03
1.389000000000000000e+03
1.348000000000000000e+03
1.299000000000000000e+03
1.358000000000000000e+03
1.392000000000000000e+03
1.367000000000000000e+03
1.355000000000000000e+03
1.403000000000000000e+03
1.404000000000000000e+03
1.421000000000000000e+03
1.419000000000000000e+03
1.419000000000000000e+03
1.446000000000000000e+03
1.392000000000000000e+03
1.378000000000000000e+03
1.370000000000000000e+03
1.531000000000000000e+03
1.642000000000000000e+03
1.773000000000000000e+03
1.926000000000000000e+03
1.750000000000000000e+03
1.650000000000000000e+03
1.663000000000000000e+03
1.524000000000000000e+03
1.433000000000000000e+03
1.457000000000000000e+03
1.346000000000000000e+03
1.315000000000000000e+03
1.195000000000000000e+03
1.267000000000000000e+03
1.221000000000000000e+03
1.130000000000000000e+03
1.157000000000000000e+03
1.121000000000000000e+03
1.062000000000000000e+03
1.117000000000000000e+03
9.870000000000000000e+02
1.034000000000000000e+03
1.023000000000000000e+03
8.810000000000000000e+02
9.660000000000000000e+02
8.480000000000000000e+02
8.730000000000000000e+02
8.830000000000000000e+02
8.250000000000000000e+02
8.160000000000000000e+02
9.030000000000000000e+02
7.710000000000000000e+02
8.370000000000000000e+02
7.960000000000000000e+02
7.920000000000000000e+02
8.140000000000000000e+02
8.380000000000000000e+02
7.380000000000000000e+02
7.050000000000000000e+02
6.680000000000000000e+02
6.630000000000000000e+02
7.090000000000000000e+02
6.440000000000000000e+02
6.320000000000000000e+02
6.740000000000000000e+02
6.730000000000000000e+02
6.320000000000000000e+02
7.160000000000000000e+02
6.530000000000000000e+02
6.890000000000000000e+02
6.410000000000000000e+02
6.590000000000000000e+02
6.530000000000000000e+02
6.540000000000000000e+02
5.960000000000000000e+02
6.150000000000000000e+02
6.490000000000000000e+02
6.040000000000000000e+02
5.740000000000000000e+02
5.940000000000000000e+02
5.370000000000000000e+02
5.070000000000000000e+02
5.300000000000000000e+02
5.280000000000000000e+02
5.150000000000000000e+02
5.760000000000000000e+02
4.770000000000000000e+02
5.090000000000000000e+02
5.220000000000000000e+02
5.060000000000000000e+02
4.950000000000000000e+02
5.230000000000000000e+02
4.870000000000000000e+02
5.050000000000000000e+02
5.410000000000000000e+02
5.830000000000000000e+02
6.350000000000000000e+02
6.020000000000000000e+02
6.240000000000000000e+02
6.960000000000000000e+02
7.290000000000000000e+02
7.520000000000000000e+02
8.670000000000000000e+02
9.320000000000000000e+02
9.030000000000000000e+02
9.690000000000000000e+02
8.320000000000000000e+02
8.160000000000000000e+02
7.010000000000000000e+02
5.850000000000000000e+02
5.960000000000000000e+02
5.910000000000000000e+02
5.010000000000000000e+02
5.190000000000000000e+02
5.310000000000000000e+02
4.780000000000000000e+02
5.170000000000000000e+02
5.120000000000000000e+02
5.000000000000000000e+02
5.200000000000000000e+02
4.670000000000000000e+02
5.320000000000000000e+02
5.070000000000000000e+02
5.060000000000000000e+02
5.100000000000000000e+02
5.110000000000000000e+02
4.880000000000000000e+02
5.200000000000000000e+02
5.550000000000000000e+02
5.760000000000000000e+02
5.280000000000000000e+02
5.480000000000000000e+02
5.450000000000000000e+02
5.920000000000000000e+02
6.340000000000000000e+02
6.290000000000000000e+02
6.310000000000000000e+02
6.440000000000000000e+02
6.660000000000000000e+02
6.630000000000000000e+02
7.110000000000000000e+02
7.830000000000000000e+02
8.060000000000000000e+02
8.260000000000000000e+02
8.480000000000000000e+02
8.640000000000000000e+02
9.320000000000000000e+02
9.620000000000000000e+02
1.022000000000000000e+03
1.002000000000000000e+03
1.075000000000000000e+03
1.109000000000000000e+03
1.173000000000000000e+03
1.207000000000000000e+03
1.244000000000000000e+03
1.256000000000000000e+03
1.346000000000000000e+03
1.393000000000000000e+03
1.444000000000000000e+03
1.515000000000000000e+03
1.611000000000000000e+03
1.577000000000000000e+03
1.746000000000000000e+03
1.800000000000000000e+03
1.827000000000000000e+03
1.905000000000000000e+03
1.895000000000000000e+03
1.960000000000000000e+03
1.950000000000000000e+03
1.849000000000000000e+03
1.783000000000000000e+03
1.777000000000000000e+03
1.497000000000000000e+03
1.356000000000000000e+03
1.148000000000000000e+03
9.480000000000000000e+02
7.450000000000000000e+02
7.000000000000000000e+02
5.190000000000000000e+02
4.170000000000000000e+02
3.610000000000000000e+02
3.200000000000000000e+02
2.560000000000000000e+02
2.270000000000000000e+02
2.410000000000000000e+02
2.340000000000000000e+02
2.330000000000000000e+02
2.140000000000000000e+02
1.970000000000000000e+02
1.660000000000000000e+02
1.750000000000000000e+02
1.350000000000000000e+02
1.570000000000000000e+02
1.350000000000000000e+02
1.200000000000000000e+02
1.620000000000000000e+02
1.370000000000000000e+02
2.910000000000000000e+02
8.000000000000000000e+00
1.500000000000000000e+01
4.100000000000000000e+01
7.500000000000000000e+01
1.900000000000000000e+02
3.900000000000000000e+02
8.990000000000000000e+02
1.279000000000000000e+03
1.077000000000000000e+03
8.660000000000000000e+02
6.340000000000000000e+02
6.120000000000000000e+02
5.140000000000000000e+02
4.870000000000000000e+02
4.930000000000000000e+02
4.570000000000000000e+02
4.760000000000000000e+02
4.630000000000000000e+02
4.700000000000000000e+02
4.170000000000000000e+02
4.830000000000000000e+02
4.690000000000000000e+02
4.970000000000000000e+02
5.360000000000000000e+02
5.380000000000000000e+02
5.690000000000000000e+02
6.110000000000000000e+02
6.020000000000000000e+02
6.660000000000000000e+02
6.940000000000000000e+02
7.140000000000000000e+02
7.350000000000000000e+02
7.320000000000000000e+02
8.040000000000000000e+02
7.750000000000000000e+02
8.290000000000000000e+02
8.620000000000000000e+02
8.620000000000000000e+02
8.970000000000000000e+02
9.120000000000000000e+02
9.490000000000000000e+02
9.790000000000000000e+02
1.101000000000000000e+03
1.087000000000000000e+03
1.113000000000000000e+03
1.138000000000000000e+03
1.260000000000000000e+03
1.353000000000000000e+03
1.470000000000000000e+03
1.439000000000000000e+03
1.598000000000000000e+03
1.552000000000000000e+03
1.601000000000000000e+03
1.716000000000000000e+03
1.684000000000000000e+03
1.619000000000000000e+03
1.747000000000000000e+03
1.857000000000000000e+03
1.905000000000000000e+03
1.835000000000000000e+03
2.000000000000000000e+03
1.976000000000000000e+03
1.949000000000000000e+03
1.964000000000000000e+03
1.913000000000000000e+03
1.887000000000000000e+03
1.883000000000000000e+03
1.772000000000000000e+03
1.712000000000000000e+03
1.636000000000000000e+03
1.613000000000000000e+03
1.704000000000000000e+03
1.673000000000000000e+03
1.565000000000000000e+03
1.561000000000000000e+03
1.439000000000000000e+03
1.355000000000000000e+03
1.310000000000000000e+03
1.374000000000000000e+03
1.389000000000000000e+03
1.357000000000000000e+03
1.375000000000000000e+03
1.383000000000000000e+03
1.403000000000000000e+03
1.443000000000000000e+03
1.521000000000000000e+03
1.496000000000000000e+03
1.486000000000000000e+03
1.402000000000000000e+03
1.399000000000000000e+03
1.319000000000000000e+03
1.254000000000000000e+03
1.199000000000000000e+03
1.184000000000000000e+03
1.144000000000000000e+03
1.143000000000000000e+03
1.182000000000000000e+03
1.206000000000000000e+03
1.257000000000000000e+03
1.254000000000000000e+03
1.302000000000000000e+03
1.317000000000000000e+03
1.424000000000000000e+03
1.480000000000000000e+03
1.473000000000000000e+03
1.529000000000000000e+03
1.480000000000000000e+03
1.448000000000000000e+03
1.417000000000000000e+03
1.302000000000000000e+03
1.300000000000000000e+03
1.268000000000000000e+03
1.211000000000000000e+03
1.113000000000000000e+03
1.100000000000000000e+03
1.019000000000000000e+03
1.078000000000000000e+03
9.540000000000000000e+02
9.540000000000000000e+02
8.840000000000000000e+02
9.690000000000000000e+02
9.000000000000000000e+02
9.220000000000000000e+02
8.430000000000000000e+02
8.480000000000000000e+02
8.510000000000000000e+02
8.980000000000000000e+02
8.930000000000000000e+02
8.820000000000000000e+02
8.730000000000000000e+02
8.780000000000000000e+02
8.740000000000000000e+02
8.800000000000000000e+02
9.180000000000000000e+02
8.660000000000000000e+02
8.640000000000000000e+02
8.370000000000000000e+02
8.470000000000000000e+02
8.870000000000000000e+02
8.900000000000000000e+02
8.720000000000000000e+02
8.540000000000000000e+02
9.590000000000000000e+02
9.830000000000000000e+02
9.450000000000000000e+02
9.710000000000000000e+02
9.930000000000000000e+02
9.870000000000000000e+02
1.056000000000000000e+03
1.131000000000000000e+03
1.198000000000000000e+03
1.258000000000000000e+03
1.315000000000000000e+03
1.314000000000000000e+03
1.265000000000000000e+03
1.094000000000000000e+03
1.041000000000000000e+03
9.500000000000000000e+02
8.560000000000000000e+02
8.110000000000000000e+02
7.420000000000000000e+02
6.860000000000000000e+02
6.200000000000000000e+02
6.630000000000000000e+02
6.130000000000000000e+02
6.570000000000000000e+02
6.050000000000000000e+02
6.030000000000000000e+02
5.910000000000000000e+02
5.950000000000000000e+02
5.200000000000000000e+02
5.630000000000000000e+02
5.300000000000000000e+02
5.120000000000000000e+02
5.210000000000000000e+02
5.270000000000000000e+02
4.890000000000000000e+02
5.140000000000000000e+02
4.940000000000000000e+02
4.960000000000000000e+02
5.070000000000000000e+02
4.740000000000000000e+02
5.090000000000000000e+02
4.790000000000000000e+02
4.670000000000000000e+02
4.980000000000000000e+02
4.980000000000000000e+02
4.590000000000000000e+02
5.340000000000000000e+02
4.390000000000000000e+02
5.210000000000000000e+02
5.180000000000000000e+02
5.250000000000000000e+02
5.510000000000000000e+02
5.600000000000000000e+02
5.690000000000000000e+02
6.090000000000000000e+02
6.470000000000000000e+02
6.920000000000000000e+02
6.960000000000000000e+02
7.270000000000000000e+02
7.900000000000000000e+02
7.930000000000000000e+02
8.430000000000000000e+02
9.020000000000000000e+02
8.310000000000000000e+02
9.240000000000000000e+02
9.570000000000000000e+02
1.008000000000000000e+03
1.062000000000000000e+03
1.028000000000000000e+03
1.052000000000000000e+03
1.138000000000000000e+03
1.175000000000000000e+03
1.305000000000000000e+03
1.358000000000000000e+03
1.381000000000000000e+03
1.521000000000000000e+03
1.597000000000000000e+03
1.635000000000000000e+03
1.707000000000000000e+03
1.666000000000000000e+03
1.739000000000000000e+03
1.670000000000000000e+03
1.672000000000000000e+03
1.545000000000000000e+03
1.543000000000000000e+03
1.229000000000000000e+03
1.115000000000000000e+03
9.000000000000000000e+02
6.490000000000000000e+02
5.640000000000000000e+02
4.310000000000000000e+02
3.440000000000000000e+02
2.400000000000000000e+02
2.060000000000000000e+02
1.610000000000000000e+02
1.570000000000000000e+02
1.210000000000000000e+02
1.280000000000000000e+02
1.090000000000000000e+02
9.500000000000000000e+01
9.700000000000000000e+01
1.130000000000000000e+02
9.100000000000000000e+01
7.100000000000000000e+01
7.900000000000000000e+01
7.400000000000000000e+01
8.700000000000000000e+01
1.060000000000000000e+02
1.080000000000000000e+02
1.320000000000000000e+02
1.300000000000000000e+02
1.320000000000000000e+02
1.230000000000000000e+02
8.500000000000000000e+01
7.000000000000000000e+00
5.000000000000000000e+00
1.200000000000000000e+01
1.600000000000000000e+01
2.500000000000000000e+01
2.300000000000000000e+01
4.700000000000000000e+01
8.000000000000000000e+01
1.130000000000000000e+02
2.010000000000000000e+02
3.290000000000000000e+02
6.360000000000000000e+02
7.090000000000000000e+02
9.310000000000000000e+02
8.040000000000000000e+02
5.940000000000000000e+02
5.940000000000000000e+02
6.070000000000000000e+02
5.740000000000000000e+02
6.260000000000000000e+02
5.840000000000000000e+02
6.540000000000000000e+02
6.830000000000000000e+02
7.620000000000000000e+02
8.110000000000000000e+02
8.900000000000000000e+02
8.880000000000000000e+02
9.420000000000000000e+02
9.510000000000000000e+02
1.027000000000000000e+03
1.001000000000000000e+03
1.019000000000000000e+03
1.060000000000000000e+03
1.097000000000000000e+03
1.136000000000000000e+03
1.174000000000000000e+03
1.238000000000000000e+03
1.195000000000000000e+03
1.303000000000000000e+03
1.252000000000000000e+03
1.250000000000000000e+03
1.269000000000000000e+03
1.263000000000000000e+03
1.279000000000000000e+03
1.342000000000000000e+03
1.285000000000000000e+03
1.280000000000000000e+03
1.302000000000000000e+03
1.366000000000000000e+03
1.393000000000000000e+03
1.371000000000000000e+03
1.283000000000000000e+03
1.263000000000000000e+03
1.212000000000000000e+03
1.240000000000000000e+03
1.247000000000000000e+03
1.240000000000000000e+03
1.223000000000000000e+03
1.254000000000000000e+03
1.182000000000000000e+03
1.163000000000000000e+03
1.166000000000000000e+03
1.185000000000000000e+03
1.155000000000000000e+03
1.214000000000000000e+03
1.120000000000000000e+03
1.156000000000000000e+03
1.223000000000000000e+03
1.145000000000000000e+03
1.208000000000000000e+03
1.229000000000000000e+03
1.262000000000000000e+03
1.304000000000000000e+03
1.306000000000000000e+03
1.299000000000000000e+03
1.262000000000000000e+03
1.271000000000000000e+03
1.221000000000000000e+03
1.225000000000000000e+03
1.176000000000000000e+03
1.120000000000000000e+03
1.024000000000000000e+03
1.109000000000000000e+03
1.076000000000000000e+03
1.041000000000000000e+03
9.120000000000000000e+02
9.320000000000000000e+02
9.340000000000000000e+02
9.460000000000000000e+02
9.830000000000000000e+02
9.980000000000000000e+02
1.014000000000000000e+03
9.410000000000000000e+02
1.024000000000000000e+03
1.030000000000000000e+03
1.068000000000000000e+03
1.003000000000000000e+03
1.032000000000000000e+03
1.039000000000000000e+03
1.167000000000000000e+03
1.147000000000000000e+03
1.178000000000000000e+03
1.285000000000000000e+03
1.273000000000000000e+03
1.352000000000000000e+03
1.453000000000000000e+03
1.456000000000000000e+03
1.408000000000000000e+03
1.413000000000000000e+03
1.371000000000000000e+03
1.253000000000000000e+03
1.172000000000000000e+03
1.191000000000000000e+03
1.227000000000000000e+03
1.185000000000000000e+03
1.165000000000000000e+03
1.132000000000000000e+03
1.179000000000000000e+03
1.108000000000000000e+03
1.142000000000000000e+03
1.129000000000000000e+03
9.890000000000000000e+02
1.042000000000000000e+03
9.660000000000000000e+02
9.450000000000000000e+02
8.950000000000000000e+02
9.880000000000000000e+02
8.980000000000000000e+02
9.620000000000000000e+02
1.014000000000000000e+03
8.980000000000000000e+02
1.030000000000000000e+03
9.380000000000000000e+02
9.170000000000000000e+02
9.140000000000000000e+02
8.540000000000000000e+02
8.350000000000000000e+02
8.920000000000000000e+02
8.840000000000000000e+02
8.210000000000000000e+02
9.080000000000000000e+02
8.900000000000000000e+02
8.330000000000000000e+02
9.010000000000000000e+02
9.050000000000000000e+02
9.430000000000000000e+02
9.400000000000000000e+02
1.088000000000000000e+03
1.069000000000000000e+03
1.132000000000000000e+03
1.229000000000000000e+03
1.202000000000000000e+03
1.231000000000000000e+03
1.140000000000000000e+03
1.072000000000000000e+03
1.003000000000000000e+03
9.410000000000000000e+02
9.520000000000000000e+02
7.930000000000000000e+02
8.330000000000000000e+02
7.460000000000000000e+02
7.370000000000000000e+02
6.930000000000000000e+02
6.860000000000000000e+02
6.310000000000000000e+02
6.130000000000000000e+02
6.070000000000000000e+02
5.540000000000000000e+02
5.430000000000000000e+02
5.940000000000000000e+02
5.520000000000000000e+02
5.500000000000000000e+02
5.530000000000000000e+02
5.770000000000000000e+02
5.340000000000000000e+02
5.730000000000000000e+02
5.730000000000000000e+02
5.770000000000000000e+02
6.060000000000000000e+02
5.710000000000000000e+02
5.550000000000000000e+02
5.990000000000000000e+02
6.200000000000000000e+02
7.230000000000000000e+02
7.180000000000000000e+02
6.940000000000000000e+02
8.230000000000000000e+02
7.960000000000000000e+02
8.970000000000000000e+02
9.080000000000000000e+02
9.090000000000000000e+02
9.780000000000000000e+02
9.780000000000000000e+02
1.026000000000000000e+03
1.082000000000000000e+03
1.045000000000000000e+03
1.076000000000000000e+03
1.110000000000000000e+03
1.109000000000000000e+03
1.140000000000000000e+03
1.093000000000000000e+03
1.221000000000000000e+03
1.185000000000000000e+03
1.311000000000000000e+03
1.403000000000000000e+03
1.338000000000000000e+03
1.491000000000000000e+03
1.478000000000000000e+03
1.522000000000000000e+03
1.676000000000000000e+03
1.682000000000000000e+03
1.684000000000000000e+03
1.780000000000000000e+03
1.895000000000000000e+03
1.908000000000000000e+03
2.071000000000000000e+03
1.940000000000000000e+03
2.020000000000000000e+03
1.953000000000000000e+03
1.875000000000000000e+03
1.774000000000000000e+03
1.728000000000000000e+03
1.486000000000000000e+03
1.359000000000000000e+03
1.172000000000000000e+03
9.630000000000000000e+02
8.200000000000000000e+02
6.190000000000000000e+02
5.400000000000000000e+02
4.470000000000000000e+02
3.660000000000000000e+02
3.270000000000000000e+02
2.840000000000000000e+02
2.430000000000000000e+02
2.740000000000000000e+02
2.350000000000000000e+02
2.060000000000000000e+02
2.030000000000000000e+02
1.970000000000000000e+02
1.950000000000000000e+02
2.100000000000000000e+02
2.100000000000000000e+02
1.730000000000000000e+02
2.000000000000000000e+02
1.820000000000000000e+02
2.070000000000000000e+02
1.900000000000000000e+02
1.910000000000000000e+02
2.090000000000000000e+02
1.950000000000000000e+02
2.370000000000000000e+02
2.760000000000000000e+02
2.160000000000000000e+02
2.150000000000000000e+02
1.650000000000000000e+02
3.710000000000000000e+02
