9.670000000000000000e+02
5.210000000000000000e+02
6.010000000000000000e+02
6.630000000000000000e+02
6.830000000000000000e+02
7.550000000000000000e+02
8.060000000000000000e+02
7.430000000000000000e+02
6.780000000000000000e+02
6.800000000000000000e+02
6.890000000000000000e+02
6.500000000000000000e+02
6.490000000000000000e+02
5.780000000000000000e+02
5.770000000000000000e+02
5.200000000000000000e+02
5.000000000000000000e+02
4.850000000000000000e+02
4.780000000000000000e+02
4.640000000000000000e+02
4.530000000000000000e+02
5.190000000000000000e+02
4.700000000000000000e+02
4.430000000000000000e+02
4.850000000000000000e+02
4.020000000000000000e+02
4.470000000000000000e+02
4.370000000000000000e+02
4.090000000000000000e+02
4.500000000000000000e+02
4.350000000000000000e+02
4.830000000000000000e+02
4.640000000000000000e+02
4.610000000000000000e+02
4.820000000000000000e+02
4.950000000000000000e+02
4.690000000000000000e+02
4.680000000000000000e+02
4.820000000000000000e+02
4.700000000000000000e+02
4.240000000000000000e+02
4.570000000000000000e+02
3.970000000000000000e+02
4.290000000000000000e+02
4.330000000000000000e+02
3.900000000000000000e+02
4.580000000000000000e+02
4.560000000000000000e+02
4.520000000000000000e+02
4.430000000000000000e+02
4.320000000000000000e+02
4.910000000000000000e+02
5.010000000000000000e+02
4.690000000000000000e+02
4.500000000000000000e+02
5.120000000000000000e+02
4.740000000000000000e+02
4.690000000000000000e+02
4.860000000000000000e+02
5.170000000000000000e+02
4.670000000000000000e+02
4.610000000000000000e+02
4.860000000000000000e+02
5.000000000000000000e+02
5.460000000000000000e+02
5.200000000000000000e+02
5.480000000000000000e+02
5.510000000000000000e+02
5.110000000000000000e+02
5.340000000000000000e+02
5.680000000000000000e+02
5.850000000000000000e+02
5.830000000000000000e+02
5.560000000000000000e+02
5.310000000000000000e+02
5.620000000000000000e+02
5.250000000000000000e+02
6.130000000000000000e+02
5.490000000000000000e+02
6.410000000000000000e+02
5.840000000000000000e+02
6.120000000000000000e+02
6.510000000000000000e+02
7.060000000000000000e+02
7.250000000000000000e+02
7.050000000000000000e+02
6.470000000000000000e+02
7.200000000000000000e+02
6.720000000000000000e+02
7.600000000000000000e+02
7.070000000000000000e+02
7.290000000000000000e+02
7.070000000000000000e+02
7.250000000000000000e+02
7.560000000000000000e+02
7.730000000000000000e+02
7.550000000000000000e+02
7.960000000000000000e+02
8.160000000000000000e+02
8.060000000000000000e+02
8.280000000000000000e+02
8.660000000000000000e+02
9.090000000000000000e+02
8.460000000000000000e+02
8.910000000000000000e+02
9.080000000000000000e+02
8.790000000000000000e+02
9.390000000000000000e+02
9.270000000000000000e+02
1.018000000000000000e+03
1.058000000000000000e+03
1.078000000000000000e+03
1.160000000000000000e+03
1.204000000000000000e+03
1.288000000000000000e+03
1.360000000000000000e+03
1.368000000000000000e+03
1.406000000000000000e+03
1.491000000000000000e+03
1.587000000000000000e+03
1.729000000000000000e+03
1.798000000000000000e+03
1.982000000000000000e+03
2.096000000000000000e+03
2.063000000000000000e+03
2.228000000000000000e+03
2.331000000000000000e+03
2.294000000000000000e+03
2.227000000000000000e+03
2.095000000000000000e+03
1.998000000000000000e+03
2.009000000000000000e+03
1.942000000000000000e+03
1.970000000000000000e+03
1.989000000000000000e+03
1.852000000000000000e+03
1.970000000000000000e+03
2.088000000000000000e+03
2.170000000000000000e+03
2.164000000000000000e+03
2.392000000000000000e+03
2.442000000000000000e+03
2.735000000000000000e+03
3.570000000000000000e+03
3.189000000000000000e+03
3.484000000000000000e+03
3.323000000000000000e+03
2.941000000000000000e+03
3.183000000000000000e+03
3.071000000000000000e+03
2.531000000000000000e+03
1.999000000000000000e+03
2.431000000000000000e+03
1.891000000000000000e+03
2.092000000000000000e+03
1.642000000000000000e+03
1.395000000000000000e+03
1.110000000000000000e+03
1.110000000000000000e+03
8.040000000000000000e+02
8.670000000000000000e+02
7.470000000000000000e+02
7.720000000000000000e+02
7.600000000000000000e+02
8.260000000000000000e+02
8.060000000000000000e+02
8.420000000000000000e+02
6.930000000000000000e+02
7.020000000000000000e+02
7.000000000000000000e+02
7.770000000000000000e+02
7.450000000000000000e+02
8.710000000000000000e+02
1.065000000000000000e+03
1.131000000000000000e+03
1.320000000000000000e+03
1.496000000000000000e+03
1.724000000000000000e+03
2.274000000000000000e+03
2.462000000000000000e+03
2.450000000000000000e+03
3.107000000000000000e+03
2.140000000000000000e+03
2.020000000000000000e+03
2.264000000000000000e+03
1.940000000000000000e+03
1.823000000000000000e+03
1.510000000000000000e+03
1.417000000000000000e+03
1.252000000000000000e+03
1.181000000000000000e+03
1.196000000000000000e+03
1.070000000000000000e+03
9.060000000000000000e+02
1.009000000000000000e+03
9.540000000000000000e+02
9.430000000000000000e+02
8.890000000000000000e+02
8.660000000000000000e+02
8.550000000000000000e+02
9.040000000000000000e+02
9.940000000000000000e+02
1.028000000000000000e+03
9.740000000000000000e+02
8.780000000000000000e+02
8.630000000000000000e+02
7.630000000000000000e+02
7.660000000000000000e+02
7.720000000000000000e+02
7.120000000000000000e+02
7.620000000000000000e+02
6.850000000000000000e+02
6.690000000000000000e+02
7.170000000000000000e+02
6.670000000000000000e+02
6.680000000000000000e+02
6.400000000000000000e+02
5.880000000000000000e+02
5.810000000000000000e+02
6.200000000000000000e+02
5.870000000000000000e+02
5.630000000000000000e+02
5.100000000000000000e+02
4.930000000000000000e+02
4.400000000000000000e+02
3.610000000000000000e+02
3.660000000000000000e+02
3.420000000000000000e+02
3.310000000000000000e+02
3.320000000000000000e+02
2.840000000000000000e+02
2.280000000000000000e+02
2.380000000000000000e+02
2.450000000000000000e+02
2.130000000000000000e+02
1.520000000000000000e+02
1.380000000000000000e+02
1.370000000000000000e+02
1.330000000000000000e+02
8.900000000000000000e+01
6.600000000000000000e+01
5.600000000000000000e+01
6.400000000000000000e+01
7.900000000000000000e+01
5.200000000000000000e+01
5.300000000000000000e+01
4.500000000000000000e+01
5.100000000000000000e+01
3.500000000000000000e+01
2.600000000000000000e+01
3.100000000000000000e+01
1.500000000000000000e+01
8.000000000000000000e+00
5.000000000000000000e+00
9.000000000000000000e+00
1.900000000000000000e+01
3.350000000000000000e+02
2.620000000000000000e+02
3.310000000000000000e+02
4.290000000000000000e+02
5.570000000000000000e+02
6.420000000000000000e+02
7.090000000000000000e+02
6.980000000000000000e+02
6.670000000000000000e+02
6.140000000000000000e+02
6.320000000000000000e+02
6.090000000000000000e+02
6.140000000000000000e+02
6.020000000000000000e+02
5.570000000000000000e+02
5.040000000000000000e+02
4.960000000000000000e+02
4.740000000000000000e+02
5.070000000000000000e+02
4.650000000000000000e+02
4.760000000000000000e+02
5.010000000000000000e+02
5.000000000000000000e+02
4.530000000000000000e+02
4.300000000000000000e+02
4.250000000000000000e+02
4.060000000000000000e+02
4.000000000000000000e+02
3.990000000000000000e+02
4.160000000000000000e+02
4.140000000000000000e+02
3.900000000000000000e+02
4.020000000000000000e+02
4.210000000000000000e+02
4.150000000000000000e+02
3.920000000000000000e+02
4.270000000000000000e+02
4.130000000000000000e+02
4.340000000000000000e+02
3.990000000000000000e+02
3.820000000000000000e+02
3.660000000000000000e+02
3.770000000000000000e+02
3.890000000000000000e+02
3.640000000000000000e+02
3.490000000000000000e+02
4.310000000000000000e+02
3.750000000000000000e+02
3.820000000000000000e+02
4.150000000000000000e+02
4.380000000000000000e+02
4.370000000000000000e+02
4.460000000000000000e+02
3.980000000000000000e+02
4.330000000000000000e+02
4.600000000000000000e+02
4.250000000000000000e+02
4.370000000000000000e+02
4.110000000000000000e+02
4.500000000000000000e+02
4.420000000000000000e+02
4.220000000000000000e+02
4.620000000000000000e+02
4.230000000000000000e+02
4.250000000000000000e+02
4.240000000000000000e+02
4.150000000000000000e+02
4.110000000000000000e+02
4.530000000000000000e+02
4.740000000000000000e+02
4.370000000000000000e+02
4.550000000000000000e+02
4.700000000000000000e+02
4.750000000000000000e+02
4.630000000000000000e+02
5.160000000000000000e+02
5.390000000000000000e+02
4.790000000000000000e+02
5.050000000000000000e+02
5.380000000000000000e+02
5.500000000000000000e+02
5.230000000000000000e+02
5.330000000000000000e+02
5.300000000000000000e+02
4.850000000000000000e+02
5.380000000000000000e+02
5.570000000000000000e+02
5.410000000000000000e+02
5.540000000000000000e+02
6.020000000000000000e+02
5.780000000000000000e+02
5.450000000000000000e+02
6.120000000000000000e+02
5.860000000000000000e+02
6.550000000000000000e+02
6.950000000000000000e+02
6.790000000000000000e+02
7.130000000000000000e+02
8.100000000000000000e+02
7.960000000000000000e+02
8.150000000000000000e+02
9.520000000000000000e+02
8.850000000000000000e+02
9.050000000000000000e+02
8.230000000000000000e+02
9.410000000000000000e+02
9.720000000000000000e+02
9.930000000000000000e+02
9.780000000000000000e+02
1.084000000000000000e+03
1.098000000000000000e+03
1.108000000000000000e+03
1.202000000000000000e+03
1.289000000000000000e+03
1.338000000000000000e+03
1.365000000000000000e+03
1.522000000000000000e+03
1.452000000000000000e+03
1.670000000000000000e+03
1.721000000000000000e+03
1.782000000000000000e+03
1.926000000000000000e+03
2.095000000000000000e+03
2.242000000000000000e+03
2.263000000000000000e+03
2.356000000000000000e+03
2.387000000000000000e+03
2.404000000000000000e+03
2.264000000000000000e+03
2.091000000000000000e+03
2.050000000000000000e+03
1.971000000000000000e+03
1.835000000000000000e+03
1.887000000000000000e+03
1.792000000000000000e+03
1.661000000000000000e+03
1.690000000000000000e+03
1.625000000000000000e+03
1.660000000000000000e+03
1.629000000000000000e+03
1.747000000000000000e+03
1.849000000000000000e+03
1.933000000000000000e+03
2.016000000000000000e+03
2.086000000000000000e+03
2.369000000000000000e+03
3.207000000000000000e+03
2.776000000000000000e+03
3.130000000000000000e+03
2.643000000000000000e+03
2.810000000000000000e+03
3.026000000000000000e+03
3.325000000000000000e+03
2.844000000000000000e+03
2.175000000000000000e+03
2.189000000000000000e+03
1.705000000000000000e+03
1.961000000000000000e+03
1.703000000000000000e+03
2.030000000000000000e+03
1.549000000000000000e+03
1.616000000000000000e+03
1.031000000000000000e+03
1.035000000000000000e+03
9.690000000000000000e+02
8.420000000000000000e+02
6.660000000000000000e+02
5.820000000000000000e+02
5.260000000000000000e+02
4.990000000000000000e+02
4.530000000000000000e+02
4.200000000000000000e+02
3.980000000000000000e+02
3.920000000000000000e+02
3.990000000000000000e+02
3.900000000000000000e+02
3.890000000000000000e+02
3.790000000000000000e+02
4.160000000000000000e+02
3.920000000000000000e+02
4.320000000000000000e+02
3.620000000000000000e+02
4.350000000000000000e+02
3.880000000000000000e+02
4.580000000000000000e+02
4.220000000000000000e+02
4.180000000000000000e+02
4.220000000000000000e+02
4.760000000000000000e+02
5.640000000000000000e+02
6.270000000000000000e+02
7.620000000000000000e+02
8.930000000000000000e+02
1.022000000000000000e+03
9.020000000000000000e+02
9.690000000000000000e+02
1.040000000000000000e+03
1.019000000000000000e+03
1.246000000000000000e+03
1.191000000000000000e+03
1.596000000000000000e+03
1.628000000000000000e+03
2.703000000000000000e+03
1.930000000000000000e+03
1.738000000000000000e+03
2.060000000000000000e+03
1.946000000000000000e+03
2.196000000000000000e+03
2.352000000000000000e+03
2.198000000000000000e+03
2.102000000000000000e+03
2.009000000000000000e+03
1.944000000000000000e+03
1.927000000000000000e+03
2.010000000000000000e+03
2.305000000000000000e+03
2.316000000000000000e+03
2.187000000000000000e+03
1.886000000000000000e+03
1.646000000000000000e+03
1.243000000000000000e+03
1.195000000000000000e+03
1.024000000000000000e+03
8.430000000000000000e+02
8.250000000000000000e+02
7.580000000000000000e+02
7.130000000000000000e+02
7.230000000000000000e+02
6.090000000000000000e+02
5.770000000000000000e+02
5.100000000000000000e+02
4.900000000000000000e+02
4.490000000000000000e+02
4.390000000000000000e+02
4.230000000000000000e+02
2.960000000000000000e+02
3.140000000000000000e+02
2.620000000000000000e+02
2.090000000000000000e+02
2.030000000000000000e+02
1.620000000000000000e+02
1.220000000000000000e+02
1.060000000000000000e+02
1.030000000000000000e+02
8.700000000000000000e+01
7.100000000000000000e+01
4.900000000000000000e+01
3.800000000000000000e+01
3.300000000000000000e+01
2.900000000000000000e+01
2.400000000000000000e+01
1.000000000000000000e+01
1.500000000000000000e+01
1.800000000000000000e+01
7.000000000000000000e+00
1.200000000000000000e+01
1.620000000000000000e+02
1.200000000000000000e+02
2.100000000000000000e+02
2.310000000000000000e+02
3.720000000000000000e+02
4.110000000000000000e+02
4.920000000000000000e+02
5.350000000000000000e+02
4.840000000000000000e+02
4.860000000000000000e+02
5.290000000000000000e+02
5.570000000000000000e+02
5.910000000000000000e+02
5.260000000000000000e+02
5.240000000000000000e+02
5.060000000000000000e+02
5.240000000000000000e+02
5.190000000000000000e+02
4.880000000000000000e+02
4.560000000000000000e+02
4.860000000000000000e+02
4.400000000000000000e+02
4.730000000000000000e+02
4.310000000000000000e+02
4.240000000000000000e+02
4.160000000000000000e+02
4.180000000000000000e+02
4.470000000000000000e+02
4.520000000000000000e+02
4.470000000000000000e+02
4.300000000000000000e+02
4.340000000000000000e+02
4.780000000000000000e+02
3.900000000000000000e+02
4.100000000000000000e+02
4.080000000000000000e+02
3.750000000000000000e+02
3.750000000000000000e+02
3.840000000000000000e+02
3.900000000000000000e+02
3.940000000000000000e+02
3.630000000000000000e+02
3.890000000000000000e+02
3.990000000000000000e+02
3.760000000000000000e+02
4.190000000000000000e+02
4.090000000000000000e+02
3.580000000000000000e+02
3.830000000000000000e+02
4.190000000000000000e+02
4.040000000000000000e+02
3.690000000000000000e+02
4.150000000000000000e+02
4.040000000000000000e+02
4.020000000000000000e+02
4.170000000000000000e+02
4.280000000000000000e+02
4.160000000000000000e+02
4.030000000000000000e+02
4.130000000000000000e+02
4.820000000000000000e+02
4.440000000000000000e+02
4.700000000000000000e+02
4.740000000000000000e+02
4.290000000000000000e+02
5.200000000000000000e+02
5.130000000000000000e+02
5.170000000000000000e+02
4.600000000000000000e+02
4.960000000000000000e+02
5.360000000000000000e+02
5.200000000000000000e+02
4.840000000000000000e+02
5.190000000000000000e+02
4.940000000000000000e+02
4.840000000000000000e+02
5.210000000000000000e+02
4.710000000000000000e+02
4.770000000000000000e+02
5.020000000000000000e+02
5.110000000000000000e+02
4.980000000000000000e+02
5.210000000000000000e+02
4.990000000000000000e+02
5.230000000000000000e+02
5.160000000000000000e+02
4.960000000000000000e+02
5.110000000000000000e+02
4.990000000000000000e+02
5.000000000000000000e+02
5.520000000000000000e+02
5.070000000000000000e+02
5.550000000000000000e+02
5.290000000000000000e+02
5.610000000000000000e+02
5.900000000000000000e+02
5.680000000000000000e+02
6.010000000000000000e+02
5.920000000000000000e+02
6.380000000000000000e+02
6.330000000000000000e+02
6.560000000000000000e+02
7.300000000000000000e+02
7.270000000000000000e+02
6.930000000000000000e+02
7.840000000000000000e+02
7.790000000000000000e+02
8.020000000000000000e+02
9.390000000000000000e+02
9.640000000000000000e+02
1.058000000000000000e+03
1.155000000000000000e+03
1.254000000000000000e+03
1.329000000000000000e+03
1.372000000000000000e+03
1.509000000000000000e+03
1.596000000000000000e+03
1.571000000000000000e+03
1.754000000000000000e+03
1.744000000000000000e+03
1.857000000000000000e+03
1.960000000000000000e+03
2.089000000000000000e+03
2.228000000000000000e+03
2.258000000000000000e+03
2.342000000000000000e+03
2.339000000000000000e+03
2.326000000000000000e+03
2.227000000000000000e+03
1.985000000000000000e+03
1.976000000000000000e+03
1.994000000000000000e+03
1.801000000000000000e+03
1.677000000000000000e+03
1.647000000000000000e+03
1.519000000000000000e+03
1.507000000000000000e+03
1.501000000000000000e+03
1.480000000000000000e+03
1.418000000000000000e+03
1.400000000000000000e+03
1.379000000000000000e+03
1.479000000000000000e+03
1.413000000000000000e+03
1.354000000000000000e+03
1.416000000000000000e+03
1.447000000000000000e+03
1.453000000000000000e+03
1.568000000000000000e+03
1.619000000000000000e+03
1.614000000000000000e+03
1.823000000000000000e+03
1.919000000000000000e+03
2.797000000000000000e+03
2.192000000000000000e+03
2.920000000000000000e+03
2.295000000000000000e+03
2.876000000000000000e+03
2.303000000000000000e+03
3.057000000000000000e+03
2.017000000000000000e+03
2.081000000000000000e+03
1.626000000000000000e+03
2.036000000000000000e+03
1.580000000000000000e+03
1.972000000000000000e+03
1.575000000000000000e+03
1.943000000000000000e+03
1.592000000000000000e+03
1.889000000000000000e+03
1.321000000000000000e+03
1.438000000000000000e+03
8.550000000000000000e+02
8.960000000000000000e+02
7.210000000000000000e+02
7.730000000000000000e+02
6.190000000000000000e+02
5.360000000000000000e+02
4.790000000000000000e+02
4.590000000000000000e+02
4.230000000000000000e+02
4.220000000000000000e+02
4.480000000000000000e+02
4.160000000000000000e+02
3.910000000000000000e+02
4.220000000000000000e+02
4.070000000000000000e+02
4.020000000000000000e+02
4.870000000000000000e+02
5.220000000000000000e+02
5.260000000000000000e+02
7.010000000000000000e+02
7.890000000000000000e+02
8.900000000000000000e+02
1.086000000000000000e+03
1.149000000000000000e+03
1.245000000000000000e+03
1.426000000000000000e+03
1.386000000000000000e+03
1.216000000000000000e+03
1.319000000000000000e+03
1.184000000000000000e+03
1.238000000000000000e+03
1.394000000000000000e+03
1.246000000000000000e+03
1.644000000000000000e+03
1.286000000000000000e+03
2.317000000000000000e+03
1.122000000000000000e+03
1.176000000000000000e+03
1.006000000000000000e+03
8.010000000000000000e+02
7.940000000000000000e+02
7.620000000000000000e+02
8.520000000000000000e+02
8.510000000000000000e+02
8.560000000000000000e+02
8.370000000000000000e+02
8.790000000000000000e+02
8.550000000000000000e+02
9.920000000000000000e+02
1.074000000000000000e+03
9.910000000000000000e+02
8.990000000000000000e+02
9.030000000000000000e+02
8.690000000000000000e+02
8.750000000000000000e+02
9.780000000000000000e+02
9.680000000000000000e+02
1.169000000000000000e+03
1.301000000000000000e+03
1.419000000000000000e+03
1.673000000000000000e+03
1.669000000000000000e+03
1.581000000000000000e+03
1.687000000000000000e+03
1.630000000000000000e+03
1.577000000000000000e+03
1.366000000000000000e+03
1.071000000000000000e+03
9.060000000000000000e+02
8.180000000000000000e+02
8.050000000000000000e+02
7.810000000000000000e+02
8.830000000000000000e+02
6.460000000000000000e+02
5.880000000000000000e+02
4.420000000000000000e+02
3.570000000000000000e+02
3.090000000000000000e+02
2.340000000000000000e+02
1.700000000000000000e+02
1.450000000000000000e+02
1.330000000000000000e+02
6.000000000000000000e+01
1.550000000000000000e+02
