7.190000000000000000e+02
3.080000000000000000e+02
5.080000000000000000e+02
7.340000000000000000e+02
1.313000000000000000e+03
1.591000000000000000e+03
2.680000000000000000e+03
3.294000000000000000e+03
2.598000000000000000e+03
1.891000000000000000e+03
1.601000000000000000e+03
1.513000000000000000e+03
1.701000000000000000e+03
1.777000000000000000e+03
1.663000000000000000e+03
1.434000000000000000e+03
1.283000000000000000e+03
1.108000000000000000e+03
9.650000000000000000e+02
7.710000000000000000e+02
7.080000000000000000e+02
6.720000000000000000e+02
6.030000000000000000e+02
5.920000000000000000e+02
5.780000000000000000e+02
5.560000000000000000e+02
6.480000000000000000e+02
6.200000000000000000e+02
6.150000000000000000e+02
6.770000000000000000e+02
7.360000000000000000e+02
7.930000000000000000e+02
7.850000000000000000e+02
8.490000000000000000e+02
9.000000000000000000e+02
9.050000000000000000e+02
9.240000000000000000e+02
9.310000000000000000e+02
9.370000000000000000e+02
9.470000000000000000e+02
9.880000000000000000e+02
1.041000000000000000e+03
9.690000000000000000e+02
9.980000000000000000e+02
1.024000000000000000e+03
1.029000000000000000e+03
1.042000000000000000e+03
1.151000000000000000e+03
1.127000000000000000e+03
1.142000000000000000e+03
1.286000000000000000e+03
1.277000000000000000e+03
1.300000000000000000e+03
1.431000000000000000e+03
1.435000000000000000e+03
1.577000000000000000e+03
1.556000000000000000e+03
1.594000000000000000e+03
1.602000000000000000e+03
1.587000000000000000e+03
1.817000000000000000e+03
1.751000000000000000e+03
1.801000000000000000e+03
1.884000000000000000e+03
1.906000000000000000e+03
1.957000000000000000e+03
2.173000000000000000e+03
2.184000000000000000e+03
2.261000000000000000e+03
2.283000000000000000e+03
2.317000000000000000e+03
2.380000000000000000e+03
2.372000000000000000e+03
2.458000000000000000e+03
2.440000000000000000e+03
2.488000000000000000e+03
2.549000000000000000e+03
2.488000000000000000e+03
2.554000000000000000e+03
2.508000000000000000e+03
2.354000000000000000e+03
2.332000000000000000e+03
2.291000000000000000e+03
2.259000000000000000e+03
2.220000000000000000e+03
2.037000000000000000e+03
1.989000000000000000e+03
1.890000000000000000e+03
1.862000000000000000e+03
1.682000000000000000e+03
1.667000000000000000e+03
1.580000000000000000e+03
1.515000000000000000e+03
1.508000000000000000e+03
1.409000000000000000e+03
1.392000000000000000e+03
1.320000000000000000e+03
1.297000000000000000e+03
1.194000000000000000e+03
1.235000000000000000e+03
1.184000000000000000e+03
1.109000000000000000e+03
1.139000000000000000e+03
1.042000000000000000e+03
1.013000000000000000e+03
1.003000000000000000e+03
9.770000000000000000e+02
9.590000000000000000e+02
1.002000000000000000e+03
8.720000000000000000e+02
8.870000000000000000e+02
8.370000000000000000e+02
8.470000000000000000e+02
7.590000000000000000e+02
7.460000000000000000e+02
7.220000000000000000e+02
7.430000000000000000e+02
6.800000000000000000e+02
6.810000000000000000e+02
6.250000000000000000e+02
6.440000000000000000e+02
6.110000000000000000e+02
5.710000000000000000e+02
5.890000000000000000e+02
6.200000000000000000e+02
5.880000000000000000e+02
5.740000000000000000e+02
4.920000000000000000e+02
5.360000000000000000e+02
5.040000000000000000e+02
5.110000000000000000e+02
4.680000000000000000e+02
4.740000000000000000e+02
4.440000000000000000e+02
4.870000000000000000e+02
4.640000000000000000e+02
4.240000000000000000e+02
4.220000000000000000e+02
3.890000000000000000e+02
3.460000000000000000e+02
3.730000000000000000e+02
3.720000000000000000e+02
3.200000000000000000e+02
3.500000000000000000e+02
3.220000000000000000e+02
3.090000000000000000e+02
2.870000000000000000e+02
2.580000000000000000e+02
2.430000000000000000e+02
2.610000000000000000e+02
2.500000000000000000e+02
2.550000000000000000e+02
2.430000000000000000e+02
2.810000000000000000e+02
2.650000000000000000e+02
2.870000000000000000e+02
2.630000000000000000e+02
2.740000000000000000e+02
2.540000000000000000e+02
2.680000000000000000e+02
2.440000000000000000e+02
2.460000000000000000e+02
2.530000000000000000e+02
2.470000000000000000e+02
2.460000000000000000e+02
2.620000000000000000e+02
2.990000000000000000e+02
2.940000000000000000e+02
2.880000000000000000e+02
3.000000000000000000e+02
3.280000000000000000e+02
3.460000000000000000e+02
3.470000000000000000e+02
3.560000000000000000e+02
3.830000000000000000e+02
3.820000000000000000e+02
3.980000000000000000e+02
3.830000000000000000e+02
3.970000000000000000e+02
4.220000000000000000e+02
4.970000000000000000e+02
4.790000000000000000e+02
4.740000000000000000e+02
4.550000000000000000e+02
4.550000000000000000e+02
4.930000000000000000e+02
4.840000000000000000e+02
5.140000000000000000e+02
6.040000000000000000e+02
6.580000000000000000e+02
7.100000000000000000e+02
7.940000000000000000e+02
8.560000000000000000e+02
9.300000000000000000e+02
8.490000000000000000e+02
8.340000000000000000e+02
8.000000000000000000e+02
8.750000000000000000e+02
9.060000000000000000e+02
8.990000000000000000e+02
8.210000000000000000e+02
1.069000000000000000e+03
1.145000000000000000e+03
1.097000000000000000e+03
1.285000000000000000e+03
1.442000000000000000e+03
1.556000000000000000e+03
1.657000000000000000e+03
1.640000000000000000e+03
1.709000000000000000e+03
1.618000000000000000e+03
1.641000000000000000e+03
1.571000000000000000e+03
1.400000000000000000e+03
1.189000000000000000e+03
1.200000000000000000e+03
1.155000000000000000e+03
9.930000000000000000e+02
8.290000000000000000e+02
6.630000000000000000e+02
5.160000000000000000e+02
4.580000000000000000e+02
4.300000000000000000e+02
3.900000000000000000e+02
4.070000000000000000e+02
3.600000000000000000e+02
4.170000000000000000e+02
4.260000000000000000e+02
4.150000000000000000e+02
3.710000000000000000e+02
3.420000000000000000e+02
3.370000000000000000e+02
3.320000000000000000e+02
3.520000000000000000e+02
3.320000000000000000e+02
3.140000000000000000e+02
2.820000000000000000e+02
2.820000000000000000e+02
2.770000000000000000e+02
3.030000000000000000e+02
2.770000000000000000e+02
2.490000000000000000e+02
2.340000000000000000e+02
2.090000000000000000e+02
2.200000000000000000e+02
2.050000000000000000e+02
2.350000000000000000e+02
2.530000000000000000e+02
2.260000000000000000e+02
2.750000000000000000e+02
2.800000000000000000e+02
2.430000000000000000e+02
2.450000000000000000e+02
2.810000000000000000e+02
2.350000000000000000e+02
4.150000000000000000e+02
3.160000000000000000e+02
3.500000000000000000e+01
4.300000000000000000e+01
9.800000000000000000e+01
1.840000000000000000e+02
4.560000000000000000e+02
1.074000000000000000e+03
2.508000000000000000e+03
2.939000000000000000e+03
2.282000000000000000e+03
1.772000000000000000e+03
1.458000000000000000e+03
1.316000000000000000e+03
1.133000000000000000e+03
8.420000000000000000e+02
7.220000000000000000e+02
6.350000000000000000e+02
6.070000000000000000e+02
5.760000000000000000e+02
5.740000000000000000e+02
6.250000000000000000e+02
6.110000000000000000e+02
6.720000000000000000e+02
7.130000000000000000e+02
7.980000000000000000e+02
8.520000000000000000e+02
9.120000000000000000e+02
1.034000000000000000e+03
1.141000000000000000e+03
1.194000000000000000e+03
1.345000000000000000e+03
1.502000000000000000e+03
1.569000000000000000e+03
1.649000000000000000e+03
1.743000000000000000e+03
1.749000000000000000e+03
1.890000000000000000e+03
1.894000000000000000e+03
1.953000000000000000e+03
1.885000000000000000e+03
1.891000000000000000e+03
1.939000000000000000e+03
1.932000000000000000e+03
1.992000000000000000e+03
1.988000000000000000e+03
1.973000000000000000e+03
2.025000000000000000e+03
2.040000000000000000e+03
2.050000000000000000e+03
2.172000000000000000e+03
2.316000000000000000e+03
2.343000000000000000e+03
2.405000000000000000e+03
2.465000000000000000e+03
2.517000000000000000e+03
2.664000000000000000e+03
2.716000000000000000e+03
2.924000000000000000e+03
2.961000000000000000e+03
3.077000000000000000e+03
3.056000000000000000e+03
3.272000000000000000e+03
3.212000000000000000e+03
3.238000000000000000e+03
3.287000000000000000e+03
3.309000000000000000e+03
3.195000000000000000e+03
3.070000000000000000e+03
2.964000000000000000e+03
2.794000000000000000e+03
2.779000000000000000e+03
2.598000000000000000e+03
2.443000000000000000e+03
2.382000000000000000e+03
2.228000000000000000e+03
2.170000000000000000e+03
2.090000000000000000e+03
1.950000000000000000e+03
2.043000000000000000e+03
1.900000000000000000e+03
1.883000000000000000e+03
1.734000000000000000e+03
1.729000000000000000e+03
1.685000000000000000e+03
1.570000000000000000e+03
1.580000000000000000e+03
1.388000000000000000e+03
1.306000000000000000e+03
1.240000000000000000e+03
1.207000000000000000e+03
1.047000000000000000e+03
1.012000000000000000e+03
9.360000000000000000e+02
8.450000000000000000e+02
7.810000000000000000e+02
7.550000000000000000e+02
6.960000000000000000e+02
6.370000000000000000e+02
5.730000000000000000e+02
5.670000000000000000e+02
4.800000000000000000e+02
5.070000000000000000e+02
4.510000000000000000e+02
4.310000000000000000e+02
4.020000000000000000e+02
3.410000000000000000e+02
3.250000000000000000e+02
3.400000000000000000e+02
3.190000000000000000e+02
3.120000000000000000e+02
2.940000000000000000e+02
2.620000000000000000e+02
2.770000000000000000e+02
2.390000000000000000e+02
2.500000000000000000e+02
2.530000000000000000e+02
2.620000000000000000e+02
2.130000000000000000e+02
2.500000000000000000e+02
2.090000000000000000e+02
2.250000000000000000e+02
2.190000000000000000e+02
2.330000000000000000e+02
1.790000000000000000e+02
1.780000000000000000e+02
1.800000000000000000e+02
1.690000000000000000e+02
2.010000000000000000e+02
1.800000000000000000e+02
1.800000000000000000e+02
1.790000000000000000e+02
1.640000000000000000e+02
1.650000000000000000e+02
1.550000000000000000e+02
1.930000000000000000e+02
1.690000000000000000e+02
1.800000000000000000e+02
1.630000000000000000e+02
1.840000000000000000e+02
1.970000000000000000e+02
1.960000000000000000e+02
2.260000000000000000e+02
2.100000000000000000e+02
1.990000000000000000e+02
2.100000000000000000e+02
1.850000000000000000e+02
2.400000000000000000e+02
1.970000000000000000e+02
2.110000000000000000e+02
2.090000000000000000e+02
1.820000000000000000e+02
2.410000000000000000e+02
2.170000000000000000e+02
2.080000000000000000e+02
1.920000000000000000e+02
1.950000000000000000e+02
2.110000000000000000e+02
2.130000000000000000e+02
2.240000000000000000e+02
2.310000000000000000e+02
2.150000000000000000e+02
2.340000000000000000e+02
2.330000000000000000e+02
2.250000000000000000e+02
2.360000000000000000e+02
2.090000000000000000e+02
2.070000000000000000e+02
2.100000000000000000e+02
2.300000000000000000e+02
2.200000000000000000e+02
2.220000000000000000e+02
2.160000000000000000e+02
2.250000000000000000e+02
2.140000000000000000e+02
2.310000000000000000e+02
2.370000000000000000e+02
2.320000000000000000e+02
2.370000000000000000e+02
2.230000000000000000e+02
2.470000000000000000e+02
2.540000000000000000e+02
2.540000000000000000e+02
2.610000000000000000e+02
2.770000000000000000e+02
2.820000000000000000e+02
3.060000000000000000e+02
3.060000000000000000e+02
3.150000000000000000e+02
3.280000000000000000e+02
3.200000000000000000e+02
3.620000000000000000e+02
4.070000000000000000e+02
4.440000000000000000e+02
4.330000000000000000e+02
5.080000000000000000e+02
5.230000000000000000e+02
5.670000000000000000e+02
6.290000000000000000e+02
6.420000000000000000e+02
6.910000000000000000e+02
6.660000000000000000e+02
6.570000000000000000e+02
6.570000000000000000e+02
7.710000000000000000e+02
8.740000000000000000e+02
9.590000000000000000e+02
1.199000000000000000e+03
1.228000000000000000e+03
1.310000000000000000e+03
1.296000000000000000e+03
1.307000000000000000e+03
1.262000000000000000e+03
1.207000000000000000e+03
1.214000000000000000e+03
1.459000000000000000e+03
1.677000000000000000e+03
1.998000000000000000e+03
2.152000000000000000e+03
2.268000000000000000e+03
2.373000000000000000e+03
2.220000000000000000e+03
2.095000000000000000e+03
1.901000000000000000e+03
1.503000000000000000e+03
1.449000000000000000e+03
1.192000000000000000e+03
1.029000000000000000e+03
8.900000000000000000e+02
7.220000000000000000e+02
5.020000000000000000e+02
4.360000000000000000e+02
3.700000000000000000e+02
3.160000000000000000e+02
2.970000000000000000e+02
3.020000000000000000e+02
2.590000000000000000e+02
1.950000000000000000e+02
2.350000000000000000e+02
1.840000000000000000e+02
1.510000000000000000e+02
1.700000000000000000e+02
1.290000000000000000e+02
1.400000000000000000e+02
1.350000000000000000e+02
1.150000000000000000e+02
1.010000000000000000e+02
1.250000000000000000e+02
1.270000000000000000e+02
1.100000000000000000e+02
1.020000000000000000e+02
7.100000000000000000e+01
6.600000000000000000e+01
4.000000000000000000e+01
1.500000000000000000e+01
9.000000000000000000e+00
2.000000000000000000e+00
6.330000000000000000e+02
4.100000000000000000e+01
8.100000000000000000e+01
8.100000000000000000e+01
1.030000000000000000e+02
1.030000000000000000e+02
1.060000000000000000e+02
1.460000000000000000e+02
1.890000000000000000e+02
2.480000000000000000e+02
4.680000000000000000e+02
9.030000000000000000e+02
2.121000000000000000e+03
2.722000000000000000e+03
2.339000000000000000e+03
2.124000000000000000e+03
1.776000000000000000e+03
1.742000000000000000e+03
1.730000000000000000e+03
1.535000000000000000e+03
1.448000000000000000e+03
1.449000000000000000e+03
1.584000000000000000e+03
1.591000000000000000e+03
1.654000000000000000e+03
1.722000000000000000e+03
1.898000000000000000e+03
1.844000000000000000e+03
2.065000000000000000e+03
2.003000000000000000e+03
1.949000000000000000e+03
2.049000000000000000e+03
2.088000000000000000e+03
2.192000000000000000e+03
2.166000000000000000e+03
2.154000000000000000e+03
2.329000000000000000e+03
2.321000000000000000e+03
2.352000000000000000e+03
2.339000000000000000e+03
2.424000000000000000e+03
2.554000000000000000e+03
2.571000000000000000e+03
2.663000000000000000e+03
2.673000000000000000e+03
2.923000000000000000e+03
3.037000000000000000e+03
3.038000000000000000e+03
3.127000000000000000e+03
3.134000000000000000e+03
3.343000000000000000e+03
3.400000000000000000e+03
3.484000000000000000e+03
3.657000000000000000e+03
3.609000000000000000e+03
3.734000000000000000e+03
3.712000000000000000e+03
3.623000000000000000e+03
3.814000000000000000e+03
3.688000000000000000e+03
3.550000000000000000e+03
3.400000000000000000e+03
3.243000000000000000e+03
3.060000000000000000e+03
2.948000000000000000e+03
2.830000000000000000e+03
2.646000000000000000e+03
2.422000000000000000e+03
2.105000000000000000e+03
2.136000000000000000e+03
1.927000000000000000e+03
1.830000000000000000e+03
1.701000000000000000e+03
1.547000000000000000e+03
1.453000000000000000e+03
1.381000000000000000e+03
1.236000000000000000e+03
1.202000000000000000e+03
1.098000000000000000e+03
1.013000000000000000e+03
8.720000000000000000e+02
8.640000000000000000e+02
7.970000000000000000e+02
7.440000000000000000e+02
6.360000000000000000e+02
5.850000000000000000e+02
5.410000000000000000e+02
4.940000000000000000e+02
5.050000000000000000e+02
4.880000000000000000e+02
4.320000000000000000e+02
3.510000000000000000e+02
3.420000000000000000e+02
3.130000000000000000e+02
3.190000000000000000e+02
3.100000000000000000e+02
2.920000000000000000e+02
2.690000000000000000e+02
2.500000000000000000e+02
2.330000000000000000e+02
2.100000000000000000e+02
2.410000000000000000e+02
2.250000000000000000e+02
2.110000000000000000e+02
2.200000000000000000e+02
2.070000000000000000e+02
1.640000000000000000e+02
1.760000000000000000e+02
2.000000000000000000e+02
1.620000000000000000e+02
1.530000000000000000e+02
1.710000000000000000e+02
1.770000000000000000e+02
1.710000000000000000e+02
1.490000000000000000e+02
1.400000000000000000e+02
2.030000000000000000e+02
1.580000000000000000e+02
1.500000000000000000e+02
1.620000000000000000e+02
1.580000000000000000e+02
1.450000000000000000e+02
1.560000000000000000e+02
1.430000000000000000e+02
1.540000000000000000e+02
1.380000000000000000e+02
1.410000000000000000e+02
1.460000000000000000e+02
1.400000000000000000e+02
1.620000000000000000e+02
1.300000000000000000e+02
1.150000000000000000e+02
1.340000000000000000e+02
1.280000000000000000e+02
1.300000000000000000e+02
1.460000000000000000e+02
1.530000000000000000e+02
1.560000000000000000e+02
1.360000000000000000e+02
1.530000000000000000e+02
1.560000000000000000e+02
1.700000000000000000e+02
1.660000000000000000e+02
1.500000000000000000e+02
1.470000000000000000e+02
1.390000000000000000e+02
1.390000000000000000e+02
1.500000000000000000e+02
1.190000000000000000e+02
1.490000000000000000e+02
1.660000000000000000e+02
1.600000000000000000e+02
1.630000000000000000e+02
1.490000000000000000e+02
1.490000000000000000e+02
1.610000000000000000e+02
1.370000000000000000e+02
1.510000000000000000e+02
1.630000000000000000e+02
1.450000000000000000e+02
1.810000000000000000e+02
1.660000000000000000e+02
1.880000000000000000e+02
1.680000000000000000e+02
1.830000000000000000e+02
1.820000000000000000e+02
1.910000000000000000e+02
2.040000000000000000e+02
2.300000000000000000e+02
2.250000000000000000e+02
2.510000000000000000e+02
2.760000000000000000e+02
2.450000000000000000e+02
2.410000000000000000e+02
2.370000000000000000e+02
2.900000000000000000e+02
3.180000000000000000e+02
3.060000000000000000e+02
3.370000000000000000e+02
2.840000000000000000e+02
3.490000000000000000e+02
3.280000000000000000e+02
2.900000000000000000e+02
3.250000000000000000e+02
3.350000000000000000e+02
3.060000000000000000e+02
3.300000000000000000e+02
3.140000000000000000e+02
3.480000000000000000e+02
3.610000000000000000e+02
3.350000000000000000e+02
3.430000000000000000e+02
3.460000000000000000e+02
4.150000000000000000e+02
3.730000000000000000e+02
4.030000000000000000e+02
4.500000000000000000e+02
4.210000000000000000e+02
4.720000000000000000e+02
4.870000000000000000e+02
5.030000000000000000e+02
5.220000000000000000e+02
5.810000000000000000e+02
6.150000000000000000e+02
6.510000000000000000e+02
7.250000000000000000e+02
7.740000000000000000e+02
7.570000000000000000e+02
7.830000000000000000e+02
8.070000000000000000e+02
1.000000000000000000e+03
1.076000000000000000e+03
1.226000000000000000e+03
1.275000000000000000e+03
1.283000000000000000e+03
1.285000000000000000e+03
1.381000000000000000e+03
1.450000000000000000e+03
1.439000000000000000e+03
1.718000000000000000e+03
1.843000000000000000e+03
2.015000000000000000e+03
2.016000000000000000e+03
1.990000000000000000e+03
2.114000000000000000e+03
1.919000000000000000e+03
1.632000000000000000e+03
1.300000000000000000e+03
1.114000000000000000e+03
1.014000000000000000e+03
9.800000000000000000e+02
9.760000000000000000e+02
9.980000000000000000e+02
9.120000000000000000e+02
6.150000000000000000e+02
3.990000000000000000e+02
2.470000000000000000e+02
2.270000000000000000e+02
2.090000000000000000e+02
1.580000000000000000e+02
1.410000000000000000e+02
1.170000000000000000e+02
1.010000000000000000e+02
9.900000000000000000e+01
9.300000000000000000e+01
8.200000000000000000e+01
8.400000000000000000e+01
6.200000000000000000e+01
5.500000000000000000e+01
2.800000000000000000e+01
2.400000000000000000e+01
9.000000000000000000e+00
1.000000000000000000e+01
7.000000000000000000e+00
7.000000000000000000e+00
1.400000000000000000e+01
