1.142000000000000000e+03
5.380000000000000000e+02
7.210000000000000000e+02
8.480000000000000000e+02
1.068000000000000000e+03
1.327000000000000000e+03
1.403000000000000000e+03
1.648000000000000000e+03
1.615000000000000000e+03
1.670000000000000000e+03
1.760000000000000000e+03
1.709000000000000000e+03
1.576000000000000000e+03
1.433000000000000000e+03
1.273000000000000000e+03
1.147000000000000000e+03
1.004000000000000000e+03
9.620000000000000000e+02
8.680000000000000000e+02
8.290000000000000000e+02
7.290000000000000000e+02
7.070000000000000000e+02
6.240000000000000000e+02
6.130000000000000000e+02
6.470000000000000000e+02
5.770000000000000000e+02
5.190000000000000000e+02
5.220000000000000000e+02
4.770000000000000000e+02
4.740000000000000000e+02
4.660000000000000000e+02
4.460000000000000000e+02
4.150000000000000000e+02
4.210000000000000000e+02
4.140000000000000000e+02
4.280000000000000000e+02
3.860000000000000000e+02
3.650000000000000000e+02
3.990000000000000000e+02
3.870000000000000000e+02
3.730000000000000000e+02
4.110000000000000000e+02
4.270000000000000000e+02
4.160000000000000000e+02
4.730000000000000000e+02
4.260000000000000000e+02
4.760000000000000000e+02
4.510000000000000000e+02
4.870000000000000000e+02
4.970000000000000000e+02
4.980000000000000000e+02
5.330000000000000000e+02
5.520000000000000000e+02
6.470000000000000000e+02
6.800000000000000000e+02
6.720000000000000000e+02
6.910000000000000000e+02
7.190000000000000000e+02
7.910000000000000000e+02
7.610000000000000000e+02
7.370000000000000000e+02
7.930000000000000000e+02
9.350000000000000000e+02
9.630000000000000000e+02
9.590000000000000000e+02
9.720000000000000000e+02
9.700000000000000000e+02
1.069000000000000000e+03
1.096000000000000000e+03
1.192000000000000000e+03
1.218000000000000000e+03
1.253000000000000000e+03
1.302000000000000000e+03
1.282000000000000000e+03
1.286000000000000000e+03
1.337000000000000000e+03
1.451000000000000000e+03
1.455000000000000000e+03
1.446000000000000000e+03
1.506000000000000000e+03
1.639000000000000000e+03
1.636000000000000000e+03
1.670000000000000000e+03
1.703000000000000000e+03
1.626000000000000000e+03
1.697000000000000000e+03
1.774000000000000000e+03
1.833000000000000000e+03
1.714000000000000000e+03
1.738000000000000000e+03
1.731000000000000000e+03
1.825000000000000000e+03
1.678000000000000000e+03
1.760000000000000000e+03
1.772000000000000000e+03
1.728000000000000000e+03
1.736000000000000000e+03
1.896000000000000000e+03
1.791000000000000000e+03
1.624000000000000000e+03
1.726000000000000000e+03
1.646000000000000000e+03
1.623000000000000000e+03
1.654000000000000000e+03
1.634000000000000000e+03
1.625000000000000000e+03
1.571000000000000000e+03
1.512000000000000000e+03
1.546000000000000000e+03
1.404000000000000000e+03
1.423000000000000000e+03
1.323000000000000000e+03
1.359000000000000000e+03
1.323000000000000000e+03
1.254000000000000000e+03
1.230000000000000000e+03
1.199000000000000000e+03
1.184000000000000000e+03
1.130000000000000000e+03
1.044000000000000000e+03
1.014000000000000000e+03
1.020000000000000000e+03
9.700000000000000000e+02
9.890000000000000000e+02
9.490000000000000000e+02
9.620000000000000000e+02
9.600000000000000000e+02
9.300000000000000000e+02
9.410000000000000000e+02
9.380000000000000000e+02
9.650000000000000000e+02
1.033000000000000000e+03
1.110000000000000000e+03
1.126000000000000000e+03
1.103000000000000000e+03
1.071000000000000000e+03
9.790000000000000000e+02
9.520000000000000000e+02
8.580000000000000000e+02
8.160000000000000000e+02
7.990000000000000000e+02
7.390000000000000000e+02
7.960000000000000000e+02
7.280000000000000000e+02
8.030000000000000000e+02
7.920000000000000000e+02
8.270000000000000000e+02
8.300000000000000000e+02
7.720000000000000000e+02
1.113000000000000000e+03
1.352000000000000000e+03
1.591000000000000000e+03
1.654000000000000000e+03
1.785000000000000000e+03
2.230000000000000000e+03
2.002000000000000000e+03
1.914000000000000000e+03
1.998000000000000000e+03
1.700000000000000000e+03
1.868000000000000000e+03
1.421000000000000000e+03
2.071000000000000000e+03
2.376000000000000000e+03
2.443000000000000000e+03
2.175000000000000000e+03
1.871000000000000000e+03
1.655000000000000000e+03
1.567000000000000000e+03
1.286000000000000000e+03
1.055000000000000000e+03
1.035000000000000000e+03
9.580000000000000000e+02
8.770000000000000000e+02
7.880000000000000000e+02
9.980000000000000000e+02
1.068000000000000000e+03
1.169000000000000000e+03
1.370000000000000000e+03
1.667000000000000000e+03
1.008000000000000000e+03
1.344000000000000000e+03
1.701000000000000000e+03
1.359000000000000000e+03
1.333000000000000000e+03
1.073000000000000000e+03
1.382000000000000000e+03
8.230000000000000000e+02
8.280000000000000000e+02
1.028000000000000000e+03
1.186000000000000000e+03
1.076000000000000000e+03
9.340000000000000000e+02
9.250000000000000000e+02
8.050000000000000000e+02
7.700000000000000000e+02
9.820000000000000000e+02
1.276000000000000000e+03
2.020000000000000000e+03
1.776000000000000000e+03
1.865000000000000000e+03
1.526000000000000000e+03
1.555000000000000000e+03
1.305000000000000000e+03
8.880000000000000000e+02
2.840000000000000000e+02
2.090000000000000000e+02
1.900000000000000000e+02
2.100000000000000000e+02
3.160000000000000000e+02
2.310000000000000000e+02
1.350000000000000000e+02
1.340000000000000000e+02
1.160000000000000000e+02
1.010000000000000000e+02
8.200000000000000000e+01
9.000000000000000000e+01
8.200000000000000000e+01
1.050000000000000000e+02
7.900000000000000000e+01
7.300000000000000000e+01
8.700000000000000000e+01
1.110000000000000000e+02
1.110000000000000000e+02
8.200000000000000000e+01
5.900000000000000000e+01
5.700000000000000000e+01
5.700000000000000000e+01
4.800000000000000000e+01
5.600000000000000000e+01
4.900000000000000000e+01
2.800000000000000000e+01
3.800000000000000000e+01
4.500000000000000000e+01
4.500000000000000000e+01
4.500000000000000000e+01
5.700000000000000000e+01
4.600000000000000000e+01
3.900000000000000000e+01
4.100000000000000000e+01
3.800000000000000000e+01
2.300000000000000000e+01
1.300000000000000000e+01
9.000000000000000000e+00
1.200000000000000000e+01
9.000000000000000000e+00
5.000000000000000000e+00
6.000000000000000000e+00
3.000000000000000000e+00
1.000000000000000000e+00
4.000000000000000000e+00
0.000000000000000000e+00
0.000000000000000000e+00
0.000000000000000000e+00
1.000000000000000000e+00
0.000000000000000000e+00
0.000000000000000000e+00
8.600000000000000000e+01
1.050000000000000000e+02
1.560000000000000000e+02
2.050000000000000000e+02
2.840000000000000000e+02
4.320000000000000000e+02
5.040000000000000000e+02
7.370000000000000000e+02
8.800000000000000000e+02
1.016000000000000000e+03
1.130000000000000000e+03
1.183000000000000000e+03
1.213000000000000000e+03
1.087000000000000000e+03
9.990000000000000000e+02
9.030000000000000000e+02
8.680000000000000000e+02
7.500000000000000000e+02
7.620000000000000000e+02
7.210000000000000000e+02
7.620000000000000000e+02
7.720000000000000000e+02
8.550000000000000000e+02
8.980000000000000000e+02
9.010000000000000000e+02
7.810000000000000000e+02
7.430000000000000000e+02
6.870000000000000000e+02
6.680000000000000000e+02
7.020000000000000000e+02
7.060000000000000000e+02
6.360000000000000000e+02
6.430000000000000000e+02
6.540000000000000000e+02
6.260000000000000000e+02
6.630000000000000000e+02
7.600000000000000000e+02
8.460000000000000000e+02
9.240000000000000000e+02
8.730000000000000000e+02
7.970000000000000000e+02
7.670000000000000000e+02
6.770000000000000000e+02
6.320000000000000000e+02
6.310000000000000000e+02
5.870000000000000000e+02
5.720000000000000000e+02
5.300000000000000000e+02
5.390000000000000000e+02
5.360000000000000000e+02
4.990000000000000000e+02
5.430000000000000000e+02
5.170000000000000000e+02
5.140000000000000000e+02
5.270000000000000000e+02
5.640000000000000000e+02
5.120000000000000000e+02
5.260000000000000000e+02
5.360000000000000000e+02
5.550000000000000000e+02
5.770000000000000000e+02
6.010000000000000000e+02
6.120000000000000000e+02
6.000000000000000000e+02
6.710000000000000000e+02
6.440000000000000000e+02
6.440000000000000000e+02
7.310000000000000000e+02
6.770000000000000000e+02
6.910000000000000000e+02
7.120000000000000000e+02
7.360000000000000000e+02
7.640000000000000000e+02
7.320000000000000000e+02
7.490000000000000000e+02
7.870000000000000000e+02
8.100000000000000000e+02
8.170000000000000000e+02
7.440000000000000000e+02
7.940000000000000000e+02
8.280000000000000000e+02
9.060000000000000000e+02
8.510000000000000000e+02
8.950000000000000000e+02
8.670000000000000000e+02
8.450000000000000000e+02
8.940000000000000000e+02
9.220000000000000000e+02
1.019000000000000000e+03
9.450000000000000000e+02
9.730000000000000000e+02
1.071000000000000000e+03
1.052000000000000000e+03
1.073000000000000000e+03
1.101000000000000000e+03
1.156000000000000000e+03
1.196000000000000000e+03
1.160000000000000000e+03
1.234000000000000000e+03
1.232000000000000000e+03
1.237000000000000000e+03
1.231000000000000000e+03
1.289000000000000000e+03
1.353000000000000000e+03
1.403000000000000000e+03
1.506000000000000000e+03
1.516000000000000000e+03
1.526000000000000000e+03
1.507000000000000000e+03
1.509000000000000000e+03
1.543000000000000000e+03
1.512000000000000000e+03
1.507000000000000000e+03
1.501000000000000000e+03
1.593000000000000000e+03
1.616000000000000000e+03
1.515000000000000000e+03
1.506000000000000000e+03
1.491000000000000000e+03
1.428000000000000000e+03
1.467000000000000000e+03
1.513000000000000000e+03
1.507000000000000000e+03
1.521000000000000000e+03
1.503000000000000000e+03
1.434000000000000000e+03
1.353000000000000000e+03
1.378000000000000000e+03
1.511000000000000000e+03
1.405000000000000000e+03
1.379000000000000000e+03
1.452000000000000000e+03
1.381000000000000000e+03
1.374000000000000000e+03
1.364000000000000000e+03
1.287000000000000000e+03
1.331000000000000000e+03
1.294000000000000000e+03
1.218000000000000000e+03
1.198000000000000000e+03
1.187000000000000000e+03
1.204000000000000000e+03
1.183000000000000000e+03
1.111000000000000000e+03
1.105000000000000000e+03
1.143000000000000000e+03
1.086000000000000000e+03
1.026000000000000000e+03
9.890000000000000000e+02
9.760000000000000000e+02
9.200000000000000000e+02
9.610000000000000000e+02
8.980000000000000000e+02
9.900000000000000000e+02
1.014000000000000000e+03
9.200000000000000000e+02
9.660000000000000000e+02
8.600000000000000000e+02
8.560000000000000000e+02
7.780000000000000000e+02
8.950000000000000000e+02
8.920000000000000000e+02
8.130000000000000000e+02
8.110000000000000000e+02
7.730000000000000000e+02
7.590000000000000000e+02
7.450000000000000000e+02
7.850000000000000000e+02
7.770000000000000000e+02
7.350000000000000000e+02
6.620000000000000000e+02
6.690000000000000000e+02
6.540000000000000000e+02
7.110000000000000000e+02
7.940000000000000000e+02
1.157000000000000000e+03
1.382000000000000000e+03
1.418000000000000000e+03
1.655000000000000000e+03
1.605000000000000000e+03
1.755000000000000000e+03
2.069000000000000000e+03
2.223000000000000000e+03
1.956000000000000000e+03
2.201000000000000000e+03
2.323000000000000000e+03
2.437000000000000000e+03
1.735000000000000000e+03
1.714000000000000000e+03
1.743000000000000000e+03
1.787000000000000000e+03
1.706000000000000000e+03
1.728000000000000000e+03
1.897000000000000000e+03
1.664000000000000000e+03
1.453000000000000000e+03
1.560000000000000000e+03
1.710000000000000000e+03
1.049000000000000000e+03
1.228000000000000000e+03
1.438000000000000000e+03
1.173000000000000000e+03
1.380000000000000000e+03
1.157000000000000000e+03
1.690000000000000000e+03
1.448000000000000000e+03
1.277000000000000000e+03
1.490000000000000000e+03
1.420000000000000000e+03
1.310000000000000000e+03
1.996000000000000000e+03
2.311000000000000000e+03
1.662000000000000000e+03
1.948000000000000000e+03
1.775000000000000000e+03
1.728000000000000000e+03
1.682000000000000000e+03
1.190000000000000000e+03
7.490000000000000000e+02
4.410000000000000000e+02
3.910000000000000000e+02
3.390000000000000000e+02
2.710000000000000000e+02
2.570000000000000000e+02
2.140000000000000000e+02
1.770000000000000000e+02
1.640000000000000000e+02
1.710000000000000000e+02
1.220000000000000000e+02
1.100000000000000000e+02
9.300000000000000000e+01
8.400000000000000000e+01
9.300000000000000000e+01
7.500000000000000000e+01
8.000000000000000000e+01
1.200000000000000000e+02
1.190000000000000000e+02
1.150000000000000000e+02
8.500000000000000000e+01
7.900000000000000000e+01
7.300000000000000000e+01
5.300000000000000000e+01
5.400000000000000000e+01
6.500000000000000000e+01
5.000000000000000000e+01
6.200000000000000000e+01
4.300000000000000000e+01
5.200000000000000000e+01
5.000000000000000000e+01
3.500000000000000000e+01
2.100000000000000000e+01
1.700000000000000000e+01
1.300000000000000000e+01
1.000000000000000000e+01
1.100000000000000000e+01
1.000000000000000000e+01
1.080000000000000000e+02
5.000000000000000000e+01
8.300000000000000000e+01
1.200000000000000000e+02
1.840000000000000000e+02
2.740000000000000000e+02
3.370000000000000000e+02
4.750000000000000000e+02
5.830000000000000000e+02
6.800000000000000000e+02
8.750000000000000000e+02
9.330000000000000000e+02
1.023000000000000000e+03
1.075000000000000000e+03
1.037000000000000000e+03
9.890000000000000000e+02
9.190000000000000000e+02
9.100000000000000000e+02
7.950000000000000000e+02
7.810000000000000000e+02
7.240000000000000000e+02
6.250000000000000000e+02
6.020000000000000000e+02
6.060000000000000000e+02
6.100000000000000000e+02
5.940000000000000000e+02
6.040000000000000000e+02
6.090000000000000000e+02
5.740000000000000000e+02
5.790000000000000000e+02
5.870000000000000000e+02
5.790000000000000000e+02
5.890000000000000000e+02
5.710000000000000000e+02
6.190000000000000000e+02
6.350000000000000000e+02
6.470000000000000000e+02
5.810000000000000000e+02
6.090000000000000000e+02
6.020000000000000000e+02
5.610000000000000000e+02
5.980000000000000000e+02
6.350000000000000000e+02
6.270000000000000000e+02
6.470000000000000000e+02
6.410000000000000000e+02
6.740000000000000000e+02
6.910000000000000000e+02
6.930000000000000000e+02
7.200000000000000000e+02
8.550000000000000000e+02
8.810000000000000000e+02
8.600000000000000000e+02
8.560000000000000000e+02
7.540000000000000000e+02
8.270000000000000000e+02
8.460000000000000000e+02
9.470000000000000000e+02
8.760000000000000000e+02
8.820000000000000000e+02
8.430000000000000000e+02
8.100000000000000000e+02
7.360000000000000000e+02
7.550000000000000000e+02
7.080000000000000000e+02
7.330000000000000000e+02
7.060000000000000000e+02
7.530000000000000000e+02
7.320000000000000000e+02
7.330000000000000000e+02
7.750000000000000000e+02
7.510000000000000000e+02
7.200000000000000000e+02
7.700000000000000000e+02
8.010000000000000000e+02
7.990000000000000000e+02
7.640000000000000000e+02
7.620000000000000000e+02
7.960000000000000000e+02
7.980000000000000000e+02
7.850000000000000000e+02
8.530000000000000000e+02
8.040000000000000000e+02
7.890000000000000000e+02
8.510000000000000000e+02
8.380000000000000000e+02
8.010000000000000000e+02
8.340000000000000000e+02
8.120000000000000000e+02
8.080000000000000000e+02
8.520000000000000000e+02
8.250000000000000000e+02
8.070000000000000000e+02
8.690000000000000000e+02
8.650000000000000000e+02
8.300000000000000000e+02
9.010000000000000000e+02
8.650000000000000000e+02
9.070000000000000000e+02
8.960000000000000000e+02
9.260000000000000000e+02
9.490000000000000000e+02
9.170000000000000000e+02
9.830000000000000000e+02
1.024000000000000000e+03
1.043000000000000000e+03
1.097000000000000000e+03
1.164000000000000000e+03
1.150000000000000000e+03
1.191000000000000000e+03
1.200000000000000000e+03
1.249000000000000000e+03
1.321000000000000000e+03
1.332000000000000000e+03
1.406000000000000000e+03
1.377000000000000000e+03
1.430000000000000000e+03
1.387000000000000000e+03
1.492000000000000000e+03
1.423000000000000000e+03
1.548000000000000000e+03
1.530000000000000000e+03
1.478000000000000000e+03
1.576000000000000000e+03
1.529000000000000000e+03
1.575000000000000000e+03
1.521000000000000000e+03
1.552000000000000000e+03
1.506000000000000000e+03
1.472000000000000000e+03
1.498000000000000000e+03
1.446000000000000000e+03
1.466000000000000000e+03
1.430000000000000000e+03
1.453000000000000000e+03
1.398000000000000000e+03
1.409000000000000000e+03
1.377000000000000000e+03
1.424000000000000000e+03
1.339000000000000000e+03
1.313000000000000000e+03
1.274000000000000000e+03
1.237000000000000000e+03
1.215000000000000000e+03
1.138000000000000000e+03
1.097000000000000000e+03
1.142000000000000000e+03
1.084000000000000000e+03
1.046000000000000000e+03
9.840000000000000000e+02
9.450000000000000000e+02
8.900000000000000000e+02
9.090000000000000000e+02
8.890000000000000000e+02
8.020000000000000000e+02
7.780000000000000000e+02
8.680000000000000000e+02
7.770000000000000000e+02
7.700000000000000000e+02
8.200000000000000000e+02
7.660000000000000000e+02
7.930000000000000000e+02
8.290000000000000000e+02
7.220000000000000000e+02
7.510000000000000000e+02
7.530000000000000000e+02
8.140000000000000000e+02
7.770000000000000000e+02
7.830000000000000000e+02
7.700000000000000000e+02
7.400000000000000000e+02
7.470000000000000000e+02
7.000000000000000000e+02
7.550000000000000000e+02
7.280000000000000000e+02
6.240000000000000000e+02
5.900000000000000000e+02
5.760000000000000000e+02
5.380000000000000000e+02
5.250000000000000000e+02
5.060000000000000000e+02
5.070000000000000000e+02
4.770000000000000000e+02
5.800000000000000000e+02
7.480000000000000000e+02
9.530000000000000000e+02
1.155000000000000000e+03
1.466000000000000000e+03
1.903000000000000000e+03
1.950000000000000000e+03
1.679000000000000000e+03
1.779000000000000000e+03
1.441000000000000000e+03
2.198000000000000000e+03
1.677000000000000000e+03
1.817000000000000000e+03
1.972000000000000000e+03
1.701000000000000000e+03
1.988000000000000000e+03
2.052000000000000000e+03
2.470000000000000000e+03
2.085000000000000000e+03
2.156000000000000000e+03
2.656000000000000000e+03
2.044000000000000000e+03
1.504000000000000000e+03
2.000000000000000000e+03
1.829000000000000000e+03
2.194000000000000000e+03
2.314000000000000000e+03
2.424000000000000000e+03
2.389000000000000000e+03
3.042000000000000000e+03
2.118000000000000000e+03
1.688000000000000000e+03
1.914000000000000000e+03
2.329000000000000000e+03
1.854000000000000000e+03
1.500000000000000000e+03
8.530000000000000000e+02
8.290000000000000000e+02
1.134000000000000000e+03
1.016000000000000000e+03
9.120000000000000000e+02
8.030000000000000000e+02
8.690000000000000000e+02
7.980000000000000000e+02
7.160000000000000000e+02
7.330000000000000000e+02
4.960000000000000000e+02
3.740000000000000000e+02
2.350000000000000000e+02
1.860000000000000000e+02
1.420000000000000000e+02
9.900000000000000000e+01
1.040000000000000000e+02
1.310000000000000000e+02
1.220000000000000000e+02
1.320000000000000000e+02
1.090000000000000000e+02
9.500000000000000000e+01
7.700000000000000000e+01
6.200000000000000000e+01
7.000000000000000000e+01
6.700000000000000000e+01
6.600000000000000000e+01
7.700000000000000000e+01
5.400000000000000000e+01
4.700000000000000000e+01
5.200000000000000000e+01
5.300000000000000000e+01
3.100000000000000000e+01
1.600000000000000000e+01
8.000000000000000000e+00
1.000000000000000000e+01
3.100000000000000000e+01
