5.766000000000000000e+03
4.529000000000000000e+03
3.863000000000000000e+03
2.880000000000000000e+03
2.157000000000000000e+03
1.901000000000000000e+03
1.720000000000000000e+03
1.525000000000000000e+03
1.481000000000000000e+03
1.491000000000000000e+03
1.547000000000000000e+03
1.609000000000000000e+03
1.757000000000000000e+03
1.923000000000000000e+03
2.224000000000000000e+03
2.503000000000000000e+03
2.646000000000000000e+03
3.085000000000000000e+03
3.190000000000000000e+03
2.891000000000000000e+03
2.545000000000000000e+03
2.222000000000000000e+03
2.200000000000000000e+03
2.192000000000000000e+03
2.251000000000000000e+03
2.274000000000000000e+03
2.486000000000000000e+03
2.264000000000000000e+03
2.164000000000000000e+03
2.124000000000000000e+03
2.179000000000000000e+03
2.097000000000000000e+03
2.102000000000000000e+03
2.107000000000000000e+03
2.290000000000000000e+03
2.201000000000000000e+03
2.289000000000000000e+03
2.131000000000000000e+03
1.897000000000000000e+03
1.902000000000000000e+03
1.906000000000000000e+03
1.871000000000000000e+03
1.817000000000000000e+03
1.832000000000000000e+03
1.781000000000000000e+03
1.753000000000000000e+03
1.747000000000000000e+03
1.620000000000000000e+03
1.622000000000000000e+03
1.440000000000000000e+03
1.535000000000000000e+03
1.616000000000000000e+03
1.556000000000000000e+03
1.459000000000000000e+03
1.486000000000000000e+03
1.347000000000000000e+03
1.331000000000000000e+03
1.412000000000000000e+03
1.372000000000000000e+03
1.411000000000000000e+03
1.304000000000000000e+03
1.345000000000000000e+03
1.330000000000000000e+03
1.276000000000000000e+03
1.325000000000000000e+03
1.250000000000000000e+03
1.292000000000000000e+03
1.236000000000000000e+03
1.232000000000000000e+03
1.125000000000000000e+03
1.176000000000000000e+03
1.135000000000000000e+03
1.063000000000000000e+03
1.063000000000000000e+03
1.061000000000000000e+03
1.073000000000000000e+03
1.020000000000000000e+03
1.030000000000000000e+03
9.550000000000000000e+02
9.600000000000000000e+02
9.380000000000000000e+02
8.940000000000000000e+02
9.030000000000000000e+02
8.450000000000000000e+02
8.840000000000000000e+02
8.940000000000000000e+02
8.680000000000000000e+02
8.880000000000000000e+02
8.930000000000000000e+02
8.630000000000000000e+02
7.790000000000000000e+02
8.140000000000000000e+02
8.170000000000000000e+02
7.770000000000000000e+02
7.680000000000000000e+02
7.820000000000000000e+02
7.840000000000000000e+02
7.810000000000000000e+02
8.340000000000000000e+02
7.350000000000000000e+02
7.580000000000000000e+02
7.630000000000000000e+02
6.930000000000000000e+02
7.120000000000000000e+02
7.310000000000000000e+02
7.340000000000000000e+02
6.960000000000000000e+02
7.240000000000000000e+02
7.100000000000000000e+02
7.480000000000000000e+02
6.940000000000000000e+02
7.150000000000000000e+02
6.960000000000000000e+02
7.100000000000000000e+02
6.490000000000000000e+02
6.800000000000000000e+02
6.180000000000000000e+02
6.390000000000000000e+02
6.850000000000000000e+02
5.950000000000000000e+02
6.330000000000000000e+02
6.170000000000000000e+02
6.560000000000000000e+02
6.650000000000000000e+02
6.660000000000000000e+02
6.460000000000000000e+02
6.740000000000000000e+02
7.150000000000000000e+02
6.950000000000000000e+02
7.860000000000000000e+02
7.710000000000000000e+02
7.860000000000000000e+02
7.950000000000000000e+02
8.130000000000000000e+02
7.520000000000000000e+02
7.740000000000000000e+02
7.240000000000000000e+02
7.510000000000000000e+02
7.800000000000000000e+02
7.490000000000000000e+02
7.410000000000000000e+02
8.050000000000000000e+02
7.790000000000000000e+02
7.990000000000000000e+02
7.960000000000000000e+02
7.970000000000000000e+02
8.020000000000000000e+02
7.990000000000000000e+02
8.420000000000000000e+02
8.330000000000000000e+02
8.310000000000000000e+02
8.380000000000000000e+02
8.100000000000000000e+02
8.140000000000000000e+02
7.460000000000000000e+02
7.610000000000000000e+02
8.200000000000000000e+02
7.950000000000000000e+02
8.200000000000000000e+02
8.030000000000000000e+02
7.880000000000000000e+02
8.060000000000000000e+02
7.900000000000000000e+02
8.240000000000000000e+02
7.910000000000000000e+02
7.640000000000000000e+02
7.830000000000000000e+02
7.630000000000000000e+02
7.500000000000000000e+02
7.860000000000000000e+02
8.010000000000000000e+02
7.700000000000000000e+02
7.280000000000000000e+02
7.080000000000000000e+02
6.910000000000000000e+02
6.690000000000000000e+02
5.960000000000000000e+02
6.370000000000000000e+02
5.840000000000000000e+02
6.180000000000000000e+02
6.150000000000000000e+02
5.860000000000000000e+02
5.820000000000000000e+02
5.520000000000000000e+02
5.790000000000000000e+02
5.720000000000000000e+02
6.170000000000000000e+02
6.070000000000000000e+02
5.450000000000000000e+02
4.900000000000000000e+02
4.780000000000000000e+02
4.880000000000000000e+02
4.500000000000000000e+02
3.940000000000000000e+02
3.830000000000000000e+02
3.590000000000000000e+02
3.050000000000000000e+02
2.880000000000000000e+02
2.480000000000000000e+02
2.540000000000000000e+02
2.380000000000000000e+02
2.440000000000000000e+02
2.420000000000000000e+02
2.460000000000000000e+02
2.360000000000000000e+02
2.740000000000000000e+02
2.280000000000000000e+02
2.100000000000000000e+02
1.670000000000000000e+02
1.510000000000000000e+02
1.270000000000000000e+02
1.290000000000000000e+02
9.900000000000000000e+01
1.270000000000000000e+02
1.060000000000000000e+02
1.100000000000000000e+02
1.020000000000000000e+02
1.090000000000000000e+02
1.060000000000000000e+02
1.290000000000000000e+02
1.070000000000000000e+02
1.100000000000000000e+02
1.200000000000000000e+02
1.190000000000000000e+02
1.260000000000000000e+02
1.200000000000000000e+02
8.400000000000000000e+01
8.300000000000000000e+01
6.800000000000000000e+01
6.600000000000000000e+01
5.900000000000000000e+01
7.100000000000000000e+01
4.600000000000000000e+01
5.600000000000000000e+01
5.600000000000000000e+01
4.000000000000000000e+01
4.400000000000000000e+01
3.200000000000000000e+01
3.500000000000000000e+01
2.200000000000000000e+01
2.000000000000000000e+01
2.200000000000000000e+01
1.300000000000000000e+01
1.000000000000000000e+01
1.700000000000000000e+01
1.100000000000000000e+01
1.100000000000000000e+01
1.400000000000000000e+01
1.300000000000000000e+01
1.400000000000000000e+01
1.100000000000000000e+01
8.000000000000000000e+00
6.000000000000000000e+00
1.000000000000000000e+00
3.000000000000000000e+00
3.000000000000000000e+00
4.165000000000000000e+03
4.281000000000000000e+03
3.772000000000000000e+03
2.873000000000000000e+03
2.083000000000000000e+03
1.742000000000000000e+03
1.538000000000000000e+03
1.293000000000000000e+03
1.288000000000000000e+03
1.232000000000000000e+03
1.184000000000000000e+03
1.206000000000000000e+03
1.243000000000000000e+03
1.362000000000000000e+03
1.530000000000000000e+03
1.690000000000000000e+03
1.831000000000000000e+03
1.945000000000000000e+03
2.143000000000000000e+03
2.096000000000000000e+03
2.032000000000000000e+03
2.007000000000000000e+03
2.064000000000000000e+03
2.071000000000000000e+03
1.843000000000000000e+03
1.529000000000000000e+03
1.547000000000000000e+03
1.464000000000000000e+03
1.409000000000000000e+03
1.437000000000000000e+03
1.459000000000000000e+03
1.484000000000000000e+03
1.503000000000000000e+03
1.465000000000000000e+03
1.473000000000000000e+03
1.553000000000000000e+03
1.500000000000000000e+03
1.534000000000000000e+03
1.550000000000000000e+03
1.653000000000000000e+03
1.738000000000000000e+03
1.777000000000000000e+03
1.805000000000000000e+03
1.785000000000000000e+03
1.775000000000000000e+03
1.652000000000000000e+03
1.712000000000000000e+03
1.697000000000000000e+03
1.742000000000000000e+03
1.811000000000000000e+03
1.919000000000000000e+03
1.843000000000000000e+03
1.846000000000000000e+03
1.834000000000000000e+03
1.752000000000000000e+03
1.686000000000000000e+03
1.718000000000000000e+03
1.649000000000000000e+03
1.629000000000000000e+03
1.782000000000000000e+03
1.689000000000000000e+03
1.797000000000000000e+03
1.737000000000000000e+03
1.651000000000000000e+03
1.648000000000000000e+03
1.667000000000000000e+03
1.584000000000000000e+03
1.548000000000000000e+03
1.564000000000000000e+03
1.496000000000000000e+03
1.429000000000000000e+03
1.492000000000000000e+03
1.379000000000000000e+03
1.475000000000000000e+03
1.507000000000000000e+03
1.589000000000000000e+03
1.646000000000000000e+03
1.665000000000000000e+03
1.593000000000000000e+03
1.489000000000000000e+03
1.404000000000000000e+03
1.337000000000000000e+03
1.263000000000000000e+03
1.195000000000000000e+03
1.187000000000000000e+03
1.125000000000000000e+03
1.085000000000000000e+03
1.047000000000000000e+03
1.042000000000000000e+03
1.020000000000000000e+03
9.290000000000000000e+02
9.430000000000000000e+02
9.820000000000000000e+02
8.770000000000000000e+02
9.410000000000000000e+02
9.210000000000000000e+02
9.630000000000000000e+02
8.950000000000000000e+02
8.920000000000000000e+02
8.980000000000000000e+02
9.090000000000000000e+02
8.760000000000000000e+02
9.190000000000000000e+02
9.090000000000000000e+02
9.030000000000000000e+02
8.450000000000000000e+02
8.310000000000000000e+02
8.110000000000000000e+02
7.810000000000000000e+02
7.710000000000000000e+02
7.540000000000000000e+02
7.310000000000000000e+02
7.170000000000000000e+02
6.790000000000000000e+02
7.170000000000000000e+02
7.240000000000000000e+02
7.400000000000000000e+02
7.370000000000000000e+02
7.610000000000000000e+02
7.250000000000000000e+02
6.720000000000000000e+02
6.740000000000000000e+02
6.650000000000000000e+02
6.540000000000000000e+02
7.060000000000000000e+02
6.690000000000000000e+02
6.690000000000000000e+02
6.550000000000000000e+02
6.610000000000000000e+02
6.920000000000000000e+02
6.890000000000000000e+02
7.080000000000000000e+02
6.950000000000000000e+02
7.130000000000000000e+02
7.750000000000000000e+02
7.660000000000000000e+02
7.860000000000000000e+02
8.020000000000000000e+02
7.960000000000000000e+02
8.790000000000000000e+02
8.530000000000000000e+02
9.170000000000000000e+02
8.880000000000000000e+02
9.290000000000000000e+02
9.160000000000000000e+02
9.430000000000000000e+02
9.720000000000000000e+02
8.610000000000000000e+02
8.050000000000000000e+02
8.450000000000000000e+02
8.430000000000000000e+02
8.400000000000000000e+02
8.120000000000000000e+02
8.380000000000000000e+02
7.940000000000000000e+02
8.750000000000000000e+02
7.950000000000000000e+02
8.690000000000000000e+02
8.290000000000000000e+02
8.180000000000000000e+02
8.240000000000000000e+02
7.520000000000000000e+02
7.340000000000000000e+02
7.730000000000000000e+02
7.400000000000000000e+02
7.880000000000000000e+02
7.100000000000000000e+02
6.870000000000000000e+02
7.640000000000000000e+02
7.170000000000000000e+02
6.340000000000000000e+02
6.470000000000000000e+02
6.340000000000000000e+02
6.610000000000000000e+02
6.680000000000000000e+02
7.190000000000000000e+02
7.700000000000000000e+02
7.550000000000000000e+02
8.420000000000000000e+02
7.890000000000000000e+02
8.410000000000000000e+02
8.110000000000000000e+02
7.780000000000000000e+02
7.200000000000000000e+02
6.590000000000000000e+02
6.190000000000000000e+02
5.800000000000000000e+02
5.730000000000000000e+02
5.240000000000000000e+02
5.470000000000000000e+02
5.180000000000000000e+02
4.860000000000000000e+02
4.530000000000000000e+02
4.710000000000000000e+02
4.530000000000000000e+02
4.410000000000000000e+02
4.340000000000000000e+02
4.110000000000000000e+02
4.420000000000000000e+02
4.390000000000000000e+02
3.640000000000000000e+02
3.400000000000000000e+02
3.350000000000000000e+02
2.830000000000000000e+02
3.010000000000000000e+02
2.660000000000000000e+02
2.560000000000000000e+02
2.590000000000000000e+02
2.370000000000000000e+02
2.310000000000000000e+02
2.190000000000000000e+02
1.850000000000000000e+02
1.860000000000000000e+02
1.570000000000000000e+02
1.620000000000000000e+02
1.400000000000000000e+02
1.580000000000000000e+02
1.470000000000000000e+02
1.540000000000000000e+02
1.450000000000000000e+02
1.090000000000000000e+02
1.240000000000000000e+02
1.090000000000000000e+02
1.170000000000000000e+02
8.600000000000000000e+01
7.200000000000000000e+01
8.100000000000000000e+01
7.800000000000000000e+01
5.900000000000000000e+01
4.900000000000000000e+01
4.100000000000000000e+01
4.700000000000000000e+01
2.900000000000000000e+01
4.100000000000000000e+01
2.700000000000000000e+01
2.900000000000000000e+01
4.300000000000000000e+01
3.400000000000000000e+01
2.800000000000000000e+01
2.900000000000000000e+01
3.400000000000000000e+01
3.000000000000000000e+01
1.100000000000000000e+01
6.000000000000000000e+00
1.200000000000000000e+01
5.000000000000000000e+00
8.000000000000000000e+00
7.000000000000000000e+00
1.100000000000000000e+01
7.000000000000000000e+00
1.100000000000000000e+01
6.000000000000000000e+00
1.300000000000000000e+01
1.200000000000000000e+01
8.000000000000000000e+00
2.900000000000000000e+01
4.751000000000000000e+03
3.077000000000000000e+03
3.594000000000000000e+03
2.613000000000000000e+03
2.226000000000000000e+03
1.863000000000000000e+03
1.562000000000000000e+03
1.415000000000000000e+03
1.392000000000000000e+03
1.351000000000000000e+03
1.298000000000000000e+03
1.341000000000000000e+03
1.454000000000000000e+03
1.537000000000000000e+03
1.495000000000000000e+03
1.579000000000000000e+03
1.738000000000000000e+03
1.791000000000000000e+03
1.892000000000000000e+03
2.046000000000000000e+03
2.232000000000000000e+03
2.343000000000000000e+03
2.502000000000000000e+03
2.710000000000000000e+03
2.643000000000000000e+03
2.462000000000000000e+03
2.490000000000000000e+03
2.402000000000000000e+03
2.246000000000000000e+03
2.149000000000000000e+03
2.031000000000000000e+03
2.021000000000000000e+03
1.932000000000000000e+03
1.986000000000000000e+03
1.902000000000000000e+03
1.922000000000000000e+03
1.826000000000000000e+03
1.800000000000000000e+03
1.845000000000000000e+03
1.808000000000000000e+03
1.776000000000000000e+03
1.696000000000000000e+03
1.882000000000000000e+03
1.855000000000000000e+03
1.856000000000000000e+03
1.799000000000000000e+03
1.809000000000000000e+03
1.790000000000000000e+03
1.687000000000000000e+03
1.846000000000000000e+03
1.962000000000000000e+03
1.902000000000000000e+03
1.958000000000000000e+03
2.009000000000000000e+03
1.943000000000000000e+03
1.780000000000000000e+03
1.652000000000000000e+03
1.640000000000000000e+03
1.587000000000000000e+03
1.531000000000000000e+03
1.621000000000000000e+03
1.630000000000000000e+03
1.580000000000000000e+03
1.637000000000000000e+03
1.633000000000000000e+03
1.534000000000000000e+03
1.388000000000000000e+03
1.469000000000000000e+03
1.442000000000000000e+03
1.403000000000000000e+03
1.363000000000000000e+03
1.276000000000000000e+03
1.261000000000000000e+03
1.217000000000000000e+03
1.170000000000000000e+03
1.038000000000000000e+03
1.003000000000000000e+03
9.870000000000000000e+02
9.910000000000000000e+02
9.320000000000000000e+02
9.490000000000000000e+02
9.260000000000000000e+02
8.930000000000000000e+02
8.890000000000000000e+02
8.720000000000000000e+02
8.110000000000000000e+02
7.980000000000000000e+02
7.790000000000000000e+02
7.120000000000000000e+02
7.520000000000000000e+02
7.220000000000000000e+02
7.610000000000000000e+02
7.580000000000000000e+02
6.990000000000000000e+02
6.660000000000000000e+02
6.750000000000000000e+02
6.840000000000000000e+02
7.380000000000000000e+02
6.990000000000000000e+02
7.490000000000000000e+02
7.450000000000000000e+02
7.400000000000000000e+02
7.200000000000000000e+02
6.620000000000000000e+02
6.810000000000000000e+02
6.570000000000000000e+02
5.720000000000000000e+02
6.590000000000000000e+02
6.110000000000000000e+02
6.160000000000000000e+02
5.980000000000000000e+02
6.210000000000000000e+02
6.520000000000000000e+02
6.000000000000000000e+02
6.080000000000000000e+02
6.230000000000000000e+02
6.230000000000000000e+02
6.600000000000000000e+02
7.010000000000000000e+02
6.600000000000000000e+02
6.790000000000000000e+02
6.420000000000000000e+02
6.970000000000000000e+02
7.020000000000000000e+02
7.090000000000000000e+02
7.440000000000000000e+02
7.340000000000000000e+02
8.200000000000000000e+02
8.370000000000000000e+02
9.040000000000000000e+02
8.560000000000000000e+02
9.530000000000000000e+02
9.940000000000000000e+02
9.540000000000000000e+02
1.031000000000000000e+03
1.012000000000000000e+03
9.790000000000000000e+02
1.008000000000000000e+03
1.040000000000000000e+03
1.004000000000000000e+03
9.630000000000000000e+02
9.440000000000000000e+02
9.440000000000000000e+02
9.470000000000000000e+02
8.450000000000000000e+02
9.510000000000000000e+02
8.960000000000000000e+02
8.680000000000000000e+02
8.950000000000000000e+02
7.600000000000000000e+02
7.820000000000000000e+02
7.800000000000000000e+02
7.650000000000000000e+02
7.710000000000000000e+02
7.500000000000000000e+02
7.710000000000000000e+02
7.970000000000000000e+02
7.750000000000000000e+02
7.940000000000000000e+02
7.390000000000000000e+02
7.650000000000000000e+02
8.160000000000000000e+02
7.480000000000000000e+02
7.830000000000000000e+02
7.910000000000000000e+02
7.630000000000000000e+02
7.690000000000000000e+02
7.720000000000000000e+02
7.250000000000000000e+02
7.100000000000000000e+02
7.250000000000000000e+02
7.200000000000000000e+02
6.480000000000000000e+02
6.010000000000000000e+02
6.040000000000000000e+02
5.570000000000000000e+02
6.140000000000000000e+02
5.880000000000000000e+02
5.250000000000000000e+02
5.130000000000000000e+02
4.680000000000000000e+02
4.370000000000000000e+02
4.150000000000000000e+02
3.750000000000000000e+02
3.670000000000000000e+02
3.950000000000000000e+02
3.900000000000000000e+02
3.730000000000000000e+02
3.490000000000000000e+02
3.660000000000000000e+02
3.620000000000000000e+02
3.690000000000000000e+02
3.350000000000000000e+02
3.340000000000000000e+02
3.490000000000000000e+02
3.040000000000000000e+02
3.050000000000000000e+02
3.210000000000000000e+02
3.440000000000000000e+02
3.400000000000000000e+02
3.450000000000000000e+02
2.770000000000000000e+02
3.190000000000000000e+02
3.210000000000000000e+02
3.240000000000000000e+02
2.930000000000000000e+02
2.990000000000000000e+02
2.780000000000000000e+02
2.680000000000000000e+02
3.340000000000000000e+02
3.060000000000000000e+02
3.160000000000000000e+02
3.450000000000000000e+02
2.970000000000000000e+02
3.050000000000000000e+02
3.050000000000000000e+02
3.560000000000000000e+02
3.280000000000000000e+02
2.990000000000000000e+02
3.450000000000000000e+02
3.130000000000000000e+02
3.050000000000000000e+02
2.860000000000000000e+02
3.200000000000000000e+02
2.570000000000000000e+02
2.430000000000000000e+02
2.370000000000000000e+02
2.600000000000000000e+02
2.140000000000000000e+02
1.370000000000000000e+02
1.560000000000000000e+02
1.320000000000000000e+02
1.180000000000000000e+02
1.260000000000000000e+02
1.170000000000000000e+02
1.000000000000000000e+02
9.000000000000000000e+01
7.700000000000000000e+01
8.000000000000000000e+01
8.200000000000000000e+01
6.700000000000000000e+01
7.300000000000000000e+01
5.900000000000000000e+01
6.200000000000000000e+01
3.500000000000000000e+01
4.500000000000000000e+01
3.500000000000000000e+01
2.400000000000000000e+01
3.600000000000000000e+01
2.500000000000000000e+01
2.200000000000000000e+01
2.800000000000000000e+01
2.300000000000000000e+01
1.600000000000000000e+01
1.500000000000000000e+01
1.110000000000000000e+02
