4.359000000000000000e+03
2.578000000000000000e+03
2.326000000000000000e+03
1.677000000000000000e+03
1.387000000000000000e+03
1.078000000000000000e+03
9.830000000000000000e+02
8.610000000000000000e+02
8.570000000000000000e+02
8.230000000000000000e+02
8.230000000000000000e+02
8.150000000000000000e+02
7.670000000000000000e+02
8.200000000000000000e+02
9.070000000000000000e+02
1.075000000000000000e+03
1.132000000000000000e+03
1.061000000000000000e+03
1.125000000000000000e+03
1.173000000000000000e+03
1.482000000000000000e+03
1.593000000000000000e+03
1.514000000000000000e+03
1.448000000000000000e+03
1.398000000000000000e+03
1.295000000000000000e+03
1.319000000000000000e+03
1.305000000000000000e+03
1.319000000000000000e+03
1.219000000000000000e+03
1.156000000000000000e+03
1.061000000000000000e+03
9.630000000000000000e+02
1.090000000000000000e+03
9.520000000000000000e+02
1.017000000000000000e+03
1.151000000000000000e+03
1.234000000000000000e+03
1.519000000000000000e+03
1.772000000000000000e+03
2.026000000000000000e+03
1.994000000000000000e+03
2.097000000000000000e+03
2.125000000000000000e+03
2.075000000000000000e+03
1.969000000000000000e+03
1.995000000000000000e+03
2.001000000000000000e+03
2.026000000000000000e+03
1.950000000000000000e+03
1.901000000000000000e+03
1.839000000000000000e+03
1.877000000000000000e+03
1.810000000000000000e+03
1.851000000000000000e+03
1.853000000000000000e+03
1.967000000000000000e+03
2.011000000000000000e+03
2.187000000000000000e+03
2.263000000000000000e+03
2.356000000000000000e+03
2.416000000000000000e+03
2.255000000000000000e+03
2.283000000000000000e+03
2.218000000000000000e+03
2.104000000000000000e+03
2.140000000000000000e+03
2.091000000000000000e+03
2.034000000000000000e+03
2.006000000000000000e+03
1.998000000000000000e+03
1.899000000000000000e+03
1.877000000000000000e+03
2.002000000000000000e+03
1.907000000000000000e+03
1.837000000000000000e+03
1.827000000000000000e+03
1.881000000000000000e+03
1.752000000000000000e+03
1.703000000000000000e+03
1.690000000000000000e+03
1.688000000000000000e+03
1.678000000000000000e+03
1.678000000000000000e+03
1.566000000000000000e+03
1.508000000000000000e+03
1.604000000000000000e+03
1.566000000000000000e+03
1.448000000000000000e+03
1.446000000000000000e+03
1.534000000000000000e+03
1.464000000000000000e+03
1.339000000000000000e+03
1.360000000000000000e+03
1.341000000000000000e+03
1.371000000000000000e+03
1.249000000000000000e+03
1.316000000000000000e+03
1.258000000000000000e+03
1.267000000000000000e+03
1.292000000000000000e+03
1.301000000000000000e+03
1.211000000000000000e+03
1.299000000000000000e+03
1.237000000000000000e+03
1.230000000000000000e+03
1.097000000000000000e+03
1.244000000000000000e+03
1.144000000000000000e+03
1.184000000000000000e+03
1.170000000000000000e+03
1.201000000000000000e+03
1.260000000000000000e+03
1.204000000000000000e+03
1.241000000000000000e+03
1.285000000000000000e+03
1.283000000000000000e+03
1.232000000000000000e+03
1.230000000000000000e+03
1.268000000000000000e+03
1.270000000000000000e+03
1.162000000000000000e+03
1.195000000000000000e+03
1.147000000000000000e+03
1.183000000000000000e+03
1.162000000000000000e+03
1.151000000000000000e+03
1.140000000000000000e+03
1.165000000000000000e+03
1.104000000000000000e+03
1.181000000000000000e+03
1.147000000000000000e+03
1.121000000000000000e+03
1.125000000000000000e+03
1.122000000000000000e+03
1.095000000000000000e+03
1.100000000000000000e+03
1.019000000000000000e+03
1.006000000000000000e+03
9.290000000000000000e+02
8.750000000000000000e+02
8.890000000000000000e+02
8.430000000000000000e+02
7.950000000000000000e+02
7.610000000000000000e+02
7.420000000000000000e+02
7.340000000000000000e+02
7.020000000000000000e+02
6.740000000000000000e+02
6.820000000000000000e+02
6.390000000000000000e+02
6.350000000000000000e+02
6.400000000000000000e+02
6.500000000000000000e+02
6.630000000000000000e+02
6.160000000000000000e+02
6.110000000000000000e+02
6.140000000000000000e+02
5.470000000000000000e+02
5.870000000000000000e+02
6.220000000000000000e+02
5.890000000000000000e+02
5.970000000000000000e+02
5.920000000000000000e+02
5.820000000000000000e+02
6.080000000000000000e+02
6.420000000000000000e+02
5.860000000000000000e+02
5.270000000000000000e+02
5.170000000000000000e+02
5.790000000000000000e+02
5.210000000000000000e+02
5.270000000000000000e+02
5.040000000000000000e+02
4.440000000000000000e+02
4.230000000000000000e+02
3.930000000000000000e+02
3.310000000000000000e+02
2.670000000000000000e+02
2.560000000000000000e+02
2.360000000000000000e+02
2.150000000000000000e+02
1.810000000000000000e+02
1.730000000000000000e+02
1.610000000000000000e+02
1.490000000000000000e+02
1.450000000000000000e+02
1.530000000000000000e+02
1.410000000000000000e+02
1.400000000000000000e+02
1.240000000000000000e+02
1.310000000000000000e+02
1.320000000000000000e+02
1.040000000000000000e+02
9.700000000000000000e+01
1.300000000000000000e+02
1.250000000000000000e+02
1.110000000000000000e+02
9.700000000000000000e+01
8.700000000000000000e+01
1.050000000000000000e+02
9.900000000000000000e+01
9.700000000000000000e+01
1.220000000000000000e+02
1.200000000000000000e+02
1.130000000000000000e+02
1.110000000000000000e+02
1.270000000000000000e+02
9.500000000000000000e+01
1.070000000000000000e+02
8.600000000000000000e+01
7.700000000000000000e+01
6.900000000000000000e+01
8.800000000000000000e+01
6.800000000000000000e+01
9.000000000000000000e+01
8.700000000000000000e+01
7.200000000000000000e+01
9.700000000000000000e+01
9.500000000000000000e+01
8.300000000000000000e+01
8.400000000000000000e+01
8.400000000000000000e+01
8.000000000000000000e+01
8.900000000000000000e+01
9.600000000000000000e+01
9.500000000000000000e+01
1.120000000000000000e+02
1.240000000000000000e+02
1.150000000000000000e+02
8.500000000000000000e+01
6.400000000000000000e+01
4.900000000000000000e+01
3.900000000000000000e+01
3.500000000000000000e+01
2.500000000000000000e+01
2.400000000000000000e+01
2.300000000000000000e+01
2.600000000000000000e+01
2.500000000000000000e+01
2.800000000000000000e+01
2.400000000000000000e+01
2.500000000000000000e+01
2.000000000000000000e+01
2.200000000000000000e+01
2.600000000000000000e+01
2.800000000000000000e+01
3.400000000000000000e+01
3.600000000000000000e+01
4.800000000000000000e+01
4.400000000000000000e+01
4.100000000000000000e+01
4.200000000000000000e+01
4.000000000000000000e+01
4.400000000000000000e+01
3.300000000000000000e+01
3.763000000000000000e+03
2.670000000000000000e+03
2.145000000000000000e+03
1.882000000000000000e+03
1.407000000000000000e+03
1.216000000000000000e+03
1.085000000000000000e+03
9.160000000000000000e+02
8.620000000000000000e+02
7.350000000000000000e+02
7.060000000000000000e+02
7.950000000000000000e+02
7.440000000000000000e+02
7.920000000000000000e+02
8.510000000000000000e+02
9.860000000000000000e+02
1.046000000000000000e+03
9.930000000000000000e+02
1.011000000000000000e+03
1.199000000000000000e+03
1.342000000000000000e+03
1.243000000000000000e+03
1.189000000000000000e+03
1.212000000000000000e+03
1.210000000000000000e+03
1.211000000000000000e+03
1.198000000000000000e+03
1.209000000000000000e+03
1.193000000000000000e+03
1.096000000000000000e+03
1.084000000000000000e+03
1.033000000000000000e+03
1.037000000000000000e+03
9.670000000000000000e+02
1.035000000000000000e+03
1.020000000000000000e+03
1.081000000000000000e+03
1.282000000000000000e+03
1.420000000000000000e+03
1.643000000000000000e+03
1.788000000000000000e+03
1.883000000000000000e+03
1.895000000000000000e+03
1.940000000000000000e+03
2.051000000000000000e+03
2.068000000000000000e+03
1.924000000000000000e+03
1.921000000000000000e+03
1.942000000000000000e+03
1.917000000000000000e+03
1.911000000000000000e+03
1.837000000000000000e+03
1.800000000000000000e+03
1.866000000000000000e+03
1.831000000000000000e+03
1.880000000000000000e+03
1.906000000000000000e+03
1.957000000000000000e+03
2.067000000000000000e+03
2.262000000000000000e+03
2.370000000000000000e+03
2.483000000000000000e+03
2.497000000000000000e+03
2.390000000000000000e+03
2.376000000000000000e+03
2.281000000000000000e+03
2.245000000000000000e+03
2.173000000000000000e+03
2.188000000000000000e+03
2.007000000000000000e+03
2.054000000000000000e+03
2.022000000000000000e+03
1.964000000000000000e+03
2.054000000000000000e+03
1.947000000000000000e+03
1.891000000000000000e+03
1.880000000000000000e+03
1.849000000000000000e+03
1.852000000000000000e+03
1.825000000000000000e+03
1.700000000000000000e+03
1.772000000000000000e+03
1.678000000000000000e+03
1.726000000000000000e+03
1.681000000000000000e+03
1.609000000000000000e+03
1.688000000000000000e+03
1.586000000000000000e+03
1.594000000000000000e+03
1.532000000000000000e+03
1.523000000000000000e+03
1.480000000000000000e+03
1.422000000000000000e+03
1.452000000000000000e+03
1.426000000000000000e+03
1.381000000000000000e+03
1.319000000000000000e+03
1.304000000000000000e+03
1.304000000000000000e+03
1.321000000000000000e+03
1.268000000000000000e+03
1.250000000000000000e+03
1.285000000000000000e+03
1.324000000000000000e+03
1.251000000000000000e+03
1.257000000000000000e+03
1.223000000000000000e+03
1.229000000000000000e+03
1.203000000000000000e+03
1.193000000000000000e+03
1.242000000000000000e+03
1.204000000000000000e+03
1.287000000000000000e+03
1.224000000000000000e+03
1.270000000000000000e+03
1.314000000000000000e+03
1.279000000000000000e+03
1.253000000000000000e+03
1.253000000000000000e+03
1.259000000000000000e+03
1.218000000000000000e+03
1.255000000000000000e+03
1.200000000000000000e+03
1.200000000000000000e+03
1.200000000000000000e+03
1.180000000000000000e+03
1.218000000000000000e+03
1.114000000000000000e+03
1.178000000000000000e+03
1.122000000000000000e+03
1.175000000000000000e+03
1.171000000000000000e+03
1.169000000000000000e+03
1.140000000000000000e+03
1.157000000000000000e+03
1.130000000000000000e+03
1.108000000000000000e+03
1.013000000000000000e+03
1.102000000000000000e+03
9.510000000000000000e+02
9.510000000000000000e+02
8.820000000000000000e+02
8.510000000000000000e+02
8.680000000000000000e+02
7.790000000000000000e+02
7.740000000000000000e+02
7.740000000000000000e+02
7.570000000000000000e+02
7.370000000000000000e+02
6.760000000000000000e+02
6.620000000000000000e+02
6.520000000000000000e+02
6.450000000000000000e+02
6.610000000000000000e+02
6.880000000000000000e+02
6.430000000000000000e+02
5.990000000000000000e+02
6.110000000000000000e+02
5.360000000000000000e+02
6.300000000000000000e+02
6.090000000000000000e+02
5.820000000000000000e+02
6.300000000000000000e+02
5.990000000000000000e+02
6.270000000000000000e+02
5.800000000000000000e+02
6.310000000000000000e+02
5.960000000000000000e+02
5.370000000000000000e+02
5.380000000000000000e+02
5.570000000000000000e+02
5.080000000000000000e+02
5.330000000000000000e+02
5.330000000000000000e+02
4.900000000000000000e+02
4.110000000000000000e+02
3.880000000000000000e+02
3.300000000000000000e+02
2.660000000000000000e+02
2.670000000000000000e+02
2.070000000000000000e+02
1.930000000000000000e+02
1.590000000000000000e+02
1.640000000000000000e+02
1.650000000000000000e+02
1.350000000000000000e+02
1.360000000000000000e+02
1.510000000000000000e+02
1.240000000000000000e+02
1.200000000000000000e+02
1.230000000000000000e+02
1.250000000000000000e+02
1.180000000000000000e+02
1.160000000000000000e+02
1.360000000000000000e+02
1.160000000000000000e+02
9.600000000000000000e+01
7.900000000000000000e+01
9.800000000000000000e+01
1.020000000000000000e+02
1.110000000000000000e+02
1.110000000000000000e+02
9.600000000000000000e+01
1.070000000000000000e+02
1.030000000000000000e+02
1.220000000000000000e+02
1.170000000000000000e+02
1.110000000000000000e+02
1.070000000000000000e+02
9.400000000000000000e+01
9.100000000000000000e+01
9.500000000000000000e+01
7.600000000000000000e+01
9.100000000000000000e+01
7.400000000000000000e+01
7.600000000000000000e+01
8.400000000000000000e+01
8.200000000000000000e+01
8.700000000000000000e+01
1.030000000000000000e+02
8.800000000000000000e+01
9.800000000000000000e+01
9.300000000000000000e+01
9.100000000000000000e+01
1.120000000000000000e+02
1.230000000000000000e+02
1.080000000000000000e+02
9.900000000000000000e+01
7.100000000000000000e+01
6.200000000000000000e+01
4.200000000000000000e+01
3.100000000000000000e+01
2.100000000000000000e+01
1.800000000000000000e+01
1.500000000000000000e+01
1.300000000000000000e+01
2.500000000000000000e+01
1.500000000000000000e+01
2.200000000000000000e+01
2.200000000000000000e+01
1.800000000000000000e+01
2.500000000000000000e+01
2.700000000000000000e+01
1.700000000000000000e+01
2.400000000000000000e+01
2.100000000000000000e+01
2.700000000000000000e+01
3.400000000000000000e+01
3.500000000000000000e+01
4.600000000000000000e+01
4.100000000000000000e+01
5.900000000000000000e+01
5.600000000000000000e+01
5.000000000000000000e+01
5.500000000000000000e+01
3.700000000000000000e+01
0.000000000000000000e+00
0.000000000000000000e+00
1.000000000000000000e+00
0.000000000000000000e+00
0.000000000000000000e+00
3.000000000000000000e+00
5.000000000000000000e+00
9.000000000000000000e+00
1.500000000000000000e+01
3.200000000000000000e+01
4.900000000000000000e+01
8.600000000000000000e+01
1.950000000000000000e+02
2.440000000000000000e+02
4.190000000000000000e+02
5.150000000000000000e+02
7.660000000000000000e+02
8.320000000000000000e+02
1.300000000000000000e+03
1.187000000000000000e+03
1.176000000000000000e+03
1.877000000000000000e+03
1.540000000000000000e+03
1.350000000000000000e+03
1.481000000000000000e+03
1.646000000000000000e+03
1.543000000000000000e+03
1.451000000000000000e+03
1.430000000000000000e+03
1.223000000000000000e+03
1.117000000000000000e+03
1.010000000000000000e+03
9.810000000000000000e+02
8.890000000000000000e+02
8.250000000000000000e+02
8.200000000000000000e+02
7.790000000000000000e+02
7.980000000000000000e+02
9.230000000000000000e+02
9.100000000000000000e+02
1.020000000000000000e+03
1.189000000000000000e+03
1.334000000000000000e+03
1.655000000000000000e+03
1.857000000000000000e+03
1.949000000000000000e+03
1.980000000000000000e+03
1.943000000000000000e+03
1.954000000000000000e+03
1.959000000000000000e+03
1.965000000000000000e+03
1.862000000000000000e+03
1.868000000000000000e+03
1.922000000000000000e+03
1.886000000000000000e+03
1.806000000000000000e+03
1.732000000000000000e+03
1.814000000000000000e+03
1.810000000000000000e+03
1.830000000000000000e+03
1.912000000000000000e+03
1.904000000000000000e+03
2.067000000000000000e+03
2.211000000000000000e+03
2.259000000000000000e+03
2.379000000000000000e+03
2.465000000000000000e+03
2.340000000000000000e+03
2.327000000000000000e+03
2.319000000000000000e+03
2.147000000000000000e+03
2.200000000000000000e+03
2.159000000000000000e+03
2.026000000000000000e+03
2.070000000000000000e+03
2.054000000000000000e+03
2.024000000000000000e+03
1.983000000000000000e+03
2.105000000000000000e+03
2.007000000000000000e+03
2.015000000000000000e+03
2.024000000000000000e+03
2.001000000000000000e+03
1.931000000000000000e+03
1.881000000000000000e+03
1.894000000000000000e+03
1.871000000000000000e+03
1.901000000000000000e+03
1.972000000000000000e+03
1.766000000000000000e+03
1.806000000000000000e+03
1.830000000000000000e+03
1.804000000000000000e+03
1.690000000000000000e+03
1.763000000000000000e+03
1.809000000000000000e+03
1.755000000000000000e+03
1.651000000000000000e+03
1.637000000000000000e+03
1.681000000000000000e+03
1.632000000000000000e+03
1.561000000000000000e+03
1.539000000000000000e+03
1.567000000000000000e+03
1.516000000000000000e+03
1.532000000000000000e+03
1.509000000000000000e+03
1.537000000000000000e+03
1.467000000000000000e+03
1.442000000000000000e+03
1.423000000000000000e+03
1.500000000000000000e+03
1.479000000000000000e+03
1.485000000000000000e+03
1.475000000000000000e+03
1.524000000000000000e+03
1.516000000000000000e+03
1.519000000000000000e+03
1.461000000000000000e+03
1.533000000000000000e+03
1.527000000000000000e+03
1.443000000000000000e+03
1.398000000000000000e+03
1.385000000000000000e+03
1.431000000000000000e+03
1.374000000000000000e+03
1.374000000000000000e+03
1.366000000000000000e+03
1.327000000000000000e+03
1.277000000000000000e+03
1.266000000000000000e+03
1.266000000000000000e+03
1.248000000000000000e+03
1.245000000000000000e+03
1.321000000000000000e+03
1.277000000000000000e+03
1.269000000000000000e+03
1.195000000000000000e+03
1.198000000000000000e+03
1.184000000000000000e+03
1.187000000000000000e+03
1.119000000000000000e+03
1.114000000000000000e+03
1.071000000000000000e+03
9.970000000000000000e+02
9.530000000000000000e+02
9.630000000000000000e+02
9.490000000000000000e+02
8.550000000000000000e+02
8.060000000000000000e+02
8.300000000000000000e+02
7.860000000000000000e+02
8.030000000000000000e+02
7.760000000000000000e+02
7.560000000000000000e+02
7.850000000000000000e+02
7.690000000000000000e+02
7.610000000000000000e+02
7.200000000000000000e+02
7.600000000000000000e+02
7.560000000000000000e+02
7.020000000000000000e+02
7.390000000000000000e+02
7.640000000000000000e+02
7.510000000000000000e+02
7.290000000000000000e+02
7.540000000000000000e+02
7.590000000000000000e+02
6.750000000000000000e+02
6.510000000000000000e+02
6.660000000000000000e+02
6.110000000000000000e+02
6.560000000000000000e+02
6.060000000000000000e+02
5.470000000000000000e+02
5.120000000000000000e+02
4.210000000000000000e+02
3.790000000000000000e+02
3.560000000000000000e+02
3.120000000000000000e+02
2.620000000000000000e+02
2.470000000000000000e+02
2.760000000000000000e+02
2.640000000000000000e+02
2.350000000000000000e+02
2.330000000000000000e+02
2.670000000000000000e+02
2.700000000000000000e+02
2.560000000000000000e+02
2.640000000000000000e+02
2.350000000000000000e+02
2.360000000000000000e+02
1.880000000000000000e+02
1.630000000000000000e+02
1.650000000000000000e+02
1.680000000000000000e+02
1.380000000000000000e+02
1.200000000000000000e+02
1.060000000000000000e+02
1.240000000000000000e+02
1.250000000000000000e+02
1.070000000000000000e+02
1.160000000000000000e+02
1.120000000000000000e+02
1.070000000000000000e+02
8.600000000000000000e+01
1.030000000000000000e+02
1.010000000000000000e+02
1.040000000000000000e+02
1.040000000000000000e+02
1.290000000000000000e+02
1.150000000000000000e+02
1.270000000000000000e+02
1.230000000000000000e+02
1.230000000000000000e+02
1.490000000000000000e+02
1.590000000000000000e+02
1.330000000000000000e+02
1.440000000000000000e+02
1.320000000000000000e+02
1.340000000000000000e+02
1.010000000000000000e+02
7.700000000000000000e+01
7.600000000000000000e+01
7.000000000000000000e+01
5.800000000000000000e+01
5.200000000000000000e+01
5.100000000000000000e+01
4.500000000000000000e+01
4.000000000000000000e+01
3.900000000000000000e+01
5.700000000000000000e+01
4.500000000000000000e+01
4.400000000000000000e+01
5.500000000000000000e+01
4.100000000000000000e+01
4.400000000000000000e+01
3.600000000000000000e+01
4.200000000000000000e+01
3.100000000000000000e+01
3.700000000000000000e+01
4.200000000000000000e+01
3.700000000000000000e+01
3.800000000000000000e+01
3.000000000000000000e+01
3.800000000000000000e+01
4.600000000000000000e+01
2.800000000000000000e+01
2.800000000000000000e+01
2.400000000000000000e+01
2.000000000000000000e+01
2.900000000000000000e+01
3.400000000000000000e+01
2.300000000000000000e+01
2.800000000000000000e+01
6.680000000000000000e+02
