3.300000000000000000e+01
4.100000000000000000e+01
4.000000000000000000e+01
1.000000000000000000e+02
9.000000000000000000e+01
1.370000000000000000e+02
1.460000000000000000e+02
1.590000000000000000e+02
1.950000000000000000e+02
2.040000000000000000e+02
2.540000000000000000e+02
3.240000000000000000e+02
3.920000000000000000e+02
4.430000000000000000e+02
4.290000000000000000e+02
4.730000000000000000e+02
5.470000000000000000e+02
5.640000000000000000e+02
5.410000000000000000e+02
5.620000000000000000e+02
5.450000000000000000e+02
5.900000000000000000e+02
6.170000000000000000e+02
5.830000000000000000e+02
7.160000000000000000e+02
8.050000000000000000e+02
8.770000000000000000e+02
8.880000000000000000e+02
7.590000000000000000e+02
8.000000000000000000e+02
7.790000000000000000e+02
7.350000000000000000e+02
7.320000000000000000e+02
7.330000000000000000e+02
6.960000000000000000e+02
6.550000000000000000e+02
7.000000000000000000e+02
6.410000000000000000e+02
5.920000000000000000e+02
5.690000000000000000e+02
5.640000000000000000e+02
5.460000000000000000e+02
5.380000000000000000e+02
6.090000000000000000e+02
5.990000000000000000e+02
6.040000000000000000e+02
5.130000000000000000e+02
5.890000000000000000e+02
5.610000000000000000e+02
6.050000000000000000e+02
6.550000000000000000e+02
6.880000000000000000e+02
6.680000000000000000e+02
7.690000000000000000e+02
8.220000000000000000e+02
9.230000000000000000e+02
8.780000000000000000e+02
8.340000000000000000e+02
7.830000000000000000e+02
7.530000000000000000e+02
7.510000000000000000e+02
7.720000000000000000e+02
7.030000000000000000e+02
7.230000000000000000e+02
7.250000000000000000e+02
7.760000000000000000e+02
7.130000000000000000e+02
7.080000000000000000e+02
6.980000000000000000e+02
7.010000000000000000e+02
6.800000000000000000e+02
7.070000000000000000e+02
6.090000000000000000e+02
6.130000000000000000e+02
5.700000000000000000e+02
6.130000000000000000e+02
5.540000000000000000e+02
5.400000000000000000e+02
5.770000000000000000e+02
5.990000000000000000e+02
5.790000000000000000e+02
6.360000000000000000e+02
5.600000000000000000e+02
6.260000000000000000e+02
5.400000000000000000e+02
5.950000000000000000e+02
5.830000000000000000e+02
5.940000000000000000e+02
6.090000000000000000e+02
6.300000000000000000e+02
5.820000000000000000e+02
6.440000000000000000e+02
6.050000000000000000e+02
6.770000000000000000e+02
6.670000000000000000e+02
6.220000000000000000e+02
7.190000000000000000e+02
7.520000000000000000e+02
7.310000000000000000e+02
7.660000000000000000e+02
7.700000000000000000e+02
7.980000000000000000e+02
8.800000000000000000e+02
8.530000000000000000e+02
9.370000000000000000e+02
9.330000000000000000e+02
9.750000000000000000e+02
1.024000000000000000e+03
1.187000000000000000e+03
1.270000000000000000e+03
1.380000000000000000e+03
1.602000000000000000e+03
1.820000000000000000e+03
1.939000000000000000e+03
2.154000000000000000e+03
2.267000000000000000e+03
2.495000000000000000e+03
2.480000000000000000e+03
2.351000000000000000e+03
2.513000000000000000e+03
2.526000000000000000e+03
2.421000000000000000e+03
2.369000000000000000e+03
2.321000000000000000e+03
2.107000000000000000e+03
2.018000000000000000e+03
1.927000000000000000e+03
1.901000000000000000e+03
1.862000000000000000e+03
1.787000000000000000e+03
1.728000000000000000e+03
1.579000000000000000e+03
1.526000000000000000e+03
1.461000000000000000e+03
1.423000000000000000e+03
1.405000000000000000e+03
1.284000000000000000e+03
1.336000000000000000e+03
1.303000000000000000e+03
1.242000000000000000e+03
1.226000000000000000e+03
1.282000000000000000e+03
1.205000000000000000e+03
1.274000000000000000e+03
1.242000000000000000e+03
1.206000000000000000e+03
1.127000000000000000e+03
1.173000000000000000e+03
1.179000000000000000e+03
1.148000000000000000e+03
1.166000000000000000e+03
1.019000000000000000e+03
1.105000000000000000e+03
1.064000000000000000e+03
9.870000000000000000e+02
9.580000000000000000e+02
9.780000000000000000e+02
8.770000000000000000e+02
8.290000000000000000e+02
8.430000000000000000e+02
8.180000000000000000e+02
7.870000000000000000e+02
7.810000000000000000e+02
7.110000000000000000e+02
7.210000000000000000e+02
7.170000000000000000e+02
6.640000000000000000e+02
6.360000000000000000e+02
6.460000000000000000e+02
5.940000000000000000e+02
6.370000000000000000e+02
6.170000000000000000e+02
5.430000000000000000e+02
5.930000000000000000e+02
5.990000000000000000e+02
5.790000000000000000e+02
5.780000000000000000e+02
5.520000000000000000e+02
5.420000000000000000e+02
6.200000000000000000e+02
5.940000000000000000e+02
5.690000000000000000e+02
5.690000000000000000e+02
5.570000000000000000e+02
5.930000000000000000e+02
5.500000000000000000e+02
6.100000000000000000e+02
6.310000000000000000e+02
5.640000000000000000e+02
5.890000000000000000e+02
6.570000000000000000e+02
6.920000000000000000e+02
6.880000000000000000e+02
6.720000000000000000e+02
6.770000000000000000e+02
6.500000000000000000e+02
6.810000000000000000e+02
6.230000000000000000e+02
5.980000000000000000e+02
6.020000000000000000e+02
6.920000000000000000e+02
7.550000000000000000e+02
1.010000000000000000e+03
9.020000000000000000e+02
8.270000000000000000e+02
6.690000000000000000e+02
7.580000000000000000e+02
8.160000000000000000e+02
1.079000000000000000e+03
1.341000000000000000e+03
1.833000000000000000e+03
1.406000000000000000e+03
1.217000000000000000e+03
1.069000000000000000e+03
1.277000000000000000e+03
1.222000000000000000e+03
1.225000000000000000e+03
1.273000000000000000e+03
1.355000000000000000e+03
1.290000000000000000e+03
1.339000000000000000e+03
1.321000000000000000e+03
1.356000000000000000e+03
1.244000000000000000e+03
1.303000000000000000e+03
1.163000000000000000e+03
9.770000000000000000e+02
8.160000000000000000e+02
7.700000000000000000e+02
6.560000000000000000e+02
6.740000000000000000e+02
7.140000000000000000e+02
6.080000000000000000e+02
6.580000000000000000e+02
7.430000000000000000e+02
7.980000000000000000e+02
1.058000000000000000e+03
1.445000000000000000e+03
2.433000000000000000e+03
4.950000000000000000e+03
5.202000000000000000e+03
5.069000000000000000e+03
1.503000000000000000e+03
2.082000000000000000e+03
1.252000000000000000e+03
1.283000000000000000e+03
6.910000000000000000e+02
5.890000000000000000e+02
5.440000000000000000e+02
5.120000000000000000e+02
5.670000000000000000e+02
4.290000000000000000e+02
3.030000000000000000e+02
2.030000000000000000e+02
1.000000000000000000e+02
5.000000000000000000e+01
1.000000000000000000e+01
2.300000000000000000e+01
2.900000000000000000e+01
5.000000000000000000e+01
9.400000000000000000e+01
1.090000000000000000e+02
1.410000000000000000e+02
1.710000000000000000e+02
1.870000000000000000e+02
2.200000000000000000e+02
2.640000000000000000e+02
3.470000000000000000e+02
4.320000000000000000e+02
4.140000000000000000e+02
4.480000000000000000e+02
4.810000000000000000e+02
5.220000000000000000e+02
5.630000000000000000e+02
5.560000000000000000e+02
5.610000000000000000e+02
5.610000000000000000e+02
5.740000000000000000e+02
6.280000000000000000e+02
6.120000000000000000e+02
6.850000000000000000e+02
7.700000000000000000e+02
8.460000000000000000e+02
8.820000000000000000e+02
8.130000000000000000e+02
7.640000000000000000e+02
7.760000000000000000e+02
7.730000000000000000e+02
7.340000000000000000e+02
7.480000000000000000e+02
6.950000000000000000e+02
7.140000000000000000e+02
6.590000000000000000e+02
6.230000000000000000e+02
6.010000000000000000e+02
5.400000000000000000e+02
5.450000000000000000e+02
5.290000000000000000e+02
5.300000000000000000e+02
5.040000000000000000e+02
4.640000000000000000e+02
4.790000000000000000e+02
4.230000000000000000e+02
4.300000000000000000e+02
4.820000000000000000e+02
4.760000000000000000e+02
5.040000000000000000e+02
4.420000000000000000e+02
4.300000000000000000e+02
4.340000000000000000e+02
4.600000000000000000e+02
4.310000000000000000e+02
4.740000000000000000e+02
5.160000000000000000e+02
4.650000000000000000e+02
4.790000000000000000e+02
5.480000000000000000e+02
5.440000000000000000e+02
5.740000000000000000e+02
6.840000000000000000e+02
7.870000000000000000e+02
1.068000000000000000e+03
9.030000000000000000e+02
8.230000000000000000e+02
8.180000000000000000e+02
8.000000000000000000e+02
8.630000000000000000e+02
8.080000000000000000e+02
8.220000000000000000e+02
8.250000000000000000e+02
8.780000000000000000e+02
8.400000000000000000e+02
8.290000000000000000e+02
8.400000000000000000e+02
8.680000000000000000e+02
8.490000000000000000e+02
9.540000000000000000e+02
9.050000000000000000e+02
9.320000000000000000e+02
9.990000000000000000e+02
1.087000000000000000e+03
1.136000000000000000e+03
1.078000000000000000e+03
1.102000000000000000e+03
1.089000000000000000e+03
1.045000000000000000e+03
1.082000000000000000e+03
1.009000000000000000e+03
1.133000000000000000e+03
1.139000000000000000e+03
1.145000000000000000e+03
1.233000000000000000e+03
1.299000000000000000e+03
1.343000000000000000e+03
1.328000000000000000e+03
1.432000000000000000e+03
1.468000000000000000e+03
1.481000000000000000e+03
1.491000000000000000e+03
1.552000000000000000e+03
1.651000000000000000e+03
1.583000000000000000e+03
1.685000000000000000e+03
1.759000000000000000e+03
1.965000000000000000e+03
2.049000000000000000e+03
2.280000000000000000e+03
2.475000000000000000e+03
2.602000000000000000e+03
2.688000000000000000e+03
3.009000000000000000e+03
3.196000000000000000e+03
3.109000000000000000e+03
2.958000000000000000e+03
2.839000000000000000e+03
2.860000000000000000e+03
2.599000000000000000e+03
2.561000000000000000e+03
2.404000000000000000e+03
2.100000000000000000e+03
2.062000000000000000e+03
1.990000000000000000e+03
1.817000000000000000e+03
1.839000000000000000e+03
1.626000000000000000e+03
1.520000000000000000e+03
1.411000000000000000e+03
1.259000000000000000e+03
1.252000000000000000e+03
1.149000000000000000e+03
1.103000000000000000e+03
1.028000000000000000e+03
9.360000000000000000e+02
1.017000000000000000e+03
9.380000000000000000e+02
8.630000000000000000e+02
7.820000000000000000e+02
8.460000000000000000e+02
7.780000000000000000e+02
7.520000000000000000e+02
7.090000000000000000e+02
7.220000000000000000e+02
7.030000000000000000e+02
6.630000000000000000e+02
7.070000000000000000e+02
6.570000000000000000e+02
5.870000000000000000e+02
6.050000000000000000e+02
6.460000000000000000e+02
6.120000000000000000e+02
6.580000000000000000e+02
6.010000000000000000e+02
6.110000000000000000e+02
6.220000000000000000e+02
6.660000000000000000e+02
5.780000000000000000e+02
5.880000000000000000e+02
5.600000000000000000e+02
5.900000000000000000e+02
5.440000000000000000e+02
5.960000000000000000e+02
6.300000000000000000e+02
5.670000000000000000e+02
5.460000000000000000e+02
4.990000000000000000e+02
4.920000000000000000e+02
4.610000000000000000e+02
4.380000000000000000e+02
3.970000000000000000e+02
3.450000000000000000e+02
3.750000000000000000e+02
3.480000000000000000e+02
3.190000000000000000e+02
2.950000000000000000e+02
2.810000000000000000e+02
2.910000000000000000e+02
2.980000000000000000e+02
2.340000000000000000e+02
2.830000000000000000e+02
2.390000000000000000e+02
2.750000000000000000e+02
2.380000000000000000e+02
2.640000000000000000e+02
3.110000000000000000e+02
2.990000000000000000e+02
3.110000000000000000e+02
2.690000000000000000e+02
3.490000000000000000e+02
3.630000000000000000e+02
3.850000000000000000e+02
4.300000000000000000e+02
4.230000000000000000e+02
4.390000000000000000e+02
4.860000000000000000e+02
4.570000000000000000e+02
4.620000000000000000e+02
4.710000000000000000e+02
5.220000000000000000e+02
7.800000000000000000e+02
1.074000000000000000e+03
9.570000000000000000e+02
9.730000000000000000e+02
8.120000000000000000e+02
8.670000000000000000e+02
8.060000000000000000e+02
8.330000000000000000e+02
1.062000000000000000e+03
1.280000000000000000e+03
1.412000000000000000e+03
9.350000000000000000e+02
1.119000000000000000e+03
1.068000000000000000e+03
1.251000000000000000e+03
1.131000000000000000e+03
1.224000000000000000e+03
1.230000000000000000e+03
1.226000000000000000e+03
1.225000000000000000e+03
1.457000000000000000e+03
1.362000000000000000e+03
1.338000000000000000e+03
1.229000000000000000e+03
1.240000000000000000e+03
1.099000000000000000e+03
1.079000000000000000e+03
8.260000000000000000e+02
7.180000000000000000e+02
6.830000000000000000e+02
5.770000000000000000e+02
5.940000000000000000e+02
6.060000000000000000e+02
6.160000000000000000e+02
5.420000000000000000e+02
6.330000000000000000e+02
7.180000000000000000e+02
8.960000000000000000e+02
1.152000000000000000e+03
2.300000000000000000e+03
4.843000000000000000e+03
5.278000000000000000e+03
5.497000000000000000e+03
1.743000000000000000e+03
2.009000000000000000e+03
1.181000000000000000e+03
1.113000000000000000e+03
5.180000000000000000e+02
4.880000000000000000e+02
4.880000000000000000e+02
5.170000000000000000e+02
4.730000000000000000e+02
4.640000000000000000e+02
2.510000000000000000e+02
4.100000000000000000e+01
1.800000000000000000e+01
3.800000000000000000e+01
4.100000000000000000e+01
6.600000000000000000e+01
7.700000000000000000e+01
1.180000000000000000e+02
1.370000000000000000e+02
1.680000000000000000e+02
2.200000000000000000e+02
2.580000000000000000e+02
2.730000000000000000e+02
3.260000000000000000e+02
3.360000000000000000e+02
3.840000000000000000e+02
3.680000000000000000e+02
4.140000000000000000e+02
4.560000000000000000e+02
4.840000000000000000e+02
5.560000000000000000e+02
5.530000000000000000e+02
5.460000000000000000e+02
6.340000000000000000e+02
6.490000000000000000e+02
6.620000000000000000e+02
6.870000000000000000e+02
7.670000000000000000e+02
8.280000000000000000e+02
7.850000000000000000e+02
8.120000000000000000e+02
8.200000000000000000e+02
8.190000000000000000e+02
8.090000000000000000e+02
7.860000000000000000e+02
7.600000000000000000e+02
7.800000000000000000e+02
7.280000000000000000e+02
7.400000000000000000e+02
6.630000000000000000e+02
6.580000000000000000e+02
6.160000000000000000e+02
5.980000000000000000e+02
6.060000000000000000e+02
5.630000000000000000e+02
5.310000000000000000e+02
5.030000000000000000e+02
4.770000000000000000e+02
4.910000000000000000e+02
4.310000000000000000e+02
4.690000000000000000e+02
4.610000000000000000e+02
4.440000000000000000e+02
4.550000000000000000e+02
4.480000000000000000e+02
4.650000000000000000e+02
4.560000000000000000e+02
5.160000000000000000e+02
5.260000000000000000e+02
5.640000000000000000e+02
6.010000000000000000e+02
6.290000000000000000e+02
6.810000000000000000e+02
7.620000000000000000e+02
7.120000000000000000e+02
7.760000000000000000e+02
8.310000000000000000e+02
8.040000000000000000e+02
8.290000000000000000e+02
7.680000000000000000e+02
8.520000000000000000e+02
8.660000000000000000e+02
9.100000000000000000e+02
9.580000000000000000e+02
1.013000000000000000e+03
1.113000000000000000e+03
1.216000000000000000e+03
1.336000000000000000e+03
1.614000000000000000e+03
1.536000000000000000e+03
1.592000000000000000e+03
1.619000000000000000e+03
1.584000000000000000e+03
1.715000000000000000e+03
1.646000000000000000e+03
1.680000000000000000e+03
1.683000000000000000e+03
1.594000000000000000e+03
1.624000000000000000e+03
1.619000000000000000e+03
1.588000000000000000e+03
1.686000000000000000e+03
1.732000000000000000e+03
1.726000000000000000e+03
1.720000000000000000e+03
1.727000000000000000e+03
1.733000000000000000e+03
1.653000000000000000e+03
1.693000000000000000e+03
1.706000000000000000e+03
1.760000000000000000e+03
1.717000000000000000e+03
1.771000000000000000e+03
1.795000000000000000e+03
1.831000000000000000e+03
1.966000000000000000e+03
1.988000000000000000e+03
2.047000000000000000e+03
2.114000000000000000e+03
2.332000000000000000e+03
2.404000000000000000e+03
2.543000000000000000e+03
2.807000000000000000e+03
2.844000000000000000e+03
2.820000000000000000e+03
2.844000000000000000e+03
2.648000000000000000e+03
2.671000000000000000e+03
2.478000000000000000e+03
2.323000000000000000e+03
2.127000000000000000e+03
2.068000000000000000e+03
1.861000000000000000e+03
1.790000000000000000e+03
1.657000000000000000e+03
1.511000000000000000e+03
1.316000000000000000e+03
1.181000000000000000e+03
1.105000000000000000e+03
1.022000000000000000e+03
1.024000000000000000e+03
8.790000000000000000e+02
7.880000000000000000e+02
8.410000000000000000e+02
7.030000000000000000e+02
7.760000000000000000e+02
7.480000000000000000e+02
7.260000000000000000e+02
7.170000000000000000e+02
6.880000000000000000e+02
7.060000000000000000e+02
7.300000000000000000e+02
7.860000000000000000e+02
7.210000000000000000e+02
7.760000000000000000e+02
6.740000000000000000e+02
6.450000000000000000e+02
6.320000000000000000e+02
5.880000000000000000e+02
5.920000000000000000e+02
5.280000000000000000e+02
5.400000000000000000e+02
5.050000000000000000e+02
4.580000000000000000e+02
4.250000000000000000e+02
4.290000000000000000e+02
3.710000000000000000e+02
3.250000000000000000e+02
3.400000000000000000e+02
3.050000000000000000e+02
2.760000000000000000e+02
3.000000000000000000e+02
2.700000000000000000e+02
2.490000000000000000e+02
2.360000000000000000e+02
2.170000000000000000e+02
2.280000000000000000e+02
2.310000000000000000e+02
2.210000000000000000e+02
2.070000000000000000e+02
2.130000000000000000e+02
2.270000000000000000e+02
1.960000000000000000e+02
1.780000000000000000e+02
2.090000000000000000e+02
1.750000000000000000e+02
1.620000000000000000e+02
2.130000000000000000e+02
1.940000000000000000e+02
2.150000000000000000e+02
2.390000000000000000e+02
2.320000000000000000e+02
2.310000000000000000e+02
2.500000000000000000e+02
2.400000000000000000e+02
2.580000000000000000e+02
2.850000000000000000e+02
2.660000000000000000e+02
2.650000000000000000e+02
2.710000000000000000e+02
2.750000000000000000e+02
3.370000000000000000e+02
3.320000000000000000e+02
3.360000000000000000e+02
3.560000000000000000e+02
3.690000000000000000e+02
3.660000000000000000e+02
3.900000000000000000e+02
4.280000000000000000e+02
4.390000000000000000e+02
5.100000000000000000e+02
5.940000000000000000e+02
7.060000000000000000e+02
7.440000000000000000e+02
7.770000000000000000e+02
8.740000000000000000e+02
1.147000000000000000e+03
1.015000000000000000e+03
9.830000000000000000e+02
7.880000000000000000e+02
9.550000000000000000e+02
1.184000000000000000e+03
1.250000000000000000e+03
9.860000000000000000e+02
1.246000000000000000e+03
1.124000000000000000e+03
1.073000000000000000e+03
9.680000000000000000e+02
1.029000000000000000e+03
1.027000000000000000e+03
1.092000000000000000e+03
1.004000000000000000e+03
1.060000000000000000e+03
1.133000000000000000e+03
1.353000000000000000e+03
1.186000000000000000e+03
1.057000000000000000e+03
8.890000000000000000e+02
9.420000000000000000e+02
8.520000000000000000e+02
9.070000000000000000e+02
7.570000000000000000e+02
6.880000000000000000e+02
6.230000000000000000e+02
7.650000000000000000e+02
6.400000000000000000e+02
5.610000000000000000e+02
6.300000000000000000e+02
5.850000000000000000e+02
6.120000000000000000e+02
6.620000000000000000e+02
6.680000000000000000e+02
6.950000000000000000e+02
7.850000000000000000e+02
8.230000000000000000e+02
9.520000000000000000e+02
1.067000000000000000e+03
1.191000000000000000e+03
1.632000000000000000e+03
2.960000000000000000e+03
5.241000000000000000e+03
4.285000000000000000e+03
4.680000000000000000e+03
1.519000000000000000e+03
1.697000000000000000e+03
1.003000000000000000e+03
1.923000000000000000e+03
