9.600000000000000000e+01
2.500000000000000000e+01
4.000000000000000000e+01
4.500000000000000000e+01
4.000000000000000000e+01
5.100000000000000000e+01
5.700000000000000000e+01
6.700000000000000000e+01
8.000000000000000000e+01
1.220000000000000000e+02
1.180000000000000000e+02
1.710000000000000000e+02
2.130000000000000000e+02
2.880000000000000000e+02
2.750000000000000000e+02
3.080000000000000000e+02
3.510000000000000000e+02
4.010000000000000000e+02
4.750000000000000000e+02
5.010000000000000000e+02
5.640000000000000000e+02
5.110000000000000000e+02
5.360000000000000000e+02
5.820000000000000000e+02
6.310000000000000000e+02
5.880000000000000000e+02
5.720000000000000000e+02
5.660000000000000000e+02
5.890000000000000000e+02
6.600000000000000000e+02
6.690000000000000000e+02
6.330000000000000000e+02
6.010000000000000000e+02
5.860000000000000000e+02
5.800000000000000000e+02
5.950000000000000000e+02
5.440000000000000000e+02
6.090000000000000000e+02
6.200000000000000000e+02
6.240000000000000000e+02
6.220000000000000000e+02
5.710000000000000000e+02
5.580000000000000000e+02
5.140000000000000000e+02
5.090000000000000000e+02
4.890000000000000000e+02
4.830000000000000000e+02
4.800000000000000000e+02
4.810000000000000000e+02
4.700000000000000000e+02
4.850000000000000000e+02
4.780000000000000000e+02
5.290000000000000000e+02
5.200000000000000000e+02
5.230000000000000000e+02
4.950000000000000000e+02
5.090000000000000000e+02
5.380000000000000000e+02
4.940000000000000000e+02
4.510000000000000000e+02
4.560000000000000000e+02
4.230000000000000000e+02
4.220000000000000000e+02
4.280000000000000000e+02
4.020000000000000000e+02
4.150000000000000000e+02
3.740000000000000000e+02
3.660000000000000000e+02
4.100000000000000000e+02
4.010000000000000000e+02
3.600000000000000000e+02
3.640000000000000000e+02
3.960000000000000000e+02
3.530000000000000000e+02
3.710000000000000000e+02
3.570000000000000000e+02
3.780000000000000000e+02
4.000000000000000000e+02
4.410000000000000000e+02
4.310000000000000000e+02
3.960000000000000000e+02
4.040000000000000000e+02
4.110000000000000000e+02
4.800000000000000000e+02
4.410000000000000000e+02
4.490000000000000000e+02
4.700000000000000000e+02
4.690000000000000000e+02
4.620000000000000000e+02
4.290000000000000000e+02
5.130000000000000000e+02
5.460000000000000000e+02
5.510000000000000000e+02
5.840000000000000000e+02
6.110000000000000000e+02
6.420000000000000000e+02
6.890000000000000000e+02
8.010000000000000000e+02
7.580000000000000000e+02
8.400000000000000000e+02
8.810000000000000000e+02
9.560000000000000000e+02
9.310000000000000000e+02
1.035000000000000000e+03
1.068000000000000000e+03
1.105000000000000000e+03
1.197000000000000000e+03
1.410000000000000000e+03
1.422000000000000000e+03
1.637000000000000000e+03
1.774000000000000000e+03
1.955000000000000000e+03
2.030000000000000000e+03
2.242000000000000000e+03
2.351000000000000000e+03
2.553000000000000000e+03
2.814000000000000000e+03
3.099000000000000000e+03
3.221000000000000000e+03
3.403000000000000000e+03
3.530000000000000000e+03
3.493000000000000000e+03
3.309000000000000000e+03
3.335000000000000000e+03
3.350000000000000000e+03
3.327000000000000000e+03
3.281000000000000000e+03
3.374000000000000000e+03
3.284000000000000000e+03
3.085000000000000000e+03
2.907000000000000000e+03
2.541000000000000000e+03
2.322000000000000000e+03
1.938000000000000000e+03
1.593000000000000000e+03
1.441000000000000000e+03
1.356000000000000000e+03
1.207000000000000000e+03
1.176000000000000000e+03
1.101000000000000000e+03
1.156000000000000000e+03
1.077000000000000000e+03
1.110000000000000000e+03
1.047000000000000000e+03
1.085000000000000000e+03
1.101000000000000000e+03
1.154000000000000000e+03
1.136000000000000000e+03
1.098000000000000000e+03
1.065000000000000000e+03
1.063000000000000000e+03
1.008000000000000000e+03
1.044000000000000000e+03
9.430000000000000000e+02
9.260000000000000000e+02
9.310000000000000000e+02
9.770000000000000000e+02
9.890000000000000000e+02
1.011000000000000000e+03
9.400000000000000000e+02
1.027000000000000000e+03
1.009000000000000000e+03
1.016000000000000000e+03
1.108000000000000000e+03
1.131000000000000000e+03
1.120000000000000000e+03
1.105000000000000000e+03
1.045000000000000000e+03
1.118000000000000000e+03
1.103000000000000000e+03
1.121000000000000000e+03
1.041000000000000000e+03
1.060000000000000000e+03
1.129000000000000000e+03
1.118000000000000000e+03
1.188000000000000000e+03
1.224000000000000000e+03
1.226000000000000000e+03
1.166000000000000000e+03
1.251000000000000000e+03
1.209000000000000000e+03
1.236000000000000000e+03
1.285000000000000000e+03
1.348000000000000000e+03
1.319000000000000000e+03
1.276000000000000000e+03
1.357000000000000000e+03
1.337000000000000000e+03
1.345000000000000000e+03
1.440000000000000000e+03
1.407000000000000000e+03
1.369000000000000000e+03
1.415000000000000000e+03
1.399000000000000000e+03
1.323000000000000000e+03
1.398000000000000000e+03
1.455000000000000000e+03
1.467000000000000000e+03
1.391000000000000000e+03
1.440000000000000000e+03
1.492000000000000000e+03
1.482000000000000000e+03
1.434000000000000000e+03
1.470000000000000000e+03
1.439000000000000000e+03
1.522000000000000000e+03
1.480000000000000000e+03
1.420000000000000000e+03
1.280000000000000000e+03
1.258000000000000000e+03
1.186000000000000000e+03
1.150000000000000000e+03
1.118000000000000000e+03
9.850000000000000000e+02
9.070000000000000000e+02
8.670000000000000000e+02
7.800000000000000000e+02
6.990000000000000000e+02
6.940000000000000000e+02
6.350000000000000000e+02
5.750000000000000000e+02
5.240000000000000000e+02
5.210000000000000000e+02
5.050000000000000000e+02
5.010000000000000000e+02
5.610000000000000000e+02
5.710000000000000000e+02
6.790000000000000000e+02
5.210000000000000000e+02
5.630000000000000000e+02
4.440000000000000000e+02
5.440000000000000000e+02
4.800000000000000000e+02
5.070000000000000000e+02
6.070000000000000000e+02
6.690000000000000000e+02
6.040000000000000000e+02
7.850000000000000000e+02
8.750000000000000000e+02
7.010000000000000000e+02
5.490000000000000000e+02
2.890000000000000000e+02
2.000000000000000000e+02
1.500000000000000000e+02
1.220000000000000000e+02
1.670000000000000000e+02
1.110000000000000000e+02
5.300000000000000000e+01
2.500000000000000000e+01
2.400000000000000000e+01
2.100000000000000000e+01
1.900000000000000000e+01
1.200000000000000000e+01
8.000000000000000000e+00
9.000000000000000000e+00
1.120000000000000000e+02
1.400000000000000000e+01
9.000000000000000000e+00
1.500000000000000000e+01
2.800000000000000000e+01
2.900000000000000000e+01
3.900000000000000000e+01
4.200000000000000000e+01
7.600000000000000000e+01
9.000000000000000000e+01
1.040000000000000000e+02
1.590000000000000000e+02
1.790000000000000000e+02
2.070000000000000000e+02
2.070000000000000000e+02
2.100000000000000000e+02
2.370000000000000000e+02
2.420000000000000000e+02
2.650000000000000000e+02
3.100000000000000000e+02
3.010000000000000000e+02
3.420000000000000000e+02
3.870000000000000000e+02
5.330000000000000000e+02
5.880000000000000000e+02
6.670000000000000000e+02
7.280000000000000000e+02
7.000000000000000000e+02
7.900000000000000000e+02
8.080000000000000000e+02
6.630000000000000000e+02
6.390000000000000000e+02
5.990000000000000000e+02
5.080000000000000000e+02
5.160000000000000000e+02
5.280000000000000000e+02
4.270000000000000000e+02
4.430000000000000000e+02
4.750000000000000000e+02
5.070000000000000000e+02
4.910000000000000000e+02
5.060000000000000000e+02
4.740000000000000000e+02
4.570000000000000000e+02
4.620000000000000000e+02
4.730000000000000000e+02
4.530000000000000000e+02
4.890000000000000000e+02
4.790000000000000000e+02
4.620000000000000000e+02
4.020000000000000000e+02
4.150000000000000000e+02
4.170000000000000000e+02
4.360000000000000000e+02
4.320000000000000000e+02
4.340000000000000000e+02
4.320000000000000000e+02
4.620000000000000000e+02
4.340000000000000000e+02
4.350000000000000000e+02
4.550000000000000000e+02
4.470000000000000000e+02
4.720000000000000000e+02
4.620000000000000000e+02
4.820000000000000000e+02
4.210000000000000000e+02
4.560000000000000000e+02
3.880000000000000000e+02
3.860000000000000000e+02
3.610000000000000000e+02
3.510000000000000000e+02
3.450000000000000000e+02
3.540000000000000000e+02
3.410000000000000000e+02
3.410000000000000000e+02
3.640000000000000000e+02
3.710000000000000000e+02
4.060000000000000000e+02
4.190000000000000000e+02
3.790000000000000000e+02
3.980000000000000000e+02
4.160000000000000000e+02
3.780000000000000000e+02
3.520000000000000000e+02
4.020000000000000000e+02
3.310000000000000000e+02
3.800000000000000000e+02
3.600000000000000000e+02
3.710000000000000000e+02
4.020000000000000000e+02
4.240000000000000000e+02
5.030000000000000000e+02
4.610000000000000000e+02
4.660000000000000000e+02
5.150000000000000000e+02
5.910000000000000000e+02
5.810000000000000000e+02
7.070000000000000000e+02
6.370000000000000000e+02
7.360000000000000000e+02
7.560000000000000000e+02
7.640000000000000000e+02
7.650000000000000000e+02
8.130000000000000000e+02
8.170000000000000000e+02
8.550000000000000000e+02
9.120000000000000000e+02
9.880000000000000000e+02
9.670000000000000000e+02
1.148000000000000000e+03
1.265000000000000000e+03
1.459000000000000000e+03
1.540000000000000000e+03
1.730000000000000000e+03
1.849000000000000000e+03
1.961000000000000000e+03
2.089000000000000000e+03
2.350000000000000000e+03
2.524000000000000000e+03
2.815000000000000000e+03
2.918000000000000000e+03
2.819000000000000000e+03
2.834000000000000000e+03
2.770000000000000000e+03
2.789000000000000000e+03
2.759000000000000000e+03
2.899000000000000000e+03
3.037000000000000000e+03
3.123000000000000000e+03
2.982000000000000000e+03
3.051000000000000000e+03
3.010000000000000000e+03
2.765000000000000000e+03
2.389000000000000000e+03
2.052000000000000000e+03
1.790000000000000000e+03
1.536000000000000000e+03
1.249000000000000000e+03
1.064000000000000000e+03
8.680000000000000000e+02
8.410000000000000000e+02
8.160000000000000000e+02
6.990000000000000000e+02
6.560000000000000000e+02
7.220000000000000000e+02
7.740000000000000000e+02
7.370000000000000000e+02
7.090000000000000000e+02
7.990000000000000000e+02
8.050000000000000000e+02
7.520000000000000000e+02
8.280000000000000000e+02
7.900000000000000000e+02
8.770000000000000000e+02
8.370000000000000000e+02
8.970000000000000000e+02
9.460000000000000000e+02
8.820000000000000000e+02
9.570000000000000000e+02
8.780000000000000000e+02
9.050000000000000000e+02
8.570000000000000000e+02
9.010000000000000000e+02
9.880000000000000000e+02
8.940000000000000000e+02
1.020000000000000000e+03
1.026000000000000000e+03
1.138000000000000000e+03
1.157000000000000000e+03
1.138000000000000000e+03
1.220000000000000000e+03
1.239000000000000000e+03
1.320000000000000000e+03
1.393000000000000000e+03
1.395000000000000000e+03
1.458000000000000000e+03
1.517000000000000000e+03
1.581000000000000000e+03
1.530000000000000000e+03
1.584000000000000000e+03
1.504000000000000000e+03
1.569000000000000000e+03
1.537000000000000000e+03
1.533000000000000000e+03
1.578000000000000000e+03
1.444000000000000000e+03
1.532000000000000000e+03
1.520000000000000000e+03
1.446000000000000000e+03
1.553000000000000000e+03
1.547000000000000000e+03
1.523000000000000000e+03
1.472000000000000000e+03
1.607000000000000000e+03
1.713000000000000000e+03
1.583000000000000000e+03
1.672000000000000000e+03
1.659000000000000000e+03
1.628000000000000000e+03
1.794000000000000000e+03
1.746000000000000000e+03
1.740000000000000000e+03
1.744000000000000000e+03
1.695000000000000000e+03
1.670000000000000000e+03
1.650000000000000000e+03
1.677000000000000000e+03
1.686000000000000000e+03
1.639000000000000000e+03
1.708000000000000000e+03
1.666000000000000000e+03
1.497000000000000000e+03
1.421000000000000000e+03
1.299000000000000000e+03
1.318000000000000000e+03
1.240000000000000000e+03
1.201000000000000000e+03
1.072000000000000000e+03
1.074000000000000000e+03
9.800000000000000000e+02
9.590000000000000000e+02
9.570000000000000000e+02
8.980000000000000000e+02
8.460000000000000000e+02
8.230000000000000000e+02
7.530000000000000000e+02
7.200000000000000000e+02
7.070000000000000000e+02
6.650000000000000000e+02
7.280000000000000000e+02
6.840000000000000000e+02
7.070000000000000000e+02
6.700000000000000000e+02
6.810000000000000000e+02
7.270000000000000000e+02
6.970000000000000000e+02
6.490000000000000000e+02
7.000000000000000000e+02
6.920000000000000000e+02
9.030000000000000000e+02
9.450000000000000000e+02
9.690000000000000000e+02
1.101000000000000000e+03
9.090000000000000000e+02
6.950000000000000000e+02
4.210000000000000000e+02
2.840000000000000000e+02
2.690000000000000000e+02
1.670000000000000000e+02
1.040000000000000000e+02
5.300000000000000000e+01
3.600000000000000000e+01
4.700000000000000000e+01
3.600000000000000000e+01
3.100000000000000000e+01
1.400000000000000000e+01
1.400000000000000000e+01
8.000000000000000000e+00
4.000000000000000000e+00
3.000000000000000000e+00
2.000000000000000000e+00
5.000000000000000000e+00
3.000000000000000000e+00
6.000000000000000000e+00
5.000000000000000000e+00
1.100000000000000000e+01
1.300000000000000000e+01
2.800000000000000000e+01
2.200000000000000000e+01
3.800000000000000000e+01
4.700000000000000000e+01
5.400000000000000000e+01
9.000000000000000000e+01
1.360000000000000000e+02
1.350000000000000000e+02
1.900000000000000000e+02
1.540000000000000000e+02
1.840000000000000000e+02
1.960000000000000000e+02
2.050000000000000000e+02
2.420000000000000000e+02
2.900000000000000000e+02
3.270000000000000000e+02
3.550000000000000000e+02
4.190000000000000000e+02
4.890000000000000000e+02
5.490000000000000000e+02
6.660000000000000000e+02
7.820000000000000000e+02
7.170000000000000000e+02
8.710000000000000000e+02
7.470000000000000000e+02
7.160000000000000000e+02
6.640000000000000000e+02
6.060000000000000000e+02
5.660000000000000000e+02
5.320000000000000000e+02
4.230000000000000000e+02
4.180000000000000000e+02
3.960000000000000000e+02
4.570000000000000000e+02
4.540000000000000000e+02
4.280000000000000000e+02
4.250000000000000000e+02
4.250000000000000000e+02
3.860000000000000000e+02
3.850000000000000000e+02
3.910000000000000000e+02
4.220000000000000000e+02
4.050000000000000000e+02
4.430000000000000000e+02
3.850000000000000000e+02
4.030000000000000000e+02
4.430000000000000000e+02
4.310000000000000000e+02
4.060000000000000000e+02
4.010000000000000000e+02
3.800000000000000000e+02
4.000000000000000000e+02
3.720000000000000000e+02
3.820000000000000000e+02
3.920000000000000000e+02
4.040000000000000000e+02
3.840000000000000000e+02
3.860000000000000000e+02
3.930000000000000000e+02
3.760000000000000000e+02
3.570000000000000000e+02
3.580000000000000000e+02
3.860000000000000000e+02
4.040000000000000000e+02
4.010000000000000000e+02
3.780000000000000000e+02
3.430000000000000000e+02
3.560000000000000000e+02
3.940000000000000000e+02
3.700000000000000000e+02
3.450000000000000000e+02
3.600000000000000000e+02
3.540000000000000000e+02
3.640000000000000000e+02
3.540000000000000000e+02
3.740000000000000000e+02
3.500000000000000000e+02
3.680000000000000000e+02
3.230000000000000000e+02
3.310000000000000000e+02
3.440000000000000000e+02
3.430000000000000000e+02
3.230000000000000000e+02
3.750000000000000000e+02
3.740000000000000000e+02
3.890000000000000000e+02
4.270000000000000000e+02
4.030000000000000000e+02
4.640000000000000000e+02
5.000000000000000000e+02
5.090000000000000000e+02
5.890000000000000000e+02
5.820000000000000000e+02
6.010000000000000000e+02
7.400000000000000000e+02
7.430000000000000000e+02
6.800000000000000000e+02
7.340000000000000000e+02
7.670000000000000000e+02
7.580000000000000000e+02
7.990000000000000000e+02
8.310000000000000000e+02
9.350000000000000000e+02
1.002000000000000000e+03
1.133000000000000000e+03
1.230000000000000000e+03
1.363000000000000000e+03
1.578000000000000000e+03
1.609000000000000000e+03
1.647000000000000000e+03
1.695000000000000000e+03
1.949000000000000000e+03
2.095000000000000000e+03
2.328000000000000000e+03
2.508000000000000000e+03
2.589000000000000000e+03
2.596000000000000000e+03
2.529000000000000000e+03
2.337000000000000000e+03
2.109000000000000000e+03
2.022000000000000000e+03
2.027000000000000000e+03
1.930000000000000000e+03
1.956000000000000000e+03
2.056000000000000000e+03
2.246000000000000000e+03
2.314000000000000000e+03
2.416000000000000000e+03
2.341000000000000000e+03
2.502000000000000000e+03
2.345000000000000000e+03
2.434000000000000000e+03
2.316000000000000000e+03
2.084000000000000000e+03
1.811000000000000000e+03
1.541000000000000000e+03
1.271000000000000000e+03
1.067000000000000000e+03
8.430000000000000000e+02
7.430000000000000000e+02
5.910000000000000000e+02
5.700000000000000000e+02
5.530000000000000000e+02
5.420000000000000000e+02
5.430000000000000000e+02
5.560000000000000000e+02
5.840000000000000000e+02
5.350000000000000000e+02
5.660000000000000000e+02
6.570000000000000000e+02
6.430000000000000000e+02
6.660000000000000000e+02
6.780000000000000000e+02
7.110000000000000000e+02
7.330000000000000000e+02
6.880000000000000000e+02
6.850000000000000000e+02
6.780000000000000000e+02
6.950000000000000000e+02
7.000000000000000000e+02
7.730000000000000000e+02
8.320000000000000000e+02
8.750000000000000000e+02
9.090000000000000000e+02
8.820000000000000000e+02
9.250000000000000000e+02
9.710000000000000000e+02
9.480000000000000000e+02
1.081000000000000000e+03
1.079000000000000000e+03
1.190000000000000000e+03
1.184000000000000000e+03
1.197000000000000000e+03
1.203000000000000000e+03
1.228000000000000000e+03
1.237000000000000000e+03
1.263000000000000000e+03
1.301000000000000000e+03
1.324000000000000000e+03
1.263000000000000000e+03
1.369000000000000000e+03
1.398000000000000000e+03
1.506000000000000000e+03
1.511000000000000000e+03
1.657000000000000000e+03
1.669000000000000000e+03
1.597000000000000000e+03
1.672000000000000000e+03
1.698000000000000000e+03
1.799000000000000000e+03
1.831000000000000000e+03
1.868000000000000000e+03
1.963000000000000000e+03
1.987000000000000000e+03
2.047000000000000000e+03
2.191000000000000000e+03
2.294000000000000000e+03
2.314000000000000000e+03
2.364000000000000000e+03
2.251000000000000000e+03
2.174000000000000000e+03
2.226000000000000000e+03
2.087000000000000000e+03
2.094000000000000000e+03
2.012000000000000000e+03
1.904000000000000000e+03
1.745000000000000000e+03
1.736000000000000000e+03
1.671000000000000000e+03
1.511000000000000000e+03
1.394000000000000000e+03
1.379000000000000000e+03
1.305000000000000000e+03
1.141000000000000000e+03
1.106000000000000000e+03
1.051000000000000000e+03
9.390000000000000000e+02
1.012000000000000000e+03
8.860000000000000000e+02
9.220000000000000000e+02
9.700000000000000000e+02
1.007000000000000000e+03
1.002000000000000000e+03
8.960000000000000000e+02
9.130000000000000000e+02
9.450000000000000000e+02
8.830000000000000000e+02
8.700000000000000000e+02
8.360000000000000000e+02
7.860000000000000000e+02
7.910000000000000000e+02
8.050000000000000000e+02
8.590000000000000000e+02
8.300000000000000000e+02
9.240000000000000000e+02
1.107000000000000000e+03
1.413000000000000000e+03
1.586000000000000000e+03
1.540000000000000000e+03
1.147000000000000000e+03
9.560000000000000000e+02
7.260000000000000000e+02
5.440000000000000000e+02
4.770000000000000000e+02
3.880000000000000000e+02
9.640000000000000000e+02
