4.540000000000000000e+02
3.300000000000000000e+02
3.050000000000000000e+02
3.340000000000000000e+02
3.490000000000000000e+02
3.520000000000000000e+02
3.540000000000000000e+02
4.480000000000000000e+02
5.300000000000000000e+02
4.890000000000000000e+02
4.590000000000000000e+02
5.240000000000000000e+02
4.650000000000000000e+02
4.470000000000000000e+02
4.020000000000000000e+02
4.830000000000000000e+02
5.180000000000000000e+02
5.090000000000000000e+02
5.610000000000000000e+02
7.280000000000000000e+02
8.300000000000000000e+02
6.740000000000000000e+02
5.970000000000000000e+02
5.490000000000000000e+02
4.700000000000000000e+02
4.550000000000000000e+02
4.670000000000000000e+02
4.590000000000000000e+02
4.950000000000000000e+02
5.110000000000000000e+02
5.170000000000000000e+02
5.280000000000000000e+02
5.130000000000000000e+02
5.830000000000000000e+02
6.710000000000000000e+02
6.910000000000000000e+02
6.510000000000000000e+02
6.980000000000000000e+02
8.160000000000000000e+02
8.160000000000000000e+02
7.070000000000000000e+02
6.980000000000000000e+02
6.560000000000000000e+02
6.360000000000000000e+02
6.720000000000000000e+02
7.080000000000000000e+02
6.790000000000000000e+02
5.960000000000000000e+02
5.460000000000000000e+02
5.470000000000000000e+02
5.460000000000000000e+02
4.940000000000000000e+02
4.360000000000000000e+02
4.910000000000000000e+02
4.410000000000000000e+02
4.080000000000000000e+02
4.240000000000000000e+02
4.430000000000000000e+02
4.550000000000000000e+02
4.720000000000000000e+02
4.300000000000000000e+02
4.640000000000000000e+02
4.640000000000000000e+02
5.650000000000000000e+02
5.550000000000000000e+02
5.730000000000000000e+02
6.000000000000000000e+02
5.950000000000000000e+02
7.630000000000000000e+02
6.250000000000000000e+02
8.140000000000000000e+02
7.830000000000000000e+02
9.060000000000000000e+02
8.590000000000000000e+02
9.270000000000000000e+02
1.072000000000000000e+03
1.110000000000000000e+03
1.163000000000000000e+03
1.437000000000000000e+03
1.508000000000000000e+03
1.925000000000000000e+03
2.313000000000000000e+03
2.533000000000000000e+03
3.003000000000000000e+03
2.901000000000000000e+03
2.896000000000000000e+03
2.663000000000000000e+03
2.901000000000000000e+03
3.025000000000000000e+03
2.821000000000000000e+03
2.783000000000000000e+03
2.800000000000000000e+03
2.830000000000000000e+03
2.639000000000000000e+03
2.606000000000000000e+03
2.678000000000000000e+03
2.484000000000000000e+03
2.171000000000000000e+03
1.852000000000000000e+03
1.770000000000000000e+03
1.897000000000000000e+03
1.644000000000000000e+03
1.728000000000000000e+03
1.773000000000000000e+03
1.677000000000000000e+03
1.693000000000000000e+03
1.799000000000000000e+03
1.811000000000000000e+03
2.019000000000000000e+03
2.143000000000000000e+03
2.204000000000000000e+03
2.080000000000000000e+03
1.606000000000000000e+03
9.110000000000000000e+02
6.480000000000000000e+02
6.240000000000000000e+02
6.110000000000000000e+02
5.640000000000000000e+02
5.410000000000000000e+02
4.950000000000000000e+02
4.810000000000000000e+02
4.990000000000000000e+02
4.700000000000000000e+02
4.600000000000000000e+02
4.190000000000000000e+02
4.630000000000000000e+02
5.000000000000000000e+02
4.620000000000000000e+02
5.010000000000000000e+02
4.970000000000000000e+02
5.100000000000000000e+02
4.900000000000000000e+02
4.970000000000000000e+02
5.090000000000000000e+02
4.950000000000000000e+02
4.140000000000000000e+02
4.790000000000000000e+02
4.580000000000000000e+02
4.580000000000000000e+02
4.860000000000000000e+02
5.000000000000000000e+02
4.730000000000000000e+02
4.690000000000000000e+02
4.580000000000000000e+02
4.880000000000000000e+02
4.850000000000000000e+02
4.470000000000000000e+02
4.170000000000000000e+02
4.160000000000000000e+02
5.120000000000000000e+02
5.770000000000000000e+02
6.270000000000000000e+02
5.710000000000000000e+02
5.060000000000000000e+02
4.380000000000000000e+02
4.310000000000000000e+02
4.080000000000000000e+02
4.060000000000000000e+02
3.820000000000000000e+02
3.830000000000000000e+02
3.930000000000000000e+02
4.050000000000000000e+02
3.380000000000000000e+02
3.690000000000000000e+02
3.790000000000000000e+02
3.750000000000000000e+02
4.230000000000000000e+02
3.790000000000000000e+02
4.150000000000000000e+02
3.970000000000000000e+02
4.530000000000000000e+02
4.590000000000000000e+02
4.400000000000000000e+02
4.940000000000000000e+02
5.360000000000000000e+02
5.530000000000000000e+02
5.510000000000000000e+02
5.940000000000000000e+02
6.690000000000000000e+02
6.890000000000000000e+02
7.300000000000000000e+02
6.690000000000000000e+02
7.590000000000000000e+02
7.680000000000000000e+02
7.640000000000000000e+02
7.830000000000000000e+02
7.850000000000000000e+02
7.820000000000000000e+02
9.120000000000000000e+02
1.004000000000000000e+03
1.036000000000000000e+03
1.026000000000000000e+03
1.005000000000000000e+03
1.003000000000000000e+03
1.100000000000000000e+03
1.269000000000000000e+03
1.736000000000000000e+03
2.209000000000000000e+03
2.228000000000000000e+03
2.157000000000000000e+03
2.087000000000000000e+03
1.867000000000000000e+03
1.495000000000000000e+03
1.150000000000000000e+03
9.770000000000000000e+02
1.045000000000000000e+03
9.430000000000000000e+02
8.670000000000000000e+02
8.640000000000000000e+02
9.230000000000000000e+02
7.880000000000000000e+02
7.850000000000000000e+02
8.220000000000000000e+02
7.070000000000000000e+02
7.680000000000000000e+02
8.510000000000000000e+02
9.350000000000000000e+02
8.640000000000000000e+02
7.970000000000000000e+02
7.830000000000000000e+02
7.890000000000000000e+02
7.750000000000000000e+02
6.840000000000000000e+02
5.840000000000000000e+02
5.880000000000000000e+02
5.750000000000000000e+02
5.900000000000000000e+02
6.090000000000000000e+02
6.260000000000000000e+02
6.830000000000000000e+02
6.770000000000000000e+02
7.270000000000000000e+02
7.530000000000000000e+02
7.880000000000000000e+02
7.200000000000000000e+02
7.940000000000000000e+02
7.810000000000000000e+02
7.770000000000000000e+02
7.080000000000000000e+02
6.610000000000000000e+02
7.210000000000000000e+02
6.560000000000000000e+02
6.170000000000000000e+02
5.670000000000000000e+02
5.630000000000000000e+02
7.830000000000000000e+02
1.054000000000000000e+03
1.080000000000000000e+03
1.355000000000000000e+03
1.685000000000000000e+03
1.089000000000000000e+03
7.050000000000000000e+02
3.179000000000000000e+03
9.777000000000000000e+03
2.442000000000000000e+03
1.800000000000000000e+02
6.820000000000000000e+02
3.280000000000000000e+02
3.540000000000000000e+02
4.060000000000000000e+02
3.810000000000000000e+02
3.810000000000000000e+02
4.260000000000000000e+02
4.900000000000000000e+02
5.130000000000000000e+02
5.340000000000000000e+02
5.410000000000000000e+02
4.970000000000000000e+02
5.300000000000000000e+02
5.000000000000000000e+02
4.600000000000000000e+02
4.610000000000000000e+02
4.870000000000000000e+02
5.230000000000000000e+02
5.530000000000000000e+02
5.930000000000000000e+02
7.340000000000000000e+02
8.720000000000000000e+02
7.850000000000000000e+02
7.010000000000000000e+02
7.200000000000000000e+02
6.250000000000000000e+02
5.850000000000000000e+02
5.380000000000000000e+02
5.100000000000000000e+02
4.810000000000000000e+02
5.330000000000000000e+02
5.410000000000000000e+02
5.540000000000000000e+02
5.060000000000000000e+02
5.350000000000000000e+02
6.050000000000000000e+02
6.270000000000000000e+02
6.400000000000000000e+02
6.970000000000000000e+02
8.060000000000000000e+02
7.920000000000000000e+02
6.890000000000000000e+02
7.250000000000000000e+02
6.440000000000000000e+02
6.440000000000000000e+02
6.800000000000000000e+02
6.930000000000000000e+02
6.680000000000000000e+02
5.950000000000000000e+02
5.570000000000000000e+02
5.410000000000000000e+02
5.340000000000000000e+02
5.270000000000000000e+02
4.470000000000000000e+02
4.910000000000000000e+02
4.560000000000000000e+02
4.130000000000000000e+02
4.490000000000000000e+02
4.970000000000000000e+02
4.910000000000000000e+02
5.030000000000000000e+02
4.650000000000000000e+02
5.360000000000000000e+02
5.160000000000000000e+02
6.050000000000000000e+02
5.990000000000000000e+02
6.280000000000000000e+02
6.560000000000000000e+02
6.780000000000000000e+02
8.640000000000000000e+02
7.480000000000000000e+02
9.080000000000000000e+02
8.740000000000000000e+02
9.870000000000000000e+02
9.490000000000000000e+02
1.004000000000000000e+03
1.176000000000000000e+03
1.220000000000000000e+03
1.245000000000000000e+03
1.505000000000000000e+03
1.652000000000000000e+03
2.052000000000000000e+03
2.483000000000000000e+03
2.773000000000000000e+03
3.222000000000000000e+03
3.154000000000000000e+03
3.178000000000000000e+03
2.993000000000000000e+03
3.285000000000000000e+03
3.375000000000000000e+03
3.108000000000000000e+03
3.121000000000000000e+03
3.091000000000000000e+03
3.136000000000000000e+03
2.912000000000000000e+03
2.868000000000000000e+03
2.856000000000000000e+03
2.644000000000000000e+03
2.345000000000000000e+03
2.128000000000000000e+03
2.052000000000000000e+03
2.070000000000000000e+03
1.810000000000000000e+03
1.855000000000000000e+03
1.803000000000000000e+03
1.620000000000000000e+03
1.598000000000000000e+03
1.690000000000000000e+03
1.677000000000000000e+03
1.985000000000000000e+03
2.215000000000000000e+03
2.208000000000000000e+03
2.032000000000000000e+03
1.598000000000000000e+03
9.400000000000000000e+02
7.310000000000000000e+02
6.670000000000000000e+02
5.960000000000000000e+02
5.840000000000000000e+02
6.350000000000000000e+02
6.930000000000000000e+02
6.960000000000000000e+02
6.740000000000000000e+02
6.130000000000000000e+02
5.620000000000000000e+02
5.300000000000000000e+02
4.800000000000000000e+02
4.960000000000000000e+02
4.950000000000000000e+02
4.470000000000000000e+02
4.700000000000000000e+02
4.870000000000000000e+02
4.490000000000000000e+02
5.060000000000000000e+02
4.980000000000000000e+02
4.810000000000000000e+02
4.890000000000000000e+02
5.010000000000000000e+02
5.330000000000000000e+02
5.470000000000000000e+02
5.710000000000000000e+02
5.740000000000000000e+02
6.340000000000000000e+02
6.430000000000000000e+02
7.060000000000000000e+02
6.930000000000000000e+02
7.330000000000000000e+02
6.970000000000000000e+02
7.160000000000000000e+02
7.350000000000000000e+02
8.180000000000000000e+02
8.610000000000000000e+02
9.130000000000000000e+02
9.510000000000000000e+02
1.018000000000000000e+03
9.420000000000000000e+02
1.219000000000000000e+03
1.530000000000000000e+03
1.766000000000000000e+03
1.888000000000000000e+03
1.980000000000000000e+03
1.886000000000000000e+03
1.791000000000000000e+03
1.641000000000000000e+03
1.399000000000000000e+03
1.030000000000000000e+03
8.210000000000000000e+02
5.800000000000000000e+02
4.800000000000000000e+02
4.040000000000000000e+02
3.870000000000000000e+02
3.830000000000000000e+02
3.970000000000000000e+02
4.270000000000000000e+02
4.960000000000000000e+02
6.290000000000000000e+02
6.090000000000000000e+02
5.780000000000000000e+02
5.460000000000000000e+02
5.110000000000000000e+02
4.800000000000000000e+02
4.090000000000000000e+02
3.170000000000000000e+02
3.030000000000000000e+02
2.870000000000000000e+02
3.070000000000000000e+02
3.280000000000000000e+02
3.480000000000000000e+02
3.460000000000000000e+02
3.700000000000000000e+02
3.690000000000000000e+02
4.050000000000000000e+02
3.890000000000000000e+02
4.180000000000000000e+02
4.130000000000000000e+02
4.100000000000000000e+02
4.550000000000000000e+02
4.400000000000000000e+02
4.020000000000000000e+02
4.510000000000000000e+02
4.580000000000000000e+02
4.400000000000000000e+02
4.270000000000000000e+02
4.140000000000000000e+02
4.590000000000000000e+02
4.770000000000000000e+02
3.980000000000000000e+02
4.500000000000000000e+02
5.140000000000000000e+02
5.030000000000000000e+02
5.150000000000000000e+02
5.060000000000000000e+02
5.390000000000000000e+02
4.270000000000000000e+02
4.350000000000000000e+02
4.610000000000000000e+02
4.130000000000000000e+02
4.360000000000000000e+02
4.060000000000000000e+02
3.920000000000000000e+02
3.930000000000000000e+02
3.860000000000000000e+02
3.820000000000000000e+02
3.380000000000000000e+02
4.230000000000000000e+02
4.220000000000000000e+02
4.350000000000000000e+02
4.400000000000000000e+02
4.510000000000000000e+02
4.770000000000000000e+02
5.050000000000000000e+02
4.870000000000000000e+02
5.400000000000000000e+02
5.860000000000000000e+02
5.890000000000000000e+02
5.780000000000000000e+02
6.570000000000000000e+02
6.630000000000000000e+02
8.000000000000000000e+02
7.300000000000000000e+02
7.630000000000000000e+02
7.580000000000000000e+02
7.340000000000000000e+02
6.870000000000000000e+02
6.320000000000000000e+02
7.410000000000000000e+02
7.940000000000000000e+02
8.920000000000000000e+02
1.033000000000000000e+03
1.182000000000000000e+03
9.570000000000000000e+02
8.470000000000000000e+02
1.639000000000000000e+03
4.198000000000000000e+03
4.404000000000000000e+03
9.334000000000000000e+03
6.340000000000000000e+02
1.930000000000000000e+02
3.530000000000000000e+02
4.010000000000000000e+02
3.620000000000000000e+02
4.410000000000000000e+02
4.270000000000000000e+02
4.710000000000000000e+02
5.270000000000000000e+02
4.770000000000000000e+02
4.980000000000000000e+02
5.290000000000000000e+02
5.220000000000000000e+02
4.350000000000000000e+02
4.290000000000000000e+02
4.110000000000000000e+02
3.910000000000000000e+02
4.490000000000000000e+02
4.930000000000000000e+02
5.840000000000000000e+02
6.500000000000000000e+02
7.280000000000000000e+02
8.080000000000000000e+02
8.820000000000000000e+02
7.010000000000000000e+02
6.140000000000000000e+02
6.250000000000000000e+02
4.730000000000000000e+02
5.230000000000000000e+02
5.050000000000000000e+02
4.790000000000000000e+02
4.980000000000000000e+02
4.900000000000000000e+02
5.470000000000000000e+02
5.330000000000000000e+02
4.800000000000000000e+02
5.420000000000000000e+02
5.810000000000000000e+02
6.550000000000000000e+02
6.620000000000000000e+02
6.700000000000000000e+02
8.060000000000000000e+02
7.660000000000000000e+02
6.680000000000000000e+02
7.000000000000000000e+02
6.930000000000000000e+02
6.710000000000000000e+02
7.270000000000000000e+02
7.020000000000000000e+02
6.670000000000000000e+02
5.950000000000000000e+02
5.770000000000000000e+02
5.510000000000000000e+02
4.940000000000000000e+02
5.050000000000000000e+02
4.680000000000000000e+02
5.360000000000000000e+02
4.750000000000000000e+02
4.630000000000000000e+02
4.820000000000000000e+02
4.990000000000000000e+02
5.360000000000000000e+02
5.640000000000000000e+02
5.510000000000000000e+02
6.020000000000000000e+02
5.470000000000000000e+02
6.400000000000000000e+02
6.500000000000000000e+02
6.280000000000000000e+02
6.680000000000000000e+02
6.850000000000000000e+02
8.620000000000000000e+02
7.440000000000000000e+02
9.450000000000000000e+02
8.960000000000000000e+02
1.080000000000000000e+03
1.032000000000000000e+03
1.158000000000000000e+03
1.314000000000000000e+03
1.422000000000000000e+03
1.521000000000000000e+03
1.776000000000000000e+03
1.916000000000000000e+03
2.239000000000000000e+03
2.266000000000000000e+03
2.073000000000000000e+03
2.082000000000000000e+03
2.185000000000000000e+03
2.583000000000000000e+03
2.749000000000000000e+03
2.874000000000000000e+03
2.706000000000000000e+03
3.031000000000000000e+03
3.134000000000000000e+03
2.972000000000000000e+03
2.951000000000000000e+03
3.006000000000000000e+03
3.036000000000000000e+03
2.966000000000000000e+03
2.881000000000000000e+03
2.891000000000000000e+03
2.696000000000000000e+03
2.393000000000000000e+03
2.107000000000000000e+03
2.047000000000000000e+03
2.104000000000000000e+03
1.796000000000000000e+03
1.851000000000000000e+03
1.871000000000000000e+03
1.715000000000000000e+03
1.722000000000000000e+03
1.841000000000000000e+03
1.989000000000000000e+03
2.216000000000000000e+03
2.361000000000000000e+03
2.293000000000000000e+03
2.084000000000000000e+03
1.592000000000000000e+03
9.110000000000000000e+02
6.820000000000000000e+02
6.050000000000000000e+02
5.280000000000000000e+02
5.520000000000000000e+02
4.890000000000000000e+02
5.270000000000000000e+02
5.180000000000000000e+02
5.300000000000000000e+02
5.310000000000000000e+02
5.380000000000000000e+02
5.250000000000000000e+02
5.410000000000000000e+02
5.920000000000000000e+02
5.710000000000000000e+02
6.130000000000000000e+02
6.420000000000000000e+02
7.040000000000000000e+02
6.390000000000000000e+02
7.030000000000000000e+02
6.880000000000000000e+02
7.250000000000000000e+02
7.400000000000000000e+02
8.470000000000000000e+02
8.600000000000000000e+02
9.130000000000000000e+02
1.029000000000000000e+03
1.116000000000000000e+03
1.269000000000000000e+03
1.567000000000000000e+03
1.733000000000000000e+03
1.669000000000000000e+03
1.927000000000000000e+03
1.901000000000000000e+03
1.908000000000000000e+03
1.754000000000000000e+03
1.589000000000000000e+03
1.292000000000000000e+03
9.920000000000000000e+02
8.170000000000000000e+02
6.640000000000000000e+02
5.590000000000000000e+02
4.960000000000000000e+02
4.340000000000000000e+02
4.350000000000000000e+02
4.440000000000000000e+02
4.720000000000000000e+02
5.790000000000000000e+02
6.140000000000000000e+02
5.620000000000000000e+02
4.980000000000000000e+02
5.250000000000000000e+02
4.140000000000000000e+02
3.490000000000000000e+02
3.360000000000000000e+02
2.670000000000000000e+02
2.120000000000000000e+02
2.220000000000000000e+02
1.780000000000000000e+02
2.010000000000000000e+02
1.980000000000000000e+02
1.860000000000000000e+02
1.720000000000000000e+02
1.920000000000000000e+02
2.010000000000000000e+02
1.890000000000000000e+02
1.850000000000000000e+02
1.810000000000000000e+02
1.840000000000000000e+02
1.880000000000000000e+02
2.050000000000000000e+02
2.010000000000000000e+02
1.900000000000000000e+02
1.800000000000000000e+02
2.230000000000000000e+02
2.700000000000000000e+02
2.800000000000000000e+02
2.790000000000000000e+02
3.010000000000000000e+02
2.970000000000000000e+02
3.650000000000000000e+02
3.580000000000000000e+02
3.920000000000000000e+02
3.810000000000000000e+02
3.750000000000000000e+02
4.380000000000000000e+02
4.020000000000000000e+02
3.850000000000000000e+02
4.580000000000000000e+02
4.360000000000000000e+02
4.240000000000000000e+02
4.290000000000000000e+02
4.460000000000000000e+02
4.390000000000000000e+02
5.000000000000000000e+02
4.380000000000000000e+02
4.560000000000000000e+02
5.250000000000000000e+02
5.140000000000000000e+02
4.490000000000000000e+02
4.860000000000000000e+02
5.150000000000000000e+02
4.220000000000000000e+02
4.310000000000000000e+02
4.550000000000000000e+02
4.150000000000000000e+02
4.020000000000000000e+02
4.000000000000000000e+02
4.080000000000000000e+02
4.120000000000000000e+02
4.260000000000000000e+02
3.760000000000000000e+02
4.070000000000000000e+02
4.790000000000000000e+02
4.710000000000000000e+02
4.790000000000000000e+02
4.460000000000000000e+02
4.700000000000000000e+02
5.040000000000000000e+02
4.940000000000000000e+02
5.230000000000000000e+02
5.430000000000000000e+02
6.140000000000000000e+02
5.640000000000000000e+02
6.410000000000000000e+02
6.660000000000000000e+02
7.800000000000000000e+02
7.080000000000000000e+02
7.740000000000000000e+02
7.790000000000000000e+02
8.070000000000000000e+02
7.680000000000000000e+02
7.870000000000000000e+02
9.750000000000000000e+02
1.226000000000000000e+03
2.477000000000000000e+03
1.013000000000000000e+04
1.093200000000000000e+04
