3.700000000000000000e+01
4.300000000000000000e+01
5.800000000000000000e+01
9.400000000000000000e+01
1.840000000000000000e+02
3.380000000000000000e+02
6.200000000000000000e+02
9.990000000000000000e+02
1.048000000000000000e+03
1.047000000000000000e+03
8.360000000000000000e+02
7.120000000000000000e+02
6.870000000000000000e+02
6.160000000000000000e+02
6.350000000000000000e+02
5.640000000000000000e+02
5.340000000000000000e+02
5.200000000000000000e+02
5.280000000000000000e+02
5.310000000000000000e+02
5.980000000000000000e+02
5.940000000000000000e+02
5.750000000000000000e+02
6.220000000000000000e+02
6.670000000000000000e+02
6.770000000000000000e+02
7.670000000000000000e+02
7.960000000000000000e+02
7.690000000000000000e+02
7.540000000000000000e+02
7.280000000000000000e+02
7.300000000000000000e+02
7.790000000000000000e+02
7.920000000000000000e+02
7.670000000000000000e+02
7.980000000000000000e+02
8.060000000000000000e+02
8.440000000000000000e+02
8.470000000000000000e+02
8.020000000000000000e+02
8.640000000000000000e+02
8.310000000000000000e+02
8.800000000000000000e+02
8.750000000000000000e+02
8.580000000000000000e+02
9.090000000000000000e+02
8.400000000000000000e+02
8.300000000000000000e+02
8.340000000000000000e+02
8.360000000000000000e+02
9.050000000000000000e+02
8.850000000000000000e+02
8.220000000000000000e+02
6.890000000000000000e+02
6.810000000000000000e+02
6.570000000000000000e+02
5.720000000000000000e+02
6.220000000000000000e+02
5.720000000000000000e+02
5.800000000000000000e+02
5.590000000000000000e+02
5.190000000000000000e+02
5.230000000000000000e+02
5.140000000000000000e+02
4.890000000000000000e+02
5.100000000000000000e+02
5.360000000000000000e+02
4.570000000000000000e+02
4.730000000000000000e+02
4.680000000000000000e+02
4.780000000000000000e+02
4.490000000000000000e+02
4.420000000000000000e+02
4.600000000000000000e+02
4.450000000000000000e+02
4.640000000000000000e+02
4.000000000000000000e+02
4.040000000000000000e+02
3.910000000000000000e+02
3.770000000000000000e+02
4.140000000000000000e+02
4.160000000000000000e+02
4.090000000000000000e+02
4.370000000000000000e+02
4.170000000000000000e+02
4.120000000000000000e+02
4.420000000000000000e+02
4.620000000000000000e+02
4.550000000000000000e+02
4.450000000000000000e+02
4.870000000000000000e+02
4.740000000000000000e+02
4.790000000000000000e+02
4.690000000000000000e+02
4.970000000000000000e+02
5.110000000000000000e+02
4.440000000000000000e+02
4.530000000000000000e+02
4.470000000000000000e+02
4.760000000000000000e+02
3.910000000000000000e+02
4.170000000000000000e+02
3.890000000000000000e+02
3.830000000000000000e+02
3.660000000000000000e+02
3.440000000000000000e+02
3.380000000000000000e+02
3.520000000000000000e+02
3.480000000000000000e+02
3.070000000000000000e+02
3.340000000000000000e+02
3.300000000000000000e+02
3.260000000000000000e+02
2.890000000000000000e+02
2.990000000000000000e+02
2.990000000000000000e+02
2.910000000000000000e+02
2.690000000000000000e+02
2.790000000000000000e+02
2.380000000000000000e+02
2.300000000000000000e+02
2.900000000000000000e+02
2.830000000000000000e+02
2.320000000000000000e+02
2.440000000000000000e+02
2.780000000000000000e+02
2.790000000000000000e+02
2.680000000000000000e+02
2.630000000000000000e+02
2.710000000000000000e+02
2.590000000000000000e+02
2.810000000000000000e+02
2.470000000000000000e+02
2.650000000000000000e+02
2.940000000000000000e+02
2.800000000000000000e+02
3.050000000000000000e+02
2.950000000000000000e+02
2.970000000000000000e+02
2.930000000000000000e+02
3.110000000000000000e+02
3.340000000000000000e+02
3.480000000000000000e+02
3.490000000000000000e+02
3.820000000000000000e+02
3.670000000000000000e+02
4.180000000000000000e+02
4.200000000000000000e+02
4.270000000000000000e+02
5.070000000000000000e+02
5.120000000000000000e+02
6.010000000000000000e+02
5.980000000000000000e+02
6.510000000000000000e+02
7.390000000000000000e+02
7.480000000000000000e+02
7.890000000000000000e+02
9.000000000000000000e+02
9.600000000000000000e+02
9.830000000000000000e+02
1.073000000000000000e+03
1.159000000000000000e+03
1.222000000000000000e+03
1.286000000000000000e+03
1.387000000000000000e+03
1.511000000000000000e+03
1.631000000000000000e+03
1.778000000000000000e+03
1.804000000000000000e+03
2.066000000000000000e+03
2.173000000000000000e+03
2.267000000000000000e+03
2.490000000000000000e+03
2.652000000000000000e+03
2.929000000000000000e+03
3.127000000000000000e+03
3.234000000000000000e+03
3.460000000000000000e+03
3.570000000000000000e+03
3.777000000000000000e+03
3.864000000000000000e+03
3.799000000000000000e+03
3.812000000000000000e+03
3.703000000000000000e+03
3.605000000000000000e+03
3.493000000000000000e+03
3.434000000000000000e+03
3.225000000000000000e+03
3.087000000000000000e+03
2.969000000000000000e+03
2.828000000000000000e+03
2.760000000000000000e+03
2.659000000000000000e+03
2.377000000000000000e+03
2.322000000000000000e+03
2.261000000000000000e+03
2.250000000000000000e+03
2.210000000000000000e+03
2.219000000000000000e+03
2.141000000000000000e+03
2.122000000000000000e+03
2.114000000000000000e+03
2.117000000000000000e+03
2.079000000000000000e+03
2.154000000000000000e+03
2.170000000000000000e+03
2.107000000000000000e+03
2.063000000000000000e+03
2.072000000000000000e+03
1.946000000000000000e+03
2.042000000000000000e+03
1.961000000000000000e+03
1.944000000000000000e+03
1.988000000000000000e+03
1.899000000000000000e+03
1.796000000000000000e+03
1.806000000000000000e+03
1.648000000000000000e+03
1.576000000000000000e+03
1.504000000000000000e+03
1.392000000000000000e+03
1.333000000000000000e+03
1.231000000000000000e+03
1.074000000000000000e+03
1.015000000000000000e+03
8.480000000000000000e+02
8.480000000000000000e+02
8.220000000000000000e+02
7.060000000000000000e+02
5.780000000000000000e+02
4.620000000000000000e+02
4.200000000000000000e+02
3.360000000000000000e+02
2.630000000000000000e+02
2.660000000000000000e+02
2.310000000000000000e+02
2.150000000000000000e+02
1.910000000000000000e+02
1.730000000000000000e+02
1.500000000000000000e+02
1.670000000000000000e+02
1.390000000000000000e+02
1.230000000000000000e+02
1.220000000000000000e+02
1.110000000000000000e+02
1.270000000000000000e+02
9.500000000000000000e+01
1.020000000000000000e+02
1.120000000000000000e+02
1.250000000000000000e+02
1.160000000000000000e+02
1.120000000000000000e+02
1.250000000000000000e+02
8.400000000000000000e+01
9.200000000000000000e+01
2.960000000000000000e+02
5.200000000000000000e+01
4.400000000000000000e+01
8.200000000000000000e+01
1.190000000000000000e+02
1.970000000000000000e+02
3.300000000000000000e+02
6.350000000000000000e+02
9.940000000000000000e+02
1.096000000000000000e+03
1.130000000000000000e+03
8.800000000000000000e+02
7.350000000000000000e+02
7.310000000000000000e+02
6.380000000000000000e+02
5.810000000000000000e+02
5.050000000000000000e+02
5.200000000000000000e+02
4.640000000000000000e+02
4.680000000000000000e+02
5.070000000000000000e+02
5.460000000000000000e+02
5.100000000000000000e+02
5.340000000000000000e+02
5.170000000000000000e+02
5.670000000000000000e+02
5.500000000000000000e+02
5.930000000000000000e+02
6.930000000000000000e+02
6.540000000000000000e+02
6.310000000000000000e+02
6.020000000000000000e+02
6.170000000000000000e+02
5.960000000000000000e+02
6.400000000000000000e+02
6.140000000000000000e+02
6.450000000000000000e+02
7.090000000000000000e+02
7.440000000000000000e+02
7.580000000000000000e+02
7.960000000000000000e+02
8.490000000000000000e+02
8.660000000000000000e+02
9.100000000000000000e+02
9.190000000000000000e+02
9.120000000000000000e+02
9.320000000000000000e+02
8.740000000000000000e+02
8.720000000000000000e+02
8.860000000000000000e+02
8.930000000000000000e+02
9.000000000000000000e+02
9.030000000000000000e+02
8.810000000000000000e+02
8.120000000000000000e+02
7.510000000000000000e+02
7.300000000000000000e+02
6.840000000000000000e+02
6.870000000000000000e+02
6.740000000000000000e+02
6.280000000000000000e+02
6.310000000000000000e+02
5.900000000000000000e+02
6.170000000000000000e+02
6.000000000000000000e+02
5.200000000000000000e+02
5.160000000000000000e+02
5.450000000000000000e+02
5.250000000000000000e+02
5.120000000000000000e+02
4.700000000000000000e+02
4.870000000000000000e+02
4.890000000000000000e+02
4.570000000000000000e+02
4.930000000000000000e+02
4.570000000000000000e+02
4.710000000000000000e+02
4.290000000000000000e+02
4.390000000000000000e+02
4.670000000000000000e+02
4.230000000000000000e+02
4.290000000000000000e+02
4.020000000000000000e+02
4.500000000000000000e+02
5.150000000000000000e+02
5.040000000000000000e+02
4.330000000000000000e+02
4.470000000000000000e+02
4.580000000000000000e+02
4.680000000000000000e+02
4.600000000000000000e+02
4.760000000000000000e+02
4.870000000000000000e+02
4.580000000000000000e+02
5.080000000000000000e+02
4.940000000000000000e+02
4.990000000000000000e+02
4.800000000000000000e+02
4.370000000000000000e+02
4.530000000000000000e+02
4.550000000000000000e+02
4.440000000000000000e+02
4.020000000000000000e+02
3.970000000000000000e+02
3.930000000000000000e+02
3.860000000000000000e+02
3.360000000000000000e+02
3.280000000000000000e+02
3.070000000000000000e+02
2.520000000000000000e+02
2.830000000000000000e+02
2.780000000000000000e+02
2.430000000000000000e+02
2.560000000000000000e+02
2.590000000000000000e+02
2.630000000000000000e+02
2.900000000000000000e+02
3.030000000000000000e+02
2.890000000000000000e+02
2.330000000000000000e+02
2.430000000000000000e+02
2.180000000000000000e+02
2.480000000000000000e+02
2.550000000000000000e+02
2.250000000000000000e+02
2.360000000000000000e+02
2.590000000000000000e+02
2.930000000000000000e+02
3.430000000000000000e+02
3.430000000000000000e+02
3.070000000000000000e+02
3.110000000000000000e+02
2.880000000000000000e+02
2.890000000000000000e+02
3.140000000000000000e+02
3.160000000000000000e+02
3.180000000000000000e+02
3.550000000000000000e+02
3.670000000000000000e+02
3.590000000000000000e+02
3.860000000000000000e+02
4.630000000000000000e+02
4.420000000000000000e+02
4.630000000000000000e+02
5.110000000000000000e+02
5.690000000000000000e+02
6.680000000000000000e+02
6.600000000000000000e+02
6.940000000000000000e+02
8.140000000000000000e+02
8.560000000000000000e+02
9.390000000000000000e+02
1.024000000000000000e+03
1.045000000000000000e+03
1.193000000000000000e+03
1.220000000000000000e+03
1.307000000000000000e+03
1.423000000000000000e+03
1.464000000000000000e+03
1.731000000000000000e+03
1.688000000000000000e+03
1.888000000000000000e+03
2.010000000000000000e+03
2.058000000000000000e+03
2.260000000000000000e+03
2.297000000000000000e+03
2.383000000000000000e+03
2.405000000000000000e+03
2.670000000000000000e+03
2.847000000000000000e+03
2.872000000000000000e+03
3.131000000000000000e+03
3.252000000000000000e+03
3.398000000000000000e+03
3.720000000000000000e+03
3.823000000000000000e+03
4.198000000000000000e+03
4.336000000000000000e+03
4.324000000000000000e+03
4.334000000000000000e+03
4.406000000000000000e+03
4.401000000000000000e+03
4.188000000000000000e+03
4.078000000000000000e+03
3.999000000000000000e+03
3.745000000000000000e+03
3.511000000000000000e+03
3.360000000000000000e+03
3.321000000000000000e+03
3.168000000000000000e+03
3.021000000000000000e+03
2.798000000000000000e+03
2.624000000000000000e+03
2.444000000000000000e+03
2.353000000000000000e+03
2.127000000000000000e+03
1.959000000000000000e+03
1.735000000000000000e+03
1.730000000000000000e+03
1.584000000000000000e+03
1.606000000000000000e+03
1.501000000000000000e+03
1.505000000000000000e+03
1.514000000000000000e+03
1.572000000000000000e+03
1.594000000000000000e+03
1.512000000000000000e+03
1.341000000000000000e+03
1.438000000000000000e+03
1.325000000000000000e+03
1.358000000000000000e+03
1.336000000000000000e+03
1.510000000000000000e+03
1.681000000000000000e+03
1.689000000000000000e+03
1.526000000000000000e+03
1.287000000000000000e+03
9.210000000000000000e+02
5.650000000000000000e+02
3.900000000000000000e+02
2.970000000000000000e+02
2.310000000000000000e+02
2.120000000000000000e+02
1.910000000000000000e+02
1.560000000000000000e+02
1.550000000000000000e+02
1.490000000000000000e+02
1.230000000000000000e+02
1.170000000000000000e+02
1.180000000000000000e+02
8.500000000000000000e+01
1.030000000000000000e+02
9.100000000000000000e+01
7.900000000000000000e+01
9.500000000000000000e+01
8.500000000000000000e+01
5.600000000000000000e+01
7.200000000000000000e+01
5.500000000000000000e+01
4.900000000000000000e+01
5.600000000000000000e+01
6.200000000000000000e+01
5.500000000000000000e+01
5.300000000000000000e+01
4.900000000000000000e+01
6.400000000000000000e+01
5.400000000000000000e+01
4.600000000000000000e+01
5.200000000000000000e+01
5.900000000000000000e+01
6.900000000000000000e+01
6.800000000000000000e+01
5.700000000000000000e+01
4.700000000000000000e+01
4.700000000000000000e+01
5.000000000000000000e+01
3.700000000000000000e+01
1.690000000000000000e+02
7.200000000000000000e+01
1.140000000000000000e+02
1.480000000000000000e+02
2.380000000000000000e+02
4.240000000000000000e+02
7.030000000000000000e+02
1.011000000000000000e+03
1.057000000000000000e+03
1.062000000000000000e+03
8.350000000000000000e+02
6.590000000000000000e+02
6.850000000000000000e+02
6.290000000000000000e+02
5.510000000000000000e+02
4.830000000000000000e+02
4.890000000000000000e+02
5.010000000000000000e+02
4.630000000000000000e+02
4.470000000000000000e+02
4.380000000000000000e+02
4.580000000000000000e+02
4.510000000000000000e+02
4.090000000000000000e+02
4.590000000000000000e+02
4.900000000000000000e+02
5.320000000000000000e+02
5.120000000000000000e+02
5.160000000000000000e+02
5.220000000000000000e+02
5.890000000000000000e+02
5.820000000000000000e+02
5.780000000000000000e+02
5.770000000000000000e+02
5.590000000000000000e+02
6.110000000000000000e+02
5.800000000000000000e+02
6.070000000000000000e+02
6.210000000000000000e+02
6.160000000000000000e+02
6.420000000000000000e+02
6.610000000000000000e+02
7.080000000000000000e+02
7.080000000000000000e+02
7.450000000000000000e+02
8.160000000000000000e+02
8.180000000000000000e+02
9.280000000000000000e+02
1.023000000000000000e+03
1.032000000000000000e+03
9.600000000000000000e+02
8.680000000000000000e+02
7.530000000000000000e+02
7.500000000000000000e+02
7.440000000000000000e+02
7.210000000000000000e+02
6.650000000000000000e+02
6.600000000000000000e+02
6.750000000000000000e+02
6.910000000000000000e+02
6.130000000000000000e+02
6.360000000000000000e+02
6.300000000000000000e+02
6.320000000000000000e+02
6.110000000000000000e+02
5.960000000000000000e+02
6.260000000000000000e+02
5.580000000000000000e+02
5.510000000000000000e+02
5.660000000000000000e+02
5.140000000000000000e+02
5.220000000000000000e+02
5.900000000000000000e+02
5.180000000000000000e+02
5.450000000000000000e+02
5.210000000000000000e+02
5.320000000000000000e+02
5.050000000000000000e+02
5.210000000000000000e+02
5.250000000000000000e+02
5.230000000000000000e+02
5.330000000000000000e+02
5.530000000000000000e+02
5.220000000000000000e+02
5.350000000000000000e+02
5.920000000000000000e+02
5.610000000000000000e+02
5.660000000000000000e+02
5.780000000000000000e+02
5.880000000000000000e+02
5.980000000000000000e+02
5.770000000000000000e+02
5.760000000000000000e+02
5.670000000000000000e+02
5.100000000000000000e+02
5.350000000000000000e+02
4.870000000000000000e+02
5.140000000000000000e+02
4.460000000000000000e+02
3.760000000000000000e+02
3.800000000000000000e+02
3.420000000000000000e+02
3.310000000000000000e+02
3.440000000000000000e+02
3.080000000000000000e+02
2.880000000000000000e+02
3.000000000000000000e+02
3.020000000000000000e+02
2.810000000000000000e+02
3.040000000000000000e+02
3.080000000000000000e+02
3.130000000000000000e+02
3.100000000000000000e+02
3.560000000000000000e+02
3.610000000000000000e+02
3.570000000000000000e+02
3.500000000000000000e+02
3.690000000000000000e+02
3.690000000000000000e+02
3.260000000000000000e+02
4.030000000000000000e+02
4.130000000000000000e+02
4.350000000000000000e+02
4.690000000000000000e+02
5.040000000000000000e+02
5.020000000000000000e+02
5.410000000000000000e+02
5.110000000000000000e+02
5.670000000000000000e+02
6.010000000000000000e+02
6.140000000000000000e+02
6.520000000000000000e+02
7.100000000000000000e+02
7.300000000000000000e+02
8.260000000000000000e+02
8.770000000000000000e+02
9.050000000000000000e+02
1.043000000000000000e+03
1.062000000000000000e+03
1.165000000000000000e+03
1.207000000000000000e+03
1.296000000000000000e+03
1.319000000000000000e+03
1.426000000000000000e+03
1.393000000000000000e+03
1.516000000000000000e+03
1.566000000000000000e+03
1.617000000000000000e+03
1.691000000000000000e+03
1.844000000000000000e+03
1.847000000000000000e+03
1.891000000000000000e+03
1.913000000000000000e+03
2.029000000000000000e+03
2.081000000000000000e+03
2.195000000000000000e+03
2.365000000000000000e+03
2.390000000000000000e+03
2.509000000000000000e+03
2.915000000000000000e+03
2.915000000000000000e+03
3.168000000000000000e+03
3.352000000000000000e+03
3.648000000000000000e+03
3.824000000000000000e+03
3.937000000000000000e+03
4.070000000000000000e+03
4.213000000000000000e+03
4.426000000000000000e+03
4.427000000000000000e+03
4.360000000000000000e+03
4.515000000000000000e+03
4.401000000000000000e+03
4.234000000000000000e+03
4.157000000000000000e+03
3.950000000000000000e+03
3.525000000000000000e+03
3.271000000000000000e+03
3.039000000000000000e+03
2.735000000000000000e+03
2.450000000000000000e+03
2.284000000000000000e+03
2.000000000000000000e+03
1.704000000000000000e+03
1.593000000000000000e+03
1.395000000000000000e+03
1.186000000000000000e+03
1.182000000000000000e+03
1.052000000000000000e+03
9.680000000000000000e+02
8.810000000000000000e+02
8.220000000000000000e+02
8.590000000000000000e+02
7.460000000000000000e+02
7.530000000000000000e+02
7.390000000000000000e+02
6.590000000000000000e+02
6.380000000000000000e+02
5.910000000000000000e+02
6.340000000000000000e+02
5.920000000000000000e+02
5.540000000000000000e+02
5.320000000000000000e+02
5.220000000000000000e+02
5.600000000000000000e+02
5.510000000000000000e+02
5.970000000000000000e+02
6.290000000000000000e+02
6.480000000000000000e+02
7.810000000000000000e+02
9.570000000000000000e+02
1.058000000000000000e+03
1.228000000000000000e+03
1.553000000000000000e+03
1.622000000000000000e+03
1.577000000000000000e+03
1.710000000000000000e+03
1.631000000000000000e+03
1.438000000000000000e+03
1.238000000000000000e+03
9.480000000000000000e+02
7.380000000000000000e+02
5.050000000000000000e+02
3.420000000000000000e+02
2.510000000000000000e+02
1.790000000000000000e+02
1.430000000000000000e+02
1.100000000000000000e+02
9.600000000000000000e+01
9.400000000000000000e+01
7.700000000000000000e+01
6.900000000000000000e+01
8.200000000000000000e+01
6.900000000000000000e+01
6.500000000000000000e+01
6.400000000000000000e+01
7.000000000000000000e+01
7.000000000000000000e+01
7.000000000000000000e+01
7.000000000000000000e+01
5.600000000000000000e+01
4.500000000000000000e+01
5.500000000000000000e+01
2.600000000000000000e+01
1.900000000000000000e+01
2.800000000000000000e+01
2.100000000000000000e+01
2.600000000000000000e+01
2.000000000000000000e+01
2.300000000000000000e+01
2.000000000000000000e+01
1.300000000000000000e+01
1.400000000000000000e+01
1.200000000000000000e+01
6.000000000000000000e+00
2.000000000000000000e+01
