1.770000000000000000e+02
2.640000000000000000e+02
3.720000000000000000e+02
6.370000000000000000e+02
6.570000000000000000e+02
7.030000000000000000e+02
8.460000000000000000e+02
8.080000000000000000e+02
6.830000000000000000e+02
6.640000000000000000e+02
6.200000000000000000e+02
6.140000000000000000e+02
6.700000000000000000e+02
6.800000000000000000e+02
7.290000000000000000e+02
6.680000000000000000e+02
6.940000000000000000e+02
7.200000000000000000e+02
7.590000000000000000e+02
7.590000000000000000e+02
8.030000000000000000e+02
8.290000000000000000e+02
7.950000000000000000e+02
7.830000000000000000e+02
8.510000000000000000e+02
8.550000000000000000e+02
8.460000000000000000e+02
8.940000000000000000e+02
7.950000000000000000e+02
8.840000000000000000e+02
9.060000000000000000e+02
9.380000000000000000e+02
9.200000000000000000e+02
9.430000000000000000e+02
1.044000000000000000e+03
1.106000000000000000e+03
1.203000000000000000e+03
1.248000000000000000e+03
1.348000000000000000e+03
1.425000000000000000e+03
1.396000000000000000e+03
1.433000000000000000e+03
1.435000000000000000e+03
1.413000000000000000e+03
1.454000000000000000e+03
1.495000000000000000e+03
1.482000000000000000e+03
1.417000000000000000e+03
1.400000000000000000e+03
1.397000000000000000e+03
1.402000000000000000e+03
1.338000000000000000e+03
1.354000000000000000e+03
1.296000000000000000e+03
1.226000000000000000e+03
1.222000000000000000e+03
1.203000000000000000e+03
1.132000000000000000e+03
1.153000000000000000e+03
1.077000000000000000e+03
1.045000000000000000e+03
9.630000000000000000e+02
9.310000000000000000e+02
9.380000000000000000e+02
8.100000000000000000e+02
7.950000000000000000e+02
7.810000000000000000e+02
7.170000000000000000e+02
6.880000000000000000e+02
6.680000000000000000e+02
6.570000000000000000e+02
6.300000000000000000e+02
5.980000000000000000e+02
5.990000000000000000e+02
5.290000000000000000e+02
5.510000000000000000e+02
5.450000000000000000e+02
5.330000000000000000e+02
5.590000000000000000e+02
5.190000000000000000e+02
5.670000000000000000e+02
5.860000000000000000e+02
5.860000000000000000e+02
5.700000000000000000e+02
6.320000000000000000e+02
6.310000000000000000e+02
5.870000000000000000e+02
6.650000000000000000e+02
7.400000000000000000e+02
7.870000000000000000e+02
8.510000000000000000e+02
9.940000000000000000e+02
1.026000000000000000e+03
1.128000000000000000e+03
1.289000000000000000e+03
1.372000000000000000e+03
1.538000000000000000e+03
1.731000000000000000e+03
1.871000000000000000e+03
2.039000000000000000e+03
2.251000000000000000e+03
2.484000000000000000e+03
2.634000000000000000e+03
2.846000000000000000e+03
2.833000000000000000e+03
2.891000000000000000e+03
3.052000000000000000e+03
3.116000000000000000e+03
3.013000000000000000e+03
2.858000000000000000e+03
2.819000000000000000e+03
2.631000000000000000e+03
2.680000000000000000e+03
2.455000000000000000e+03
2.287000000000000000e+03
2.179000000000000000e+03
2.053000000000000000e+03
1.912000000000000000e+03
1.694000000000000000e+03
1.673000000000000000e+03
1.480000000000000000e+03
1.370000000000000000e+03
1.224000000000000000e+03
1.149000000000000000e+03
1.100000000000000000e+03
1.047000000000000000e+03
9.820000000000000000e+02
9.450000000000000000e+02
8.630000000000000000e+02
8.150000000000000000e+02
7.430000000000000000e+02
6.880000000000000000e+02
6.240000000000000000e+02
5.790000000000000000e+02
5.110000000000000000e+02
4.680000000000000000e+02
4.370000000000000000e+02
4.140000000000000000e+02
3.560000000000000000e+02
3.400000000000000000e+02
3.130000000000000000e+02
2.960000000000000000e+02
2.680000000000000000e+02
2.370000000000000000e+02
2.750000000000000000e+02
2.480000000000000000e+02
2.170000000000000000e+02
2.330000000000000000e+02
2.440000000000000000e+02
2.260000000000000000e+02
2.030000000000000000e+02
2.190000000000000000e+02
2.600000000000000000e+02
2.510000000000000000e+02
2.390000000000000000e+02
2.650000000000000000e+02
2.720000000000000000e+02
2.690000000000000000e+02
2.900000000000000000e+02
3.180000000000000000e+02
3.400000000000000000e+02
3.140000000000000000e+02
3.230000000000000000e+02
3.340000000000000000e+02
3.370000000000000000e+02
3.160000000000000000e+02
3.160000000000000000e+02
3.240000000000000000e+02
3.100000000000000000e+02
2.840000000000000000e+02
3.310000000000000000e+02
3.050000000000000000e+02
3.690000000000000000e+02
3.250000000000000000e+02
3.790000000000000000e+02
3.490000000000000000e+02
3.610000000000000000e+02
3.460000000000000000e+02
3.670000000000000000e+02
3.940000000000000000e+02
3.830000000000000000e+02
4.040000000000000000e+02
4.310000000000000000e+02
4.520000000000000000e+02
4.960000000000000000e+02
5.180000000000000000e+02
5.340000000000000000e+02
5.530000000000000000e+02
6.340000000000000000e+02
6.020000000000000000e+02
6.680000000000000000e+02
6.630000000000000000e+02
7.160000000000000000e+02
7.590000000000000000e+02
7.550000000000000000e+02
7.740000000000000000e+02
7.140000000000000000e+02
7.050000000000000000e+02
7.680000000000000000e+02
8.010000000000000000e+02
7.320000000000000000e+02
7.770000000000000000e+02
7.790000000000000000e+02
8.360000000000000000e+02
8.740000000000000000e+02
1.012000000000000000e+03
9.290000000000000000e+02
9.730000000000000000e+02
1.038000000000000000e+03
1.011000000000000000e+03
1.014000000000000000e+03
9.640000000000000000e+02
9.500000000000000000e+02
9.400000000000000000e+02
8.590000000000000000e+02
9.290000000000000000e+02
9.140000000000000000e+02
9.080000000000000000e+02
8.690000000000000000e+02
8.390000000000000000e+02
8.940000000000000000e+02
8.690000000000000000e+02
8.420000000000000000e+02
7.170000000000000000e+02
6.420000000000000000e+02
5.940000000000000000e+02
6.240000000000000000e+02
5.560000000000000000e+02
5.280000000000000000e+02
5.060000000000000000e+02
5.350000000000000000e+02
5.580000000000000000e+02
1.622000000000000000e+03
8.790000000000000000e+02
1.573000000000000000e+03
2.675000000000000000e+03
9.560000000000000000e+02
7.930000000000000000e+02
8.350000000000000000e+02
9.140000000000000000e+02
1.062000000000000000e+03
1.137000000000000000e+03
1.034000000000000000e+03
4.136000000000000000e+03
1.852000000000000000e+03
3.770000000000000000e+03
1.433000000000000000e+03
8.930000000000000000e+02
7.690000000000000000e+02
5.500000000000000000e+02
5.960000000000000000e+02
5.530000000000000000e+02
5.110000000000000000e+02
4.490000000000000000e+02
3.760000000000000000e+02
8.160000000000000000e+02
1.480000000000000000e+03
1.397000000000000000e+03
1.519000000000000000e+03
1.201000000000000000e+03
1.046000000000000000e+03
9.850000000000000000e+02
8.470000000000000000e+02
8.630000000000000000e+02
7.750000000000000000e+02
7.310000000000000000e+02
7.330000000000000000e+02
7.140000000000000000e+02
7.100000000000000000e+02
7.470000000000000000e+02
6.970000000000000000e+02
7.200000000000000000e+02
7.700000000000000000e+02
7.580000000000000000e+02
7.540000000000000000e+02
7.670000000000000000e+02
7.910000000000000000e+02
8.050000000000000000e+02
7.990000000000000000e+02
8.510000000000000000e+02
7.690000000000000000e+02
8.220000000000000000e+02
8.180000000000000000e+02
8.410000000000000000e+02
8.700000000000000000e+02
9.260000000000000000e+02
9.140000000000000000e+02
9.680000000000000000e+02
9.510000000000000000e+02
1.085000000000000000e+03
1.070000000000000000e+03
1.176000000000000000e+03
1.196000000000000000e+03
1.350000000000000000e+03
1.383000000000000000e+03
1.427000000000000000e+03
1.588000000000000000e+03
1.504000000000000000e+03
1.517000000000000000e+03
1.536000000000000000e+03
1.479000000000000000e+03
1.403000000000000000e+03
1.460000000000000000e+03
1.402000000000000000e+03
1.344000000000000000e+03
1.365000000000000000e+03
1.259000000000000000e+03
1.248000000000000000e+03
1.172000000000000000e+03
1.207000000000000000e+03
1.160000000000000000e+03
1.053000000000000000e+03
1.068000000000000000e+03
1.063000000000000000e+03
9.620000000000000000e+02
9.730000000000000000e+02
8.770000000000000000e+02
8.880000000000000000e+02
8.410000000000000000e+02
8.120000000000000000e+02
7.050000000000000000e+02
7.020000000000000000e+02
7.130000000000000000e+02
7.280000000000000000e+02
6.470000000000000000e+02
6.810000000000000000e+02
6.590000000000000000e+02
6.550000000000000000e+02
6.140000000000000000e+02
6.330000000000000000e+02
5.910000000000000000e+02
5.870000000000000000e+02
6.700000000000000000e+02
6.670000000000000000e+02
6.770000000000000000e+02
6.910000000000000000e+02
6.980000000000000000e+02
6.800000000000000000e+02
7.560000000000000000e+02
7.100000000000000000e+02
7.840000000000000000e+02
8.550000000000000000e+02
9.430000000000000000e+02
1.013000000000000000e+03
1.118000000000000000e+03
1.084000000000000000e+03
1.162000000000000000e+03
1.234000000000000000e+03
1.392000000000000000e+03
1.536000000000000000e+03
1.619000000000000000e+03
1.746000000000000000e+03
2.007000000000000000e+03
2.246000000000000000e+03
2.425000000000000000e+03
2.713000000000000000e+03
2.753000000000000000e+03
3.097000000000000000e+03
3.162000000000000000e+03
3.313000000000000000e+03
3.423000000000000000e+03
3.311000000000000000e+03
3.402000000000000000e+03
3.525000000000000000e+03
3.383000000000000000e+03
3.315000000000000000e+03
3.069000000000000000e+03
3.007000000000000000e+03
2.863000000000000000e+03
2.586000000000000000e+03
2.457000000000000000e+03
2.357000000000000000e+03
2.193000000000000000e+03
1.913000000000000000e+03
1.779000000000000000e+03
1.679000000000000000e+03
1.565000000000000000e+03
1.394000000000000000e+03
1.369000000000000000e+03
1.322000000000000000e+03
1.226000000000000000e+03
1.109000000000000000e+03
1.096000000000000000e+03
1.068000000000000000e+03
9.900000000000000000e+02
9.630000000000000000e+02
9.480000000000000000e+02
9.190000000000000000e+02
9.190000000000000000e+02
8.880000000000000000e+02
8.670000000000000000e+02
7.900000000000000000e+02
7.390000000000000000e+02
7.390000000000000000e+02
6.260000000000000000e+02
6.120000000000000000e+02
6.260000000000000000e+02
6.080000000000000000e+02
5.860000000000000000e+02
5.330000000000000000e+02
4.890000000000000000e+02
4.960000000000000000e+02
5.140000000000000000e+02
4.680000000000000000e+02
4.420000000000000000e+02
4.920000000000000000e+02
4.480000000000000000e+02
3.950000000000000000e+02
4.190000000000000000e+02
3.990000000000000000e+02
4.370000000000000000e+02
3.980000000000000000e+02
4.050000000000000000e+02
4.150000000000000000e+02
3.970000000000000000e+02
3.880000000000000000e+02
4.300000000000000000e+02
3.750000000000000000e+02
4.090000000000000000e+02
4.090000000000000000e+02
3.890000000000000000e+02
3.920000000000000000e+02
3.930000000000000000e+02
3.710000000000000000e+02
4.020000000000000000e+02
3.570000000000000000e+02
3.790000000000000000e+02
3.680000000000000000e+02
3.750000000000000000e+02
3.730000000000000000e+02
3.490000000000000000e+02
3.120000000000000000e+02
2.800000000000000000e+02
2.770000000000000000e+02
2.910000000000000000e+02
2.660000000000000000e+02
3.100000000000000000e+02
2.520000000000000000e+02
2.690000000000000000e+02
2.780000000000000000e+02
3.020000000000000000e+02
2.810000000000000000e+02
3.040000000000000000e+02
3.100000000000000000e+02
3.480000000000000000e+02
3.560000000000000000e+02
3.510000000000000000e+02
3.870000000000000000e+02
4.270000000000000000e+02
3.680000000000000000e+02
2.980000000000000000e+02
3.180000000000000000e+02
3.160000000000000000e+02
3.300000000000000000e+02
3.210000000000000000e+02
3.510000000000000000e+02
3.390000000000000000e+02
3.680000000000000000e+02
3.260000000000000000e+02
3.550000000000000000e+02
3.360000000000000000e+02
3.210000000000000000e+02
3.770000000000000000e+02
3.700000000000000000e+02
3.950000000000000000e+02
3.980000000000000000e+02
4.250000000000000000e+02
4.580000000000000000e+02
4.130000000000000000e+02
4.080000000000000000e+02
3.760000000000000000e+02
3.580000000000000000e+02
3.990000000000000000e+02
3.810000000000000000e+02
4.020000000000000000e+02
3.870000000000000000e+02
3.380000000000000000e+02
3.440000000000000000e+02
3.910000000000000000e+02
3.440000000000000000e+02
3.110000000000000000e+02
2.870000000000000000e+02
3.170000000000000000e+02
3.060000000000000000e+02
2.490000000000000000e+02
3.190000000000000000e+02
3.000000000000000000e+02
2.500000000000000000e+02
2.540000000000000000e+02
1.970000000000000000e+02
1.740000000000000000e+02
1.930000000000000000e+02
1.750000000000000000e+02
1.810000000000000000e+02
1.800000000000000000e+02
1.680000000000000000e+02
1.640000000000000000e+02
1.940000000000000000e+02
1.670000000000000000e+02
1.910000000000000000e+02
2.640000000000000000e+02
6.590000000000000000e+02
1.590000000000000000e+03
2.738000000000000000e+03
3.015000000000000000e+03
4.145000000000000000e+03
3.934000000000000000e+03
2.836000000000000000e+03
2.278000000000000000e+03
5.370000000000000000e+02
7.900000000000000000e+01
2.600000000000000000e+01
1.581000000000000000e+03
3.440000000000000000e+02
4.250000000000000000e+02
5.120000000000000000e+02
7.460000000000000000e+02
9.440000000000000000e+02
1.101000000000000000e+03
1.223000000000000000e+03
1.073000000000000000e+03
1.051000000000000000e+03
1.185000000000000000e+03
1.302000000000000000e+03
1.254000000000000000e+03
1.256000000000000000e+03
1.315000000000000000e+03
1.379000000000000000e+03
1.423000000000000000e+03
1.437000000000000000e+03
1.484000000000000000e+03
1.550000000000000000e+03
1.451000000000000000e+03
1.596000000000000000e+03
1.585000000000000000e+03
1.611000000000000000e+03
1.701000000000000000e+03
1.629000000000000000e+03
1.598000000000000000e+03
1.698000000000000000e+03
1.783000000000000000e+03
1.780000000000000000e+03
1.892000000000000000e+03
1.944000000000000000e+03
2.019000000000000000e+03
1.976000000000000000e+03
2.041000000000000000e+03
2.140000000000000000e+03
2.205000000000000000e+03
2.278000000000000000e+03
2.253000000000000000e+03
2.329000000000000000e+03
2.316000000000000000e+03
2.103000000000000000e+03
1.975000000000000000e+03
2.030000000000000000e+03
1.937000000000000000e+03
1.782000000000000000e+03
1.696000000000000000e+03
1.581000000000000000e+03
1.429000000000000000e+03
1.316000000000000000e+03
1.248000000000000000e+03
1.192000000000000000e+03
1.096000000000000000e+03
1.087000000000000000e+03
9.550000000000000000e+02
9.440000000000000000e+02
9.240000000000000000e+02
8.970000000000000000e+02
9.000000000000000000e+02
7.940000000000000000e+02
7.950000000000000000e+02
8.080000000000000000e+02
7.660000000000000000e+02
7.210000000000000000e+02
6.770000000000000000e+02
6.990000000000000000e+02
6.300000000000000000e+02
6.910000000000000000e+02
6.800000000000000000e+02
6.770000000000000000e+02
6.350000000000000000e+02
6.860000000000000000e+02
6.310000000000000000e+02
6.150000000000000000e+02
5.710000000000000000e+02
5.720000000000000000e+02
5.950000000000000000e+02
5.700000000000000000e+02
5.690000000000000000e+02
5.650000000000000000e+02
5.720000000000000000e+02
5.760000000000000000e+02
5.740000000000000000e+02
6.010000000000000000e+02
6.300000000000000000e+02
6.650000000000000000e+02
6.720000000000000000e+02
6.970000000000000000e+02
7.030000000000000000e+02
7.060000000000000000e+02
7.330000000000000000e+02
7.860000000000000000e+02
7.820000000000000000e+02
8.400000000000000000e+02
8.280000000000000000e+02
9.180000000000000000e+02
9.090000000000000000e+02
9.840000000000000000e+02
1.009000000000000000e+03
1.080000000000000000e+03
1.250000000000000000e+03
1.250000000000000000e+03
1.394000000000000000e+03
1.525000000000000000e+03
1.659000000000000000e+03
1.925000000000000000e+03
2.141000000000000000e+03
2.313000000000000000e+03
2.420000000000000000e+03
2.671000000000000000e+03
2.902000000000000000e+03
3.096000000000000000e+03
3.069000000000000000e+03
3.165000000000000000e+03
3.189000000000000000e+03
3.065000000000000000e+03
2.942000000000000000e+03
2.897000000000000000e+03
2.879000000000000000e+03
2.674000000000000000e+03
2.590000000000000000e+03
2.320000000000000000e+03
2.095000000000000000e+03
1.986000000000000000e+03
1.859000000000000000e+03
1.684000000000000000e+03
1.529000000000000000e+03
1.333000000000000000e+03
1.292000000000000000e+03
1.141000000000000000e+03
1.141000000000000000e+03
9.950000000000000000e+02
9.750000000000000000e+02
8.680000000000000000e+02
8.610000000000000000e+02
7.940000000000000000e+02
7.090000000000000000e+02
6.440000000000000000e+02
6.690000000000000000e+02
6.240000000000000000e+02
6.180000000000000000e+02
6.030000000000000000e+02
5.850000000000000000e+02
5.430000000000000000e+02
5.020000000000000000e+02
4.280000000000000000e+02
4.000000000000000000e+02
3.530000000000000000e+02
3.040000000000000000e+02
2.360000000000000000e+02
2.550000000000000000e+02
2.800000000000000000e+02
2.320000000000000000e+02
2.290000000000000000e+02
2.520000000000000000e+02
2.380000000000000000e+02
2.130000000000000000e+02
2.520000000000000000e+02
2.250000000000000000e+02
2.410000000000000000e+02
2.540000000000000000e+02
2.420000000000000000e+02
2.290000000000000000e+02
2.480000000000000000e+02
2.290000000000000000e+02
2.430000000000000000e+02
2.410000000000000000e+02
2.600000000000000000e+02
2.510000000000000000e+02
2.760000000000000000e+02
2.900000000000000000e+02
2.810000000000000000e+02
3.090000000000000000e+02
3.170000000000000000e+02
3.240000000000000000e+02
3.470000000000000000e+02
3.490000000000000000e+02
3.600000000000000000e+02
3.790000000000000000e+02
3.020000000000000000e+02
2.780000000000000000e+02
2.790000000000000000e+02
2.830000000000000000e+02
2.720000000000000000e+02
2.670000000000000000e+02
2.400000000000000000e+02
2.640000000000000000e+02
2.570000000000000000e+02
2.370000000000000000e+02
3.020000000000000000e+02
2.870000000000000000e+02
2.930000000000000000e+02
3.250000000000000000e+02
3.120000000000000000e+02
3.290000000000000000e+02
3.840000000000000000e+02
3.530000000000000000e+02
3.580000000000000000e+02
3.770000000000000000e+02
4.050000000000000000e+02
3.640000000000000000e+02
3.610000000000000000e+02
3.630000000000000000e+02
3.560000000000000000e+02
3.920000000000000000e+02
3.880000000000000000e+02
4.100000000000000000e+02
4.120000000000000000e+02
4.550000000000000000e+02
4.620000000000000000e+02
5.040000000000000000e+02
5.760000000000000000e+02
5.590000000000000000e+02
5.810000000000000000e+02
5.510000000000000000e+02
5.730000000000000000e+02
1.218000000000000000e+03
1.983000000000000000e+03
1.569000000000000000e+03
2.773000000000000000e+03
1.322000000000000000e+03
2.821000000000000000e+03
1.996000000000000000e+03
5.406000000000000000e+03
1.257000000000000000e+03
1.526000000000000000e+03
2.770000000000000000e+02
1.920000000000000000e+02
7.500000000000000000e+01
4.600000000000000000e+01
3.300000000000000000e+01
2.300000000000000000e+01
2.300000000000000000e+01
1.700000000000000000e+01
1.100000000000000000e+01
1.600000000000000000e+01
8.000000000000000000e+00
8.000000000000000000e+00
6.000000000000000000e+00
7.000000000000000000e+00
1.000000000000000000e+00
2.000000000000000000e+00
0.000000000000000000e+00
1.000000000000000000e+00
0.000000000000000000e+00
1.000000000000000000e+00
0.000000000000000000e+00
0.000000000000000000e+00
0.000000000000000000e+00
1.000000000000000000e+00
3.000000000000000000e+00
0.000000000000000000e+00
0.000000000000000000e+00
0.000000000000000000e+00
0.000000000000000000e+00
0.000000000000000000e+00
