0.000000000000000000e+00
0.000000000000000000e+00
0.000000000000000000e+00
0.000000000000000000e+00
0.000000000000000000e+00
0.000000000000000000e+00
0.000000000000000000e+00
0.000000000000000000e+00
0.000000000000000000e+00
0.000000000000000000e+00
3.000000000000000000e+00
1.000000000000000000e+00
4.000000000000000000e+00
4.000000000000000000e+00
7.000000000000000000e+00
6.000000000000000000e+00
1.400000000000000000e+01
1.000000000000000000e+01
1.600000000000000000e+01
1.900000000000000000e+01
1.900000000000000000e+01
2.700000000000000000e+01
2.300000000000000000e+01
3.300000000000000000e+01
4.100000000000000000e+01
4.300000000000000000e+01
3.500000000000000000e+01
4.300000000000000000e+01
5.000000000000000000e+01
5.200000000000000000e+01
4.900000000000000000e+01
5.000000000000000000e+01
5.900000000000000000e+01
7.600000000000000000e+01
5.300000000000000000e+01
7.000000000000000000e+01
6.600000000000000000e+01
5.600000000000000000e+01
6.800000000000000000e+01
6.600000000000000000e+01
7.400000000000000000e+01
8.700000000000000000e+01
9.400000000000000000e+01
9.300000000000000000e+01
1.010000000000000000e+02
1.000000000000000000e+02
9.500000000000000000e+01
1.260000000000000000e+02
1.270000000000000000e+02
1.460000000000000000e+02
1.430000000000000000e+02
1.610000000000000000e+02
1.350000000000000000e+02
1.420000000000000000e+02
1.400000000000000000e+02
1.520000000000000000e+02
1.930000000000000000e+02
1.790000000000000000e+02
2.010000000000000000e+02
1.980000000000000000e+02
1.910000000000000000e+02
2.010000000000000000e+02
1.850000000000000000e+02
2.230000000000000000e+02
2.110000000000000000e+02
1.920000000000000000e+02
1.850000000000000000e+02
1.820000000000000000e+02
1.920000000000000000e+02
1.910000000000000000e+02
1.900000000000000000e+02
2.170000000000000000e+02
1.610000000000000000e+02
2.020000000000000000e+02
1.910000000000000000e+02
1.740000000000000000e+02
1.840000000000000000e+02
1.780000000000000000e+02
1.540000000000000000e+02
2.030000000000000000e+02
2.210000000000000000e+02
1.820000000000000000e+02
1.970000000000000000e+02
2.070000000000000000e+02
2.050000000000000000e+02
2.260000000000000000e+02
2.440000000000000000e+02
2.580000000000000000e+02
2.550000000000000000e+02
2.370000000000000000e+02
2.520000000000000000e+02
2.240000000000000000e+02
2.540000000000000000e+02
2.080000000000000000e+02
1.940000000000000000e+02
2.350000000000000000e+02
2.350000000000000000e+02
2.430000000000000000e+02
2.740000000000000000e+02
2.430000000000000000e+02
2.550000000000000000e+02
2.780000000000000000e+02
3.390000000000000000e+02
3.130000000000000000e+02
3.310000000000000000e+02
3.480000000000000000e+02
3.230000000000000000e+02
3.210000000000000000e+02
3.250000000000000000e+02
3.620000000000000000e+02
3.530000000000000000e+02
3.970000000000000000e+02
3.890000000000000000e+02
4.110000000000000000e+02
4.100000000000000000e+02
5.300000000000000000e+02
4.690000000000000000e+02
5.660000000000000000e+02
5.080000000000000000e+02
4.880000000000000000e+02
4.530000000000000000e+02
4.420000000000000000e+02
4.210000000000000000e+02
4.790000000000000000e+02
4.870000000000000000e+02
4.400000000000000000e+02
5.280000000000000000e+02
5.350000000000000000e+02
5.970000000000000000e+02
5.980000000000000000e+02
6.070000000000000000e+02
6.810000000000000000e+02
7.190000000000000000e+02
7.460000000000000000e+02
8.560000000000000000e+02
8.710000000000000000e+02
9.950000000000000000e+02
1.062000000000000000e+03
1.062000000000000000e+03
1.068000000000000000e+03
1.124000000000000000e+03
1.139000000000000000e+03
1.331000000000000000e+03
1.600000000000000000e+03
2.046000000000000000e+03
1.723000000000000000e+03
1.486000000000000000e+03
1.272000000000000000e+03
1.132000000000000000e+03
9.890000000000000000e+02
9.730000000000000000e+02
9.130000000000000000e+02
8.550000000000000000e+02
8.560000000000000000e+02
7.940000000000000000e+02
7.910000000000000000e+02
7.340000000000000000e+02
7.270000000000000000e+02
7.700000000000000000e+02
8.250000000000000000e+02
7.660000000000000000e+02
6.930000000000000000e+02
6.330000000000000000e+02
6.240000000000000000e+02
6.200000000000000000e+02
6.430000000000000000e+02
6.270000000000000000e+02
6.200000000000000000e+02
6.810000000000000000e+02
6.840000000000000000e+02
7.100000000000000000e+02
7.020000000000000000e+02
7.380000000000000000e+02
6.370000000000000000e+02
5.510000000000000000e+02
5.840000000000000000e+02
5.790000000000000000e+02
5.440000000000000000e+02
5.580000000000000000e+02
5.330000000000000000e+02
5.850000000000000000e+02
5.460000000000000000e+02
6.010000000000000000e+02
5.480000000000000000e+02
5.540000000000000000e+02
5.130000000000000000e+02
5.300000000000000000e+02
4.940000000000000000e+02
4.860000000000000000e+02
4.550000000000000000e+02
4.960000000000000000e+02
5.270000000000000000e+02
5.540000000000000000e+02
5.570000000000000000e+02
5.200000000000000000e+02
5.510000000000000000e+02
5.320000000000000000e+02
5.670000000000000000e+02
5.620000000000000000e+02
6.010000000000000000e+02
6.590000000000000000e+02
7.220000000000000000e+02
6.270000000000000000e+02
5.870000000000000000e+02
6.010000000000000000e+02
5.900000000000000000e+02
6.000000000000000000e+02
6.270000000000000000e+02
6.180000000000000000e+02
5.390000000000000000e+02
5.150000000000000000e+02
4.830000000000000000e+02
4.940000000000000000e+02
6.150000000000000000e+02
5.140000000000000000e+02
4.970000000000000000e+02
5.700000000000000000e+02
4.720000000000000000e+02
4.830000000000000000e+02
4.700000000000000000e+02
5.040000000000000000e+02
4.840000000000000000e+02
4.710000000000000000e+02
4.940000000000000000e+02
4.980000000000000000e+02
5.090000000000000000e+02
4.990000000000000000e+02
4.790000000000000000e+02
4.690000000000000000e+02
4.510000000000000000e+02
5.140000000000000000e+02
5.120000000000000000e+02
5.940000000000000000e+02
5.780000000000000000e+02
6.070000000000000000e+02
6.380000000000000000e+02
6.890000000000000000e+02
8.000000000000000000e+02
8.840000000000000000e+02
9.250000000000000000e+02
1.158000000000000000e+03
1.246000000000000000e+03
1.549000000000000000e+03
2.281000000000000000e+03
2.665000000000000000e+03
4.336000000000000000e+03
7.769000000000000000e+03
1.154590000000000000e+05
9.660000000000000000e+02
3.750000000000000000e+02
1.340000000000000000e+02
4.700000000000000000e+01
2.300000000000000000e+01
5.000000000000000000e+00
4.000000000000000000e+00
1.000000000000000000e+00
0.000000000000000000e+00
0.000000000000000000e+00
0.000000000000000000e+00
0.000000000000000000e+00
0.000000000000000000e+00
0.000000000000000000e+00
0.000000000000000000e+00
0.000000000000000000e+00
0.000000000000000000e+00
0.000000000000000000e+00
0.000000000000000000e+00
0.000000000000000000e+00
1.000000000000000000e+00
2.000000000000000000e+00
1.000000000000000000e+01
5.000000000000000000e+00
8.000000000000000000e+00
9.000000000000000000e+00
1.600000000000000000e+01
1.500000000000000000e+01
1.400000000000000000e+01
2.400000000000000000e+01
1.800000000000000000e+01
3.100000000000000000e+01
3.200000000000000000e+01
3.300000000000000000e+01
3.600000000000000000e+01
3.500000000000000000e+01
4.700000000000000000e+01
4.100000000000000000e+01
4.400000000000000000e+01
3.800000000000000000e+01
5.700000000000000000e+01
5.200000000000000000e+01
8.100000000000000000e+01
6.600000000000000000e+01
7.500000000000000000e+01
6.100000000000000000e+01
4.900000000000000000e+01
7.200000000000000000e+01
7.900000000000000000e+01
8.000000000000000000e+01
9.400000000000000000e+01
9.600000000000000000e+01
9.900000000000000000e+01
1.130000000000000000e+02
1.010000000000000000e+02
1.140000000000000000e+02
1.220000000000000000e+02
1.410000000000000000e+02
1.380000000000000000e+02
1.440000000000000000e+02
1.510000000000000000e+02
1.330000000000000000e+02
1.200000000000000000e+02
1.420000000000000000e+02
1.660000000000000000e+02
1.610000000000000000e+02
1.820000000000000000e+02
1.760000000000000000e+02
1.990000000000000000e+02
1.830000000000000000e+02
1.810000000000000000e+02
1.920000000000000000e+02
2.060000000000000000e+02
2.070000000000000000e+02
1.650000000000000000e+02
1.720000000000000000e+02
1.850000000000000000e+02
1.810000000000000000e+02
1.920000000000000000e+02
1.770000000000000000e+02
1.910000000000000000e+02
2.030000000000000000e+02
2.070000000000000000e+02
1.700000000000000000e+02
1.790000000000000000e+02
1.850000000000000000e+02
1.620000000000000000e+02
1.620000000000000000e+02
1.890000000000000000e+02
1.690000000000000000e+02
1.980000000000000000e+02
2.180000000000000000e+02
2.030000000000000000e+02
2.350000000000000000e+02
2.260000000000000000e+02
2.270000000000000000e+02
2.330000000000000000e+02
2.470000000000000000e+02
2.220000000000000000e+02
2.250000000000000000e+02
2.110000000000000000e+02
2.380000000000000000e+02
2.080000000000000000e+02
2.460000000000000000e+02
1.970000000000000000e+02
2.030000000000000000e+02
2.330000000000000000e+02
2.270000000000000000e+02
2.430000000000000000e+02
2.420000000000000000e+02
2.460000000000000000e+02
2.640000000000000000e+02
2.960000000000000000e+02
3.400000000000000000e+02
3.140000000000000000e+02
3.420000000000000000e+02
3.240000000000000000e+02
3.100000000000000000e+02
3.180000000000000000e+02
3.420000000000000000e+02
3.640000000000000000e+02
3.590000000000000000e+02
3.820000000000000000e+02
3.810000000000000000e+02
4.130000000000000000e+02
4.090000000000000000e+02
5.390000000000000000e+02
4.790000000000000000e+02
5.710000000000000000e+02
5.350000000000000000e+02
4.620000000000000000e+02
4.410000000000000000e+02
4.290000000000000000e+02
4.250000000000000000e+02
4.620000000000000000e+02
4.710000000000000000e+02
4.940000000000000000e+02
5.110000000000000000e+02
5.190000000000000000e+02
5.730000000000000000e+02
6.240000000000000000e+02
6.200000000000000000e+02
6.870000000000000000e+02
7.260000000000000000e+02
7.800000000000000000e+02
8.550000000000000000e+02
8.570000000000000000e+02
9.590000000000000000e+02
1.064000000000000000e+03
1.056000000000000000e+03
1.056000000000000000e+03
1.157000000000000000e+03
1.146000000000000000e+03
1.308000000000000000e+03
1.542000000000000000e+03
2.060000000000000000e+03
1.745000000000000000e+03
1.493000000000000000e+03
1.284000000000000000e+03
1.113000000000000000e+03
9.830000000000000000e+02
9.700000000000000000e+02
8.850000000000000000e+02
9.120000000000000000e+02
8.800000000000000000e+02
7.730000000000000000e+02
7.350000000000000000e+02
7.640000000000000000e+02
7.290000000000000000e+02
7.770000000000000000e+02
8.260000000000000000e+02
7.550000000000000000e+02
7.380000000000000000e+02
7.140000000000000000e+02
6.410000000000000000e+02
6.150000000000000000e+02
6.620000000000000000e+02
6.940000000000000000e+02
6.140000000000000000e+02
6.730000000000000000e+02
6.840000000000000000e+02
6.800000000000000000e+02
6.900000000000000000e+02
7.280000000000000000e+02
6.550000000000000000e+02
5.810000000000000000e+02
5.920000000000000000e+02
5.220000000000000000e+02
5.870000000000000000e+02
5.480000000000000000e+02
5.620000000000000000e+02
6.120000000000000000e+02
6.310000000000000000e+02
6.340000000000000000e+02
5.600000000000000000e+02
5.320000000000000000e+02
5.060000000000000000e+02
4.580000000000000000e+02
4.430000000000000000e+02
4.850000000000000000e+02
4.700000000000000000e+02
5.090000000000000000e+02
5.170000000000000000e+02
5.320000000000000000e+02
5.890000000000000000e+02
5.620000000000000000e+02
5.920000000000000000e+02
5.230000000000000000e+02
5.530000000000000000e+02
6.360000000000000000e+02
6.150000000000000000e+02
6.220000000000000000e+02
6.720000000000000000e+02
6.170000000000000000e+02
6.180000000000000000e+02
6.180000000000000000e+02
6.350000000000000000e+02
6.510000000000000000e+02
6.060000000000000000e+02
6.360000000000000000e+02
5.660000000000000000e+02
6.360000000000000000e+02
5.100000000000000000e+02
5.080000000000000000e+02
5.750000000000000000e+02
5.200000000000000000e+02
5.240000000000000000e+02
5.610000000000000000e+02
5.340000000000000000e+02
5.240000000000000000e+02
5.410000000000000000e+02
5.240000000000000000e+02
5.240000000000000000e+02
5.020000000000000000e+02
5.710000000000000000e+02
5.450000000000000000e+02
5.360000000000000000e+02
5.070000000000000000e+02
5.200000000000000000e+02
5.500000000000000000e+02
6.150000000000000000e+02
6.210000000000000000e+02
6.310000000000000000e+02
6.840000000000000000e+02
7.020000000000000000e+02
8.060000000000000000e+02
8.900000000000000000e+02
9.220000000000000000e+02
1.157000000000000000e+03
1.247000000000000000e+03
1.517000000000000000e+03
2.277000000000000000e+03
2.621000000000000000e+03
4.341000000000000000e+03
7.759000000000000000e+03
1.154530000000000000e+05
1.010000000000000000e+03
3.950000000000000000e+02
1.640000000000000000e+02
5.600000000000000000e+01
3.000000000000000000e+01
6.000000000000000000e+00
4.000000000000000000e+00
1.000000000000000000e+00
0.000000000000000000e+00
0.000000000000000000e+00
0.000000000000000000e+00
0.000000000000000000e+00
0.000000000000000000e+00
0.000000000000000000e+00
0.000000000000000000e+00
0.000000000000000000e+00
0.000000000000000000e+00
0.000000000000000000e+00
0.000000000000000000e+00
0.000000000000000000e+00
0.000000000000000000e+00
0.000000000000000000e+00
1.000000000000000000e+00
1.000000000000000000e+00
4.000000000000000000e+00
6.000000000000000000e+00
8.000000000000000000e+00
6.000000000000000000e+00
1.000000000000000000e+01
1.200000000000000000e+01
9.000000000000000000e+00
1.700000000000000000e+01
1.600000000000000000e+01
2.500000000000000000e+01
2.900000000000000000e+01
2.900000000000000000e+01
3.300000000000000000e+01
3.100000000000000000e+01
4.700000000000000000e+01
4.700000000000000000e+01
5.000000000000000000e+01
3.800000000000000000e+01
4.400000000000000000e+01
4.900000000000000000e+01
5.000000000000000000e+01
6.100000000000000000e+01
6.500000000000000000e+01
6.600000000000000000e+01
7.400000000000000000e+01
6.500000000000000000e+01
6.800000000000000000e+01
7.900000000000000000e+01
9.400000000000000000e+01
8.100000000000000000e+01
1.060000000000000000e+02
1.000000000000000000e+02
1.010000000000000000e+02
1.260000000000000000e+02
1.170000000000000000e+02
1.290000000000000000e+02
1.340000000000000000e+02
1.450000000000000000e+02
1.440000000000000000e+02
1.210000000000000000e+02
1.380000000000000000e+02
1.270000000000000000e+02
1.500000000000000000e+02
1.360000000000000000e+02
1.720000000000000000e+02
1.890000000000000000e+02
1.690000000000000000e+02
1.720000000000000000e+02
1.500000000000000000e+02
2.150000000000000000e+02
2.030000000000000000e+02
1.730000000000000000e+02
1.670000000000000000e+02
1.590000000000000000e+02
1.850000000000000000e+02
1.640000000000000000e+02
1.740000000000000000e+02
1.760000000000000000e+02
1.770000000000000000e+02
1.950000000000000000e+02
1.890000000000000000e+02
1.850000000000000000e+02
1.920000000000000000e+02
1.820000000000000000e+02
1.470000000000000000e+02
1.830000000000000000e+02
1.930000000000000000e+02
1.830000000000000000e+02
1.730000000000000000e+02
2.060000000000000000e+02
2.170000000000000000e+02
2.370000000000000000e+02
2.130000000000000000e+02
2.280000000000000000e+02
2.210000000000000000e+02
1.970000000000000000e+02
1.940000000000000000e+02
2.080000000000000000e+02
2.090000000000000000e+02
2.050000000000000000e+02
2.170000000000000000e+02
1.990000000000000000e+02
2.180000000000000000e+02
2.080000000000000000e+02
2.460000000000000000e+02
1.960000000000000000e+02
2.090000000000000000e+02
2.100000000000000000e+02
2.450000000000000000e+02
2.370000000000000000e+02
2.550000000000000000e+02
2.630000000000000000e+02
2.530000000000000000e+02
2.870000000000000000e+02
3.080000000000000000e+02
3.220000000000000000e+02
3.250000000000000000e+02
3.310000000000000000e+02
3.130000000000000000e+02
3.030000000000000000e+02
3.420000000000000000e+02
3.720000000000000000e+02
3.480000000000000000e+02
3.740000000000000000e+02
3.510000000000000000e+02
4.160000000000000000e+02
4.370000000000000000e+02
5.280000000000000000e+02
4.760000000000000000e+02
5.680000000000000000e+02
5.100000000000000000e+02
4.650000000000000000e+02
4.220000000000000000e+02
4.040000000000000000e+02
4.040000000000000000e+02
4.670000000000000000e+02
4.510000000000000000e+02
4.200000000000000000e+02
4.890000000000000000e+02
5.140000000000000000e+02
5.810000000000000000e+02
5.600000000000000000e+02
6.150000000000000000e+02
6.740000000000000000e+02
6.770000000000000000e+02
7.510000000000000000e+02
7.490000000000000000e+02
7.330000000000000000e+02
8.540000000000000000e+02
9.280000000000000000e+02
8.690000000000000000e+02
1.006000000000000000e+03
1.057000000000000000e+03
1.051000000000000000e+03
1.123000000000000000e+03
1.138000000000000000e+03
1.245000000000000000e+03
1.535000000000000000e+03
2.164000000000000000e+03
1.736000000000000000e+03
1.425000000000000000e+03
1.226000000000000000e+03
1.075000000000000000e+03
9.650000000000000000e+02
9.900000000000000000e+02
9.420000000000000000e+02
8.990000000000000000e+02
8.810000000000000000e+02
7.830000000000000000e+02
8.090000000000000000e+02
8.220000000000000000e+02
8.230000000000000000e+02
7.410000000000000000e+02
8.340000000000000000e+02
7.720000000000000000e+02
7.770000000000000000e+02
7.130000000000000000e+02
6.720000000000000000e+02
6.850000000000000000e+02
7.020000000000000000e+02
6.890000000000000000e+02
7.020000000000000000e+02
7.310000000000000000e+02
7.020000000000000000e+02
7.250000000000000000e+02
6.570000000000000000e+02
6.090000000000000000e+02
5.840000000000000000e+02
6.100000000000000000e+02
5.640000000000000000e+02
5.620000000000000000e+02
6.440000000000000000e+02
6.500000000000000000e+02
6.270000000000000000e+02
6.160000000000000000e+02
5.740000000000000000e+02
5.190000000000000000e+02
5.230000000000000000e+02
4.360000000000000000e+02
4.740000000000000000e+02
5.030000000000000000e+02
4.890000000000000000e+02
4.980000000000000000e+02
4.830000000000000000e+02
5.730000000000000000e+02
5.750000000000000000e+02
5.880000000000000000e+02
6.120000000000000000e+02
5.770000000000000000e+02
5.230000000000000000e+02
5.520000000000000000e+02
5.730000000000000000e+02
6.000000000000000000e+02
7.010000000000000000e+02
6.470000000000000000e+02
6.230000000000000000e+02
6.020000000000000000e+02
6.430000000000000000e+02
6.610000000000000000e+02
7.410000000000000000e+02
6.750000000000000000e+02
6.400000000000000000e+02
6.260000000000000000e+02
5.510000000000000000e+02
5.880000000000000000e+02
5.840000000000000000e+02
5.860000000000000000e+02
6.220000000000000000e+02
6.580000000000000000e+02
5.930000000000000000e+02
6.020000000000000000e+02
6.020000000000000000e+02
6.260000000000000000e+02
5.870000000000000000e+02
5.780000000000000000e+02
6.460000000000000000e+02
6.270000000000000000e+02
6.780000000000000000e+02
7.070000000000000000e+02
7.050000000000000000e+02
7.720000000000000000e+02
8.360000000000000000e+02
8.600000000000000000e+02
9.460000000000000000e+02
1.232000000000000000e+03
1.325000000000000000e+03
1.572000000000000000e+03
2.405000000000000000e+03
2.902000000000000000e+03
4.542000000000000000e+03
7.373000000000000000e+03
1.150250000000000000e+05
1.280000000000000000e+03
8.040000000000000000e+02
2.310000000000000000e+02
1.140000000000000000e+02
3.600000000000000000e+01
1.200000000000000000e+01
1.100000000000000000e+01
3.000000000000000000e+00
