2.000000000000000000e+00
6.000000000000000000e+00
5.000000000000000000e+00
1.400000000000000000e+01
2.900000000000000000e+01
3.600000000000000000e+01
8.800000000000000000e+01
1.500000000000000000e+02
2.420000000000000000e+02
3.760000000000000000e+02
6.070000000000000000e+02
9.080000000000000000e+02
1.845000000000000000e+03
1.557000000000000000e+03
1.671000000000000000e+03
1.457000000000000000e+03
1.218000000000000000e+03
1.187000000000000000e+03
1.161000000000000000e+03
1.078000000000000000e+03
1.020000000000000000e+03
8.950000000000000000e+02
8.900000000000000000e+02
9.300000000000000000e+02
9.880000000000000000e+02
1.101000000000000000e+03
1.191000000000000000e+03
1.212000000000000000e+03
1.189000000000000000e+03
1.244000000000000000e+03
1.275000000000000000e+03
1.268000000000000000e+03
1.194000000000000000e+03
1.112000000000000000e+03
1.104000000000000000e+03
1.030000000000000000e+03
1.114000000000000000e+03
1.156000000000000000e+03
1.141000000000000000e+03
1.124000000000000000e+03
1.161000000000000000e+03
1.066000000000000000e+03
1.038000000000000000e+03
1.033000000000000000e+03
9.470000000000000000e+02
8.980000000000000000e+02
8.340000000000000000e+02
7.990000000000000000e+02
7.430000000000000000e+02
7.330000000000000000e+02
6.900000000000000000e+02
6.820000000000000000e+02
6.700000000000000000e+02
6.220000000000000000e+02
6.430000000000000000e+02
5.480000000000000000e+02
5.490000000000000000e+02
5.560000000000000000e+02
5.770000000000000000e+02
5.650000000000000000e+02
5.320000000000000000e+02
5.410000000000000000e+02
5.910000000000000000e+02
5.940000000000000000e+02
5.910000000000000000e+02
5.320000000000000000e+02
5.350000000000000000e+02
5.340000000000000000e+02
5.490000000000000000e+02
5.290000000000000000e+02
5.410000000000000000e+02
5.590000000000000000e+02
5.910000000000000000e+02
6.170000000000000000e+02
6.380000000000000000e+02
6.030000000000000000e+02
6.150000000000000000e+02
6.210000000000000000e+02
6.430000000000000000e+02
7.060000000000000000e+02
7.980000000000000000e+02
6.790000000000000000e+02
6.860000000000000000e+02
6.090000000000000000e+02
5.590000000000000000e+02
5.610000000000000000e+02
6.120000000000000000e+02
5.650000000000000000e+02
5.930000000000000000e+02
6.330000000000000000e+02
6.870000000000000000e+02
6.730000000000000000e+02
7.120000000000000000e+02
7.350000000000000000e+02
7.580000000000000000e+02
7.980000000000000000e+02
8.480000000000000000e+02
9.020000000000000000e+02
1.009000000000000000e+03
9.210000000000000000e+02
9.380000000000000000e+02
7.770000000000000000e+02
7.740000000000000000e+02
7.760000000000000000e+02
9.730000000000000000e+02
1.016000000000000000e+03
9.720000000000000000e+02
1.032000000000000000e+03
9.710000000000000000e+02
9.740000000000000000e+02
1.000000000000000000e+03
9.020000000000000000e+02
8.810000000000000000e+02
8.200000000000000000e+02
8.520000000000000000e+02
8.730000000000000000e+02
8.090000000000000000e+02
7.930000000000000000e+02
8.370000000000000000e+02
8.940000000000000000e+02
9.220000000000000000e+02
9.440000000000000000e+02
8.890000000000000000e+02
8.880000000000000000e+02
8.710000000000000000e+02
7.990000000000000000e+02
9.630000000000000000e+02
9.430000000000000000e+02
9.750000000000000000e+02
1.000000000000000000e+03
9.090000000000000000e+02
8.570000000000000000e+02
9.080000000000000000e+02
8.180000000000000000e+02
7.920000000000000000e+02
7.470000000000000000e+02
8.440000000000000000e+02
8.580000000000000000e+02
8.320000000000000000e+02
8.530000000000000000e+02
7.850000000000000000e+02
8.140000000000000000e+02
8.180000000000000000e+02
7.830000000000000000e+02
7.750000000000000000e+02
8.550000000000000000e+02
8.050000000000000000e+02
7.210000000000000000e+02
8.350000000000000000e+02
8.210000000000000000e+02
8.680000000000000000e+02
8.510000000000000000e+02
9.070000000000000000e+02
8.820000000000000000e+02
8.840000000000000000e+02
8.730000000000000000e+02
9.460000000000000000e+02
8.330000000000000000e+02
8.860000000000000000e+02
8.610000000000000000e+02
9.750000000000000000e+02
8.970000000000000000e+02
9.170000000000000000e+02
8.400000000000000000e+02
9.320000000000000000e+02
9.880000000000000000e+02
9.840000000000000000e+02
9.640000000000000000e+02
9.920000000000000000e+02
1.012000000000000000e+03
1.006000000000000000e+03
9.440000000000000000e+02
9.680000000000000000e+02
9.620000000000000000e+02
9.780000000000000000e+02
1.068000000000000000e+03
9.570000000000000000e+02
1.052000000000000000e+03
1.130000000000000000e+03
1.112000000000000000e+03
1.213000000000000000e+03
1.160000000000000000e+03
1.300000000000000000e+03
1.295000000000000000e+03
1.436000000000000000e+03
1.524000000000000000e+03
1.768000000000000000e+03
1.901000000000000000e+03
2.274000000000000000e+03
2.078000000000000000e+03
1.989000000000000000e+03
1.911000000000000000e+03
1.754000000000000000e+03
1.786000000000000000e+03
2.014000000000000000e+03
2.038000000000000000e+03
2.048000000000000000e+03
2.084000000000000000e+03
2.022000000000000000e+03
1.923000000000000000e+03
2.005000000000000000e+03
1.898000000000000000e+03
1.804000000000000000e+03
2.126000000000000000e+03
2.045000000000000000e+03
2.047000000000000000e+03
1.948000000000000000e+03
1.788000000000000000e+03
1.923000000000000000e+03
2.161000000000000000e+03
2.035000000000000000e+03
2.027000000000000000e+03
2.555000000000000000e+03
2.102000000000000000e+03
2.705000000000000000e+03
2.312000000000000000e+03
1.757000000000000000e+03
1.856000000000000000e+03
2.133000000000000000e+03
1.288000000000000000e+03
1.428000000000000000e+03
1.529000000000000000e+03
1.423000000000000000e+03
1.372000000000000000e+03
1.463000000000000000e+03
9.600000000000000000e+02
8.250000000000000000e+02
5.280000000000000000e+02
4.730000000000000000e+02
4.420000000000000000e+02
3.650000000000000000e+02
3.470000000000000000e+02
2.710000000000000000e+02
2.690000000000000000e+02
3.010000000000000000e+02
2.090000000000000000e+02
1.860000000000000000e+02
1.940000000000000000e+02
1.540000000000000000e+02
1.410000000000000000e+02
1.280000000000000000e+02
1.300000000000000000e+02
1.260000000000000000e+02
1.070000000000000000e+02
1.310000000000000000e+02
1.260000000000000000e+02
1.250000000000000000e+02
1.360000000000000000e+02
1.330000000000000000e+02
1.270000000000000000e+02
1.330000000000000000e+02
1.600000000000000000e+02
1.360000000000000000e+02
1.030000000000000000e+02
7.800000000000000000e+01
8.200000000000000000e+01
1.000000000000000000e+00
0.000000000000000000e+00
1.000000000000000000e+00
4.000000000000000000e+00
1.100000000000000000e+01
1.000000000000000000e+01
4.200000000000000000e+01
7.500000000000000000e+01
1.340000000000000000e+02
1.610000000000000000e+02
2.600000000000000000e+02
3.540000000000000000e+02
5.820000000000000000e+02
1.029000000000000000e+03
1.753000000000000000e+03
1.651000000000000000e+03
1.778000000000000000e+03
1.464000000000000000e+03
1.214000000000000000e+03
1.157000000000000000e+03
1.126000000000000000e+03
1.107000000000000000e+03
1.023000000000000000e+03
9.910000000000000000e+02
1.042000000000000000e+03
1.168000000000000000e+03
1.249000000000000000e+03
1.284000000000000000e+03
1.320000000000000000e+03
1.263000000000000000e+03
1.317000000000000000e+03
1.393000000000000000e+03
1.334000000000000000e+03
1.344000000000000000e+03
1.251000000000000000e+03
1.244000000000000000e+03
1.171000000000000000e+03
1.256000000000000000e+03
1.330000000000000000e+03
1.226000000000000000e+03
1.245000000000000000e+03
1.122000000000000000e+03
1.083000000000000000e+03
9.220000000000000000e+02
8.680000000000000000e+02
8.910000000000000000e+02
7.620000000000000000e+02
7.600000000000000000e+02
7.010000000000000000e+02
7.580000000000000000e+02
6.380000000000000000e+02
6.060000000000000000e+02
6.410000000000000000e+02
6.050000000000000000e+02
5.680000000000000000e+02
5.650000000000000000e+02
6.150000000000000000e+02
6.100000000000000000e+02
5.640000000000000000e+02
6.010000000000000000e+02
5.160000000000000000e+02
5.390000000000000000e+02
5.650000000000000000e+02
5.510000000000000000e+02
5.030000000000000000e+02
4.840000000000000000e+02
5.330000000000000000e+02
5.690000000000000000e+02
5.340000000000000000e+02
5.160000000000000000e+02
5.460000000000000000e+02
5.770000000000000000e+02
6.130000000000000000e+02
5.360000000000000000e+02
6.370000000000000000e+02
6.080000000000000000e+02
5.850000000000000000e+02
6.110000000000000000e+02
7.020000000000000000e+02
7.940000000000000000e+02
7.650000000000000000e+02
7.250000000000000000e+02
6.330000000000000000e+02
6.240000000000000000e+02
5.890000000000000000e+02
5.940000000000000000e+02
5.760000000000000000e+02
5.950000000000000000e+02
7.010000000000000000e+02
7.140000000000000000e+02
9.810000000000000000e+02
1.576000000000000000e+03
1.920000000000000000e+03
1.861000000000000000e+03
1.572000000000000000e+03
1.448000000000000000e+03
1.250000000000000000e+03
1.297000000000000000e+03
1.133000000000000000e+03
1.014000000000000000e+03
1.079000000000000000e+03
1.069000000000000000e+03
1.129000000000000000e+03
1.150000000000000000e+03
1.195000000000000000e+03
1.130000000000000000e+03
1.110000000000000000e+03
1.166000000000000000e+03
1.190000000000000000e+03
1.020000000000000000e+03
1.009000000000000000e+03
1.041000000000000000e+03
9.400000000000000000e+02
8.560000000000000000e+02
8.140000000000000000e+02
8.060000000000000000e+02
7.250000000000000000e+02
7.190000000000000000e+02
6.930000000000000000e+02
7.910000000000000000e+02
7.580000000000000000e+02
7.450000000000000000e+02
7.610000000000000000e+02
7.530000000000000000e+02
6.850000000000000000e+02
7.090000000000000000e+02
6.730000000000000000e+02
7.230000000000000000e+02
6.850000000000000000e+02
7.090000000000000000e+02
6.910000000000000000e+02
6.790000000000000000e+02
7.010000000000000000e+02
6.900000000000000000e+02
7.450000000000000000e+02
7.030000000000000000e+02
7.870000000000000000e+02
8.340000000000000000e+02
9.220000000000000000e+02
8.740000000000000000e+02
7.460000000000000000e+02
8.180000000000000000e+02
7.500000000000000000e+02
8.080000000000000000e+02
7.830000000000000000e+02
9.780000000000000000e+02
8.680000000000000000e+02
1.044000000000000000e+03
1.026000000000000000e+03
1.039000000000000000e+03
1.113000000000000000e+03
1.143000000000000000e+03
1.068000000000000000e+03
1.137000000000000000e+03
1.144000000000000000e+03
1.110000000000000000e+03
1.083000000000000000e+03
1.016000000000000000e+03
1.073000000000000000e+03
1.074000000000000000e+03
1.094000000000000000e+03
1.101000000000000000e+03
1.107000000000000000e+03
1.107000000000000000e+03
1.041000000000000000e+03
1.092000000000000000e+03
1.062000000000000000e+03
1.154000000000000000e+03
1.072000000000000000e+03
9.940000000000000000e+02
1.042000000000000000e+03
1.067000000000000000e+03
1.199000000000000000e+03
1.123000000000000000e+03
1.317000000000000000e+03
1.531000000000000000e+03
1.625000000000000000e+03
1.518000000000000000e+03
1.571000000000000000e+03
1.573000000000000000e+03
1.565000000000000000e+03
1.741000000000000000e+03
1.727000000000000000e+03
1.826000000000000000e+03
1.913000000000000000e+03
1.960000000000000000e+03
2.008000000000000000e+03
1.956000000000000000e+03
1.985000000000000000e+03
1.884000000000000000e+03
1.695000000000000000e+03
1.580000000000000000e+03
1.582000000000000000e+03
1.438000000000000000e+03
1.476000000000000000e+03
1.438000000000000000e+03
1.487000000000000000e+03
1.589000000000000000e+03
1.541000000000000000e+03
1.643000000000000000e+03
1.764000000000000000e+03
1.674000000000000000e+03
1.771000000000000000e+03
1.723000000000000000e+03
1.797000000000000000e+03
1.902000000000000000e+03
1.940000000000000000e+03
1.852000000000000000e+03
1.866000000000000000e+03
1.959000000000000000e+03
1.943000000000000000e+03
2.629000000000000000e+03
1.819000000000000000e+03
2.366000000000000000e+03
2.309000000000000000e+03
1.673000000000000000e+03
1.860000000000000000e+03
1.920000000000000000e+03
9.400000000000000000e+02
1.107000000000000000e+03
9.960000000000000000e+02
8.510000000000000000e+02
4.900000000000000000e+02
5.610000000000000000e+02
2.310000000000000000e+02
1.300000000000000000e+02
1.080000000000000000e+02
1.150000000000000000e+02
9.700000000000000000e+01
1.110000000000000000e+02
9.900000000000000000e+01
1.010000000000000000e+02
7.900000000000000000e+01
8.100000000000000000e+01
1.120000000000000000e+02
1.020000000000000000e+02
9.800000000000000000e+01
9.400000000000000000e+01
9.400000000000000000e+01
9.000000000000000000e+01
9.600000000000000000e+01
1.020000000000000000e+02
8.600000000000000000e+01
9.600000000000000000e+01
1.030000000000000000e+02
1.060000000000000000e+02
1.110000000000000000e+02
1.270000000000000000e+02
1.050000000000000000e+02
1.440000000000000000e+02
1.590000000000000000e+02
1.940000000000000000e+02
2.180000000000000000e+02
3.010000000000000000e+02
2.460000000000000000e+02
3.160000000000000000e+02
2.000000000000000000e+01
2.000000000000000000e+01
2.300000000000000000e+01
4.000000000000000000e+01
5.900000000000000000e+01
9.900000000000000000e+01
1.570000000000000000e+02
2.190000000000000000e+02
3.030000000000000000e+02
4.320000000000000000e+02
5.330000000000000000e+02
7.360000000000000000e+02
1.053000000000000000e+03
1.790000000000000000e+03
1.523000000000000000e+03
1.727000000000000000e+03
1.515000000000000000e+03
1.358000000000000000e+03
1.237000000000000000e+03
1.164000000000000000e+03
1.280000000000000000e+03
1.275000000000000000e+03
1.141000000000000000e+03
1.284000000000000000e+03
1.336000000000000000e+03
1.313000000000000000e+03
1.438000000000000000e+03
1.486000000000000000e+03
1.534000000000000000e+03
1.601000000000000000e+03
1.543000000000000000e+03
1.485000000000000000e+03
1.465000000000000000e+03
1.364000000000000000e+03
1.236000000000000000e+03
1.173000000000000000e+03
1.111000000000000000e+03
1.092000000000000000e+03
1.030000000000000000e+03
9.020000000000000000e+02
8.570000000000000000e+02
8.230000000000000000e+02
7.640000000000000000e+02
7.780000000000000000e+02
7.320000000000000000e+02
7.080000000000000000e+02
7.030000000000000000e+02
6.610000000000000000e+02
6.510000000000000000e+02
6.060000000000000000e+02
5.400000000000000000e+02
4.880000000000000000e+02
5.070000000000000000e+02
4.930000000000000000e+02
4.760000000000000000e+02
4.860000000000000000e+02
5.460000000000000000e+02
5.520000000000000000e+02
5.820000000000000000e+02
5.430000000000000000e+02
5.480000000000000000e+02
5.860000000000000000e+02
6.220000000000000000e+02
6.420000000000000000e+02
6.930000000000000000e+02
5.910000000000000000e+02
6.070000000000000000e+02
6.400000000000000000e+02
6.340000000000000000e+02
6.440000000000000000e+02
7.070000000000000000e+02
7.910000000000000000e+02
1.123000000000000000e+03
1.462000000000000000e+03
1.955000000000000000e+03
2.223000000000000000e+03
1.902000000000000000e+03
1.578000000000000000e+03
1.457000000000000000e+03
1.363000000000000000e+03
1.405000000000000000e+03
1.391000000000000000e+03
1.444000000000000000e+03
1.454000000000000000e+03
1.615000000000000000e+03
1.528000000000000000e+03
1.376000000000000000e+03
1.407000000000000000e+03
1.413000000000000000e+03
1.416000000000000000e+03
1.453000000000000000e+03
1.320000000000000000e+03
1.413000000000000000e+03
1.227000000000000000e+03
1.043000000000000000e+03
9.250000000000000000e+02
8.190000000000000000e+02
7.080000000000000000e+02
7.790000000000000000e+02
6.860000000000000000e+02
6.680000000000000000e+02
6.510000000000000000e+02
6.700000000000000000e+02
6.560000000000000000e+02
6.760000000000000000e+02
6.500000000000000000e+02
7.320000000000000000e+02
7.190000000000000000e+02
7.390000000000000000e+02
7.370000000000000000e+02
7.480000000000000000e+02
7.220000000000000000e+02
7.710000000000000000e+02
7.670000000000000000e+02
7.060000000000000000e+02
7.640000000000000000e+02
7.490000000000000000e+02
7.250000000000000000e+02
7.100000000000000000e+02
7.030000000000000000e+02
7.410000000000000000e+02
7.330000000000000000e+02
8.060000000000000000e+02
7.770000000000000000e+02
7.510000000000000000e+02
7.810000000000000000e+02
8.560000000000000000e+02
8.480000000000000000e+02
9.380000000000000000e+02
1.036000000000000000e+03
1.096000000000000000e+03
1.241000000000000000e+03
1.237000000000000000e+03
1.190000000000000000e+03
1.233000000000000000e+03
1.222000000000000000e+03
1.183000000000000000e+03
1.172000000000000000e+03
1.127000000000000000e+03
1.171000000000000000e+03
1.047000000000000000e+03
1.118000000000000000e+03
1.134000000000000000e+03
1.157000000000000000e+03
1.139000000000000000e+03
1.228000000000000000e+03
1.138000000000000000e+03
1.171000000000000000e+03
1.212000000000000000e+03
1.321000000000000000e+03
1.245000000000000000e+03
1.247000000000000000e+03
1.132000000000000000e+03
1.298000000000000000e+03
1.284000000000000000e+03
1.341000000000000000e+03
1.336000000000000000e+03
1.316000000000000000e+03
1.452000000000000000e+03
1.428000000000000000e+03
1.317000000000000000e+03
1.216000000000000000e+03
1.306000000000000000e+03
1.210000000000000000e+03
1.232000000000000000e+03
1.074000000000000000e+03
1.216000000000000000e+03
1.183000000000000000e+03
1.133000000000000000e+03
1.303000000000000000e+03
1.277000000000000000e+03
1.339000000000000000e+03
1.241000000000000000e+03
1.316000000000000000e+03
1.323000000000000000e+03
1.416000000000000000e+03
1.323000000000000000e+03
1.407000000000000000e+03
1.297000000000000000e+03
1.417000000000000000e+03
1.237000000000000000e+03
1.182000000000000000e+03
1.199000000000000000e+03
1.249000000000000000e+03
1.264000000000000000e+03
1.202000000000000000e+03
1.268000000000000000e+03
1.208000000000000000e+03
1.301000000000000000e+03
1.136000000000000000e+03
1.241000000000000000e+03
1.244000000000000000e+03
1.247000000000000000e+03
1.166000000000000000e+03
1.100000000000000000e+03
1.321000000000000000e+03
1.211000000000000000e+03
1.429000000000000000e+03
1.497000000000000000e+03
1.561000000000000000e+03
1.375000000000000000e+03
1.484000000000000000e+03
1.388000000000000000e+03
1.537000000000000000e+03
1.485000000000000000e+03
1.586000000000000000e+03
1.686000000000000000e+03
2.054000000000000000e+03
1.971000000000000000e+03
2.408000000000000000e+03
2.047000000000000000e+03
1.546000000000000000e+03
1.972000000000000000e+03
1.038000000000000000e+03
1.096000000000000000e+03
9.660000000000000000e+02
7.450000000000000000e+02
4.620000000000000000e+02
5.220000000000000000e+02
1.810000000000000000e+02
1.060000000000000000e+02
9.900000000000000000e+01
1.230000000000000000e+02
1.200000000000000000e+02
9.800000000000000000e+01
9.200000000000000000e+01
7.800000000000000000e+01
1.020000000000000000e+02
7.500000000000000000e+01
7.200000000000000000e+01
9.400000000000000000e+01
8.200000000000000000e+01
7.300000000000000000e+01
8.100000000000000000e+01
8.900000000000000000e+01
8.600000000000000000e+01
6.900000000000000000e+01
8.200000000000000000e+01
9.100000000000000000e+01
8.500000000000000000e+01
8.400000000000000000e+01
9.600000000000000000e+01
9.200000000000000000e+01
1.060000000000000000e+02
9.500000000000000000e+01
1.170000000000000000e+02
1.190000000000000000e+02
1.070000000000000000e+02
1.490000000000000000e+02
1.590000000000000000e+02
1.900000000000000000e+02
1.920000000000000000e+02
1.930000000000000000e+02
2.270000000000000000e+02
1.760000000000000000e+02
4.140000000000000000e+02
