3.900000000000000000e+01
2.700000000000000000e+01
6.300000000000000000e+01
1.550000000000000000e+02
2.530000000000000000e+02
3.850000000000000000e+02
4.540000000000000000e+02
3.930000000000000000e+02
4.700000000000000000e+02
5.670000000000000000e+02
7.970000000000000000e+02
8.090000000000000000e+02
8.480000000000000000e+02
9.660000000000000000e+02
9.590000000000000000e+02
9.500000000000000000e+02
9.770000000000000000e+02
8.910000000000000000e+02
8.440000000000000000e+02
9.530000000000000000e+02
9.880000000000000000e+02
9.460000000000000000e+02
1.042000000000000000e+03
1.029000000000000000e+03
1.001000000000000000e+03
1.092000000000000000e+03
1.023000000000000000e+03
9.290000000000000000e+02
7.990000000000000000e+02
8.140000000000000000e+02
9.490000000000000000e+02
1.116000000000000000e+03
1.233000000000000000e+03
1.228000000000000000e+03
1.335000000000000000e+03
1.457000000000000000e+03
1.321000000000000000e+03
1.457000000000000000e+03
1.425000000000000000e+03
1.428000000000000000e+03
1.439000000000000000e+03
1.487000000000000000e+03
1.579000000000000000e+03
1.432000000000000000e+03
1.381000000000000000e+03
1.480000000000000000e+03
1.403000000000000000e+03
1.356000000000000000e+03
1.347000000000000000e+03
1.379000000000000000e+03
1.522000000000000000e+03
1.635000000000000000e+03
2.042000000000000000e+03
2.039000000000000000e+03
1.820000000000000000e+03
1.512000000000000000e+03
1.528000000000000000e+03
1.489000000000000000e+03
1.427000000000000000e+03
1.373000000000000000e+03
1.517000000000000000e+03
1.550000000000000000e+03
1.634000000000000000e+03
1.547000000000000000e+03
1.606000000000000000e+03
1.681000000000000000e+03
1.534000000000000000e+03
1.702000000000000000e+03
1.552000000000000000e+03
1.575000000000000000e+03
1.589000000000000000e+03
1.532000000000000000e+03
1.609000000000000000e+03
1.580000000000000000e+03
1.606000000000000000e+03
1.570000000000000000e+03
1.539000000000000000e+03
1.543000000000000000e+03
1.611000000000000000e+03
1.536000000000000000e+03
1.542000000000000000e+03
1.434000000000000000e+03
1.505000000000000000e+03
1.556000000000000000e+03
1.545000000000000000e+03
1.491000000000000000e+03
1.458000000000000000e+03
1.499000000000000000e+03
1.557000000000000000e+03
1.499000000000000000e+03
1.482000000000000000e+03
1.479000000000000000e+03
1.408000000000000000e+03
1.475000000000000000e+03
1.390000000000000000e+03
1.357000000000000000e+03
1.373000000000000000e+03
1.312000000000000000e+03
1.315000000000000000e+03
1.210000000000000000e+03
1.243000000000000000e+03
1.203000000000000000e+03
1.194000000000000000e+03
1.289000000000000000e+03
1.178000000000000000e+03
1.127000000000000000e+03
1.131000000000000000e+03
1.077000000000000000e+03
1.115000000000000000e+03
1.077000000000000000e+03
1.086000000000000000e+03
1.048000000000000000e+03
1.049000000000000000e+03
9.940000000000000000e+02
9.930000000000000000e+02
8.970000000000000000e+02
9.250000000000000000e+02
8.540000000000000000e+02
9.050000000000000000e+02
8.950000000000000000e+02
8.160000000000000000e+02
7.790000000000000000e+02
7.420000000000000000e+02
7.420000000000000000e+02
7.310000000000000000e+02
7.510000000000000000e+02
6.670000000000000000e+02
6.500000000000000000e+02
6.230000000000000000e+02
6.280000000000000000e+02
5.980000000000000000e+02
6.520000000000000000e+02
6.620000000000000000e+02
6.810000000000000000e+02
6.600000000000000000e+02
6.800000000000000000e+02
6.330000000000000000e+02
5.860000000000000000e+02
5.820000000000000000e+02
5.600000000000000000e+02
5.310000000000000000e+02
5.170000000000000000e+02
5.190000000000000000e+02
5.820000000000000000e+02
5.970000000000000000e+02
6.420000000000000000e+02
7.270000000000000000e+02
7.970000000000000000e+02
8.950000000000000000e+02
1.089000000000000000e+03
1.231000000000000000e+03
1.372000000000000000e+03
1.615000000000000000e+03
1.732000000000000000e+03
2.003000000000000000e+03
2.128000000000000000e+03
2.327000000000000000e+03
2.453000000000000000e+03
2.552000000000000000e+03
2.728000000000000000e+03
2.677000000000000000e+03
2.686000000000000000e+03
2.561000000000000000e+03
2.442000000000000000e+03
2.333000000000000000e+03
2.107000000000000000e+03
2.015000000000000000e+03
1.815000000000000000e+03
1.746000000000000000e+03
1.520000000000000000e+03
1.222000000000000000e+03
1.208000000000000000e+03
9.820000000000000000e+02
8.550000000000000000e+02
7.110000000000000000e+02
6.040000000000000000e+02
5.170000000000000000e+02
4.140000000000000000e+02
3.940000000000000000e+02
3.080000000000000000e+02
3.300000000000000000e+02
3.440000000000000000e+02
3.230000000000000000e+02
3.480000000000000000e+02
3.520000000000000000e+02
3.840000000000000000e+02
3.630000000000000000e+02
3.840000000000000000e+02
3.080000000000000000e+02
3.470000000000000000e+02
3.680000000000000000e+02
4.400000000000000000e+02
5.230000000000000000e+02
5.840000000000000000e+02
7.610000000000000000e+02
8.970000000000000000e+02
1.243000000000000000e+03
1.472000000000000000e+03
1.331000000000000000e+03
1.605000000000000000e+03
1.529000000000000000e+03
1.515000000000000000e+03
1.475000000000000000e+03
6.670000000000000000e+02
3.250000000000000000e+02
6.280000000000000000e+02
8.010000000000000000e+02
2.240000000000000000e+02
1.480000000000000000e+02
8.500000000000000000e+01
8.500000000000000000e+01
7.200000000000000000e+01
7.100000000000000000e+01
7.300000000000000000e+01
8.600000000000000000e+01
6.400000000000000000e+01
8.000000000000000000e+01
9.100000000000000000e+01
8.400000000000000000e+01
9.700000000000000000e+01
8.800000000000000000e+01
1.100000000000000000e+02
9.900000000000000000e+01
1.140000000000000000e+02
1.070000000000000000e+02
1.290000000000000000e+02
1.310000000000000000e+02
1.100000000000000000e+02
1.180000000000000000e+02
9.300000000000000000e+01
8.800000000000000000e+01
7.700000000000000000e+01
7.000000000000000000e+01
7.600000000000000000e+01
6.000000000000000000e+01
7.200000000000000000e+01
6.400000000000000000e+01
5.700000000000000000e+01
6.600000000000000000e+01
5.600000000000000000e+01
4.700000000000000000e+01
4.400000000000000000e+01
3.500000000000000000e+01
3.300000000000000000e+01
5.500000000000000000e+01
3.300000000000000000e+01
5.900000000000000000e+01
4.100000000000000000e+01
4.800000000000000000e+01
5.700000000000000000e+01
7.100000000000000000e+01
9.100000000000000000e+01
8.600000000000000000e+01
5.000000000000000000e+01
4.500000000000000000e+01
7.400000000000000000e+01
1.210000000000000000e+02
5.700000000000000000e+01
8.500000000000000000e+01
1.600000000000000000e+02
2.590000000000000000e+02
3.480000000000000000e+02
3.990000000000000000e+02
5.050000000000000000e+02
4.480000000000000000e+02
5.030000000000000000e+02
6.090000000000000000e+02
8.180000000000000000e+02
8.680000000000000000e+02
8.480000000000000000e+02
1.038000000000000000e+03
9.620000000000000000e+02
1.001000000000000000e+03
1.006000000000000000e+03
9.510000000000000000e+02
9.450000000000000000e+02
9.360000000000000000e+02
9.980000000000000000e+02
9.100000000000000000e+02
8.670000000000000000e+02
8.170000000000000000e+02
7.910000000000000000e+02
8.020000000000000000e+02
8.450000000000000000e+02
7.880000000000000000e+02
7.720000000000000000e+02
7.680000000000000000e+02
6.740000000000000000e+02
6.810000000000000000e+02
6.470000000000000000e+02
6.350000000000000000e+02
7.800000000000000000e+02
9.720000000000000000e+02
1.224000000000000000e+03
1.576000000000000000e+03
1.545000000000000000e+03
1.463000000000000000e+03
1.549000000000000000e+03
1.579000000000000000e+03
1.599000000000000000e+03
1.735000000000000000e+03
1.840000000000000000e+03
1.883000000000000000e+03
1.785000000000000000e+03
1.790000000000000000e+03
1.914000000000000000e+03
2.045000000000000000e+03
2.263000000000000000e+03
2.628000000000000000e+03
2.516000000000000000e+03
2.015000000000000000e+03
1.781000000000000000e+03
1.716000000000000000e+03
1.669000000000000000e+03
1.633000000000000000e+03
1.712000000000000000e+03
1.759000000000000000e+03
1.646000000000000000e+03
1.729000000000000000e+03
1.608000000000000000e+03
1.613000000000000000e+03
1.653000000000000000e+03
1.626000000000000000e+03
1.569000000000000000e+03
1.613000000000000000e+03
1.560000000000000000e+03
1.537000000000000000e+03
1.618000000000000000e+03
1.567000000000000000e+03
1.481000000000000000e+03
1.531000000000000000e+03
1.575000000000000000e+03
1.509000000000000000e+03
1.543000000000000000e+03
1.550000000000000000e+03
1.554000000000000000e+03
1.567000000000000000e+03
1.558000000000000000e+03
1.557000000000000000e+03
1.547000000000000000e+03
1.506000000000000000e+03
1.553000000000000000e+03
1.537000000000000000e+03
1.507000000000000000e+03
1.504000000000000000e+03
1.431000000000000000e+03
1.444000000000000000e+03
1.356000000000000000e+03
1.335000000000000000e+03
1.309000000000000000e+03
1.419000000000000000e+03
1.335000000000000000e+03
1.315000000000000000e+03
1.255000000000000000e+03
1.293000000000000000e+03
1.291000000000000000e+03
1.204000000000000000e+03
1.256000000000000000e+03
1.193000000000000000e+03
1.232000000000000000e+03
1.220000000000000000e+03
1.151000000000000000e+03
1.211000000000000000e+03
1.163000000000000000e+03
1.062000000000000000e+03
1.105000000000000000e+03
1.111000000000000000e+03
1.016000000000000000e+03
9.920000000000000000e+02
9.390000000000000000e+02
9.090000000000000000e+02
8.560000000000000000e+02
8.870000000000000000e+02
8.490000000000000000e+02
7.970000000000000000e+02
7.140000000000000000e+02
7.130000000000000000e+02
6.940000000000000000e+02
6.670000000000000000e+02
6.630000000000000000e+02
6.810000000000000000e+02
6.910000000000000000e+02
6.620000000000000000e+02
6.670000000000000000e+02
6.400000000000000000e+02
5.680000000000000000e+02
7.020000000000000000e+02
7.310000000000000000e+02
8.000000000000000000e+02
9.190000000000000000e+02
1.037000000000000000e+03
1.182000000000000000e+03
1.359000000000000000e+03
1.535000000000000000e+03
1.714000000000000000e+03
1.944000000000000000e+03
2.211000000000000000e+03
2.418000000000000000e+03
2.474000000000000000e+03
2.606000000000000000e+03
2.691000000000000000e+03
2.813000000000000000e+03
2.714000000000000000e+03
2.589000000000000000e+03
2.650000000000000000e+03
2.518000000000000000e+03
2.402000000000000000e+03
2.352000000000000000e+03
2.184000000000000000e+03
2.071000000000000000e+03
1.866000000000000000e+03
1.746000000000000000e+03
1.569000000000000000e+03
1.342000000000000000e+03
1.100000000000000000e+03
9.780000000000000000e+02
7.680000000000000000e+02
6.350000000000000000e+02
5.690000000000000000e+02
4.900000000000000000e+02
4.200000000000000000e+02
3.660000000000000000e+02
3.690000000000000000e+02
3.240000000000000000e+02
3.430000000000000000e+02
3.240000000000000000e+02
2.940000000000000000e+02
3.070000000000000000e+02
2.260000000000000000e+02
2.100000000000000000e+02
2.310000000000000000e+02
1.830000000000000000e+02
1.710000000000000000e+02
1.640000000000000000e+02
1.780000000000000000e+02
1.760000000000000000e+02
1.580000000000000000e+02
1.600000000000000000e+02
1.350000000000000000e+02
1.790000000000000000e+02
1.630000000000000000e+02
1.570000000000000000e+02
1.460000000000000000e+02
1.360000000000000000e+02
1.660000000000000000e+02
1.140000000000000000e+02
1.300000000000000000e+02
1.240000000000000000e+02
1.240000000000000000e+02
1.470000000000000000e+02
1.120000000000000000e+02
1.340000000000000000e+02
1.310000000000000000e+02
1.400000000000000000e+02
1.610000000000000000e+02
1.460000000000000000e+02
1.750000000000000000e+02
1.700000000000000000e+02
1.820000000000000000e+02
2.010000000000000000e+02
2.770000000000000000e+02
2.980000000000000000e+02
3.440000000000000000e+02
3.660000000000000000e+02
4.540000000000000000e+02
4.840000000000000000e+02
4.930000000000000000e+02
5.440000000000000000e+02
7.840000000000000000e+02
1.200000000000000000e+03
1.180000000000000000e+03
1.319000000000000000e+03
1.285000000000000000e+03
1.453000000000000000e+03
1.757000000000000000e+03
1.092000000000000000e+03
1.043000000000000000e+03
1.184000000000000000e+03
1.002000000000000000e+03
5.050000000000000000e+02
1.850000000000000000e+02
1.250000000000000000e+02
1.140000000000000000e+02
1.110000000000000000e+02
1.200000000000000000e+02
1.320000000000000000e+02
1.150000000000000000e+02
1.040000000000000000e+02
8.900000000000000000e+01
9.400000000000000000e+01
7.300000000000000000e+01
7.500000000000000000e+01
7.400000000000000000e+01
5.400000000000000000e+01
6.400000000000000000e+01
4.500000000000000000e+01
4.200000000000000000e+01
3.600000000000000000e+01
4.100000000000000000e+01
3.700000000000000000e+01
5.700000000000000000e+01
4.900000000000000000e+01
5.600000000000000000e+01
4.900000000000000000e+01
5.800000000000000000e+01
7.800000000000000000e+01
7.300000000000000000e+01
6.300000000000000000e+01
4.500000000000000000e+01
3.500000000000000000e+01
2.700000000000000000e+01
1.300000000000000000e+01
2.450000000000000000e+02
1.610000000000000000e+02
2.080000000000000000e+02
2.650000000000000000e+02
2.900000000000000000e+02
3.130000000000000000e+02
3.050000000000000000e+02
3.400000000000000000e+02
4.180000000000000000e+02
5.420000000000000000e+02
6.730000000000000000e+02
8.040000000000000000e+02
9.840000000000000000e+02
1.084000000000000000e+03
1.113000000000000000e+03
1.300000000000000000e+03
1.456000000000000000e+03
1.404000000000000000e+03
1.231000000000000000e+03
1.281000000000000000e+03
1.125000000000000000e+03
1.164000000000000000e+03
1.046000000000000000e+03
1.039000000000000000e+03
1.094000000000000000e+03
1.055000000000000000e+03
9.740000000000000000e+02
1.039000000000000000e+03
1.111000000000000000e+03
1.154000000000000000e+03
1.244000000000000000e+03
1.295000000000000000e+03
1.269000000000000000e+03
1.369000000000000000e+03
1.496000000000000000e+03
1.496000000000000000e+03
1.726000000000000000e+03
1.834000000000000000e+03
1.694000000000000000e+03
1.800000000000000000e+03
1.813000000000000000e+03
1.931000000000000000e+03
1.985000000000000000e+03
2.122000000000000000e+03
2.220000000000000000e+03
2.345000000000000000e+03
2.581000000000000000e+03
2.675000000000000000e+03
2.815000000000000000e+03
2.952000000000000000e+03
3.137000000000000000e+03
3.130000000000000000e+03
3.230000000000000000e+03
3.077000000000000000e+03
3.059000000000000000e+03
2.916000000000000000e+03
2.867000000000000000e+03
2.728000000000000000e+03
2.627000000000000000e+03
2.614000000000000000e+03
2.404000000000000000e+03
2.279000000000000000e+03
2.207000000000000000e+03
2.088000000000000000e+03
2.014000000000000000e+03
2.018000000000000000e+03
2.084000000000000000e+03
1.849000000000000000e+03
1.838000000000000000e+03
1.735000000000000000e+03
1.660000000000000000e+03
1.695000000000000000e+03
1.549000000000000000e+03
1.638000000000000000e+03
1.517000000000000000e+03
1.521000000000000000e+03
1.385000000000000000e+03
1.297000000000000000e+03
1.206000000000000000e+03
1.262000000000000000e+03
1.201000000000000000e+03
1.112000000000000000e+03
1.080000000000000000e+03
1.035000000000000000e+03
9.680000000000000000e+02
9.180000000000000000e+02
8.200000000000000000e+02
8.780000000000000000e+02
8.340000000000000000e+02
8.060000000000000000e+02
7.530000000000000000e+02
7.170000000000000000e+02
7.190000000000000000e+02
6.970000000000000000e+02
5.940000000000000000e+02
6.490000000000000000e+02
5.480000000000000000e+02
5.540000000000000000e+02
5.370000000000000000e+02
5.120000000000000000e+02
4.880000000000000000e+02
4.990000000000000000e+02
4.480000000000000000e+02
4.300000000000000000e+02
4.360000000000000000e+02
4.090000000000000000e+02
4.170000000000000000e+02
4.100000000000000000e+02
5.000000000000000000e+02
4.720000000000000000e+02
5.480000000000000000e+02
5.560000000000000000e+02
5.960000000000000000e+02
6.020000000000000000e+02
6.870000000000000000e+02
7.840000000000000000e+02
8.490000000000000000e+02
9.420000000000000000e+02
1.066000000000000000e+03
1.243000000000000000e+03
1.370000000000000000e+03
1.496000000000000000e+03
1.691000000000000000e+03
1.842000000000000000e+03
2.034000000000000000e+03
2.230000000000000000e+03
2.311000000000000000e+03
2.412000000000000000e+03
2.583000000000000000e+03
2.535000000000000000e+03
2.633000000000000000e+03
2.639000000000000000e+03
2.607000000000000000e+03
2.495000000000000000e+03
2.295000000000000000e+03
2.086000000000000000e+03
2.023000000000000000e+03
1.724000000000000000e+03
1.549000000000000000e+03
1.380000000000000000e+03
1.139000000000000000e+03
9.820000000000000000e+02
8.210000000000000000e+02
6.820000000000000000e+02
6.040000000000000000e+02
5.170000000000000000e+02
4.600000000000000000e+02
4.430000000000000000e+02
4.140000000000000000e+02
3.790000000000000000e+02
3.950000000000000000e+02
3.570000000000000000e+02
3.710000000000000000e+02
3.530000000000000000e+02
3.290000000000000000e+02
3.160000000000000000e+02
2.940000000000000000e+02
2.860000000000000000e+02
2.640000000000000000e+02
2.690000000000000000e+02
2.860000000000000000e+02
2.500000000000000000e+02
2.350000000000000000e+02
2.980000000000000000e+02
2.700000000000000000e+02
2.450000000000000000e+02
2.560000000000000000e+02
2.690000000000000000e+02
2.870000000000000000e+02
2.490000000000000000e+02
2.710000000000000000e+02
2.440000000000000000e+02
2.620000000000000000e+02
2.300000000000000000e+02
2.480000000000000000e+02
2.560000000000000000e+02
2.250000000000000000e+02
2.370000000000000000e+02
2.200000000000000000e+02
2.410000000000000000e+02
2.400000000000000000e+02
2.140000000000000000e+02
2.410000000000000000e+02
2.720000000000000000e+02
2.740000000000000000e+02
2.130000000000000000e+02
2.350000000000000000e+02
2.430000000000000000e+02
2.450000000000000000e+02
2.240000000000000000e+02
1.960000000000000000e+02
1.940000000000000000e+02
1.800000000000000000e+02
2.050000000000000000e+02
2.080000000000000000e+02
1.980000000000000000e+02
1.870000000000000000e+02
1.800000000000000000e+02
1.790000000000000000e+02
1.630000000000000000e+02
1.750000000000000000e+02
1.600000000000000000e+02
1.380000000000000000e+02
1.640000000000000000e+02
1.630000000000000000e+02
1.640000000000000000e+02
1.430000000000000000e+02
1.450000000000000000e+02
1.390000000000000000e+02
1.270000000000000000e+02
1.220000000000000000e+02
1.320000000000000000e+02
1.520000000000000000e+02
1.320000000000000000e+02
1.250000000000000000e+02
1.440000000000000000e+02
1.360000000000000000e+02
1.280000000000000000e+02
1.400000000000000000e+02
1.200000000000000000e+02
1.230000000000000000e+02
1.180000000000000000e+02
1.340000000000000000e+02
1.330000000000000000e+02
1.160000000000000000e+02
1.560000000000000000e+02
1.460000000000000000e+02
1.510000000000000000e+02
1.770000000000000000e+02
1.550000000000000000e+02
1.660000000000000000e+02
1.910000000000000000e+02
1.840000000000000000e+02
1.810000000000000000e+02
2.270000000000000000e+02
2.560000000000000000e+02
3.330000000000000000e+02
4.210000000000000000e+02
4.750000000000000000e+02
4.210000000000000000e+02
4.750000000000000000e+02
4.760000000000000000e+02
6.020000000000000000e+02
7.410000000000000000e+02
7.450000000000000000e+02
8.850000000000000000e+02
9.250000000000000000e+02
6.750000000000000000e+02
8.030000000000000000e+02
1.110000000000000000e+03
1.661000000000000000e+03
1.808000000000000000e+03
1.158000000000000000e+03
1.182000000000000000e+03
1.038000000000000000e+03
7.980000000000000000e+02
