7.500000000000000000e+01
1.900000000000000000e+01
2.600000000000000000e+01
3.800000000000000000e+01
2.900000000000000000e+01
1.700000000000000000e+01
2.300000000000000000e+01
9.000000000000000000e+00
2.100000000000000000e+01
2.500000000000000000e+01
1.000000000000000000e+01
2.500000000000000000e+01
2.400000000000000000e+01
3.600000000000000000e+01
2.500000000000000000e+01
3.400000000000000000e+01
3.800000000000000000e+01
5.600000000000000000e+01
7.100000000000000000e+01
1.600000000000000000e+02
2.680000000000000000e+02
3.920000000000000000e+02
5.710000000000000000e+02
7.450000000000000000e+02
1.154000000000000000e+03
1.586000000000000000e+03
2.016000000000000000e+03
2.964000000000000000e+03
2.276000000000000000e+03
1.668000000000000000e+03
1.773000000000000000e+03
2.102000000000000000e+03
2.490000000000000000e+03
2.735000000000000000e+03
2.929000000000000000e+03
2.963000000000000000e+03
2.952000000000000000e+03
2.883000000000000000e+03
2.805000000000000000e+03
2.771000000000000000e+03
2.645000000000000000e+03
2.458000000000000000e+03
2.393000000000000000e+03
2.306000000000000000e+03
2.104000000000000000e+03
2.090000000000000000e+03
2.003000000000000000e+03
1.876000000000000000e+03
1.859000000000000000e+03
1.696000000000000000e+03
1.777000000000000000e+03
1.740000000000000000e+03
1.720000000000000000e+03
1.851000000000000000e+03
1.896000000000000000e+03
2.024000000000000000e+03
1.938000000000000000e+03
2.139000000000000000e+03
2.111000000000000000e+03
2.055000000000000000e+03
2.114000000000000000e+03
2.142000000000000000e+03
2.190000000000000000e+03
2.199000000000000000e+03
2.151000000000000000e+03
2.157000000000000000e+03
2.163000000000000000e+03
2.242000000000000000e+03
2.405000000000000000e+03
2.231000000000000000e+03
2.334000000000000000e+03
2.199000000000000000e+03
2.336000000000000000e+03
2.170000000000000000e+03
2.144000000000000000e+03
2.241000000000000000e+03
2.042000000000000000e+03
1.966000000000000000e+03
1.892000000000000000e+03
1.828000000000000000e+03
1.852000000000000000e+03
1.797000000000000000e+03
1.780000000000000000e+03
1.681000000000000000e+03
1.697000000000000000e+03
1.614000000000000000e+03
1.626000000000000000e+03
1.611000000000000000e+03
1.720000000000000000e+03
1.546000000000000000e+03
1.520000000000000000e+03
1.519000000000000000e+03
1.491000000000000000e+03
1.427000000000000000e+03
1.364000000000000000e+03
1.383000000000000000e+03
1.366000000000000000e+03
1.367000000000000000e+03
1.351000000000000000e+03
1.255000000000000000e+03
1.166000000000000000e+03
1.130000000000000000e+03
1.116000000000000000e+03
1.046000000000000000e+03
1.010000000000000000e+03
1.070000000000000000e+03
9.950000000000000000e+02
9.760000000000000000e+02
1.011000000000000000e+03
9.410000000000000000e+02
1.069000000000000000e+03
1.033000000000000000e+03
1.020000000000000000e+03
9.880000000000000000e+02
1.094000000000000000e+03
1.071000000000000000e+03
1.150000000000000000e+03
1.083000000000000000e+03
1.091000000000000000e+03
1.137000000000000000e+03
1.100000000000000000e+03
1.142000000000000000e+03
1.149000000000000000e+03
1.146000000000000000e+03
1.096000000000000000e+03
1.086000000000000000e+03
1.014000000000000000e+03
1.044000000000000000e+03
1.011000000000000000e+03
9.480000000000000000e+02
9.800000000000000000e+02
9.040000000000000000e+02
8.630000000000000000e+02
9.110000000000000000e+02
9.170000000000000000e+02
9.090000000000000000e+02
8.870000000000000000e+02
8.660000000000000000e+02
9.200000000000000000e+02
8.480000000000000000e+02
8.530000000000000000e+02
8.460000000000000000e+02
8.230000000000000000e+02
8.720000000000000000e+02
8.890000000000000000e+02
9.450000000000000000e+02
8.970000000000000000e+02
9.320000000000000000e+02
1.005000000000000000e+03
9.700000000000000000e+02
1.025000000000000000e+03
9.580000000000000000e+02
9.300000000000000000e+02
9.890000000000000000e+02
9.610000000000000000e+02
9.390000000000000000e+02
9.500000000000000000e+02
9.290000000000000000e+02
8.430000000000000000e+02
8.780000000000000000e+02
8.040000000000000000e+02
7.660000000000000000e+02
6.880000000000000000e+02
7.100000000000000000e+02
6.160000000000000000e+02
5.690000000000000000e+02
6.010000000000000000e+02
5.310000000000000000e+02
5.080000000000000000e+02
5.150000000000000000e+02
4.870000000000000000e+02
5.030000000000000000e+02
4.790000000000000000e+02
4.350000000000000000e+02
4.140000000000000000e+02
4.020000000000000000e+02
3.860000000000000000e+02
3.600000000000000000e+02
3.150000000000000000e+02
3.620000000000000000e+02
3.510000000000000000e+02
3.930000000000000000e+02
3.330000000000000000e+02
3.410000000000000000e+02
3.110000000000000000e+02
3.170000000000000000e+02
3.400000000000000000e+02
3.050000000000000000e+02
2.800000000000000000e+02
3.190000000000000000e+02
2.610000000000000000e+02
2.710000000000000000e+02
2.480000000000000000e+02
2.530000000000000000e+02
2.320000000000000000e+02
2.480000000000000000e+02
2.290000000000000000e+02
2.420000000000000000e+02
2.320000000000000000e+02
2.640000000000000000e+02
2.550000000000000000e+02
2.260000000000000000e+02
2.480000000000000000e+02
2.500000000000000000e+02
2.460000000000000000e+02
2.730000000000000000e+02
2.400000000000000000e+02
2.470000000000000000e+02
2.260000000000000000e+02
2.300000000000000000e+02
2.220000000000000000e+02
2.140000000000000000e+02
2.160000000000000000e+02
2.170000000000000000e+02
2.070000000000000000e+02
1.980000000000000000e+02
2.240000000000000000e+02
2.440000000000000000e+02
1.790000000000000000e+02
1.830000000000000000e+02
2.090000000000000000e+02
1.570000000000000000e+02
1.800000000000000000e+02
1.800000000000000000e+02
1.630000000000000000e+02
1.280000000000000000e+02
1.510000000000000000e+02
1.430000000000000000e+02
1.270000000000000000e+02
1.080000000000000000e+02
8.900000000000000000e+01
1.060000000000000000e+02
1.140000000000000000e+02
1.250000000000000000e+02
1.270000000000000000e+02
1.250000000000000000e+02
1.130000000000000000e+02
1.320000000000000000e+02
1.300000000000000000e+02
1.030000000000000000e+02
9.400000000000000000e+01
9.500000000000000000e+01
1.000000000000000000e+02
1.220000000000000000e+02
9.500000000000000000e+01
9.200000000000000000e+01
1.000000000000000000e+02
1.070000000000000000e+02
9.200000000000000000e+01
1.010000000000000000e+02
9.100000000000000000e+01
8.800000000000000000e+01
8.000000000000000000e+01
6.200000000000000000e+01
4.900000000000000000e+01
1.860000000000000000e+02
1.700000000000000000e+01
1.200000000000000000e+01
1.100000000000000000e+01
1.900000000000000000e+01
4.000000000000000000e+01
5.000000000000000000e+01
3.500000000000000000e+01
4.700000000000000000e+01
5.100000000000000000e+01
4.600000000000000000e+01
4.100000000000000000e+01
4.700000000000000000e+01
5.400000000000000000e+01
6.100000000000000000e+01
6.100000000000000000e+01
8.400000000000000000e+01
9.900000000000000000e+01
1.330000000000000000e+02
2.090000000000000000e+02
3.740000000000000000e+02
5.930000000000000000e+02
1.186000000000000000e+03
2.220000000000000000e+03
2.821000000000000000e+03
2.490000000000000000e+03
1.888000000000000000e+03
1.880000000000000000e+03
2.134000000000000000e+03
2.319000000000000000e+03
2.356000000000000000e+03
2.210000000000000000e+03
2.094000000000000000e+03
1.988000000000000000e+03
1.968000000000000000e+03
1.896000000000000000e+03
2.067000000000000000e+03
2.215000000000000000e+03
2.348000000000000000e+03
2.505000000000000000e+03
2.694000000000000000e+03
2.777000000000000000e+03
3.016000000000000000e+03
2.915000000000000000e+03
2.981000000000000000e+03
2.940000000000000000e+03
2.784000000000000000e+03
2.719000000000000000e+03
2.580000000000000000e+03
2.347000000000000000e+03
2.379000000000000000e+03
2.253000000000000000e+03
2.068000000000000000e+03
2.208000000000000000e+03
2.113000000000000000e+03
2.051000000000000000e+03
2.067000000000000000e+03
2.072000000000000000e+03
2.110000000000000000e+03
2.045000000000000000e+03
2.144000000000000000e+03
2.153000000000000000e+03
2.077000000000000000e+03
2.112000000000000000e+03
2.161000000000000000e+03
2.162000000000000000e+03
2.195000000000000000e+03
2.189000000000000000e+03
2.148000000000000000e+03
2.162000000000000000e+03
2.060000000000000000e+03
2.116000000000000000e+03
2.090000000000000000e+03
1.951000000000000000e+03
1.925000000000000000e+03
1.848000000000000000e+03
1.845000000000000000e+03
1.842000000000000000e+03
1.732000000000000000e+03
1.747000000000000000e+03
1.705000000000000000e+03
1.711000000000000000e+03
1.724000000000000000e+03
1.649000000000000000e+03
1.605000000000000000e+03
1.561000000000000000e+03
1.609000000000000000e+03
1.576000000000000000e+03
1.471000000000000000e+03
1.451000000000000000e+03
1.429000000000000000e+03
1.336000000000000000e+03
1.373000000000000000e+03
1.321000000000000000e+03
1.313000000000000000e+03
1.324000000000000000e+03
1.224000000000000000e+03
1.242000000000000000e+03
1.182000000000000000e+03
1.163000000000000000e+03
1.126000000000000000e+03
1.016000000000000000e+03
1.060000000000000000e+03
1.067000000000000000e+03
1.048000000000000000e+03
1.050000000000000000e+03
1.000000000000000000e+03
1.052000000000000000e+03
1.067000000000000000e+03
1.018000000000000000e+03
1.072000000000000000e+03
1.122000000000000000e+03
1.067000000000000000e+03
1.080000000000000000e+03
1.063000000000000000e+03
1.010000000000000000e+03
9.940000000000000000e+02
1.013000000000000000e+03
1.073000000000000000e+03
1.046000000000000000e+03
1.021000000000000000e+03
1.001000000000000000e+03
9.840000000000000000e+02
9.070000000000000000e+02
9.580000000000000000e+02
8.690000000000000000e+02
8.270000000000000000e+02
8.510000000000000000e+02
8.370000000000000000e+02
8.570000000000000000e+02
9.000000000000000000e+02
9.160000000000000000e+02
9.690000000000000000e+02
9.950000000000000000e+02
1.002000000000000000e+03
9.870000000000000000e+02
1.036000000000000000e+03
1.048000000000000000e+03
1.070000000000000000e+03
1.041000000000000000e+03
1.080000000000000000e+03
1.070000000000000000e+03
1.006000000000000000e+03
1.036000000000000000e+03
1.006000000000000000e+03
9.670000000000000000e+02
9.300000000000000000e+02
9.910000000000000000e+02
8.690000000000000000e+02
7.930000000000000000e+02
7.500000000000000000e+02
6.540000000000000000e+02
6.870000000000000000e+02
6.160000000000000000e+02
5.870000000000000000e+02
5.270000000000000000e+02
5.490000000000000000e+02
5.250000000000000000e+02
4.920000000000000000e+02
4.970000000000000000e+02
5.100000000000000000e+02
5.310000000000000000e+02
5.320000000000000000e+02
4.990000000000000000e+02
5.450000000000000000e+02
6.310000000000000000e+02
5.920000000000000000e+02
6.270000000000000000e+02
5.830000000000000000e+02
5.700000000000000000e+02
5.980000000000000000e+02
5.440000000000000000e+02
5.220000000000000000e+02
4.480000000000000000e+02
4.530000000000000000e+02
4.190000000000000000e+02
4.110000000000000000e+02
3.740000000000000000e+02
3.780000000000000000e+02
3.650000000000000000e+02
3.820000000000000000e+02
3.850000000000000000e+02
3.590000000000000000e+02
2.980000000000000000e+02
3.120000000000000000e+02
3.030000000000000000e+02
2.870000000000000000e+02
2.630000000000000000e+02
2.880000000000000000e+02
3.130000000000000000e+02
2.740000000000000000e+02
2.610000000000000000e+02
2.520000000000000000e+02
2.500000000000000000e+02
2.420000000000000000e+02
2.430000000000000000e+02
2.550000000000000000e+02
2.930000000000000000e+02
2.970000000000000000e+02
2.750000000000000000e+02
2.580000000000000000e+02
2.500000000000000000e+02
2.620000000000000000e+02
3.090000000000000000e+02
2.770000000000000000e+02
2.650000000000000000e+02
2.920000000000000000e+02
2.710000000000000000e+02
2.880000000000000000e+02
3.140000000000000000e+02
2.460000000000000000e+02
2.410000000000000000e+02
2.550000000000000000e+02
2.140000000000000000e+02
2.260000000000000000e+02
2.060000000000000000e+02
1.820000000000000000e+02
1.830000000000000000e+02
1.870000000000000000e+02
2.090000000000000000e+02
2.040000000000000000e+02
1.810000000000000000e+02
1.920000000000000000e+02
1.730000000000000000e+02
1.850000000000000000e+02
1.820000000000000000e+02
1.490000000000000000e+02
1.600000000000000000e+02
1.390000000000000000e+02
1.350000000000000000e+02
1.080000000000000000e+02
9.700000000000000000e+01
8.900000000000000000e+01
9.000000000000000000e+01
1.020000000000000000e+02
1.040000000000000000e+02
9.100000000000000000e+01
9.500000000000000000e+01
1.060000000000000000e+02
8.500000000000000000e+01
1.020000000000000000e+02
1.290000000000000000e+02
1.060000000000000000e+02
9.800000000000000000e+01
1.100000000000000000e+02
1.220000000000000000e+02
1.080000000000000000e+02
8.100000000000000000e+01
8.500000000000000000e+01
7.200000000000000000e+01
6.000000000000000000e+01
7.300000000000000000e+01
4.400000000000000000e+01
3.100000000000000000e+01
2.000000000000000000e+01
1.300000000000000000e+01
1.200000000000000000e+01
1.253000000000000000e+03
2.400000000000000000e+02
2.740000000000000000e+02
3.720000000000000000e+02
4.120000000000000000e+02
5.230000000000000000e+02
6.310000000000000000e+02
9.170000000000000000e+02
1.049000000000000000e+03
1.205000000000000000e+03
1.312000000000000000e+03
1.582000000000000000e+03
1.829000000000000000e+03
1.982000000000000000e+03
2.365000000000000000e+03
2.289000000000000000e+03
2.677000000000000000e+03
2.843000000000000000e+03
3.084000000000000000e+03
2.924000000000000000e+03
2.734000000000000000e+03
2.845000000000000000e+03
2.946000000000000000e+03
2.728000000000000000e+03
2.817000000000000000e+03
2.783000000000000000e+03
2.772000000000000000e+03
2.624000000000000000e+03
2.537000000000000000e+03
2.541000000000000000e+03
2.455000000000000000e+03
2.455000000000000000e+03
2.445000000000000000e+03
2.446000000000000000e+03
2.531000000000000000e+03
2.678000000000000000e+03
2.679000000000000000e+03
2.635000000000000000e+03
2.507000000000000000e+03
2.619000000000000000e+03
2.572000000000000000e+03
2.447000000000000000e+03
2.479000000000000000e+03
2.590000000000000000e+03
2.579000000000000000e+03
2.660000000000000000e+03
2.560000000000000000e+03
2.581000000000000000e+03
2.527000000000000000e+03
2.519000000000000000e+03
2.578000000000000000e+03
2.439000000000000000e+03
2.338000000000000000e+03
2.246000000000000000e+03
2.198000000000000000e+03
2.127000000000000000e+03
2.109000000000000000e+03
1.925000000000000000e+03
1.918000000000000000e+03
1.777000000000000000e+03
1.810000000000000000e+03
1.789000000000000000e+03
1.721000000000000000e+03
1.749000000000000000e+03
1.615000000000000000e+03
1.546000000000000000e+03
1.464000000000000000e+03
1.474000000000000000e+03
1.480000000000000000e+03
1.475000000000000000e+03
1.443000000000000000e+03
1.429000000000000000e+03
1.488000000000000000e+03
1.470000000000000000e+03
1.373000000000000000e+03
1.455000000000000000e+03
1.424000000000000000e+03
1.389000000000000000e+03
1.426000000000000000e+03
1.443000000000000000e+03
1.449000000000000000e+03
1.296000000000000000e+03
1.289000000000000000e+03
1.387000000000000000e+03
1.306000000000000000e+03
1.208000000000000000e+03
1.299000000000000000e+03
1.185000000000000000e+03
1.216000000000000000e+03
1.140000000000000000e+03
1.132000000000000000e+03
1.130000000000000000e+03
1.184000000000000000e+03
1.086000000000000000e+03
1.102000000000000000e+03
1.095000000000000000e+03
1.113000000000000000e+03
1.063000000000000000e+03
1.045000000000000000e+03
1.020000000000000000e+03
1.022000000000000000e+03
9.770000000000000000e+02
1.008000000000000000e+03
9.750000000000000000e+02
9.050000000000000000e+02
8.440000000000000000e+02
8.570000000000000000e+02
7.500000000000000000e+02
7.080000000000000000e+02
6.950000000000000000e+02
6.540000000000000000e+02
6.330000000000000000e+02
5.870000000000000000e+02
5.460000000000000000e+02
5.460000000000000000e+02
5.590000000000000000e+02
5.210000000000000000e+02
5.270000000000000000e+02
4.790000000000000000e+02
4.790000000000000000e+02
4.990000000000000000e+02
5.300000000000000000e+02
4.380000000000000000e+02
4.770000000000000000e+02
4.370000000000000000e+02
4.740000000000000000e+02
4.720000000000000000e+02
4.060000000000000000e+02
4.520000000000000000e+02
4.530000000000000000e+02
4.620000000000000000e+02
4.310000000000000000e+02
4.570000000000000000e+02
4.820000000000000000e+02
4.620000000000000000e+02
4.340000000000000000e+02
4.440000000000000000e+02
4.050000000000000000e+02
4.900000000000000000e+02
4.550000000000000000e+02
4.620000000000000000e+02
4.830000000000000000e+02
5.070000000000000000e+02
4.790000000000000000e+02
5.280000000000000000e+02
4.780000000000000000e+02
4.790000000000000000e+02
5.150000000000000000e+02
5.290000000000000000e+02
5.010000000000000000e+02
5.350000000000000000e+02
6.040000000000000000e+02
6.550000000000000000e+02
6.180000000000000000e+02
6.710000000000000000e+02
6.610000000000000000e+02
6.530000000000000000e+02
7.270000000000000000e+02
6.700000000000000000e+02
7.120000000000000000e+02
6.270000000000000000e+02
6.200000000000000000e+02
5.680000000000000000e+02
5.280000000000000000e+02
5.420000000000000000e+02
5.100000000000000000e+02
5.230000000000000000e+02
4.800000000000000000e+02
4.520000000000000000e+02
4.280000000000000000e+02
4.070000000000000000e+02
3.870000000000000000e+02
4.200000000000000000e+02
3.550000000000000000e+02
3.860000000000000000e+02
3.750000000000000000e+02
3.660000000000000000e+02
3.710000000000000000e+02
3.770000000000000000e+02
3.250000000000000000e+02
3.550000000000000000e+02
3.430000000000000000e+02
3.500000000000000000e+02
3.590000000000000000e+02
3.590000000000000000e+02
3.940000000000000000e+02
3.600000000000000000e+02
3.640000000000000000e+02
3.690000000000000000e+02
3.630000000000000000e+02
3.660000000000000000e+02
3.140000000000000000e+02
3.160000000000000000e+02
2.570000000000000000e+02
2.550000000000000000e+02
2.160000000000000000e+02
2.260000000000000000e+02
1.920000000000000000e+02
2.170000000000000000e+02
1.680000000000000000e+02
1.930000000000000000e+02
1.860000000000000000e+02
1.770000000000000000e+02
1.810000000000000000e+02
1.980000000000000000e+02
1.950000000000000000e+02
1.760000000000000000e+02
2.140000000000000000e+02
2.200000000000000000e+02
2.370000000000000000e+02
2.290000000000000000e+02
2.110000000000000000e+02
2.000000000000000000e+02
2.150000000000000000e+02
2.410000000000000000e+02
2.480000000000000000e+02
2.060000000000000000e+02
1.860000000000000000e+02
1.730000000000000000e+02
1.550000000000000000e+02
1.340000000000000000e+02
1.060000000000000000e+02
9.800000000000000000e+01
8.200000000000000000e+01
1.120000000000000000e+02
7.800000000000000000e+01
6.300000000000000000e+01
6.100000000000000000e+01
7.200000000000000000e+01
6.000000000000000000e+01
7.900000000000000000e+01
8.900000000000000000e+01
8.000000000000000000e+01
9.300000000000000000e+01
7.200000000000000000e+01
7.500000000000000000e+01
6.000000000000000000e+01
6.100000000000000000e+01
6.700000000000000000e+01
5.900000000000000000e+01
5.300000000000000000e+01
5.400000000000000000e+01
4.900000000000000000e+01
5.200000000000000000e+01
4.100000000000000000e+01
3.500000000000000000e+01
2.300000000000000000e+01
1.100000000000000000e+01
1.300000000000000000e+01
4.000000000000000000e+00
3.000000000000000000e+00
4.000000000000000000e+00
2.000000000000000000e+00
1.000000000000000000e+00
1.000000000000000000e+00
6.000000000000000000e+00
