1.125000000000000000e+03
9.500000000000000000e+02
1.092000000000000000e+03
1.080000000000000000e+03
1.224000000000000000e+03
1.283000000000000000e+03
1.451000000000000000e+03
1.457000000000000000e+03
1.528000000000000000e+03
1.309000000000000000e+03
1.066000000000000000e+03
9.620000000000000000e+02
8.400000000000000000e+02
8.930000000000000000e+02
8.580000000000000000e+02
8.570000000000000000e+02
8.330000000000000000e+02
8.540000000000000000e+02
8.620000000000000000e+02
9.020000000000000000e+02
9.510000000000000000e+02
8.760000000000000000e+02
9.220000000000000000e+02
8.880000000000000000e+02
8.580000000000000000e+02
8.550000000000000000e+02
8.860000000000000000e+02
8.560000000000000000e+02
8.360000000000000000e+02
8.640000000000000000e+02
9.150000000000000000e+02
8.750000000000000000e+02
9.470000000000000000e+02
9.410000000000000000e+02
9.270000000000000000e+02
9.440000000000000000e+02
9.890000000000000000e+02
9.420000000000000000e+02
9.500000000000000000e+02
9.460000000000000000e+02
8.760000000000000000e+02
9.480000000000000000e+02
9.700000000000000000e+02
9.920000000000000000e+02
9.700000000000000000e+02
9.250000000000000000e+02
9.270000000000000000e+02
1.006000000000000000e+03
1.051000000000000000e+03
1.115000000000000000e+03
1.129000000000000000e+03
1.253000000000000000e+03
1.361000000000000000e+03
1.402000000000000000e+03
1.528000000000000000e+03
1.576000000000000000e+03
1.605000000000000000e+03
1.668000000000000000e+03
1.567000000000000000e+03
1.515000000000000000e+03
1.470000000000000000e+03
1.326000000000000000e+03
1.074000000000000000e+03
1.078000000000000000e+03
1.045000000000000000e+03
9.760000000000000000e+02
9.360000000000000000e+02
9.240000000000000000e+02
9.040000000000000000e+02
8.270000000000000000e+02
8.580000000000000000e+02
8.280000000000000000e+02
7.950000000000000000e+02
7.080000000000000000e+02
7.080000000000000000e+02
6.680000000000000000e+02
6.350000000000000000e+02
5.790000000000000000e+02
5.390000000000000000e+02
5.940000000000000000e+02
5.580000000000000000e+02
5.480000000000000000e+02
5.190000000000000000e+02
5.820000000000000000e+02
5.500000000000000000e+02
5.680000000000000000e+02
5.580000000000000000e+02
5.330000000000000000e+02
5.750000000000000000e+02
5.040000000000000000e+02
5.030000000000000000e+02
5.440000000000000000e+02
5.210000000000000000e+02
5.390000000000000000e+02
5.100000000000000000e+02
5.420000000000000000e+02
5.340000000000000000e+02
5.480000000000000000e+02
5.730000000000000000e+02
5.530000000000000000e+02
6.210000000000000000e+02
6.500000000000000000e+02
6.000000000000000000e+02
6.250000000000000000e+02
6.000000000000000000e+02
6.000000000000000000e+02
6.220000000000000000e+02
6.230000000000000000e+02
6.630000000000000000e+02
6.160000000000000000e+02
6.520000000000000000e+02
6.550000000000000000e+02
6.730000000000000000e+02
6.970000000000000000e+02
7.160000000000000000e+02
6.840000000000000000e+02
7.520000000000000000e+02
7.360000000000000000e+02
8.290000000000000000e+02
8.780000000000000000e+02
9.210000000000000000e+02
9.560000000000000000e+02
9.530000000000000000e+02
1.015000000000000000e+03
1.089000000000000000e+03
1.133000000000000000e+03
1.151000000000000000e+03
1.184000000000000000e+03
1.186000000000000000e+03
1.275000000000000000e+03
1.187000000000000000e+03
1.297000000000000000e+03
1.325000000000000000e+03
1.458000000000000000e+03
1.376000000000000000e+03
1.456000000000000000e+03
1.554000000000000000e+03
1.568000000000000000e+03
1.573000000000000000e+03
1.622000000000000000e+03
1.693000000000000000e+03
1.846000000000000000e+03
1.736000000000000000e+03
1.752000000000000000e+03
1.763000000000000000e+03
1.870000000000000000e+03
1.795000000000000000e+03
1.825000000000000000e+03
1.870000000000000000e+03
1.854000000000000000e+03
1.890000000000000000e+03
1.817000000000000000e+03
1.832000000000000000e+03
1.837000000000000000e+03
1.768000000000000000e+03
1.721000000000000000e+03
1.700000000000000000e+03
1.802000000000000000e+03
1.680000000000000000e+03
1.667000000000000000e+03
1.557000000000000000e+03
1.534000000000000000e+03
1.475000000000000000e+03
1.345000000000000000e+03
1.307000000000000000e+03
1.238000000000000000e+03
1.085000000000000000e+03
1.006000000000000000e+03
9.110000000000000000e+02
8.450000000000000000e+02
7.480000000000000000e+02
6.420000000000000000e+02
6.660000000000000000e+02
5.990000000000000000e+02
5.900000000000000000e+02
5.250000000000000000e+02
4.950000000000000000e+02
4.960000000000000000e+02
5.440000000000000000e+02
5.860000000000000000e+02
5.640000000000000000e+02
5.740000000000000000e+02
5.620000000000000000e+02
4.750000000000000000e+02
3.510000000000000000e+02
3.360000000000000000e+02
3.040000000000000000e+02
3.060000000000000000e+02
2.430000000000000000e+02
2.490000000000000000e+02
2.930000000000000000e+02
2.770000000000000000e+02
2.710000000000000000e+02
2.480000000000000000e+02
2.560000000000000000e+02
2.600000000000000000e+02
2.500000000000000000e+02
2.790000000000000000e+02
2.980000000000000000e+02
2.700000000000000000e+02
2.840000000000000000e+02
2.970000000000000000e+02
2.900000000000000000e+02
3.370000000000000000e+02
3.680000000000000000e+02
3.920000000000000000e+02
3.790000000000000000e+02
3.880000000000000000e+02
4.630000000000000000e+02
4.940000000000000000e+02
5.220000000000000000e+02
5.530000000000000000e+02
6.350000000000000000e+02
7.520000000000000000e+02
9.140000000000000000e+02
1.185000000000000000e+03
2.084000000000000000e+03
4.615000000000000000e+03
8.668000000000000000e+03
1.126300000000000000e+04
4.639000000000000000e+03
2.859000000000000000e+03
2.170000000000000000e+03
8.610000000000000000e+02
4.770000000000000000e+02
3.490000000000000000e+02
2.560000000000000000e+02
2.110000000000000000e+02
1.760000000000000000e+02
1.570000000000000000e+02
1.520000000000000000e+02
1.060000000000000000e+02
1.130000000000000000e+02
9.500000000000000000e+01
7.700000000000000000e+01
7.700000000000000000e+01
8.200000000000000000e+01
6.000000000000000000e+01
5.800000000000000000e+01
5.700000000000000000e+01
5.100000000000000000e+01
5.600000000000000000e+01
4.800000000000000000e+01
2.900000000000000000e+01
3.600000000000000000e+01
3.600000000000000000e+01
3.100000000000000000e+01
3.700000000000000000e+01
2.100000000000000000e+01
2.400000000000000000e+01
1.600000000000000000e+01
1.000000000000000000e+01
1.100000000000000000e+01
1.000000000000000000e+01
5.000000000000000000e+00
3.000000000000000000e+00
6.770000000000000000e+02
6.530000000000000000e+02
6.870000000000000000e+02
7.920000000000000000e+02
9.090000000000000000e+02
9.300000000000000000e+02
1.169000000000000000e+03
1.231000000000000000e+03
1.481000000000000000e+03
1.442000000000000000e+03
1.257000000000000000e+03
1.176000000000000000e+03
1.001000000000000000e+03
9.230000000000000000e+02
8.920000000000000000e+02
8.600000000000000000e+02
8.710000000000000000e+02
8.550000000000000000e+02
8.090000000000000000e+02
8.710000000000000000e+02
8.690000000000000000e+02
8.910000000000000000e+02
8.880000000000000000e+02
9.040000000000000000e+02
9.220000000000000000e+02
8.730000000000000000e+02
8.560000000000000000e+02
8.400000000000000000e+02
8.810000000000000000e+02
8.900000000000000000e+02
8.710000000000000000e+02
8.960000000000000000e+02
9.040000000000000000e+02
9.520000000000000000e+02
9.710000000000000000e+02
9.600000000000000000e+02
1.010000000000000000e+03
1.034000000000000000e+03
9.970000000000000000e+02
9.890000000000000000e+02
1.063000000000000000e+03
1.037000000000000000e+03
1.069000000000000000e+03
1.122000000000000000e+03
1.096000000000000000e+03
1.195000000000000000e+03
1.297000000000000000e+03
1.368000000000000000e+03
1.458000000000000000e+03
1.702000000000000000e+03
1.850000000000000000e+03
1.862000000000000000e+03
2.095000000000000000e+03
2.009000000000000000e+03
1.893000000000000000e+03
1.754000000000000000e+03
1.534000000000000000e+03
1.290000000000000000e+03
1.085000000000000000e+03
1.090000000000000000e+03
1.078000000000000000e+03
1.096000000000000000e+03
1.017000000000000000e+03
9.230000000000000000e+02
8.990000000000000000e+02
8.390000000000000000e+02
8.190000000000000000e+02
7.790000000000000000e+02
7.150000000000000000e+02
7.430000000000000000e+02
7.420000000000000000e+02
7.070000000000000000e+02
7.080000000000000000e+02
6.660000000000000000e+02
6.290000000000000000e+02
6.240000000000000000e+02
6.710000000000000000e+02
5.880000000000000000e+02
5.680000000000000000e+02
5.690000000000000000e+02
5.860000000000000000e+02
5.890000000000000000e+02
5.700000000000000000e+02
5.480000000000000000e+02
5.160000000000000000e+02
5.220000000000000000e+02
5.120000000000000000e+02
4.670000000000000000e+02
4.900000000000000000e+02
4.800000000000000000e+02
5.090000000000000000e+02
5.210000000000000000e+02
5.090000000000000000e+02
5.120000000000000000e+02
5.260000000000000000e+02
5.140000000000000000e+02
5.250000000000000000e+02
5.750000000000000000e+02
5.230000000000000000e+02
5.520000000000000000e+02
5.040000000000000000e+02
5.500000000000000000e+02
5.670000000000000000e+02
5.710000000000000000e+02
5.920000000000000000e+02
6.490000000000000000e+02
6.750000000000000000e+02
6.900000000000000000e+02
6.570000000000000000e+02
6.950000000000000000e+02
7.330000000000000000e+02
6.960000000000000000e+02
6.960000000000000000e+02
7.420000000000000000e+02
7.380000000000000000e+02
7.890000000000000000e+02
7.690000000000000000e+02
7.590000000000000000e+02
8.070000000000000000e+02
7.980000000000000000e+02
8.350000000000000000e+02
8.870000000000000000e+02
9.070000000000000000e+02
1.011000000000000000e+03
9.890000000000000000e+02
9.660000000000000000e+02
1.019000000000000000e+03
1.078000000000000000e+03
1.107000000000000000e+03
1.160000000000000000e+03
1.121000000000000000e+03
1.174000000000000000e+03
1.258000000000000000e+03
1.298000000000000000e+03
1.359000000000000000e+03
1.368000000000000000e+03
1.448000000000000000e+03
1.520000000000000000e+03
1.527000000000000000e+03
1.572000000000000000e+03
1.585000000000000000e+03
1.667000000000000000e+03
1.625000000000000000e+03
1.755000000000000000e+03
1.801000000000000000e+03
1.792000000000000000e+03
1.767000000000000000e+03
1.886000000000000000e+03
1.799000000000000000e+03
1.857000000000000000e+03
1.873000000000000000e+03
1.871000000000000000e+03
1.895000000000000000e+03
1.893000000000000000e+03
1.984000000000000000e+03
2.001000000000000000e+03
2.001000000000000000e+03
1.917000000000000000e+03
1.845000000000000000e+03
1.719000000000000000e+03
1.697000000000000000e+03
1.618000000000000000e+03
1.440000000000000000e+03
1.325000000000000000e+03
1.253000000000000000e+03
1.171000000000000000e+03
1.080000000000000000e+03
9.780000000000000000e+02
9.300000000000000000e+02
7.990000000000000000e+02
7.360000000000000000e+02
6.890000000000000000e+02
6.550000000000000000e+02
5.400000000000000000e+02
5.430000000000000000e+02
4.790000000000000000e+02
4.190000000000000000e+02
4.090000000000000000e+02
3.400000000000000000e+02
3.690000000000000000e+02
3.550000000000000000e+02
3.260000000000000000e+02
3.470000000000000000e+02
3.330000000000000000e+02
3.430000000000000000e+02
3.720000000000000000e+02
3.550000000000000000e+02
3.420000000000000000e+02
3.480000000000000000e+02
3.770000000000000000e+02
4.580000000000000000e+02
5.280000000000000000e+02
5.940000000000000000e+02
5.650000000000000000e+02
3.580000000000000000e+02
2.830000000000000000e+02
2.470000000000000000e+02
2.180000000000000000e+02
2.650000000000000000e+02
3.000000000000000000e+02
2.940000000000000000e+02
2.890000000000000000e+02
3.220000000000000000e+02
3.300000000000000000e+02
3.340000000000000000e+02
3.120000000000000000e+02
3.560000000000000000e+02
3.880000000000000000e+02
3.900000000000000000e+02
4.310000000000000000e+02
4.580000000000000000e+02
5.340000000000000000e+02
5.810000000000000000e+02
5.220000000000000000e+02
5.540000000000000000e+02
5.610000000000000000e+02
6.530000000000000000e+02
8.250000000000000000e+02
8.280000000000000000e+02
9.800000000000000000e+02
1.229000000000000000e+03
2.478000000000000000e+03
4.964000000000000000e+03
7.301000000000000000e+03
1.006900000000000000e+04
4.918000000000000000e+03
2.948000000000000000e+03
1.954000000000000000e+03
5.990000000000000000e+02
3.640000000000000000e+02
2.750000000000000000e+02
2.080000000000000000e+02
1.810000000000000000e+02
1.680000000000000000e+02
1.270000000000000000e+02
1.010000000000000000e+02
9.700000000000000000e+01
8.300000000000000000e+01
8.100000000000000000e+01
8.000000000000000000e+01
7.400000000000000000e+01
6.900000000000000000e+01
5.000000000000000000e+01
5.700000000000000000e+01
4.800000000000000000e+01
4.400000000000000000e+01
4.000000000000000000e+01
2.300000000000000000e+01
2.800000000000000000e+01
2.800000000000000000e+01
2.700000000000000000e+01
2.100000000000000000e+01
2.000000000000000000e+01
1.700000000000000000e+01
5.000000000000000000e+00
5.000000000000000000e+00
1.902000000000000000e+03
9.470000000000000000e+02
1.113000000000000000e+03
1.258000000000000000e+03
1.315000000000000000e+03
1.449000000000000000e+03
1.603000000000000000e+03
1.434000000000000000e+03
1.414000000000000000e+03
1.237000000000000000e+03
1.231000000000000000e+03
1.149000000000000000e+03
1.054000000000000000e+03
1.040000000000000000e+03
9.450000000000000000e+02
1.018000000000000000e+03
9.100000000000000000e+02
9.830000000000000000e+02
9.890000000000000000e+02
9.680000000000000000e+02
9.550000000000000000e+02
8.770000000000000000e+02
8.970000000000000000e+02
9.340000000000000000e+02
9.230000000000000000e+02
9.000000000000000000e+02
9.540000000000000000e+02
1.005000000000000000e+03
1.015000000000000000e+03
1.013000000000000000e+03
1.024000000000000000e+03
1.039000000000000000e+03
1.094000000000000000e+03
1.095000000000000000e+03
1.069000000000000000e+03
1.144000000000000000e+03
1.182000000000000000e+03
1.217000000000000000e+03
1.239000000000000000e+03
1.312000000000000000e+03
1.383000000000000000e+03
1.486000000000000000e+03
1.552000000000000000e+03
1.743000000000000000e+03
1.783000000000000000e+03
1.885000000000000000e+03
1.940000000000000000e+03
1.854000000000000000e+03
1.776000000000000000e+03
1.756000000000000000e+03
1.435000000000000000e+03
1.321000000000000000e+03
1.210000000000000000e+03
1.130000000000000000e+03
1.024000000000000000e+03
9.980000000000000000e+02
9.160000000000000000e+02
9.080000000000000000e+02
9.110000000000000000e+02
7.900000000000000000e+02
7.690000000000000000e+02
7.230000000000000000e+02
6.940000000000000000e+02
7.400000000000000000e+02
6.770000000000000000e+02
7.020000000000000000e+02
6.630000000000000000e+02
6.740000000000000000e+02
6.290000000000000000e+02
6.600000000000000000e+02
6.210000000000000000e+02
5.890000000000000000e+02
5.820000000000000000e+02
5.280000000000000000e+02
5.470000000000000000e+02
5.070000000000000000e+02
5.450000000000000000e+02
5.320000000000000000e+02
5.260000000000000000e+02
5.440000000000000000e+02
5.010000000000000000e+02
4.880000000000000000e+02
4.740000000000000000e+02
4.900000000000000000e+02
4.810000000000000000e+02
5.040000000000000000e+02
5.180000000000000000e+02
5.210000000000000000e+02
5.570000000000000000e+02
5.120000000000000000e+02
5.420000000000000000e+02
4.820000000000000000e+02
5.490000000000000000e+02
5.480000000000000000e+02
5.130000000000000000e+02
5.270000000000000000e+02
5.200000000000000000e+02
5.270000000000000000e+02
5.320000000000000000e+02
5.490000000000000000e+02
5.750000000000000000e+02
5.840000000000000000e+02
6.110000000000000000e+02
6.130000000000000000e+02
6.340000000000000000e+02
6.320000000000000000e+02
6.290000000000000000e+02
6.680000000000000000e+02
6.340000000000000000e+02
7.010000000000000000e+02
7.490000000000000000e+02
7.680000000000000000e+02
7.730000000000000000e+02
8.390000000000000000e+02
8.880000000000000000e+02
8.750000000000000000e+02
9.090000000000000000e+02
9.620000000000000000e+02
9.360000000000000000e+02
1.063000000000000000e+03
1.056000000000000000e+03
1.047000000000000000e+03
1.143000000000000000e+03
1.109000000000000000e+03
1.136000000000000000e+03
1.203000000000000000e+03
1.242000000000000000e+03
1.229000000000000000e+03
1.351000000000000000e+03
1.434000000000000000e+03
1.521000000000000000e+03
1.416000000000000000e+03
1.539000000000000000e+03
1.624000000000000000e+03
1.659000000000000000e+03
1.613000000000000000e+03
1.771000000000000000e+03
1.769000000000000000e+03
1.856000000000000000e+03
1.844000000000000000e+03
1.842000000000000000e+03
1.884000000000000000e+03
1.913000000000000000e+03
1.944000000000000000e+03
1.916000000000000000e+03
1.849000000000000000e+03
1.909000000000000000e+03
1.857000000000000000e+03
1.799000000000000000e+03
1.789000000000000000e+03
1.839000000000000000e+03
1.869000000000000000e+03
1.883000000000000000e+03
1.831000000000000000e+03
1.872000000000000000e+03
1.704000000000000000e+03
1.691000000000000000e+03
1.595000000000000000e+03
1.512000000000000000e+03
1.411000000000000000e+03
1.353000000000000000e+03
1.222000000000000000e+03
1.101000000000000000e+03
1.028000000000000000e+03
8.870000000000000000e+02
8.500000000000000000e+02
7.070000000000000000e+02
6.770000000000000000e+02
6.620000000000000000e+02
5.900000000000000000e+02
5.850000000000000000e+02
6.090000000000000000e+02
5.800000000000000000e+02
5.260000000000000000e+02
5.050000000000000000e+02
5.000000000000000000e+02
4.570000000000000000e+02
4.280000000000000000e+02
3.720000000000000000e+02
3.530000000000000000e+02
3.240000000000000000e+02
3.720000000000000000e+02
3.490000000000000000e+02
3.460000000000000000e+02
3.150000000000000000e+02
3.410000000000000000e+02
3.610000000000000000e+02
3.040000000000000000e+02
3.370000000000000000e+02
4.270000000000000000e+02
4.060000000000000000e+02
4.790000000000000000e+02
4.690000000000000000e+02
3.540000000000000000e+02
3.020000000000000000e+02
2.270000000000000000e+02
2.470000000000000000e+02
2.180000000000000000e+02
2.030000000000000000e+02
1.980000000000000000e+02
2.090000000000000000e+02
1.870000000000000000e+02
1.860000000000000000e+02
1.910000000000000000e+02
1.760000000000000000e+02
1.850000000000000000e+02
1.780000000000000000e+02
1.860000000000000000e+02
1.800000000000000000e+02
1.710000000000000000e+02
1.770000000000000000e+02
1.990000000000000000e+02
2.040000000000000000e+02
2.470000000000000000e+02
2.260000000000000000e+02
2.740000000000000000e+02
2.880000000000000000e+02
3.220000000000000000e+02
3.500000000000000000e+02
4.060000000000000000e+02
4.420000000000000000e+02
4.930000000000000000e+02
5.410000000000000000e+02
6.450000000000000000e+02
7.900000000000000000e+02
1.486000000000000000e+03
4.216000000000000000e+03
6.420000000000000000e+03
4.990000000000000000e+03
2.916000000000000000e+03
6.222000000000000000e+03
4.153000000000000000e+03
2.443000000000000000e+03
1.842000000000000000e+03
5.690000000000000000e+02
3.660000000000000000e+02
1.970000000000000000e+02
1.590000000000000000e+02
1.100000000000000000e+02
9.800000000000000000e+01
7.600000000000000000e+01
7.900000000000000000e+01
6.600000000000000000e+01
7.400000000000000000e+01
6.800000000000000000e+01
6.300000000000000000e+01
4.900000000000000000e+01
5.800000000000000000e+01
4.400000000000000000e+01
4.000000000000000000e+01
3.300000000000000000e+01
4.600000000000000000e+01
2.700000000000000000e+01
2.300000000000000000e+01
2.600000000000000000e+01
6.800000000000000000e+01
