9.500000000000000000e+02
7.450000000000000000e+02
9.270000000000000000e+02
1.288000000000000000e+03
1.309000000000000000e+03
1.430000000000000000e+03
1.501000000000000000e+03
1.651000000000000000e+03
2.825000000000000000e+03
2.511000000000000000e+03
2.262000000000000000e+03
2.309000000000000000e+03
2.104000000000000000e+03
2.073000000000000000e+03
2.244000000000000000e+03
2.089000000000000000e+03
2.011000000000000000e+03
1.802000000000000000e+03
1.865000000000000000e+03
1.766000000000000000e+03
1.658000000000000000e+03
1.521000000000000000e+03
1.687000000000000000e+03
1.464000000000000000e+03
1.495000000000000000e+03
1.572000000000000000e+03
1.375000000000000000e+03
1.681000000000000000e+03
1.535000000000000000e+03
1.427000000000000000e+03
1.512000000000000000e+03
1.391000000000000000e+03
1.651000000000000000e+03
1.639000000000000000e+03
1.640000000000000000e+03
1.764000000000000000e+03
1.695000000000000000e+03
1.804000000000000000e+03
1.755000000000000000e+03
1.596000000000000000e+03
1.643000000000000000e+03
1.610000000000000000e+03
1.581000000000000000e+03
1.568000000000000000e+03
1.444000000000000000e+03
1.365000000000000000e+03
1.410000000000000000e+03
1.229000000000000000e+03
1.246000000000000000e+03
1.168000000000000000e+03
1.181000000000000000e+03
1.160000000000000000e+03
1.013000000000000000e+03
1.058000000000000000e+03
1.004000000000000000e+03
1.035000000000000000e+03
9.910000000000000000e+02
9.820000000000000000e+02
8.850000000000000000e+02
7.890000000000000000e+02
7.550000000000000000e+02
7.910000000000000000e+02
8.040000000000000000e+02
7.920000000000000000e+02
7.420000000000000000e+02
7.510000000000000000e+02
7.560000000000000000e+02
7.960000000000000000e+02
7.350000000000000000e+02
8.200000000000000000e+02
7.140000000000000000e+02
7.250000000000000000e+02
7.720000000000000000e+02
8.000000000000000000e+02
7.370000000000000000e+02
7.820000000000000000e+02
8.190000000000000000e+02
8.180000000000000000e+02
7.700000000000000000e+02
8.030000000000000000e+02
7.670000000000000000e+02
8.110000000000000000e+02
7.720000000000000000e+02
7.220000000000000000e+02
7.730000000000000000e+02
7.420000000000000000e+02
7.350000000000000000e+02
7.780000000000000000e+02
7.480000000000000000e+02
7.700000000000000000e+02
6.900000000000000000e+02
6.930000000000000000e+02
6.780000000000000000e+02
7.040000000000000000e+02
7.220000000000000000e+02
7.360000000000000000e+02
7.250000000000000000e+02
7.060000000000000000e+02
7.160000000000000000e+02
7.410000000000000000e+02
7.200000000000000000e+02
6.850000000000000000e+02
6.910000000000000000e+02
7.300000000000000000e+02
6.860000000000000000e+02
6.180000000000000000e+02
6.160000000000000000e+02
6.100000000000000000e+02
5.870000000000000000e+02
5.420000000000000000e+02
5.560000000000000000e+02
5.610000000000000000e+02
6.130000000000000000e+02
5.310000000000000000e+02
5.660000000000000000e+02
5.550000000000000000e+02
5.180000000000000000e+02
4.750000000000000000e+02
4.800000000000000000e+02
4.380000000000000000e+02
4.900000000000000000e+02
4.240000000000000000e+02
4.030000000000000000e+02
4.040000000000000000e+02
3.780000000000000000e+02
3.860000000000000000e+02
4.020000000000000000e+02
3.860000000000000000e+02
3.810000000000000000e+02
3.740000000000000000e+02
3.470000000000000000e+02
3.740000000000000000e+02
3.590000000000000000e+02
3.630000000000000000e+02
4.010000000000000000e+02
4.240000000000000000e+02
4.060000000000000000e+02
4.270000000000000000e+02
5.080000000000000000e+02
4.460000000000000000e+02
6.250000000000000000e+02
5.450000000000000000e+02
7.960000000000000000e+02
6.890000000000000000e+02
5.990000000000000000e+02
7.340000000000000000e+02
7.380000000000000000e+02
5.620000000000000000e+02
6.300000000000000000e+02
5.640000000000000000e+02
6.320000000000000000e+02
5.760000000000000000e+02
5.610000000000000000e+02
6.380000000000000000e+02
6.500000000000000000e+02
7.650000000000000000e+02
9.600000000000000000e+02
7.420000000000000000e+02
8.570000000000000000e+02
8.360000000000000000e+02
7.820000000000000000e+02
8.710000000000000000e+02
9.620000000000000000e+02
9.210000000000000000e+02
9.390000000000000000e+02
7.780000000000000000e+02
9.250000000000000000e+02
8.560000000000000000e+02
8.520000000000000000e+02
9.320000000000000000e+02
7.140000000000000000e+02
8.750000000000000000e+02
7.710000000000000000e+02
7.660000000000000000e+02
7.540000000000000000e+02
7.240000000000000000e+02
7.810000000000000000e+02
7.450000000000000000e+02
7.190000000000000000e+02
7.230000000000000000e+02
7.110000000000000000e+02
7.540000000000000000e+02
7.520000000000000000e+02
7.510000000000000000e+02
9.120000000000000000e+02
7.780000000000000000e+02
8.620000000000000000e+02
9.100000000000000000e+02
7.800000000000000000e+02
8.110000000000000000e+02
8.940000000000000000e+02
7.820000000000000000e+02
9.910000000000000000e+02
8.620000000000000000e+02
1.017000000000000000e+03
1.055000000000000000e+03
9.550000000000000000e+02
9.990000000000000000e+02
9.840000000000000000e+02
9.120000000000000000e+02
9.670000000000000000e+02
1.008000000000000000e+03
1.061000000000000000e+03
1.128000000000000000e+03
1.315000000000000000e+03
1.196000000000000000e+03
1.242000000000000000e+03
1.275000000000000000e+03
1.314000000000000000e+03
1.228000000000000000e+03
1.186000000000000000e+03
1.223000000000000000e+03
1.233000000000000000e+03
1.338000000000000000e+03
1.419000000000000000e+03
1.254000000000000000e+03
1.457000000000000000e+03
1.216000000000000000e+03
1.140000000000000000e+03
1.120000000000000000e+03
1.047000000000000000e+03
1.177000000000000000e+03
1.076000000000000000e+03
1.018000000000000000e+03
9.640000000000000000e+02
9.110000000000000000e+02
1.007000000000000000e+03
9.910000000000000000e+02
8.090000000000000000e+02
7.430000000000000000e+02
7.160000000000000000e+02
7.200000000000000000e+02
6.220000000000000000e+02
5.640000000000000000e+02
5.790000000000000000e+02
5.530000000000000000e+02
4.470000000000000000e+02
4.860000000000000000e+02
3.990000000000000000e+02
4.270000000000000000e+02
3.840000000000000000e+02
4.170000000000000000e+02
3.960000000000000000e+02
4.320000000000000000e+02
5.010000000000000000e+02
4.870000000000000000e+02
5.200000000000000000e+02
4.840000000000000000e+02
5.020000000000000000e+02
5.530000000000000000e+02
6.080000000000000000e+02
6.690000000000000000e+02
7.460000000000000000e+02
8.280000000000000000e+02
9.400000000000000000e+02
2.438000000000000000e+03
8.120000000000000000e+02
7.140000000000000000e+02
9.640000000000000000e+02
1.403000000000000000e+03
1.306000000000000000e+03
1.517000000000000000e+03
1.671000000000000000e+03
2.004000000000000000e+03
2.765000000000000000e+03
2.389000000000000000e+03
2.510000000000000000e+03
2.654000000000000000e+03
2.415000000000000000e+03
2.379000000000000000e+03
2.039000000000000000e+03
1.868000000000000000e+03
1.699000000000000000e+03
1.890000000000000000e+03
2.290000000000000000e+03
1.994000000000000000e+03
1.709000000000000000e+03
1.696000000000000000e+03
1.500000000000000000e+03
1.708000000000000000e+03
1.570000000000000000e+03
1.528000000000000000e+03
1.496000000000000000e+03
1.440000000000000000e+03
1.494000000000000000e+03
1.617000000000000000e+03
1.534000000000000000e+03
1.406000000000000000e+03
1.479000000000000000e+03
1.638000000000000000e+03
1.616000000000000000e+03
1.763000000000000000e+03
1.841000000000000000e+03
1.691000000000000000e+03
1.568000000000000000e+03
1.659000000000000000e+03
1.626000000000000000e+03
1.692000000000000000e+03
1.429000000000000000e+03
1.381000000000000000e+03
1.289000000000000000e+03
1.279000000000000000e+03
1.222000000000000000e+03
1.190000000000000000e+03
1.154000000000000000e+03
1.084000000000000000e+03
1.037000000000000000e+03
9.330000000000000000e+02
9.570000000000000000e+02
9.870000000000000000e+02
8.580000000000000000e+02
8.730000000000000000e+02
8.400000000000000000e+02
8.380000000000000000e+02
8.680000000000000000e+02
7.930000000000000000e+02
7.670000000000000000e+02
7.440000000000000000e+02
8.060000000000000000e+02
7.680000000000000000e+02
8.470000000000000000e+02
8.060000000000000000e+02
8.390000000000000000e+02
7.980000000000000000e+02
8.110000000000000000e+02
7.940000000000000000e+02
8.880000000000000000e+02
8.640000000000000000e+02
8.620000000000000000e+02
9.040000000000000000e+02
8.170000000000000000e+02
8.710000000000000000e+02
8.440000000000000000e+02
8.750000000000000000e+02
8.250000000000000000e+02
7.920000000000000000e+02
7.630000000000000000e+02
7.920000000000000000e+02
7.950000000000000000e+02
6.970000000000000000e+02
7.310000000000000000e+02
6.720000000000000000e+02
7.500000000000000000e+02
6.700000000000000000e+02
6.810000000000000000e+02
6.780000000000000000e+02
7.220000000000000000e+02
6.840000000000000000e+02
6.810000000000000000e+02
6.890000000000000000e+02
6.880000000000000000e+02
6.430000000000000000e+02
6.890000000000000000e+02
6.660000000000000000e+02
7.450000000000000000e+02
6.720000000000000000e+02
6.750000000000000000e+02
6.650000000000000000e+02
6.540000000000000000e+02
7.090000000000000000e+02
6.000000000000000000e+02
6.020000000000000000e+02
5.930000000000000000e+02
5.890000000000000000e+02
6.290000000000000000e+02
5.110000000000000000e+02
5.250000000000000000e+02
5.140000000000000000e+02
5.040000000000000000e+02
5.680000000000000000e+02
4.810000000000000000e+02
5.540000000000000000e+02
4.950000000000000000e+02
5.270000000000000000e+02
5.060000000000000000e+02
5.030000000000000000e+02
5.340000000000000000e+02
5.030000000000000000e+02
4.730000000000000000e+02
5.350000000000000000e+02
5.280000000000000000e+02
4.870000000000000000e+02
5.540000000000000000e+02
4.870000000000000000e+02
5.400000000000000000e+02
6.490000000000000000e+02
5.620000000000000000e+02
7.220000000000000000e+02
6.490000000000000000e+02
8.390000000000000000e+02
7.750000000000000000e+02
6.630000000000000000e+02
8.150000000000000000e+02
8.450000000000000000e+02
8.150000000000000000e+02
8.570000000000000000e+02
7.540000000000000000e+02
8.360000000000000000e+02
8.860000000000000000e+02
8.110000000000000000e+02
8.920000000000000000e+02
8.390000000000000000e+02
1.098000000000000000e+03
1.057000000000000000e+03
1.001000000000000000e+03
1.066000000000000000e+03
9.680000000000000000e+02
8.550000000000000000e+02
9.160000000000000000e+02
9.370000000000000000e+02
8.940000000000000000e+02
8.800000000000000000e+02
8.480000000000000000e+02
9.010000000000000000e+02
8.370000000000000000e+02
8.930000000000000000e+02
8.720000000000000000e+02
8.230000000000000000e+02
7.770000000000000000e+02
7.340000000000000000e+02
7.190000000000000000e+02
6.670000000000000000e+02
6.870000000000000000e+02
7.440000000000000000e+02
7.720000000000000000e+02
7.880000000000000000e+02
7.300000000000000000e+02
7.280000000000000000e+02
7.570000000000000000e+02
7.390000000000000000e+02
7.320000000000000000e+02
7.500000000000000000e+02
8.340000000000000000e+02
7.970000000000000000e+02
8.790000000000000000e+02
8.850000000000000000e+02
8.950000000000000000e+02
8.000000000000000000e+02
8.740000000000000000e+02
8.400000000000000000e+02
9.050000000000000000e+02
8.160000000000000000e+02
8.310000000000000000e+02
8.110000000000000000e+02
8.870000000000000000e+02
8.280000000000000000e+02
9.940000000000000000e+02
9.250000000000000000e+02
7.440000000000000000e+02
7.500000000000000000e+02
7.320000000000000000e+02
6.600000000000000000e+02
8.390000000000000000e+02
7.470000000000000000e+02
7.770000000000000000e+02
7.770000000000000000e+02
7.900000000000000000e+02
9.640000000000000000e+02
8.370000000000000000e+02
8.120000000000000000e+02
8.920000000000000000e+02
9.840000000000000000e+02
9.050000000000000000e+02
9.450000000000000000e+02
1.036000000000000000e+03
1.045000000000000000e+03
9.890000000000000000e+02
9.560000000000000000e+02
9.650000000000000000e+02
9.680000000000000000e+02
1.054000000000000000e+03
1.080000000000000000e+03
9.840000000000000000e+02
1.273000000000000000e+03
1.136000000000000000e+03
1.050000000000000000e+03
1.143000000000000000e+03
1.044000000000000000e+03
1.142000000000000000e+03
1.072000000000000000e+03
9.210000000000000000e+02
1.031000000000000000e+03
9.960000000000000000e+02
1.019000000000000000e+03
9.460000000000000000e+02
8.480000000000000000e+02
7.490000000000000000e+02
7.680000000000000000e+02
6.960000000000000000e+02
6.750000000000000000e+02
7.100000000000000000e+02
6.480000000000000000e+02
6.660000000000000000e+02
6.020000000000000000e+02
5.800000000000000000e+02
5.030000000000000000e+02
4.940000000000000000e+02
4.450000000000000000e+02
5.020000000000000000e+02
4.070000000000000000e+02
4.150000000000000000e+02
4.270000000000000000e+02
4.210000000000000000e+02
4.380000000000000000e+02
4.050000000000000000e+02
4.690000000000000000e+02
4.160000000000000000e+02
4.320000000000000000e+02
3.990000000000000000e+02
4.440000000000000000e+02
3.510000000000000000e+02
6.640000000000000000e+02
1.983000000000000000e+03
6.430000000000000000e+02
1.021000000000000000e+03
1.268000000000000000e+03
1.333000000000000000e+03
1.474000000000000000e+03
1.574000000000000000e+03
1.814000000000000000e+03
2.185000000000000000e+03
2.242000000000000000e+03
2.114000000000000000e+03
2.134000000000000000e+03
1.960000000000000000e+03
2.012000000000000000e+03
1.929000000000000000e+03
2.112000000000000000e+03
2.004000000000000000e+03
1.840000000000000000e+03
1.876000000000000000e+03
1.627000000000000000e+03
1.919000000000000000e+03
1.706000000000000000e+03
1.903000000000000000e+03
1.816000000000000000e+03
1.769000000000000000e+03
1.916000000000000000e+03
1.854000000000000000e+03
1.787000000000000000e+03
1.870000000000000000e+03
1.725000000000000000e+03
1.877000000000000000e+03
1.669000000000000000e+03
1.748000000000000000e+03
1.733000000000000000e+03
1.679000000000000000e+03
1.613000000000000000e+03
1.676000000000000000e+03
1.857000000000000000e+03
1.712000000000000000e+03
1.846000000000000000e+03
1.655000000000000000e+03
1.664000000000000000e+03
1.648000000000000000e+03
1.488000000000000000e+03
1.505000000000000000e+03
1.445000000000000000e+03
1.386000000000000000e+03
1.326000000000000000e+03
1.221000000000000000e+03
1.218000000000000000e+03
1.078000000000000000e+03
1.024000000000000000e+03
1.034000000000000000e+03
9.400000000000000000e+02
8.980000000000000000e+02
9.460000000000000000e+02
8.460000000000000000e+02
8.340000000000000000e+02
7.730000000000000000e+02
7.160000000000000000e+02
7.410000000000000000e+02
7.240000000000000000e+02
7.160000000000000000e+02
7.180000000000000000e+02
6.620000000000000000e+02
6.880000000000000000e+02
6.200000000000000000e+02
6.850000000000000000e+02
6.900000000000000000e+02
5.930000000000000000e+02
6.420000000000000000e+02
6.500000000000000000e+02
6.660000000000000000e+02
5.760000000000000000e+02
5.660000000000000000e+02
6.120000000000000000e+02
5.860000000000000000e+02
5.940000000000000000e+02
6.380000000000000000e+02
5.920000000000000000e+02
5.900000000000000000e+02
5.950000000000000000e+02
6.120000000000000000e+02
5.670000000000000000e+02
6.090000000000000000e+02
5.820000000000000000e+02
5.870000000000000000e+02
6.090000000000000000e+02
5.830000000000000000e+02
5.500000000000000000e+02
5.660000000000000000e+02
5.640000000000000000e+02
5.620000000000000000e+02
5.380000000000000000e+02
5.750000000000000000e+02
5.560000000000000000e+02
5.490000000000000000e+02
6.000000000000000000e+02
6.430000000000000000e+02
6.000000000000000000e+02
5.750000000000000000e+02
5.580000000000000000e+02
5.990000000000000000e+02
6.000000000000000000e+02
5.200000000000000000e+02
5.970000000000000000e+02
5.250000000000000000e+02
5.050000000000000000e+02
5.490000000000000000e+02
5.780000000000000000e+02
5.490000000000000000e+02
5.500000000000000000e+02
5.700000000000000000e+02
5.590000000000000000e+02
5.490000000000000000e+02
5.420000000000000000e+02
5.300000000000000000e+02
5.800000000000000000e+02
5.550000000000000000e+02
5.920000000000000000e+02
6.650000000000000000e+02
6.940000000000000000e+02
9.250000000000000000e+02
8.870000000000000000e+02
1.118000000000000000e+03
1.143000000000000000e+03
9.320000000000000000e+02
1.171000000000000000e+03
1.174000000000000000e+03
1.103000000000000000e+03
1.232000000000000000e+03
1.109000000000000000e+03
1.249000000000000000e+03
1.208000000000000000e+03
1.227000000000000000e+03
1.109000000000000000e+03
1.130000000000000000e+03
1.306000000000000000e+03
1.310000000000000000e+03
1.236000000000000000e+03
1.364000000000000000e+03
1.190000000000000000e+03
1.126000000000000000e+03
1.313000000000000000e+03
1.205000000000000000e+03
1.189000000000000000e+03
1.122000000000000000e+03
1.194000000000000000e+03
1.302000000000000000e+03
1.166000000000000000e+03
1.223000000000000000e+03
1.046000000000000000e+03
1.062000000000000000e+03
1.109000000000000000e+03
9.870000000000000000e+02
1.055000000000000000e+03
1.039000000000000000e+03
9.840000000000000000e+02
9.990000000000000000e+02
8.630000000000000000e+02
8.430000000000000000e+02
8.020000000000000000e+02
7.950000000000000000e+02
7.980000000000000000e+02
7.880000000000000000e+02
7.610000000000000000e+02
8.360000000000000000e+02
8.410000000000000000e+02
7.860000000000000000e+02
9.620000000000000000e+02
7.770000000000000000e+02
8.580000000000000000e+02
7.710000000000000000e+02
6.510000000000000000e+02
6.740000000000000000e+02
6.690000000000000000e+02
7.570000000000000000e+02
8.090000000000000000e+02
6.870000000000000000e+02
7.370000000000000000e+02
7.110000000000000000e+02
6.060000000000000000e+02
7.030000000000000000e+02
5.990000000000000000e+02
5.940000000000000000e+02
6.260000000000000000e+02
6.210000000000000000e+02
6.240000000000000000e+02
5.950000000000000000e+02
6.760000000000000000e+02
6.020000000000000000e+02
6.580000000000000000e+02
6.580000000000000000e+02
6.180000000000000000e+02
6.170000000000000000e+02
6.160000000000000000e+02
6.580000000000000000e+02
5.840000000000000000e+02
5.900000000000000000e+02
6.340000000000000000e+02
7.200000000000000000e+02
7.340000000000000000e+02
7.660000000000000000e+02
7.540000000000000000e+02
6.800000000000000000e+02
7.250000000000000000e+02
7.180000000000000000e+02
7.440000000000000000e+02
8.050000000000000000e+02
8.360000000000000000e+02
6.960000000000000000e+02
7.970000000000000000e+02
7.170000000000000000e+02
7.230000000000000000e+02
8.160000000000000000e+02
7.600000000000000000e+02
8.240000000000000000e+02
8.150000000000000000e+02
8.140000000000000000e+02
8.680000000000000000e+02
7.330000000000000000e+02
7.970000000000000000e+02
7.740000000000000000e+02
7.320000000000000000e+02
6.670000000000000000e+02
6.070000000000000000e+02
5.590000000000000000e+02
5.070000000000000000e+02
5.230000000000000000e+02
5.180000000000000000e+02
5.060000000000000000e+02
5.090000000000000000e+02
4.740000000000000000e+02
5.160000000000000000e+02
4.960000000000000000e+02
4.700000000000000000e+02
4.790000000000000000e+02
5.070000000000000000e+02
4.280000000000000000e+02
4.040000000000000000e+02
4.090000000000000000e+02
4.020000000000000000e+02
3.950000000000000000e+02
4.250000000000000000e+02
4.190000000000000000e+02
3.820000000000000000e+02
3.670000000000000000e+02
4.370000000000000000e+02
4.510000000000000000e+02
4.850000000000000000e+02
5.610000000000000000e+02
6.470000000000000000e+02
8.140000000000000000e+02
8.560000000000000000e+02
8.970000000000000000e+02
2.634000000000000000e+03
