9.000000000000000000e+00
6.000000000000000000e+00
2.300000000000000000e+01
1.330000000000000000e+02
3.290000000000000000e+02
4.140000000000000000e+02
4.660000000000000000e+02
5.610000000000000000e+02
8.160000000000000000e+02
1.076000000000000000e+03
1.186000000000000000e+03
1.653000000000000000e+03
1.754000000000000000e+03
2.136000000000000000e+03
1.751000000000000000e+03
1.577000000000000000e+03
1.573000000000000000e+03
1.530000000000000000e+03
1.607000000000000000e+03
1.525000000000000000e+03
1.333000000000000000e+03
1.178000000000000000e+03
1.252000000000000000e+03
1.156000000000000000e+03
1.265000000000000000e+03
1.253000000000000000e+03
1.280000000000000000e+03
1.388000000000000000e+03
1.556000000000000000e+03
1.358000000000000000e+03
1.256000000000000000e+03
1.163000000000000000e+03
1.085000000000000000e+03
9.610000000000000000e+02
7.670000000000000000e+02
7.120000000000000000e+02
6.310000000000000000e+02
6.380000000000000000e+02
5.890000000000000000e+02
5.720000000000000000e+02
5.760000000000000000e+02
5.240000000000000000e+02
5.090000000000000000e+02
4.880000000000000000e+02
4.760000000000000000e+02
5.190000000000000000e+02
5.590000000000000000e+02
5.650000000000000000e+02
6.380000000000000000e+02
7.280000000000000000e+02
8.030000000000000000e+02
8.690000000000000000e+02
8.030000000000000000e+02
7.940000000000000000e+02
7.840000000000000000e+02
7.610000000000000000e+02
7.240000000000000000e+02
6.730000000000000000e+02
7.130000000000000000e+02
6.340000000000000000e+02
5.540000000000000000e+02
5.250000000000000000e+02
5.250000000000000000e+02
5.380000000000000000e+02
5.140000000000000000e+02
5.320000000000000000e+02
5.120000000000000000e+02
5.110000000000000000e+02
5.260000000000000000e+02
5.500000000000000000e+02
5.380000000000000000e+02
5.700000000000000000e+02
5.780000000000000000e+02
5.680000000000000000e+02
6.170000000000000000e+02
5.540000000000000000e+02
5.890000000000000000e+02
6.610000000000000000e+02
6.740000000000000000e+02
7.490000000000000000e+02
7.390000000000000000e+02
7.130000000000000000e+02
8.560000000000000000e+02
8.570000000000000000e+02
8.010000000000000000e+02
9.470000000000000000e+02
9.310000000000000000e+02
9.870000000000000000e+02
1.014000000000000000e+03
1.064000000000000000e+03
1.116000000000000000e+03
1.091000000000000000e+03
1.118000000000000000e+03
1.343000000000000000e+03
1.600000000000000000e+03
2.145000000000000000e+03
2.067000000000000000e+03
2.009000000000000000e+03
2.099000000000000000e+03
2.441000000000000000e+03
2.216000000000000000e+03
1.607000000000000000e+03
1.298000000000000000e+03
1.090000000000000000e+03
8.970000000000000000e+02
8.200000000000000000e+02
6.880000000000000000e+02
5.140000000000000000e+02
4.860000000000000000e+02
4.770000000000000000e+02
4.370000000000000000e+02
4.020000000000000000e+02
3.720000000000000000e+02
4.320000000000000000e+02
4.210000000000000000e+02
3.920000000000000000e+02
3.900000000000000000e+02
4.050000000000000000e+02
4.210000000000000000e+02
4.370000000000000000e+02
4.990000000000000000e+02
7.320000000000000000e+02
1.062000000000000000e+03
1.059000000000000000e+03
1.338000000000000000e+03
1.404000000000000000e+03
1.000000000000000000e+03
7.380000000000000000e+02
6.540000000000000000e+02
8.290000000000000000e+02
1.241000000000000000e+03
2.618000000000000000e+03
4.282000000000000000e+03
4.757000000000000000e+03
4.243000000000000000e+03
3.870000000000000000e+03
3.153000000000000000e+03
2.613000000000000000e+03
1.775000000000000000e+03
8.730000000000000000e+02
6.500000000000000000e+02
4.890000000000000000e+02
4.240000000000000000e+02
3.330000000000000000e+02
3.060000000000000000e+02
2.590000000000000000e+02
2.440000000000000000e+02
2.450000000000000000e+02
2.270000000000000000e+02
2.450000000000000000e+02
2.210000000000000000e+02
2.030000000000000000e+02
2.000000000000000000e+02
2.060000000000000000e+02
2.000000000000000000e+02
1.890000000000000000e+02
1.800000000000000000e+02
1.800000000000000000e+02
1.610000000000000000e+02
1.720000000000000000e+02
1.520000000000000000e+02
2.080000000000000000e+02
2.290000000000000000e+02
2.390000000000000000e+02
2.890000000000000000e+02
2.730000000000000000e+02
3.560000000000000000e+02
4.050000000000000000e+02
4.030000000000000000e+02
4.440000000000000000e+02
5.460000000000000000e+02
6.840000000000000000e+02
8.790000000000000000e+02
9.310000000000000000e+02
8.490000000000000000e+02
1.037000000000000000e+03
9.900000000000000000e+02
8.600000000000000000e+02
8.660000000000000000e+02
8.730000000000000000e+02
9.920000000000000000e+02
1.091000000000000000e+03
1.205000000000000000e+03
1.356000000000000000e+03
1.541000000000000000e+03
1.625000000000000000e+03
1.272000000000000000e+03
1.481000000000000000e+03
1.344000000000000000e+03
1.766000000000000000e+03
1.654000000000000000e+03
1.660000000000000000e+03
1.906000000000000000e+03
1.815000000000000000e+03
1.904000000000000000e+03
2.155000000000000000e+03
1.831000000000000000e+03
2.037000000000000000e+03
1.939000000000000000e+03
2.275000000000000000e+03
2.595000000000000000e+03
3.048000000000000000e+03
3.055000000000000000e+03
2.972000000000000000e+03
2.970000000000000000e+03
3.144000000000000000e+03
2.943000000000000000e+03
3.084000000000000000e+03
2.871000000000000000e+03
2.503000000000000000e+03
2.434000000000000000e+03
2.503000000000000000e+03
2.271000000000000000e+03
1.882000000000000000e+03
1.532000000000000000e+03
1.328000000000000000e+03
9.750000000000000000e+02
1.186000000000000000e+03
8.150000000000000000e+02
8.940000000000000000e+02
6.500000000000000000e+01
1.500000000000000000e+01
7.000000000000000000e+00
7.000000000000000000e+00
7.000000000000000000e+00
5.000000000000000000e+00
4.000000000000000000e+00
1.000000000000000000e+01
6.000000000000000000e+00
8.000000000000000000e+00
1.500000000000000000e+01
9.000000000000000000e+00
5.000000000000000000e+00
7.000000000000000000e+00
9.000000000000000000e+00
9.000000000000000000e+00
9.000000000000000000e+00
8.000000000000000000e+00
6.000000000000000000e+00
1.100000000000000000e+01
1.100000000000000000e+01
3.000000000000000000e+00
8.000000000000000000e+00
7.000000000000000000e+00
5.000000000000000000e+00
4.000000000000000000e+00
9.000000000000000000e+00
8.000000000000000000e+00
5.000000000000000000e+00
9.000000000000000000e+00
1.400000000000000000e+01
6.000000000000000000e+00
8.000000000000000000e+00
1.200000000000000000e+01
1.500000000000000000e+01
3.000000000000000000e+01
4.000000000000000000e+00
2.000000000000000000e+00
1.200000000000000000e+01
1.140000000000000000e+02
3.210000000000000000e+02
3.840000000000000000e+02
4.720000000000000000e+02
6.680000000000000000e+02
1.010000000000000000e+03
1.204000000000000000e+03
1.339000000000000000e+03
1.745000000000000000e+03
1.912000000000000000e+03
2.090000000000000000e+03
1.639000000000000000e+03
1.637000000000000000e+03
1.529000000000000000e+03
1.617000000000000000e+03
1.627000000000000000e+03
1.360000000000000000e+03
1.250000000000000000e+03
1.128000000000000000e+03
1.204000000000000000e+03
1.193000000000000000e+03
1.142000000000000000e+03
1.291000000000000000e+03
1.261000000000000000e+03
1.446000000000000000e+03
1.521000000000000000e+03
1.247000000000000000e+03
1.171000000000000000e+03
1.029000000000000000e+03
1.054000000000000000e+03
8.250000000000000000e+02
7.410000000000000000e+02
6.800000000000000000e+02
6.840000000000000000e+02
6.330000000000000000e+02
5.800000000000000000e+02
5.970000000000000000e+02
6.210000000000000000e+02
5.390000000000000000e+02
5.850000000000000000e+02
5.090000000000000000e+02
5.020000000000000000e+02
5.310000000000000000e+02
4.850000000000000000e+02
5.580000000000000000e+02
5.410000000000000000e+02
5.890000000000000000e+02
6.820000000000000000e+02
6.480000000000000000e+02
7.160000000000000000e+02
7.480000000000000000e+02
7.870000000000000000e+02
8.210000000000000000e+02
7.830000000000000000e+02
7.470000000000000000e+02
7.620000000000000000e+02
8.210000000000000000e+02
7.180000000000000000e+02
6.240000000000000000e+02
6.090000000000000000e+02
5.890000000000000000e+02
6.030000000000000000e+02
5.980000000000000000e+02
5.910000000000000000e+02
6.490000000000000000e+02
6.670000000000000000e+02
6.420000000000000000e+02
6.810000000000000000e+02
7.050000000000000000e+02
6.730000000000000000e+02
7.070000000000000000e+02
7.770000000000000000e+02
9.680000000000000000e+02
9.980000000000000000e+02
1.055000000000000000e+03
1.061000000000000000e+03
1.209000000000000000e+03
1.233000000000000000e+03
1.231000000000000000e+03
1.185000000000000000e+03
1.117000000000000000e+03
1.167000000000000000e+03
1.311000000000000000e+03
1.906000000000000000e+03
2.192000000000000000e+03
2.156000000000000000e+03
1.953000000000000000e+03
1.863000000000000000e+03
1.931000000000000000e+03
2.154000000000000000e+03
2.147000000000000000e+03
1.584000000000000000e+03
1.230000000000000000e+03
1.083000000000000000e+03
9.540000000000000000e+02
7.160000000000000000e+02
6.030000000000000000e+02
4.940000000000000000e+02
4.520000000000000000e+02
3.970000000000000000e+02
3.850000000000000000e+02
3.940000000000000000e+02
4.040000000000000000e+02
3.910000000000000000e+02
3.680000000000000000e+02
3.560000000000000000e+02
3.490000000000000000e+02
4.120000000000000000e+02
4.670000000000000000e+02
6.460000000000000000e+02
9.960000000000000000e+02
9.370000000000000000e+02
8.980000000000000000e+02
1.009000000000000000e+03
9.990000000000000000e+02
9.230000000000000000e+02
8.120000000000000000e+02
7.090000000000000000e+02
6.460000000000000000e+02
7.550000000000000000e+02
8.540000000000000000e+02
1.109000000000000000e+03
1.755000000000000000e+03
3.394000000000000000e+03
4.655000000000000000e+03
4.084000000000000000e+03
3.846000000000000000e+03
3.784000000000000000e+03
2.707000000000000000e+03
1.972000000000000000e+03
1.368000000000000000e+03
8.330000000000000000e+02
5.980000000000000000e+02
4.940000000000000000e+02
4.900000000000000000e+02
4.860000000000000000e+02
3.040000000000000000e+02
2.660000000000000000e+02
2.580000000000000000e+02
2.220000000000000000e+02
2.130000000000000000e+02
2.280000000000000000e+02
2.240000000000000000e+02
2.310000000000000000e+02
2.470000000000000000e+02
2.510000000000000000e+02
2.480000000000000000e+02
2.730000000000000000e+02
2.090000000000000000e+02
2.090000000000000000e+02
2.080000000000000000e+02
1.960000000000000000e+02
1.840000000000000000e+02
1.950000000000000000e+02
1.940000000000000000e+02
1.590000000000000000e+02
1.910000000000000000e+02
1.880000000000000000e+02
1.800000000000000000e+02
2.350000000000000000e+02
2.760000000000000000e+02
3.030000000000000000e+02
3.150000000000000000e+02
3.770000000000000000e+02
4.510000000000000000e+02
4.810000000000000000e+02
6.450000000000000000e+02
7.420000000000000000e+02
8.870000000000000000e+02
1.014000000000000000e+03
1.151000000000000000e+03
1.068000000000000000e+03
9.040000000000000000e+02
9.290000000000000000e+02
1.025000000000000000e+03
9.690000000000000000e+02
1.226000000000000000e+03
1.294000000000000000e+03
1.260000000000000000e+03
1.281000000000000000e+03
1.344000000000000000e+03
1.215000000000000000e+03
1.318000000000000000e+03
1.227000000000000000e+03
1.612000000000000000e+03
1.649000000000000000e+03
1.627000000000000000e+03
1.732000000000000000e+03
1.508000000000000000e+03
1.470000000000000000e+03
1.689000000000000000e+03
2.097000000000000000e+03
2.069000000000000000e+03
1.999000000000000000e+03
1.844000000000000000e+03
1.933000000000000000e+03
2.572000000000000000e+03
2.778000000000000000e+03
2.540000000000000000e+03
2.700000000000000000e+03
2.651000000000000000e+03
2.293000000000000000e+03
2.399000000000000000e+03
2.826000000000000000e+03
3.467000000000000000e+03
2.819000000000000000e+03
2.586000000000000000e+03
1.992000000000000000e+03
2.046000000000000000e+03
2.074000000000000000e+03
1.733000000000000000e+03
1.397000000000000000e+03
1.291000000000000000e+03
1.270000000000000000e+03
9.880000000000000000e+02
1.210000000000000000e+03
8.180000000000000000e+02
9.250000000000000000e+02
8.800000000000000000e+01
4.500000000000000000e+01
3.700000000000000000e+01
3.600000000000000000e+01
3.900000000000000000e+01
2.200000000000000000e+01
2.700000000000000000e+01
2.900000000000000000e+01
2.300000000000000000e+01
2.500000000000000000e+01
2.200000000000000000e+01
7.000000000000000000e+00
1.400000000000000000e+01
8.000000000000000000e+00
6.000000000000000000e+00
9.000000000000000000e+00
6.000000000000000000e+00
9.000000000000000000e+00
2.000000000000000000e+00
4.000000000000000000e+00
4.000000000000000000e+00
7.000000000000000000e+00
1.100000000000000000e+01
6.000000000000000000e+00
1.200000000000000000e+01
6.000000000000000000e+00
3.000000000000000000e+00
6.000000000000000000e+00
1.200000000000000000e+01
1.000000000000000000e+01
1.500000000000000000e+01
1.600000000000000000e+01
6.000000000000000000e+00
3.000000000000000000e+00
0.000000000000000000e+00
1.020000000000000000e+02
1.400000000000000000e+02
2.990000000000000000e+02
3.740000000000000000e+02
5.120000000000000000e+02
5.440000000000000000e+02
5.420000000000000000e+02
6.710000000000000000e+02
9.490000000000000000e+02
1.124000000000000000e+03
1.357000000000000000e+03
1.708000000000000000e+03
1.720000000000000000e+03
1.907000000000000000e+03
1.441000000000000000e+03
1.209000000000000000e+03
1.201000000000000000e+03
1.061000000000000000e+03
1.023000000000000000e+03
9.360000000000000000e+02
9.190000000000000000e+02
8.530000000000000000e+02
9.510000000000000000e+02
9.720000000000000000e+02
1.007000000000000000e+03
9.190000000000000000e+02
8.600000000000000000e+02
7.770000000000000000e+02
7.710000000000000000e+02
6.970000000000000000e+02
7.630000000000000000e+02
7.580000000000000000e+02
7.850000000000000000e+02
7.790000000000000000e+02
8.320000000000000000e+02
8.500000000000000000e+02
7.670000000000000000e+02
8.900000000000000000e+02
1.030000000000000000e+03
1.045000000000000000e+03
9.770000000000000000e+02
8.700000000000000000e+02
7.930000000000000000e+02
6.960000000000000000e+02
8.050000000000000000e+02
7.290000000000000000e+02
7.620000000000000000e+02
7.060000000000000000e+02
6.610000000000000000e+02
6.650000000000000000e+02
6.780000000000000000e+02
7.280000000000000000e+02
7.720000000000000000e+02
7.250000000000000000e+02
7.450000000000000000e+02
7.350000000000000000e+02
7.990000000000000000e+02
7.900000000000000000e+02
7.830000000000000000e+02
8.320000000000000000e+02
8.380000000000000000e+02
9.120000000000000000e+02
8.820000000000000000e+02
9.850000000000000000e+02
1.078000000000000000e+03
1.221000000000000000e+03
1.153000000000000000e+03
1.237000000000000000e+03
1.311000000000000000e+03
1.370000000000000000e+03
1.409000000000000000e+03
1.478000000000000000e+03
1.325000000000000000e+03
1.354000000000000000e+03
1.553000000000000000e+03
1.769000000000000000e+03
2.098000000000000000e+03
2.014000000000000000e+03
2.000000000000000000e+03
1.859000000000000000e+03
2.180000000000000000e+03
2.067000000000000000e+03
2.151000000000000000e+03
2.001000000000000000e+03
1.448000000000000000e+03
1.236000000000000000e+03
1.183000000000000000e+03
9.830000000000000000e+02
8.560000000000000000e+02
6.450000000000000000e+02
5.480000000000000000e+02
5.330000000000000000e+02
5.210000000000000000e+02
4.410000000000000000e+02
4.040000000000000000e+02
4.510000000000000000e+02
3.790000000000000000e+02
4.230000000000000000e+02
4.340000000000000000e+02
4.230000000000000000e+02
4.610000000000000000e+02
4.500000000000000000e+02
5.790000000000000000e+02
6.890000000000000000e+02
9.260000000000000000e+02
9.240000000000000000e+02
9.820000000000000000e+02
8.980000000000000000e+02
5.960000000000000000e+02
7.600000000000000000e+02
8.530000000000000000e+02
7.210000000000000000e+02
6.570000000000000000e+02
6.070000000000000000e+02
7.090000000000000000e+02
8.530000000000000000e+02
8.920000000000000000e+02
8.910000000000000000e+02
1.150000000000000000e+03
1.523000000000000000e+03
2.951000000000000000e+03
3.954000000000000000e+03
3.116000000000000000e+03
3.479000000000000000e+03
3.137000000000000000e+03
2.828000000000000000e+03
2.695000000000000000e+03
1.766000000000000000e+03
1.097000000000000000e+03
9.370000000000000000e+02
6.530000000000000000e+02
4.910000000000000000e+02
4.550000000000000000e+02
4.960000000000000000e+02
4.910000000000000000e+02
5.120000000000000000e+02
4.360000000000000000e+02
4.390000000000000000e+02
3.480000000000000000e+02
3.220000000000000000e+02
2.660000000000000000e+02
2.650000000000000000e+02
2.820000000000000000e+02
2.670000000000000000e+02
2.490000000000000000e+02
2.470000000000000000e+02
2.450000000000000000e+02
2.510000000000000000e+02
2.250000000000000000e+02
2.290000000000000000e+02
2.380000000000000000e+02
2.330000000000000000e+02
2.800000000000000000e+02
2.580000000000000000e+02
2.540000000000000000e+02
2.220000000000000000e+02
2.240000000000000000e+02
2.220000000000000000e+02
2.540000000000000000e+02
2.490000000000000000e+02
2.150000000000000000e+02
2.270000000000000000e+02
2.230000000000000000e+02
2.840000000000000000e+02
3.030000000000000000e+02
3.020000000000000000e+02
3.520000000000000000e+02
4.240000000000000000e+02
4.340000000000000000e+02
5.340000000000000000e+02
6.120000000000000000e+02
8.930000000000000000e+02
1.010000000000000000e+03
9.840000000000000000e+02
9.340000000000000000e+02
1.047000000000000000e+03
9.940000000000000000e+02
1.046000000000000000e+03
1.141000000000000000e+03
1.120000000000000000e+03
1.002000000000000000e+03
9.280000000000000000e+02
1.068000000000000000e+03
1.060000000000000000e+03
1.073000000000000000e+03
1.105000000000000000e+03
1.062000000000000000e+03
1.130000000000000000e+03
1.450000000000000000e+03
1.316000000000000000e+03
1.205000000000000000e+03
1.163000000000000000e+03
1.400000000000000000e+03
2.032000000000000000e+03
1.942000000000000000e+03
1.830000000000000000e+03
1.283000000000000000e+03
1.481000000000000000e+03
1.597000000000000000e+03
1.785000000000000000e+03
1.771000000000000000e+03
2.104000000000000000e+03
1.986000000000000000e+03
1.881000000000000000e+03
1.969000000000000000e+03
2.045000000000000000e+03
2.418000000000000000e+03
3.102000000000000000e+03
2.936000000000000000e+03
3.007000000000000000e+03
2.133000000000000000e+03
2.342000000000000000e+03
2.665000000000000000e+03
2.987000000000000000e+03
2.316000000000000000e+03
1.931000000000000000e+03
1.401000000000000000e+03
1.695000000000000000e+03
1.551000000000000000e+03
1.451000000000000000e+03
1.297000000000000000e+03
1.145000000000000000e+03
1.079000000000000000e+03
9.630000000000000000e+02
8.870000000000000000e+02
5.340000000000000000e+02
5.200000000000000000e+01
6.000000000000000000e+00
1.400000000000000000e+01
4.000000000000000000e+00
5.000000000000000000e+00
1.000000000000000000e+01
8.000000000000000000e+00
5.000000000000000000e+00
4.000000000000000000e+00
3.000000000000000000e+00
1.000000000000000000e+01
7.000000000000000000e+00
1.000000000000000000e+01
9.000000000000000000e+00
9.000000000000000000e+00
3.000000000000000000e+00
7.000000000000000000e+00
1.100000000000000000e+01
1.100000000000000000e+01
9.000000000000000000e+00
5.000000000000000000e+00
1.000000000000000000e+01
7.000000000000000000e+00
2.000000000000000000e+01
2.100000000000000000e+01
1.100000000000000000e+01
6.000000000000000000e+00
0.000000000000000000e+00
2.000000000000000000e+00
1.000000000000000000e+00
