3.601000000000000000e+03
3.878000000000000000e+03
3.614000000000000000e+03
3.177000000000000000e+03
2.779000000000000000e+03
2.406000000000000000e+03
2.145000000000000000e+03
1.897000000000000000e+03
1.721000000000000000e+03
1.499000000000000000e+03
1.449000000000000000e+03
1.364000000000000000e+03
1.324000000000000000e+03
1.267000000000000000e+03
1.158000000000000000e+03
1.057000000000000000e+03
9.480000000000000000e+02
9.040000000000000000e+02
8.750000000000000000e+02
8.020000000000000000e+02
8.290000000000000000e+02
7.820000000000000000e+02
7.420000000000000000e+02
7.320000000000000000e+02
7.210000000000000000e+02
7.330000000000000000e+02
6.970000000000000000e+02
7.080000000000000000e+02
6.470000000000000000e+02
6.380000000000000000e+02
6.630000000000000000e+02
6.540000000000000000e+02
6.290000000000000000e+02
6.660000000000000000e+02
6.480000000000000000e+02
6.250000000000000000e+02
6.260000000000000000e+02
6.290000000000000000e+02
6.050000000000000000e+02
6.130000000000000000e+02
6.210000000000000000e+02
6.170000000000000000e+02
6.130000000000000000e+02
5.270000000000000000e+02
6.360000000000000000e+02
6.210000000000000000e+02
5.800000000000000000e+02
5.830000000000000000e+02
6.170000000000000000e+02
6.230000000000000000e+02
6.000000000000000000e+02
6.210000000000000000e+02
6.510000000000000000e+02
6.950000000000000000e+02
6.260000000000000000e+02
6.540000000000000000e+02
6.310000000000000000e+02
6.080000000000000000e+02
6.170000000000000000e+02
6.030000000000000000e+02
5.910000000000000000e+02
5.920000000000000000e+02
5.880000000000000000e+02
6.000000000000000000e+02
5.280000000000000000e+02
5.670000000000000000e+02
5.660000000000000000e+02
5.750000000000000000e+02
5.910000000000000000e+02
6.050000000000000000e+02
5.560000000000000000e+02
5.840000000000000000e+02
5.490000000000000000e+02
6.000000000000000000e+02
5.670000000000000000e+02
5.670000000000000000e+02
5.950000000000000000e+02
5.730000000000000000e+02
5.530000000000000000e+02
6.100000000000000000e+02
6.080000000000000000e+02
5.410000000000000000e+02
5.660000000000000000e+02
5.310000000000000000e+02
5.470000000000000000e+02
5.320000000000000000e+02
5.440000000000000000e+02
4.510000000000000000e+02
4.700000000000000000e+02
4.470000000000000000e+02
4.570000000000000000e+02
4.300000000000000000e+02
4.570000000000000000e+02
4.560000000000000000e+02
4.170000000000000000e+02
4.060000000000000000e+02
4.380000000000000000e+02
3.990000000000000000e+02
3.670000000000000000e+02
4.190000000000000000e+02
3.940000000000000000e+02
4.180000000000000000e+02
4.280000000000000000e+02
4.340000000000000000e+02
3.920000000000000000e+02
3.820000000000000000e+02
3.830000000000000000e+02
3.670000000000000000e+02
3.810000000000000000e+02
3.920000000000000000e+02
3.870000000000000000e+02
3.960000000000000000e+02
3.840000000000000000e+02
3.960000000000000000e+02
4.000000000000000000e+02
3.840000000000000000e+02
4.170000000000000000e+02
3.830000000000000000e+02
4.030000000000000000e+02
3.810000000000000000e+02
3.780000000000000000e+02
3.770000000000000000e+02
3.880000000000000000e+02
3.520000000000000000e+02
3.950000000000000000e+02
3.880000000000000000e+02
3.590000000000000000e+02
3.660000000000000000e+02
3.770000000000000000e+02
3.570000000000000000e+02
4.210000000000000000e+02
3.720000000000000000e+02
4.340000000000000000e+02
4.000000000000000000e+02
4.240000000000000000e+02
3.960000000000000000e+02
3.570000000000000000e+02
4.180000000000000000e+02
3.740000000000000000e+02
3.590000000000000000e+02
3.680000000000000000e+02
4.000000000000000000e+02
4.110000000000000000e+02
3.970000000000000000e+02
4.110000000000000000e+02
3.950000000000000000e+02
4.000000000000000000e+02
4.350000000000000000e+02
4.120000000000000000e+02
4.680000000000000000e+02
4.570000000000000000e+02
4.320000000000000000e+02
4.710000000000000000e+02
4.550000000000000000e+02
4.590000000000000000e+02
4.760000000000000000e+02
4.480000000000000000e+02
5.000000000000000000e+02
4.700000000000000000e+02
4.780000000000000000e+02
4.540000000000000000e+02
5.040000000000000000e+02
4.790000000000000000e+02
5.010000000000000000e+02
4.800000000000000000e+02
4.290000000000000000e+02
4.690000000000000000e+02
4.810000000000000000e+02
4.410000000000000000e+02
4.510000000000000000e+02
4.770000000000000000e+02
4.780000000000000000e+02
4.510000000000000000e+02
4.640000000000000000e+02
4.460000000000000000e+02
4.800000000000000000e+02
4.520000000000000000e+02
4.760000000000000000e+02
4.710000000000000000e+02
4.940000000000000000e+02
5.190000000000000000e+02
4.850000000000000000e+02
4.940000000000000000e+02
5.160000000000000000e+02
5.760000000000000000e+02
5.330000000000000000e+02
5.270000000000000000e+02
4.940000000000000000e+02
5.730000000000000000e+02
5.250000000000000000e+02
5.280000000000000000e+02
5.200000000000000000e+02
5.580000000000000000e+02
5.770000000000000000e+02
5.340000000000000000e+02
5.610000000000000000e+02
5.570000000000000000e+02
5.740000000000000000e+02
5.420000000000000000e+02
5.390000000000000000e+02
5.880000000000000000e+02
6.190000000000000000e+02
6.050000000000000000e+02
6.110000000000000000e+02
6.360000000000000000e+02
6.080000000000000000e+02
5.910000000000000000e+02
6.060000000000000000e+02
6.010000000000000000e+02
5.770000000000000000e+02
5.960000000000000000e+02
5.620000000000000000e+02
5.870000000000000000e+02
5.280000000000000000e+02
5.680000000000000000e+02
5.300000000000000000e+02
5.170000000000000000e+02
5.270000000000000000e+02
5.460000000000000000e+02
5.200000000000000000e+02
5.060000000000000000e+02
5.600000000000000000e+02
5.710000000000000000e+02
5.990000000000000000e+02
6.460000000000000000e+02
6.470000000000000000e+02
7.450000000000000000e+02
7.440000000000000000e+02
8.940000000000000000e+02
1.067000000000000000e+03
1.212000000000000000e+03
1.229000000000000000e+03
1.592000000000000000e+03
1.555000000000000000e+03
1.373000000000000000e+03
1.524000000000000000e+03
1.419000000000000000e+03
1.376000000000000000e+03
1.637000000000000000e+03
2.043000000000000000e+03
2.312000000000000000e+03
2.879000000000000000e+03
3.421000000000000000e+03
3.919000000000000000e+03
4.001000000000000000e+03
5.051000000000000000e+03
5.439000000000000000e+03
4.459000000000000000e+03
4.010000000000000000e+03
3.712000000000000000e+03
3.524000000000000000e+03
3.997000000000000000e+03
5.417000000000000000e+03
6.499000000000000000e+03
1.070500000000000000e+04
7.910000000000000000e+03
3.740000000000000000e+03
4.377000000000000000e+03
3.797000000000000000e+03
3.122000000000000000e+03
2.520000000000000000e+03
2.146000000000000000e+03
1.777000000000000000e+03
1.528000000000000000e+03
1.444000000000000000e+03
1.320000000000000000e+03
1.206000000000000000e+03
1.160000000000000000e+03
1.163000000000000000e+03
1.109000000000000000e+03
9.820000000000000000e+02
9.200000000000000000e+02
8.690000000000000000e+02
8.430000000000000000e+02
7.630000000000000000e+02
7.160000000000000000e+02
7.360000000000000000e+02
7.000000000000000000e+02
6.780000000000000000e+02
6.590000000000000000e+02
6.750000000000000000e+02
6.920000000000000000e+02
6.650000000000000000e+02
6.680000000000000000e+02
6.240000000000000000e+02
6.520000000000000000e+02
6.410000000000000000e+02
6.440000000000000000e+02
6.110000000000000000e+02
6.540000000000000000e+02
6.210000000000000000e+02
5.720000000000000000e+02
6.300000000000000000e+02
5.710000000000000000e+02
5.880000000000000000e+02
5.950000000000000000e+02
6.030000000000000000e+02
5.860000000000000000e+02
5.600000000000000000e+02
5.200000000000000000e+02
5.830000000000000000e+02
5.850000000000000000e+02
5.410000000000000000e+02
5.780000000000000000e+02
5.900000000000000000e+02
5.980000000000000000e+02
5.350000000000000000e+02
6.190000000000000000e+02
6.270000000000000000e+02
6.630000000000000000e+02
6.480000000000000000e+02
6.690000000000000000e+02
6.750000000000000000e+02
6.230000000000000000e+02
5.960000000000000000e+02
5.880000000000000000e+02
6.130000000000000000e+02
5.310000000000000000e+02
5.560000000000000000e+02
5.840000000000000000e+02
5.360000000000000000e+02
5.540000000000000000e+02
5.300000000000000000e+02
5.400000000000000000e+02
5.550000000000000000e+02
5.170000000000000000e+02
4.950000000000000000e+02
5.780000000000000000e+02
5.410000000000000000e+02
5.330000000000000000e+02
5.640000000000000000e+02
5.660000000000000000e+02
5.950000000000000000e+02
6.240000000000000000e+02
5.990000000000000000e+02
6.620000000000000000e+02
6.220000000000000000e+02
5.700000000000000000e+02
5.510000000000000000e+02
5.880000000000000000e+02
5.320000000000000000e+02
5.520000000000000000e+02
5.580000000000000000e+02
5.120000000000000000e+02
5.010000000000000000e+02
4.810000000000000000e+02
4.600000000000000000e+02
4.620000000000000000e+02
4.860000000000000000e+02
4.790000000000000000e+02
4.480000000000000000e+02
4.580000000000000000e+02
4.470000000000000000e+02
4.440000000000000000e+02
4.270000000000000000e+02
4.210000000000000000e+02
4.270000000000000000e+02
4.110000000000000000e+02
4.190000000000000000e+02
4.380000000000000000e+02
4.050000000000000000e+02
4.020000000000000000e+02
4.080000000000000000e+02
4.310000000000000000e+02
4.060000000000000000e+02
3.980000000000000000e+02
3.950000000000000000e+02
4.130000000000000000e+02
4.000000000000000000e+02
3.640000000000000000e+02
4.290000000000000000e+02
3.970000000000000000e+02
4.080000000000000000e+02
4.450000000000000000e+02
3.960000000000000000e+02
3.940000000000000000e+02
3.900000000000000000e+02
3.920000000000000000e+02
4.010000000000000000e+02
3.750000000000000000e+02
4.190000000000000000e+02
3.940000000000000000e+02
4.180000000000000000e+02
4.190000000000000000e+02
3.990000000000000000e+02
4.560000000000000000e+02
4.490000000000000000e+02
4.220000000000000000e+02
4.630000000000000000e+02
4.640000000000000000e+02
4.040000000000000000e+02
4.050000000000000000e+02
4.200000000000000000e+02
4.440000000000000000e+02
4.390000000000000000e+02
4.170000000000000000e+02
3.790000000000000000e+02
3.990000000000000000e+02
4.150000000000000000e+02
4.280000000000000000e+02
4.280000000000000000e+02
4.040000000000000000e+02
4.660000000000000000e+02
4.530000000000000000e+02
4.220000000000000000e+02
4.200000000000000000e+02
4.390000000000000000e+02
4.460000000000000000e+02
4.410000000000000000e+02
4.330000000000000000e+02
4.390000000000000000e+02
4.610000000000000000e+02
4.510000000000000000e+02
4.180000000000000000e+02
4.300000000000000000e+02
4.270000000000000000e+02
4.540000000000000000e+02
4.050000000000000000e+02
4.350000000000000000e+02
4.700000000000000000e+02
4.200000000000000000e+02
4.020000000000000000e+02
4.440000000000000000e+02
4.270000000000000000e+02
4.240000000000000000e+02
4.190000000000000000e+02
4.180000000000000000e+02
4.650000000000000000e+02
4.250000000000000000e+02
4.630000000000000000e+02
4.670000000000000000e+02
4.690000000000000000e+02
4.820000000000000000e+02
4.680000000000000000e+02
4.970000000000000000e+02
5.200000000000000000e+02
4.960000000000000000e+02
5.050000000000000000e+02
5.750000000000000000e+02
4.840000000000000000e+02
5.350000000000000000e+02
5.980000000000000000e+02
5.740000000000000000e+02
6.060000000000000000e+02
6.300000000000000000e+02
6.250000000000000000e+02
6.110000000000000000e+02
6.420000000000000000e+02
6.540000000000000000e+02
6.040000000000000000e+02
6.700000000000000000e+02
6.930000000000000000e+02
7.580000000000000000e+02
7.970000000000000000e+02
8.350000000000000000e+02
9.460000000000000000e+02
1.193000000000000000e+03
1.522000000000000000e+03
2.130000000000000000e+03
2.448000000000000000e+03
3.025000000000000000e+03
4.858000000000000000e+03
9.437000000000000000e+03
4.880000000000000000e+03
3.712000000000000000e+03
2.985000000000000000e+03
1.489000000000000000e+03
1.055000000000000000e+03
7.880000000000000000e+02
6.600000000000000000e+02
5.770000000000000000e+02
6.180000000000000000e+02
5.430000000000000000e+02
5.500000000000000000e+02
5.380000000000000000e+02
5.810000000000000000e+02
5.070000000000000000e+02
6.150000000000000000e+02
7.010000000000000000e+02
6.650000000000000000e+02
7.080000000000000000e+02
7.000000000000000000e+02
6.870000000000000000e+02
6.920000000000000000e+02
7.000000000000000000e+02
9.120000000000000000e+02
9.620000000000000000e+02
1.018000000000000000e+03
1.014000000000000000e+03
1.049000000000000000e+03
1.117000000000000000e+03
1.294000000000000000e+03
1.248000000000000000e+03
1.298000000000000000e+03
1.564000000000000000e+03
1.456000000000000000e+03
1.845000000000000000e+03
2.398000000000000000e+03
2.963000000000000000e+03
3.048000000000000000e+03
3.109000000000000000e+03
3.661000000000000000e+03
4.582000000000000000e+03
3.737000000000000000e+03
3.225000000000000000e+03
2.339000000000000000e+03
1.984000000000000000e+03
1.953000000000000000e+03
2.520000000000000000e+03
2.716000000000000000e+03
3.699000000000000000e+03
5.101000000000000000e+03
8.893000000000000000e+03
2.903000000000000000e+03
5.041000000000000000e+03
2.703000000000000000e+03
3.926000000000000000e+03
2.609000000000000000e+03
2.694000000000000000e+03
2.401000000000000000e+03
2.003000000000000000e+03
1.905000000000000000e+03
1.711000000000000000e+03
1.887000000000000000e+03
1.717000000000000000e+03
1.928000000000000000e+03
1.711000000000000000e+03
1.421000000000000000e+03
1.124000000000000000e+03
1.072000000000000000e+03
9.960000000000000000e+02
8.990000000000000000e+02
8.970000000000000000e+02
8.620000000000000000e+02
8.190000000000000000e+02
8.780000000000000000e+02
9.090000000000000000e+02
9.050000000000000000e+02
8.830000000000000000e+02
1.265000000000000000e+03
9.710000000000000000e+02
9.570000000000000000e+02
9.810000000000000000e+02
9.040000000000000000e+02
7.620000000000000000e+02
7.170000000000000000e+02
6.760000000000000000e+02
7.000000000000000000e+02
6.420000000000000000e+02
6.730000000000000000e+02
6.910000000000000000e+02
6.300000000000000000e+02
6.310000000000000000e+02
6.320000000000000000e+02
6.180000000000000000e+02
6.340000000000000000e+02
6.180000000000000000e+02
5.940000000000000000e+02
6.050000000000000000e+02
6.390000000000000000e+02
6.320000000000000000e+02
7.070000000000000000e+02
6.930000000000000000e+02
1.071000000000000000e+03
7.790000000000000000e+02
8.410000000000000000e+02
8.680000000000000000e+02
6.890000000000000000e+02
7.320000000000000000e+02
6.450000000000000000e+02
7.080000000000000000e+02
6.430000000000000000e+02
6.300000000000000000e+02
5.710000000000000000e+02
5.780000000000000000e+02
6.100000000000000000e+02
5.700000000000000000e+02
6.200000000000000000e+02
5.760000000000000000e+02
5.870000000000000000e+02
5.600000000000000000e+02
5.500000000000000000e+02
5.490000000000000000e+02
5.550000000000000000e+02
5.150000000000000000e+02
5.180000000000000000e+02
4.850000000000000000e+02
5.430000000000000000e+02
5.600000000000000000e+02
5.800000000000000000e+02
5.180000000000000000e+02
5.570000000000000000e+02
5.190000000000000000e+02
5.440000000000000000e+02
5.450000000000000000e+02
5.400000000000000000e+02
5.130000000000000000e+02
5.050000000000000000e+02
5.020000000000000000e+02
5.160000000000000000e+02
5.070000000000000000e+02
4.350000000000000000e+02
4.910000000000000000e+02
8.340000000000000000e+02
5.900000000000000000e+02
4.870000000000000000e+02
4.580000000000000000e+02
4.770000000000000000e+02
4.720000000000000000e+02
4.570000000000000000e+02
4.650000000000000000e+02
4.750000000000000000e+02
4.510000000000000000e+02
4.370000000000000000e+02
3.950000000000000000e+02
3.650000000000000000e+02
4.280000000000000000e+02
3.840000000000000000e+02
4.210000000000000000e+02
4.000000000000000000e+02
3.930000000000000000e+02
4.400000000000000000e+02
4.470000000000000000e+02
4.590000000000000000e+02
4.620000000000000000e+02
4.480000000000000000e+02
5.150000000000000000e+02
4.500000000000000000e+02
4.350000000000000000e+02
4.050000000000000000e+02
4.320000000000000000e+02
4.020000000000000000e+02
4.080000000000000000e+02
3.470000000000000000e+02
3.830000000000000000e+02
3.710000000000000000e+02
3.680000000000000000e+02
3.720000000000000000e+02
3.680000000000000000e+02
4.120000000000000000e+02
3.980000000000000000e+02
3.820000000000000000e+02
4.350000000000000000e+02
4.160000000000000000e+02
4.500000000000000000e+02
4.010000000000000000e+02
3.840000000000000000e+02
4.140000000000000000e+02
3.950000000000000000e+02
3.780000000000000000e+02
3.930000000000000000e+02
3.770000000000000000e+02
4.130000000000000000e+02
3.650000000000000000e+02
3.800000000000000000e+02
3.600000000000000000e+02
3.840000000000000000e+02
4.020000000000000000e+02
4.070000000000000000e+02
4.220000000000000000e+02
4.080000000000000000e+02
4.120000000000000000e+02
3.830000000000000000e+02
4.020000000000000000e+02
4.030000000000000000e+02
4.050000000000000000e+02
4.170000000000000000e+02
4.240000000000000000e+02
3.990000000000000000e+02
4.220000000000000000e+02
4.320000000000000000e+02
3.830000000000000000e+02
4.590000000000000000e+02
4.420000000000000000e+02
4.450000000000000000e+02
4.550000000000000000e+02
4.940000000000000000e+02
4.550000000000000000e+02
4.990000000000000000e+02
4.830000000000000000e+02
5.080000000000000000e+02
5.260000000000000000e+02
4.720000000000000000e+02
4.730000000000000000e+02
4.910000000000000000e+02
5.060000000000000000e+02
5.240000000000000000e+02
5.200000000000000000e+02
5.460000000000000000e+02
5.230000000000000000e+02
5.250000000000000000e+02
5.820000000000000000e+02
5.250000000000000000e+02
5.880000000000000000e+02
5.880000000000000000e+02
5.760000000000000000e+02
6.170000000000000000e+02
6.150000000000000000e+02
6.100000000000000000e+02
6.240000000000000000e+02
5.730000000000000000e+02
5.510000000000000000e+02
5.770000000000000000e+02
6.090000000000000000e+02
5.800000000000000000e+02
6.010000000000000000e+02
6.180000000000000000e+02
6.280000000000000000e+02
6.450000000000000000e+02
6.340000000000000000e+02
6.350000000000000000e+02
6.250000000000000000e+02
6.420000000000000000e+02
6.000000000000000000e+02
6.210000000000000000e+02
6.460000000000000000e+02
6.060000000000000000e+02
6.420000000000000000e+02
6.710000000000000000e+02
6.680000000000000000e+02
6.640000000000000000e+02
7.050000000000000000e+02
7.130000000000000000e+02
6.370000000000000000e+02
7.450000000000000000e+02
7.640000000000000000e+02
7.020000000000000000e+02
6.710000000000000000e+02
6.060000000000000000e+02
6.980000000000000000e+02
6.550000000000000000e+02
7.620000000000000000e+02
7.260000000000000000e+02
7.420000000000000000e+02
7.300000000000000000e+02
7.840000000000000000e+02
8.540000000000000000e+02
8.090000000000000000e+02
9.670000000000000000e+02
1.057000000000000000e+03
1.035000000000000000e+03
1.011000000000000000e+03
9.630000000000000000e+02
9.880000000000000000e+02
1.055000000000000000e+03
1.155000000000000000e+03
1.230000000000000000e+03
1.323000000000000000e+03
1.350000000000000000e+03
1.419000000000000000e+03
1.491000000000000000e+03
1.720000000000000000e+03
2.090000000000000000e+03
2.703000000000000000e+03
3.396000000000000000e+03
3.534000000000000000e+03
3.707000000000000000e+03
3.921000000000000000e+03
4.612000000000000000e+03
3.881000000000000000e+03
3.742000000000000000e+03
2.879000000000000000e+03
2.752000000000000000e+03
2.615000000000000000e+03
3.110000000000000000e+03
3.087000000000000000e+03
3.597000000000000000e+03
7.347000000000000000e+03
