5.283800000000000000e+04
3.089000000000000000e+03
1.274000000000000000e+03
7.990000000000000000e+02
5.040000000000000000e+02
4.170000000000000000e+02
3.920000000000000000e+02
3.630000000000000000e+02
3.280000000000000000e+02
2.960000000000000000e+02
3.110000000000000000e+02
3.130000000000000000e+02
3.580000000000000000e+02
4.150000000000000000e+02
4.250000000000000000e+02
4.760000000000000000e+02
4.760000000000000000e+02
5.490000000000000000e+02
6.580000000000000000e+02
6.210000000000000000e+02
6.110000000000000000e+02
6.730000000000000000e+02
7.210000000000000000e+02
8.200000000000000000e+02
8.890000000000000000e+02
1.086000000000000000e+03
1.001000000000000000e+03
1.366000000000000000e+03
1.082000000000000000e+03
1.126000000000000000e+03
1.018000000000000000e+03
1.061000000000000000e+03
1.018000000000000000e+03
1.029000000000000000e+03
1.040000000000000000e+03
1.186000000000000000e+03
1.052000000000000000e+03
1.093000000000000000e+03
1.004000000000000000e+03
9.900000000000000000e+02
1.031000000000000000e+03
9.150000000000000000e+02
8.980000000000000000e+02
9.260000000000000000e+02
8.510000000000000000e+02
8.660000000000000000e+02
8.260000000000000000e+02
7.610000000000000000e+02
7.770000000000000000e+02
8.010000000000000000e+02
7.940000000000000000e+02
7.860000000000000000e+02
7.880000000000000000e+02
7.850000000000000000e+02
8.840000000000000000e+02
8.630000000000000000e+02
8.440000000000000000e+02
9.190000000000000000e+02
8.510000000000000000e+02
8.940000000000000000e+02
8.780000000000000000e+02
8.750000000000000000e+02
8.860000000000000000e+02
8.710000000000000000e+02
8.740000000000000000e+02
8.890000000000000000e+02
8.670000000000000000e+02
9.120000000000000000e+02
8.740000000000000000e+02
9.720000000000000000e+02
8.370000000000000000e+02
9.190000000000000000e+02
9.210000000000000000e+02
8.840000000000000000e+02
9.590000000000000000e+02
9.190000000000000000e+02
9.100000000000000000e+02
9.170000000000000000e+02
8.970000000000000000e+02
9.090000000000000000e+02
9.380000000000000000e+02
9.030000000000000000e+02
9.030000000000000000e+02
8.880000000000000000e+02
8.620000000000000000e+02
8.660000000000000000e+02
8.370000000000000000e+02
8.770000000000000000e+02
8.680000000000000000e+02
8.960000000000000000e+02
8.290000000000000000e+02
7.960000000000000000e+02
8.550000000000000000e+02
8.160000000000000000e+02
8.210000000000000000e+02
8.340000000000000000e+02
8.150000000000000000e+02
8.320000000000000000e+02
8.170000000000000000e+02
8.350000000000000000e+02
8.510000000000000000e+02
8.630000000000000000e+02
9.450000000000000000e+02
1.009000000000000000e+03
9.870000000000000000e+02
1.038000000000000000e+03
1.063000000000000000e+03
1.151000000000000000e+03
1.171000000000000000e+03
1.235000000000000000e+03
1.223000000000000000e+03
1.271000000000000000e+03
1.290000000000000000e+03
1.317000000000000000e+03
1.330000000000000000e+03
1.255000000000000000e+03
1.240000000000000000e+03
1.175000000000000000e+03
1.146000000000000000e+03
1.016000000000000000e+03
1.026000000000000000e+03
9.880000000000000000e+02
9.180000000000000000e+02
8.440000000000000000e+02
9.130000000000000000e+02
8.410000000000000000e+02
8.340000000000000000e+02
8.060000000000000000e+02
7.880000000000000000e+02
7.830000000000000000e+02
7.310000000000000000e+02
8.230000000000000000e+02
7.960000000000000000e+02
7.950000000000000000e+02
8.060000000000000000e+02
7.840000000000000000e+02
8.210000000000000000e+02
8.460000000000000000e+02
7.890000000000000000e+02
7.350000000000000000e+02
7.570000000000000000e+02
7.500000000000000000e+02
7.870000000000000000e+02
7.950000000000000000e+02
8.580000000000000000e+02
8.540000000000000000e+02
8.590000000000000000e+02
8.600000000000000000e+02
8.880000000000000000e+02
8.840000000000000000e+02
9.010000000000000000e+02
9.020000000000000000e+02
8.330000000000000000e+02
8.620000000000000000e+02
8.640000000000000000e+02
7.880000000000000000e+02
8.170000000000000000e+02
8.140000000000000000e+02
8.050000000000000000e+02
8.540000000000000000e+02
7.580000000000000000e+02
7.820000000000000000e+02
7.570000000000000000e+02
7.290000000000000000e+02
7.590000000000000000e+02
7.080000000000000000e+02
6.800000000000000000e+02
7.240000000000000000e+02
6.930000000000000000e+02
6.270000000000000000e+02
6.080000000000000000e+02
6.960000000000000000e+02
6.690000000000000000e+02
6.230000000000000000e+02
7.140000000000000000e+02
6.600000000000000000e+02
7.090000000000000000e+02
7.710000000000000000e+02
7.280000000000000000e+02
7.770000000000000000e+02
7.790000000000000000e+02
8.590000000000000000e+02
8.300000000000000000e+02
8.170000000000000000e+02
8.180000000000000000e+02
7.360000000000000000e+02
7.310000000000000000e+02
7.550000000000000000e+02
7.480000000000000000e+02
7.320000000000000000e+02
7.550000000000000000e+02
7.350000000000000000e+02
6.430000000000000000e+02
6.340000000000000000e+02
5.680000000000000000e+02
4.790000000000000000e+02
4.490000000000000000e+02
4.120000000000000000e+02
4.140000000000000000e+02
3.720000000000000000e+02
3.570000000000000000e+02
3.250000000000000000e+02
3.220000000000000000e+02
3.010000000000000000e+02
3.150000000000000000e+02
2.810000000000000000e+02
3.300000000000000000e+02
2.880000000000000000e+02
3.320000000000000000e+02
2.810000000000000000e+02
3.410000000000000000e+02
3.100000000000000000e+02
2.980000000000000000e+02
3.120000000000000000e+02
2.780000000000000000e+02
2.710000000000000000e+02
2.870000000000000000e+02
2.950000000000000000e+02
3.280000000000000000e+02
2.860000000000000000e+02
3.020000000000000000e+02
2.440000000000000000e+02
2.460000000000000000e+02
2.690000000000000000e+02
2.760000000000000000e+02
2.680000000000000000e+02
2.330000000000000000e+02
2.650000000000000000e+02
2.300000000000000000e+02
2.630000000000000000e+02
2.860000000000000000e+02
2.770000000000000000e+02
2.600000000000000000e+02
2.790000000000000000e+02
2.700000000000000000e+02
2.770000000000000000e+02
3.030000000000000000e+02
3.170000000000000000e+02
3.170000000000000000e+02
2.950000000000000000e+02
3.230000000000000000e+02
3.500000000000000000e+02
3.830000000000000000e+02
3.490000000000000000e+02
4.000000000000000000e+02
3.680000000000000000e+02
4.220000000000000000e+02
4.060000000000000000e+02
4.030000000000000000e+02
4.500000000000000000e+02
4.370000000000000000e+02
4.500000000000000000e+02
4.940000000000000000e+02
5.300000000000000000e+02
7.930000000000000000e+02
1.528000000000000000e+03
5.297700000000000000e+04
2.699000000000000000e+03
1.275000000000000000e+03
7.910000000000000000e+02
4.740000000000000000e+02
3.590000000000000000e+02
2.850000000000000000e+02
2.250000000000000000e+02
2.730000000000000000e+02
2.000000000000000000e+02
1.990000000000000000e+02
1.890000000000000000e+02
2.270000000000000000e+02
2.540000000000000000e+02
2.760000000000000000e+02
3.310000000000000000e+02
3.890000000000000000e+02
4.170000000000000000e+02
5.040000000000000000e+02
5.650000000000000000e+02
5.890000000000000000e+02
7.020000000000000000e+02
7.130000000000000000e+02
7.350000000000000000e+02
8.060000000000000000e+02
8.680000000000000000e+02
9.030000000000000000e+02
1.006000000000000000e+03
1.123000000000000000e+03
1.075000000000000000e+03
1.305000000000000000e+03
1.079000000000000000e+03
1.167000000000000000e+03
1.040000000000000000e+03
1.089000000000000000e+03
1.003000000000000000e+03
1.028000000000000000e+03
9.700000000000000000e+02
1.113000000000000000e+03
1.036000000000000000e+03
1.018000000000000000e+03
8.990000000000000000e+02
9.660000000000000000e+02
8.980000000000000000e+02
8.800000000000000000e+02
8.280000000000000000e+02
7.700000000000000000e+02
7.740000000000000000e+02
7.640000000000000000e+02
7.590000000000000000e+02
7.270000000000000000e+02
7.240000000000000000e+02
7.060000000000000000e+02
7.290000000000000000e+02
7.050000000000000000e+02
6.950000000000000000e+02
7.500000000000000000e+02
7.480000000000000000e+02
7.700000000000000000e+02
7.620000000000000000e+02
6.710000000000000000e+02
7.380000000000000000e+02
7.720000000000000000e+02
7.770000000000000000e+02
7.900000000000000000e+02
7.780000000000000000e+02
8.120000000000000000e+02
7.510000000000000000e+02
7.980000000000000000e+02
8.430000000000000000e+02
8.330000000000000000e+02
8.840000000000000000e+02
8.440000000000000000e+02
9.420000000000000000e+02
8.790000000000000000e+02
9.230000000000000000e+02
9.550000000000000000e+02
9.000000000000000000e+02
9.400000000000000000e+02
9.200000000000000000e+02
9.520000000000000000e+02
9.340000000000000000e+02
9.230000000000000000e+02
9.170000000000000000e+02
9.140000000000000000e+02
9.620000000000000000e+02
9.640000000000000000e+02
9.770000000000000000e+02
8.860000000000000000e+02
9.480000000000000000e+02
9.340000000000000000e+02
8.850000000000000000e+02
8.750000000000000000e+02
8.450000000000000000e+02
8.660000000000000000e+02
8.590000000000000000e+02
8.820000000000000000e+02
8.990000000000000000e+02
9.030000000000000000e+02
8.870000000000000000e+02
9.220000000000000000e+02
9.360000000000000000e+02
9.290000000000000000e+02
9.600000000000000000e+02
9.620000000000000000e+02
1.039000000000000000e+03
1.143000000000000000e+03
1.107000000000000000e+03
1.181000000000000000e+03
1.210000000000000000e+03
1.190000000000000000e+03
1.138000000000000000e+03
1.092000000000000000e+03
1.165000000000000000e+03
1.067000000000000000e+03
1.077000000000000000e+03
1.069000000000000000e+03
1.046000000000000000e+03
9.920000000000000000e+02
9.590000000000000000e+02
9.030000000000000000e+02
8.810000000000000000e+02
9.200000000000000000e+02
8.880000000000000000e+02
8.350000000000000000e+02
8.870000000000000000e+02
8.840000000000000000e+02
8.310000000000000000e+02
8.100000000000000000e+02
7.820000000000000000e+02
7.820000000000000000e+02
8.020000000000000000e+02
7.720000000000000000e+02
8.040000000000000000e+02
8.110000000000000000e+02
7.730000000000000000e+02
7.240000000000000000e+02
7.640000000000000000e+02
7.410000000000000000e+02
7.330000000000000000e+02
6.870000000000000000e+02
7.100000000000000000e+02
6.940000000000000000e+02
6.820000000000000000e+02
6.860000000000000000e+02
6.560000000000000000e+02
6.810000000000000000e+02
6.530000000000000000e+02
6.470000000000000000e+02
7.130000000000000000e+02
6.960000000000000000e+02
7.640000000000000000e+02
7.330000000000000000e+02
7.920000000000000000e+02
7.910000000000000000e+02
8.300000000000000000e+02
7.990000000000000000e+02
7.710000000000000000e+02
7.710000000000000000e+02
7.320000000000000000e+02
7.510000000000000000e+02
8.060000000000000000e+02
8.180000000000000000e+02
7.830000000000000000e+02
7.650000000000000000e+02
7.200000000000000000e+02
7.770000000000000000e+02
7.950000000000000000e+02
7.830000000000000000e+02
8.440000000000000000e+02
7.780000000000000000e+02
7.590000000000000000e+02
7.160000000000000000e+02
7.560000000000000000e+02
7.800000000000000000e+02
8.190000000000000000e+02
8.130000000000000000e+02
7.490000000000000000e+02
7.400000000000000000e+02
7.150000000000000000e+02
6.790000000000000000e+02
6.320000000000000000e+02
6.690000000000000000e+02
5.990000000000000000e+02
6.080000000000000000e+02
6.010000000000000000e+02
5.970000000000000000e+02
6.380000000000000000e+02
6.020000000000000000e+02
6.730000000000000000e+02
6.440000000000000000e+02
6.000000000000000000e+02
6.060000000000000000e+02
6.950000000000000000e+02
6.600000000000000000e+02
7.600000000000000000e+02
7.070000000000000000e+02
7.300000000000000000e+02
7.360000000000000000e+02
7.690000000000000000e+02
6.760000000000000000e+02
7.230000000000000000e+02
7.030000000000000000e+02
7.240000000000000000e+02
7.240000000000000000e+02
7.510000000000000000e+02
7.260000000000000000e+02
8.010000000000000000e+02
7.330000000000000000e+02
7.590000000000000000e+02
6.860000000000000000e+02
6.580000000000000000e+02
5.690000000000000000e+02
5.790000000000000000e+02
5.110000000000000000e+02
4.700000000000000000e+02
4.170000000000000000e+02
4.030000000000000000e+02
3.540000000000000000e+02
3.520000000000000000e+02
3.250000000000000000e+02
3.430000000000000000e+02
3.350000000000000000e+02
3.150000000000000000e+02
3.380000000000000000e+02
2.900000000000000000e+02
3.310000000000000000e+02
3.280000000000000000e+02
2.860000000000000000e+02
2.870000000000000000e+02
3.330000000000000000e+02
3.010000000000000000e+02
3.320000000000000000e+02
3.260000000000000000e+02
3.480000000000000000e+02
3.410000000000000000e+02
3.490000000000000000e+02
3.480000000000000000e+02
3.720000000000000000e+02
3.380000000000000000e+02
3.870000000000000000e+02
3.980000000000000000e+02
3.980000000000000000e+02
3.730000000000000000e+02
4.210000000000000000e+02
4.030000000000000000e+02
4.100000000000000000e+02
4.210000000000000000e+02
4.660000000000000000e+02
4.590000000000000000e+02
4.350000000000000000e+02
4.960000000000000000e+02
4.560000000000000000e+02
4.250000000000000000e+02
6.520000000000000000e+02
7.510000000000000000e+02
5.070400000000000000e+04
1.600000000000000000e+03
2.855000000000000000e+03
1.176000000000000000e+03
8.390000000000000000e+02
7.040000000000000000e+02
3.700000000000000000e+02
2.350000000000000000e+02
2.520000000000000000e+02
1.520000000000000000e+02
1.520000000000000000e+02
1.680000000000000000e+02
1.460000000000000000e+02
1.460000000000000000e+02
1.470000000000000000e+02
1.360000000000000000e+02
1.220000000000000000e+02
1.490000000000000000e+02
1.780000000000000000e+02
1.880000000000000000e+02
2.240000000000000000e+02
2.310000000000000000e+02
3.160000000000000000e+02
4.130000000000000000e+02
4.520000000000000000e+02
4.940000000000000000e+02
4.720000000000000000e+02
5.760000000000000000e+02
6.780000000000000000e+02
7.640000000000000000e+02
8.300000000000000000e+02
9.100000000000000000e+02
9.570000000000000000e+02
1.031000000000000000e+03
1.165000000000000000e+03
1.301000000000000000e+03
1.269000000000000000e+03
1.569000000000000000e+03
1.262000000000000000e+03
1.427000000000000000e+03
1.258000000000000000e+03
1.399000000000000000e+03
1.333000000000000000e+03
1.419000000000000000e+03
1.247000000000000000e+03
1.435000000000000000e+03
1.321000000000000000e+03
1.354000000000000000e+03
1.281000000000000000e+03
1.240000000000000000e+03
1.263000000000000000e+03
1.276000000000000000e+03
1.218000000000000000e+03
1.269000000000000000e+03
1.215000000000000000e+03
1.189000000000000000e+03
1.203000000000000000e+03
1.296000000000000000e+03
1.180000000000000000e+03
1.121000000000000000e+03
1.153000000000000000e+03
1.094000000000000000e+03
1.141000000000000000e+03
1.063000000000000000e+03
1.041000000000000000e+03
1.093000000000000000e+03
1.053000000000000000e+03
1.047000000000000000e+03
9.460000000000000000e+02
9.640000000000000000e+02
9.520000000000000000e+02
9.760000000000000000e+02
8.910000000000000000e+02
9.090000000000000000e+02
9.040000000000000000e+02
9.220000000000000000e+02
8.590000000000000000e+02
8.620000000000000000e+02
8.290000000000000000e+02
8.430000000000000000e+02
8.680000000000000000e+02
7.830000000000000000e+02
7.920000000000000000e+02
7.950000000000000000e+02
7.820000000000000000e+02
7.350000000000000000e+02
7.350000000000000000e+02
7.570000000000000000e+02
7.380000000000000000e+02
7.380000000000000000e+02
7.630000000000000000e+02
7.740000000000000000e+02
7.820000000000000000e+02
7.820000000000000000e+02
7.460000000000000000e+02
8.070000000000000000e+02
6.840000000000000000e+02
6.690000000000000000e+02
6.840000000000000000e+02
7.270000000000000000e+02
6.820000000000000000e+02
6.910000000000000000e+02
6.900000000000000000e+02
7.280000000000000000e+02
7.040000000000000000e+02
6.820000000000000000e+02
7.530000000000000000e+02
7.290000000000000000e+02
7.060000000000000000e+02
7.010000000000000000e+02
7.230000000000000000e+02
6.860000000000000000e+02
8.030000000000000000e+02
6.910000000000000000e+02
7.350000000000000000e+02
8.100000000000000000e+02
7.500000000000000000e+02
7.790000000000000000e+02
8.540000000000000000e+02
9.030000000000000000e+02
9.120000000000000000e+02
9.580000000000000000e+02
9.200000000000000000e+02
9.360000000000000000e+02
9.530000000000000000e+02
9.560000000000000000e+02
9.380000000000000000e+02
8.940000000000000000e+02
8.750000000000000000e+02
8.420000000000000000e+02
7.570000000000000000e+02
7.130000000000000000e+02
6.500000000000000000e+02
6.400000000000000000e+02
6.450000000000000000e+02
6.460000000000000000e+02
6.690000000000000000e+02
6.830000000000000000e+02
6.260000000000000000e+02
6.830000000000000000e+02
6.220000000000000000e+02
6.500000000000000000e+02
6.210000000000000000e+02
6.490000000000000000e+02
6.820000000000000000e+02
7.130000000000000000e+02
7.020000000000000000e+02
7.170000000000000000e+02
6.800000000000000000e+02
6.700000000000000000e+02
6.640000000000000000e+02
5.920000000000000000e+02
5.790000000000000000e+02
6.330000000000000000e+02
6.490000000000000000e+02
6.450000000000000000e+02
6.600000000000000000e+02
6.400000000000000000e+02
5.820000000000000000e+02
5.750000000000000000e+02
5.570000000000000000e+02
6.190000000000000000e+02
6.020000000000000000e+02
6.090000000000000000e+02
5.880000000000000000e+02
6.600000000000000000e+02
6.160000000000000000e+02
5.800000000000000000e+02
6.240000000000000000e+02
6.670000000000000000e+02
6.730000000000000000e+02
6.540000000000000000e+02
7.060000000000000000e+02
6.820000000000000000e+02
7.730000000000000000e+02
7.870000000000000000e+02
8.340000000000000000e+02
7.940000000000000000e+02
8.650000000000000000e+02
8.650000000000000000e+02
8.840000000000000000e+02
8.540000000000000000e+02
8.020000000000000000e+02
8.940000000000000000e+02
8.910000000000000000e+02
9.200000000000000000e+02
9.310000000000000000e+02
9.010000000000000000e+02
8.440000000000000000e+02
8.980000000000000000e+02
8.620000000000000000e+02
8.950000000000000000e+02
8.580000000000000000e+02
8.070000000000000000e+02
7.350000000000000000e+02
7.420000000000000000e+02
7.870000000000000000e+02
7.720000000000000000e+02
7.980000000000000000e+02
6.890000000000000000e+02
6.390000000000000000e+02
6.280000000000000000e+02
6.110000000000000000e+02
5.970000000000000000e+02
5.920000000000000000e+02
6.190000000000000000e+02
6.690000000000000000e+02
5.650000000000000000e+02
6.340000000000000000e+02
6.360000000000000000e+02
6.660000000000000000e+02
5.950000000000000000e+02
6.260000000000000000e+02
6.600000000000000000e+02
6.330000000000000000e+02
7.180000000000000000e+02
6.640000000000000000e+02
6.960000000000000000e+02
7.290000000000000000e+02
6.720000000000000000e+02
7.230000000000000000e+02
6.690000000000000000e+02
7.030000000000000000e+02
7.160000000000000000e+02
6.960000000000000000e+02
7.310000000000000000e+02
6.860000000000000000e+02
6.380000000000000000e+02
6.600000000000000000e+02
6.480000000000000000e+02
5.960000000000000000e+02
6.450000000000000000e+02
5.610000000000000000e+02
4.940000000000000000e+02
4.440000000000000000e+02
4.480000000000000000e+02
3.820000000000000000e+02
3.350000000000000000e+02
3.370000000000000000e+02
2.780000000000000000e+02
2.870000000000000000e+02
2.620000000000000000e+02
2.760000000000000000e+02
2.470000000000000000e+02
2.430000000000000000e+02
2.150000000000000000e+02
2.080000000000000000e+02
2.130000000000000000e+02
2.100000000000000000e+02
2.170000000000000000e+02
2.160000000000000000e+02
2.280000000000000000e+02
1.860000000000000000e+02
2.550000000000000000e+02
4.760000000000000000e+02
9.220000000000000000e+02
