9.490000000000000000e+02
7.350000000000000000e+02
9.780000000000000000e+02
1.129000000000000000e+03
1.311000000000000000e+03
1.475000000000000000e+03
1.620000000000000000e+03
1.619000000000000000e+03
1.637000000000000000e+03
1.435000000000000000e+03
1.357000000000000000e+03
1.328000000000000000e+03
1.402000000000000000e+03
1.519000000000000000e+03
1.654000000000000000e+03
1.833000000000000000e+03
2.050000000000000000e+03
2.213000000000000000e+03
2.495000000000000000e+03
2.685000000000000000e+03
3.008000000000000000e+03
2.887000000000000000e+03
2.906000000000000000e+03
2.924000000000000000e+03
2.629000000000000000e+03
2.463000000000000000e+03
2.463000000000000000e+03
2.592000000000000000e+03
2.612000000000000000e+03
2.455000000000000000e+03
2.395000000000000000e+03
2.340000000000000000e+03
2.443000000000000000e+03
2.373000000000000000e+03
2.130000000000000000e+03
2.185000000000000000e+03
2.172000000000000000e+03
2.244000000000000000e+03
2.100000000000000000e+03
2.020000000000000000e+03
1.930000000000000000e+03
1.932000000000000000e+03
1.840000000000000000e+03
1.680000000000000000e+03
1.473000000000000000e+03
1.477000000000000000e+03
1.325000000000000000e+03
1.182000000000000000e+03
1.192000000000000000e+03
1.191000000000000000e+03
1.206000000000000000e+03
1.257000000000000000e+03
1.205000000000000000e+03
1.050000000000000000e+03
1.045000000000000000e+03
1.061000000000000000e+03
1.006000000000000000e+03
1.058000000000000000e+03
1.012000000000000000e+03
1.031000000000000000e+03
1.099000000000000000e+03
1.149000000000000000e+03
1.129000000000000000e+03
1.134000000000000000e+03
1.290000000000000000e+03
1.319000000000000000e+03
1.312000000000000000e+03
1.342000000000000000e+03
1.312000000000000000e+03
1.367000000000000000e+03
1.504000000000000000e+03
1.497000000000000000e+03
1.595000000000000000e+03
1.523000000000000000e+03
1.623000000000000000e+03
1.501000000000000000e+03
1.550000000000000000e+03
1.448000000000000000e+03
1.231000000000000000e+03
1.245000000000000000e+03
1.234000000000000000e+03
1.167000000000000000e+03
1.177000000000000000e+03
1.081000000000000000e+03
9.490000000000000000e+02
9.700000000000000000e+02
9.240000000000000000e+02
9.230000000000000000e+02
9.160000000000000000e+02
8.090000000000000000e+02
7.980000000000000000e+02
8.070000000000000000e+02
7.810000000000000000e+02
7.960000000000000000e+02
7.860000000000000000e+02
7.640000000000000000e+02
8.090000000000000000e+02
8.550000000000000000e+02
7.650000000000000000e+02
7.410000000000000000e+02
7.050000000000000000e+02
7.260000000000000000e+02
6.960000000000000000e+02
7.410000000000000000e+02
6.980000000000000000e+02
6.640000000000000000e+02
6.960000000000000000e+02
6.620000000000000000e+02
6.980000000000000000e+02
6.950000000000000000e+02
7.820000000000000000e+02
7.880000000000000000e+02
8.010000000000000000e+02
7.970000000000000000e+02
8.080000000000000000e+02
7.660000000000000000e+02
7.670000000000000000e+02
7.800000000000000000e+02
6.880000000000000000e+02
6.300000000000000000e+02
7.090000000000000000e+02
6.870000000000000000e+02
6.870000000000000000e+02
7.000000000000000000e+02
6.800000000000000000e+02
6.380000000000000000e+02
6.880000000000000000e+02
7.690000000000000000e+02
7.460000000000000000e+02
8.620000000000000000e+02
8.120000000000000000e+02
7.270000000000000000e+02
7.460000000000000000e+02
6.730000000000000000e+02
6.830000000000000000e+02
7.050000000000000000e+02
6.670000000000000000e+02
6.430000000000000000e+02
6.020000000000000000e+02
6.080000000000000000e+02
6.200000000000000000e+02
5.520000000000000000e+02
5.190000000000000000e+02
5.110000000000000000e+02
4.960000000000000000e+02
5.850000000000000000e+02
5.980000000000000000e+02
5.560000000000000000e+02
5.780000000000000000e+02
5.760000000000000000e+02
4.800000000000000000e+02
4.830000000000000000e+02
4.290000000000000000e+02
4.400000000000000000e+02
3.940000000000000000e+02
4.490000000000000000e+02
4.560000000000000000e+02
4.630000000000000000e+02
4.840000000000000000e+02
4.500000000000000000e+02
4.940000000000000000e+02
4.850000000000000000e+02
4.640000000000000000e+02
4.790000000000000000e+02
4.730000000000000000e+02
4.920000000000000000e+02
4.770000000000000000e+02
4.790000000000000000e+02
4.440000000000000000e+02
4.750000000000000000e+02
4.870000000000000000e+02
5.380000000000000000e+02
5.460000000000000000e+02
5.740000000000000000e+02
5.540000000000000000e+02
5.560000000000000000e+02
5.890000000000000000e+02
5.880000000000000000e+02
6.150000000000000000e+02
6.820000000000000000e+02
6.280000000000000000e+02
6.180000000000000000e+02
5.850000000000000000e+02
6.130000000000000000e+02
6.380000000000000000e+02
6.000000000000000000e+02
6.340000000000000000e+02
5.560000000000000000e+02
5.700000000000000000e+02
5.560000000000000000e+02
5.700000000000000000e+02
5.650000000000000000e+02
5.090000000000000000e+02
4.870000000000000000e+02
5.160000000000000000e+02
5.570000000000000000e+02
5.100000000000000000e+02
5.370000000000000000e+02
4.870000000000000000e+02
5.190000000000000000e+02
5.590000000000000000e+02
6.380000000000000000e+02
5.680000000000000000e+02
6.040000000000000000e+02
5.530000000000000000e+02
5.950000000000000000e+02
6.010000000000000000e+02
6.130000000000000000e+02
6.850000000000000000e+02
6.100000000000000000e+02
6.260000000000000000e+02
5.770000000000000000e+02
5.940000000000000000e+02
6.200000000000000000e+02
5.850000000000000000e+02
6.070000000000000000e+02
6.190000000000000000e+02
6.570000000000000000e+02
6.940000000000000000e+02
6.330000000000000000e+02
5.710000000000000000e+02
5.330000000000000000e+02
4.050000000000000000e+02
3.970000000000000000e+02
3.650000000000000000e+02
3.570000000000000000e+02
3.830000000000000000e+02
3.540000000000000000e+02
3.470000000000000000e+02
3.820000000000000000e+02
3.270000000000000000e+02
3.690000000000000000e+02
3.690000000000000000e+02
3.750000000000000000e+02
3.420000000000000000e+02
3.350000000000000000e+02
3.280000000000000000e+02
3.590000000000000000e+02
3.810000000000000000e+02
3.670000000000000000e+02
3.570000000000000000e+02
3.620000000000000000e+02
3.820000000000000000e+02
4.210000000000000000e+02
4.170000000000000000e+02
4.050000000000000000e+02
3.510000000000000000e+02
4.060000000000000000e+02
4.340000000000000000e+02
4.130000000000000000e+02
4.290000000000000000e+02
5.200000000000000000e+02
5.390000000000000000e+02
6.070000000000000000e+02
5.270000000000000000e+02
9.210000000000000000e+02
7.020000000000000000e+02
7.210000000000000000e+02
9.850000000000000000e+02
1.207000000000000000e+03
1.250000000000000000e+03
1.402000000000000000e+03
1.609000000000000000e+03
1.529000000000000000e+03
1.545000000000000000e+03
1.453000000000000000e+03
1.395000000000000000e+03
1.329000000000000000e+03
1.228000000000000000e+03
1.153000000000000000e+03
1.158000000000000000e+03
1.159000000000000000e+03
1.205000000000000000e+03
1.280000000000000000e+03
1.411000000000000000e+03
1.482000000000000000e+03
1.514000000000000000e+03
1.754000000000000000e+03
1.990000000000000000e+03
2.253000000000000000e+03
2.263000000000000000e+03
2.425000000000000000e+03
2.717000000000000000e+03
3.116000000000000000e+03
3.223000000000000000e+03
3.100000000000000000e+03
2.994000000000000000e+03
3.037000000000000000e+03
2.806000000000000000e+03
2.468000000000000000e+03
2.458000000000000000e+03
2.370000000000000000e+03
2.159000000000000000e+03
2.016000000000000000e+03
1.931000000000000000e+03
1.829000000000000000e+03
1.817000000000000000e+03
1.704000000000000000e+03
1.491000000000000000e+03
1.517000000000000000e+03
1.495000000000000000e+03
1.582000000000000000e+03
1.466000000000000000e+03
1.518000000000000000e+03
1.578000000000000000e+03
1.555000000000000000e+03
1.346000000000000000e+03
1.321000000000000000e+03
1.221000000000000000e+03
1.214000000000000000e+03
1.202000000000000000e+03
1.135000000000000000e+03
1.139000000000000000e+03
1.009000000000000000e+03
1.061000000000000000e+03
1.013000000000000000e+03
9.220000000000000000e+02
9.170000000000000000e+02
9.190000000000000000e+02
8.450000000000000000e+02
9.060000000000000000e+02
8.700000000000000000e+02
8.660000000000000000e+02
8.760000000000000000e+02
8.650000000000000000e+02
8.650000000000000000e+02
8.830000000000000000e+02
9.260000000000000000e+02
8.940000000000000000e+02
9.340000000000000000e+02
9.420000000000000000e+02
9.750000000000000000e+02
1.051000000000000000e+03
1.157000000000000000e+03
1.262000000000000000e+03
1.235000000000000000e+03
1.360000000000000000e+03
1.352000000000000000e+03
1.329000000000000000e+03
1.396000000000000000e+03
1.407000000000000000e+03
1.438000000000000000e+03
1.497000000000000000e+03
1.460000000000000000e+03
1.472000000000000000e+03
1.436000000000000000e+03
1.374000000000000000e+03
1.434000000000000000e+03
1.384000000000000000e+03
1.377000000000000000e+03
1.406000000000000000e+03
1.311000000000000000e+03
1.357000000000000000e+03
1.343000000000000000e+03
1.337000000000000000e+03
1.255000000000000000e+03
1.190000000000000000e+03
1.077000000000000000e+03
1.060000000000000000e+03
9.160000000000000000e+02
8.590000000000000000e+02
8.670000000000000000e+02
8.540000000000000000e+02
8.290000000000000000e+02
7.380000000000000000e+02
8.040000000000000000e+02
8.310000000000000000e+02
7.710000000000000000e+02
7.590000000000000000e+02
8.590000000000000000e+02
8.180000000000000000e+02
8.350000000000000000e+02
8.240000000000000000e+02
8.090000000000000000e+02
8.630000000000000000e+02
8.120000000000000000e+02
8.040000000000000000e+02
8.190000000000000000e+02
8.850000000000000000e+02
8.780000000000000000e+02
8.320000000000000000e+02
8.080000000000000000e+02
9.250000000000000000e+02
9.360000000000000000e+02
9.040000000000000000e+02
8.830000000000000000e+02
8.440000000000000000e+02
8.990000000000000000e+02
8.880000000000000000e+02
8.290000000000000000e+02
8.060000000000000000e+02
8.280000000000000000e+02
8.380000000000000000e+02
7.670000000000000000e+02
7.080000000000000000e+02
7.230000000000000000e+02
7.340000000000000000e+02
7.630000000000000000e+02
7.740000000000000000e+02
8.250000000000000000e+02
7.570000000000000000e+02
7.930000000000000000e+02
7.700000000000000000e+02
7.740000000000000000e+02
8.340000000000000000e+02
7.820000000000000000e+02
8.470000000000000000e+02
9.010000000000000000e+02
9.680000000000000000e+02
9.810000000000000000e+02
8.830000000000000000e+02
9.110000000000000000e+02
8.590000000000000000e+02
7.980000000000000000e+02
7.600000000000000000e+02
7.840000000000000000e+02
7.200000000000000000e+02
7.220000000000000000e+02
7.400000000000000000e+02
7.220000000000000000e+02
7.270000000000000000e+02
6.400000000000000000e+02
6.700000000000000000e+02
6.430000000000000000e+02
6.450000000000000000e+02
6.390000000000000000e+02
6.280000000000000000e+02
6.640000000000000000e+02
6.310000000000000000e+02
6.040000000000000000e+02
6.180000000000000000e+02
6.360000000000000000e+02
6.000000000000000000e+02
6.040000000000000000e+02
6.030000000000000000e+02
6.160000000000000000e+02
6.400000000000000000e+02
5.930000000000000000e+02
6.380000000000000000e+02
6.600000000000000000e+02
6.390000000000000000e+02
6.370000000000000000e+02
6.250000000000000000e+02
6.150000000000000000e+02
5.800000000000000000e+02
6.170000000000000000e+02
5.840000000000000000e+02
6.300000000000000000e+02
5.990000000000000000e+02
5.500000000000000000e+02
6.050000000000000000e+02
6.450000000000000000e+02
6.230000000000000000e+02
5.960000000000000000e+02
5.350000000000000000e+02
5.800000000000000000e+02
5.240000000000000000e+02
5.350000000000000000e+02
5.640000000000000000e+02
5.730000000000000000e+02
5.070000000000000000e+02
4.710000000000000000e+02
4.890000000000000000e+02
4.130000000000000000e+02
4.640000000000000000e+02
4.130000000000000000e+02
3.960000000000000000e+02
4.210000000000000000e+02
4.110000000000000000e+02
4.260000000000000000e+02
3.700000000000000000e+02
3.810000000000000000e+02
4.250000000000000000e+02
4.540000000000000000e+02
3.810000000000000000e+02
4.500000000000000000e+02
4.650000000000000000e+02
4.840000000000000000e+02
4.620000000000000000e+02
3.930000000000000000e+02
4.170000000000000000e+02
3.960000000000000000e+02
3.880000000000000000e+02
4.090000000000000000e+02
3.860000000000000000e+02
4.150000000000000000e+02
4.180000000000000000e+02
3.340000000000000000e+02
2.680000000000000000e+02
2.130000000000000000e+02
1.570000000000000000e+02
1.500000000000000000e+02
1.190000000000000000e+02
9.100000000000000000e+01
9.400000000000000000e+01
9.400000000000000000e+01
9.800000000000000000e+01
1.160000000000000000e+02
1.120000000000000000e+02
9.500000000000000000e+01
8.600000000000000000e+01
8.600000000000000000e+01
1.050000000000000000e+02
8.400000000000000000e+01
6.800000000000000000e+01
5.900000000000000000e+01
2.900000000000000000e+01
1.500000000000000000e+01
1.200000000000000000e+01
1.900000000000000000e+01
6.000000000000000000e+00
4.000000000000000000e+00
6.222000000000000000e+03
2.989000000000000000e+03
3.759000000000000000e+03
3.704000000000000000e+03
3.430000000000000000e+03
2.809000000000000000e+03
2.492000000000000000e+03
2.420000000000000000e+03
2.091000000000000000e+03
1.853000000000000000e+03
1.713000000000000000e+03
1.562000000000000000e+03
1.483000000000000000e+03
1.527000000000000000e+03
1.355000000000000000e+03
1.317000000000000000e+03
1.353000000000000000e+03
1.264000000000000000e+03
1.288000000000000000e+03
1.243000000000000000e+03
1.238000000000000000e+03
1.216000000000000000e+03
1.248000000000000000e+03
1.293000000000000000e+03
1.300000000000000000e+03
1.282000000000000000e+03
1.589000000000000000e+03
1.750000000000000000e+03
1.956000000000000000e+03
1.843000000000000000e+03
1.949000000000000000e+03
1.998000000000000000e+03
2.289000000000000000e+03
2.361000000000000000e+03
2.446000000000000000e+03
2.659000000000000000e+03
2.695000000000000000e+03
2.979000000000000000e+03
3.019000000000000000e+03
2.791000000000000000e+03
2.738000000000000000e+03
2.642000000000000000e+03
2.563000000000000000e+03
2.308000000000000000e+03
2.113000000000000000e+03
1.969000000000000000e+03
1.816000000000000000e+03
1.767000000000000000e+03
1.649000000000000000e+03
1.619000000000000000e+03
1.584000000000000000e+03
1.676000000000000000e+03
1.590000000000000000e+03
1.668000000000000000e+03
1.424000000000000000e+03
1.410000000000000000e+03
1.325000000000000000e+03
1.265000000000000000e+03
1.273000000000000000e+03
1.189000000000000000e+03
1.154000000000000000e+03
1.077000000000000000e+03
1.034000000000000000e+03
1.117000000000000000e+03
1.106000000000000000e+03
1.119000000000000000e+03
1.160000000000000000e+03
1.084000000000000000e+03
1.011000000000000000e+03
9.860000000000000000e+02
1.012000000000000000e+03
9.120000000000000000e+02
9.180000000000000000e+02
9.090000000000000000e+02
9.250000000000000000e+02
8.840000000000000000e+02
7.870000000000000000e+02
7.610000000000000000e+02
7.310000000000000000e+02
7.450000000000000000e+02
7.040000000000000000e+02
7.710000000000000000e+02
6.450000000000000000e+02
7.020000000000000000e+02
6.830000000000000000e+02
7.490000000000000000e+02
6.840000000000000000e+02
7.290000000000000000e+02
7.000000000000000000e+02
6.430000000000000000e+02
6.990000000000000000e+02
7.560000000000000000e+02
7.540000000000000000e+02
7.720000000000000000e+02
7.530000000000000000e+02
7.550000000000000000e+02
7.350000000000000000e+02
8.390000000000000000e+02
8.800000000000000000e+02
8.570000000000000000e+02
8.320000000000000000e+02
8.620000000000000000e+02
8.640000000000000000e+02
9.380000000000000000e+02
9.160000000000000000e+02
9.670000000000000000e+02
1.008000000000000000e+03
9.770000000000000000e+02
9.990000000000000000e+02
1.040000000000000000e+03
1.048000000000000000e+03
1.086000000000000000e+03
1.057000000000000000e+03
1.071000000000000000e+03
1.192000000000000000e+03
1.109000000000000000e+03
1.176000000000000000e+03
1.125000000000000000e+03
1.145000000000000000e+03
1.002000000000000000e+03
1.023000000000000000e+03
1.013000000000000000e+03
9.370000000000000000e+02
9.930000000000000000e+02
9.290000000000000000e+02
8.910000000000000000e+02
7.890000000000000000e+02
7.510000000000000000e+02
7.140000000000000000e+02
6.810000000000000000e+02
6.290000000000000000e+02
6.170000000000000000e+02
5.280000000000000000e+02
5.450000000000000000e+02
5.370000000000000000e+02
5.360000000000000000e+02
4.860000000000000000e+02
4.980000000000000000e+02
4.740000000000000000e+02
5.080000000000000000e+02
4.860000000000000000e+02
4.900000000000000000e+02
4.840000000000000000e+02
4.970000000000000000e+02
5.310000000000000000e+02
5.260000000000000000e+02
5.380000000000000000e+02
4.790000000000000000e+02
5.730000000000000000e+02
5.490000000000000000e+02
5.250000000000000000e+02
5.620000000000000000e+02
5.390000000000000000e+02
5.670000000000000000e+02
5.480000000000000000e+02
5.320000000000000000e+02
5.750000000000000000e+02
5.640000000000000000e+02
5.940000000000000000e+02
5.810000000000000000e+02
5.250000000000000000e+02
4.960000000000000000e+02
5.120000000000000000e+02
4.710000000000000000e+02
4.520000000000000000e+02
4.230000000000000000e+02
3.810000000000000000e+02
3.980000000000000000e+02
4.340000000000000000e+02
4.820000000000000000e+02
4.590000000000000000e+02
4.710000000000000000e+02
5.140000000000000000e+02
5.650000000000000000e+02
5.890000000000000000e+02
6.260000000000000000e+02
6.100000000000000000e+02
6.250000000000000000e+02
5.930000000000000000e+02
5.850000000000000000e+02
6.020000000000000000e+02
6.140000000000000000e+02
6.710000000000000000e+02
5.990000000000000000e+02
5.890000000000000000e+02
6.400000000000000000e+02
6.600000000000000000e+02
7.340000000000000000e+02
7.450000000000000000e+02
7.690000000000000000e+02
5.600000000000000000e+02
5.730000000000000000e+02
5.280000000000000000e+02
5.520000000000000000e+02
4.370000000000000000e+02
4.350000000000000000e+02
4.900000000000000000e+02
3.830000000000000000e+02
3.970000000000000000e+02
3.470000000000000000e+02
3.360000000000000000e+02
3.130000000000000000e+02
3.320000000000000000e+02
3.290000000000000000e+02
3.280000000000000000e+02
3.080000000000000000e+02
3.020000000000000000e+02
3.120000000000000000e+02
3.270000000000000000e+02
3.090000000000000000e+02
2.970000000000000000e+02
2.680000000000000000e+02
2.570000000000000000e+02
2.380000000000000000e+02
2.380000000000000000e+02
2.460000000000000000e+02
2.610000000000000000e+02
2.450000000000000000e+02
2.550000000000000000e+02
2.650000000000000000e+02
2.480000000000000000e+02
2.660000000000000000e+02
2.760000000000000000e+02
2.830000000000000000e+02
2.960000000000000000e+02
2.710000000000000000e+02
3.260000000000000000e+02
3.080000000000000000e+02
2.860000000000000000e+02
3.020000000000000000e+02
2.940000000000000000e+02
3.290000000000000000e+02
3.370000000000000000e+02
3.290000000000000000e+02
3.670000000000000000e+02
3.790000000000000000e+02
4.050000000000000000e+02
4.600000000000000000e+02
4.420000000000000000e+02
4.010000000000000000e+02
3.620000000000000000e+02
3.560000000000000000e+02
3.720000000000000000e+02
4.160000000000000000e+02
4.130000000000000000e+02
4.250000000000000000e+02
4.290000000000000000e+02
3.720000000000000000e+02
3.590000000000000000e+02
3.330000000000000000e+02
2.520000000000000000e+02
2.010000000000000000e+02
2.260000000000000000e+02
2.280000000000000000e+02
1.730000000000000000e+02
3.380000000000000000e+02
