2.730000000000000000e+02
4.940000000000000000e+02
1.375000000000000000e+03
2.318000000000000000e+03
2.587000000000000000e+03
3.056000000000000000e+03
3.403000000000000000e+03
3.573000000000000000e+03
4.449000000000000000e+03
5.149000000000000000e+03
5.019000000000000000e+03
3.978000000000000000e+03
3.003000000000000000e+03
2.562000000000000000e+03
2.467000000000000000e+03
2.992000000000000000e+03
2.805000000000000000e+03
2.345000000000000000e+03
2.014000000000000000e+03
1.942000000000000000e+03
1.813000000000000000e+03
1.685000000000000000e+03
1.645000000000000000e+03
1.635000000000000000e+03
1.581000000000000000e+03
1.592000000000000000e+03
1.367000000000000000e+03
1.194000000000000000e+03
1.014000000000000000e+03
8.280000000000000000e+02
8.020000000000000000e+02
7.770000000000000000e+02
7.630000000000000000e+02
7.720000000000000000e+02
7.120000000000000000e+02
6.910000000000000000e+02
6.450000000000000000e+02
6.620000000000000000e+02
6.490000000000000000e+02
6.030000000000000000e+02
6.210000000000000000e+02
6.550000000000000000e+02
6.590000000000000000e+02
6.770000000000000000e+02
6.580000000000000000e+02
6.350000000000000000e+02
6.500000000000000000e+02
6.600000000000000000e+02
7.140000000000000000e+02
6.650000000000000000e+02
6.860000000000000000e+02
7.240000000000000000e+02
7.710000000000000000e+02
7.710000000000000000e+02
8.660000000000000000e+02
1.004000000000000000e+03
1.243000000000000000e+03
1.286000000000000000e+03
1.251000000000000000e+03
1.143000000000000000e+03
9.880000000000000000e+02
9.010000000000000000e+02
8.540000000000000000e+02
8.460000000000000000e+02
8.590000000000000000e+02
1.038000000000000000e+03
1.044000000000000000e+03
1.105000000000000000e+03
1.171000000000000000e+03
1.014000000000000000e+03
1.074000000000000000e+03
1.069000000000000000e+03
1.010000000000000000e+03
9.990000000000000000e+02
1.009000000000000000e+03
1.024000000000000000e+03
9.670000000000000000e+02
9.450000000000000000e+02
1.019000000000000000e+03
1.064000000000000000e+03
1.066000000000000000e+03
1.134000000000000000e+03
1.129000000000000000e+03
1.139000000000000000e+03
1.029000000000000000e+03
9.630000000000000000e+02
9.740000000000000000e+02
9.130000000000000000e+02
9.560000000000000000e+02
9.440000000000000000e+02
8.950000000000000000e+02
8.050000000000000000e+02
8.010000000000000000e+02
7.220000000000000000e+02
7.240000000000000000e+02
7.500000000000000000e+02
8.290000000000000000e+02
1.000000000000000000e+03
1.085000000000000000e+03
1.068000000000000000e+03
1.009000000000000000e+03
1.083000000000000000e+03
1.194000000000000000e+03
1.283000000000000000e+03
1.262000000000000000e+03
1.317000000000000000e+03
1.340000000000000000e+03
1.352000000000000000e+03
1.445000000000000000e+03
1.400000000000000000e+03
1.399000000000000000e+03
1.457000000000000000e+03
1.441000000000000000e+03
1.405000000000000000e+03
1.441000000000000000e+03
1.323000000000000000e+03
1.374000000000000000e+03
1.382000000000000000e+03
1.433000000000000000e+03
1.473000000000000000e+03
1.564000000000000000e+03
1.556000000000000000e+03
1.731000000000000000e+03
1.831000000000000000e+03
2.107000000000000000e+03
2.223000000000000000e+03
2.454000000000000000e+03
2.516000000000000000e+03
2.547000000000000000e+03
2.621000000000000000e+03
2.728000000000000000e+03
2.643000000000000000e+03
2.712000000000000000e+03
2.675000000000000000e+03
2.469000000000000000e+03
2.442000000000000000e+03
2.257000000000000000e+03
2.133000000000000000e+03
1.948000000000000000e+03
1.790000000000000000e+03
1.648000000000000000e+03
1.559000000000000000e+03
1.424000000000000000e+03
1.267000000000000000e+03
1.214000000000000000e+03
1.107000000000000000e+03
9.920000000000000000e+02
9.200000000000000000e+02
9.080000000000000000e+02
8.400000000000000000e+02
8.020000000000000000e+02
8.050000000000000000e+02
7.850000000000000000e+02
6.770000000000000000e+02
6.640000000000000000e+02
5.520000000000000000e+02
4.990000000000000000e+02
4.910000000000000000e+02
4.620000000000000000e+02
5.020000000000000000e+02
4.730000000000000000e+02
4.960000000000000000e+02
4.110000000000000000e+02
4.550000000000000000e+02
4.380000000000000000e+02
4.290000000000000000e+02
4.200000000000000000e+02
4.180000000000000000e+02
4.250000000000000000e+02
3.730000000000000000e+02
3.250000000000000000e+02
2.840000000000000000e+02
2.680000000000000000e+02
2.680000000000000000e+02
2.280000000000000000e+02
2.370000000000000000e+02
2.480000000000000000e+02
2.190000000000000000e+02
2.290000000000000000e+02
2.070000000000000000e+02
1.960000000000000000e+02
1.820000000000000000e+02
1.980000000000000000e+02
1.740000000000000000e+02
1.850000000000000000e+02
2.090000000000000000e+02
1.900000000000000000e+02
1.900000000000000000e+02
1.820000000000000000e+02
1.990000000000000000e+02
1.940000000000000000e+02
1.730000000000000000e+02
1.650000000000000000e+02
1.600000000000000000e+02
1.610000000000000000e+02
1.800000000000000000e+02
1.520000000000000000e+02
1.620000000000000000e+02
1.530000000000000000e+02
1.580000000000000000e+02
1.430000000000000000e+02
1.700000000000000000e+02
1.700000000000000000e+02
1.440000000000000000e+02
1.530000000000000000e+02
1.330000000000000000e+02
1.450000000000000000e+02
1.190000000000000000e+02
1.180000000000000000e+02
1.240000000000000000e+02
1.150000000000000000e+02
1.230000000000000000e+02
1.050000000000000000e+02
1.230000000000000000e+02
9.100000000000000000e+01
1.160000000000000000e+02
1.130000000000000000e+02
9.900000000000000000e+01
1.050000000000000000e+02
1.040000000000000000e+02
1.040000000000000000e+02
9.900000000000000000e+01
1.030000000000000000e+02
9.500000000000000000e+01
9.400000000000000000e+01
8.600000000000000000e+01
7.500000000000000000e+01
1.010000000000000000e+02
9.200000000000000000e+01
9.200000000000000000e+01
1.050000000000000000e+02
1.220000000000000000e+02
1.090000000000000000e+02
9.200000000000000000e+01
1.220000000000000000e+02
1.040000000000000000e+02
1.040000000000000000e+02
9.300000000000000000e+01
9.100000000000000000e+01
9.600000000000000000e+01
8.400000000000000000e+01
7.000000000000000000e+01
7.400000000000000000e+01
7.600000000000000000e+01
7.200000000000000000e+01
8.000000000000000000e+01
7.000000000000000000e+01
9.500000000000000000e+01
9.600000000000000000e+01
9.400000000000000000e+01
1.160000000000000000e+02
1.320000000000000000e+02
2.260000000000000000e+02
2.730000000000000000e+02
6.080000000000000000e+02
5.510000000000000000e+02
1.000000000000000000e+00
6.000000000000000000e+00
1.500000000000000000e+01
5.000000000000000000e+01
1.930000000000000000e+02
5.380000000000000000e+02
1.178000000000000000e+03
1.964000000000000000e+03
2.725000000000000000e+03
3.148000000000000000e+03
3.403000000000000000e+03
3.693000000000000000e+03
3.233000000000000000e+03
2.915000000000000000e+03
3.159000000000000000e+03
3.772000000000000000e+03
3.288000000000000000e+03
2.577000000000000000e+03
3.385000000000000000e+03
2.733000000000000000e+03
1.998000000000000000e+03
1.799000000000000000e+03
1.944000000000000000e+03
1.710000000000000000e+03
2.049000000000000000e+03
2.248000000000000000e+03
1.784000000000000000e+03
1.536000000000000000e+03
1.293000000000000000e+03
1.175000000000000000e+03
1.051000000000000000e+03
1.072000000000000000e+03
1.015000000000000000e+03
1.024000000000000000e+03
1.066000000000000000e+03
9.930000000000000000e+02
9.830000000000000000e+02
9.710000000000000000e+02
1.025000000000000000e+03
1.027000000000000000e+03
1.067000000000000000e+03
9.920000000000000000e+02
8.930000000000000000e+02
8.280000000000000000e+02
6.720000000000000000e+02
6.720000000000000000e+02
6.480000000000000000e+02
6.660000000000000000e+02
5.880000000000000000e+02
6.320000000000000000e+02
6.560000000000000000e+02
6.750000000000000000e+02
7.110000000000000000e+02
7.120000000000000000e+02
7.760000000000000000e+02
9.540000000000000000e+02
1.031000000000000000e+03
1.159000000000000000e+03
1.154000000000000000e+03
9.690000000000000000e+02
8.780000000000000000e+02
8.610000000000000000e+02
7.720000000000000000e+02
8.390000000000000000e+02
7.610000000000000000e+02
7.920000000000000000e+02
7.540000000000000000e+02
7.340000000000000000e+02
7.590000000000000000e+02
8.090000000000000000e+02
7.780000000000000000e+02
8.110000000000000000e+02
7.210000000000000000e+02
7.680000000000000000e+02
8.000000000000000000e+02
8.410000000000000000e+02
7.560000000000000000e+02
7.490000000000000000e+02
7.690000000000000000e+02
7.430000000000000000e+02
7.090000000000000000e+02
6.750000000000000000e+02
6.640000000000000000e+02
7.220000000000000000e+02
7.140000000000000000e+02
7.190000000000000000e+02
7.530000000000000000e+02
8.270000000000000000e+02
9.650000000000000000e+02
9.670000000000000000e+02
9.500000000000000000e+02
8.640000000000000000e+02
9.450000000000000000e+02
9.860000000000000000e+02
9.720000000000000000e+02
9.310000000000000000e+02
9.340000000000000000e+02
1.026000000000000000e+03
1.186000000000000000e+03
1.310000000000000000e+03
1.353000000000000000e+03
1.410000000000000000e+03
1.253000000000000000e+03
1.283000000000000000e+03
1.352000000000000000e+03
1.291000000000000000e+03
1.271000000000000000e+03
1.172000000000000000e+03
1.192000000000000000e+03
1.120000000000000000e+03
1.155000000000000000e+03
1.188000000000000000e+03
1.188000000000000000e+03
1.233000000000000000e+03
1.183000000000000000e+03
1.182000000000000000e+03
1.206000000000000000e+03
1.231000000000000000e+03
1.378000000000000000e+03
1.438000000000000000e+03
1.563000000000000000e+03
1.695000000000000000e+03
1.747000000000000000e+03
1.955000000000000000e+03
2.008000000000000000e+03
2.149000000000000000e+03
2.194000000000000000e+03
2.346000000000000000e+03
2.471000000000000000e+03
2.534000000000000000e+03
2.650000000000000000e+03
2.743000000000000000e+03
2.809000000000000000e+03
2.731000000000000000e+03
2.594000000000000000e+03
2.529000000000000000e+03
2.329000000000000000e+03
2.259000000000000000e+03
2.052000000000000000e+03
1.756000000000000000e+03
1.778000000000000000e+03
1.622000000000000000e+03
1.515000000000000000e+03
1.334000000000000000e+03
1.297000000000000000e+03
1.223000000000000000e+03
1.086000000000000000e+03
1.033000000000000000e+03
1.239000000000000000e+03
1.258000000000000000e+03
1.342000000000000000e+03
1.312000000000000000e+03
1.237000000000000000e+03
1.204000000000000000e+03
1.216000000000000000e+03
1.140000000000000000e+03
1.092000000000000000e+03
9.680000000000000000e+02
1.020000000000000000e+03
1.019000000000000000e+03
1.051000000000000000e+03
1.040000000000000000e+03
9.710000000000000000e+02
9.290000000000000000e+02
9.110000000000000000e+02
8.510000000000000000e+02
8.550000000000000000e+02
8.060000000000000000e+02
7.300000000000000000e+02
6.640000000000000000e+02
6.780000000000000000e+02
5.750000000000000000e+02
5.610000000000000000e+02
5.050000000000000000e+02
4.810000000000000000e+02
4.750000000000000000e+02
4.210000000000000000e+02
3.870000000000000000e+02
3.540000000000000000e+02
3.060000000000000000e+02
2.920000000000000000e+02
2.420000000000000000e+02
2.470000000000000000e+02
2.240000000000000000e+02
2.040000000000000000e+02
2.190000000000000000e+02
2.180000000000000000e+02
1.920000000000000000e+02
2.020000000000000000e+02
1.920000000000000000e+02
2.070000000000000000e+02
2.010000000000000000e+02
2.160000000000000000e+02
1.910000000000000000e+02
1.940000000000000000e+02
1.870000000000000000e+02
1.820000000000000000e+02
2.170000000000000000e+02
1.760000000000000000e+02
1.980000000000000000e+02
1.840000000000000000e+02
1.590000000000000000e+02
1.790000000000000000e+02
1.530000000000000000e+02
1.570000000000000000e+02
1.650000000000000000e+02
1.590000000000000000e+02
1.450000000000000000e+02
1.340000000000000000e+02
1.610000000000000000e+02
1.270000000000000000e+02
1.260000000000000000e+02
1.190000000000000000e+02
1.310000000000000000e+02
1.300000000000000000e+02
1.230000000000000000e+02
1.140000000000000000e+02
1.100000000000000000e+02
1.250000000000000000e+02
1.060000000000000000e+02
1.220000000000000000e+02
1.270000000000000000e+02
8.700000000000000000e+01
1.030000000000000000e+02
9.500000000000000000e+01
7.500000000000000000e+01
7.200000000000000000e+01
9.300000000000000000e+01
8.500000000000000000e+01
9.000000000000000000e+01
6.100000000000000000e+01
6.600000000000000000e+01
9.900000000000000000e+01
7.400000000000000000e+01
7.600000000000000000e+01
6.200000000000000000e+01
8.400000000000000000e+01
7.400000000000000000e+01
7.000000000000000000e+01
6.600000000000000000e+01
7.400000000000000000e+01
8.300000000000000000e+01
6.000000000000000000e+01
8.200000000000000000e+01
7.900000000000000000e+01
7.900000000000000000e+01
7.700000000000000000e+01
7.600000000000000000e+01
9.300000000000000000e+01
9.700000000000000000e+01
1.090000000000000000e+02
1.180000000000000000e+02
1.630000000000000000e+02
2.320000000000000000e+02
4.550000000000000000e+02
1.047000000000000000e+03
1.371000000000000000e+03
5.720000000000000000e+02
9.720000000000000000e+02
1.610000000000000000e+03
2.540000000000000000e+03
2.606000000000000000e+03
2.107000000000000000e+03
1.352000000000000000e+03
1.409000000000000000e+03
1.504000000000000000e+03
1.603000000000000000e+03
1.694000000000000000e+03
1.789000000000000000e+03
1.880000000000000000e+03
1.989000000000000000e+03
1.883000000000000000e+03
1.888000000000000000e+03
1.942000000000000000e+03
1.916000000000000000e+03
1.922000000000000000e+03
1.612000000000000000e+03
1.561000000000000000e+03
1.438000000000000000e+03
1.573000000000000000e+03
1.807000000000000000e+03
2.314000000000000000e+03
2.591000000000000000e+03
2.585000000000000000e+03
1.982000000000000000e+03
1.876000000000000000e+03
2.745000000000000000e+03
2.964000000000000000e+03
2.264000000000000000e+03
1.907000000000000000e+03
2.289000000000000000e+03
1.982000000000000000e+03
1.670000000000000000e+03
1.656000000000000000e+03
1.219000000000000000e+03
1.297000000000000000e+03
1.155000000000000000e+03
1.158000000000000000e+03
1.158000000000000000e+03
1.183000000000000000e+03
1.192000000000000000e+03
1.202000000000000000e+03
1.176000000000000000e+03
1.102000000000000000e+03
1.003000000000000000e+03
9.480000000000000000e+02
8.310000000000000000e+02
9.570000000000000000e+02
9.400000000000000000e+02
1.096000000000000000e+03
1.034000000000000000e+03
1.043000000000000000e+03
9.480000000000000000e+02
8.570000000000000000e+02
7.430000000000000000e+02
6.790000000000000000e+02
6.890000000000000000e+02
6.750000000000000000e+02
6.800000000000000000e+02
6.450000000000000000e+02
6.020000000000000000e+02
6.200000000000000000e+02
6.490000000000000000e+02
6.600000000000000000e+02
6.730000000000000000e+02
6.250000000000000000e+02
5.650000000000000000e+02
5.490000000000000000e+02
5.550000000000000000e+02
5.690000000000000000e+02
6.090000000000000000e+02
5.390000000000000000e+02
5.980000000000000000e+02
5.710000000000000000e+02
5.110000000000000000e+02
4.690000000000000000e+02
4.490000000000000000e+02
4.630000000000000000e+02
4.620000000000000000e+02
4.750000000000000000e+02
4.490000000000000000e+02
4.280000000000000000e+02
4.140000000000000000e+02
4.480000000000000000e+02
4.180000000000000000e+02
4.150000000000000000e+02
3.940000000000000000e+02
4.070000000000000000e+02
4.130000000000000000e+02
4.330000000000000000e+02
4.630000000000000000e+02
4.920000000000000000e+02
5.310000000000000000e+02
5.330000000000000000e+02
5.920000000000000000e+02
6.300000000000000000e+02
6.100000000000000000e+02
6.950000000000000000e+02
6.840000000000000000e+02
7.620000000000000000e+02
7.700000000000000000e+02
7.970000000000000000e+02
8.080000000000000000e+02
8.510000000000000000e+02
8.800000000000000000e+02
9.270000000000000000e+02
9.860000000000000000e+02
1.009000000000000000e+03
1.077000000000000000e+03
1.149000000000000000e+03
1.220000000000000000e+03
1.346000000000000000e+03
1.402000000000000000e+03
1.630000000000000000e+03
1.733000000000000000e+03
1.985000000000000000e+03
2.207000000000000000e+03
2.653000000000000000e+03
2.747000000000000000e+03
2.898000000000000000e+03
2.997000000000000000e+03
3.016000000000000000e+03
2.924000000000000000e+03
2.946000000000000000e+03
2.877000000000000000e+03
2.870000000000000000e+03
2.847000000000000000e+03
2.749000000000000000e+03
2.633000000000000000e+03
2.474000000000000000e+03
2.585000000000000000e+03
2.263000000000000000e+03
2.193000000000000000e+03
1.920000000000000000e+03
1.772000000000000000e+03
1.645000000000000000e+03
1.624000000000000000e+03
1.418000000000000000e+03
1.305000000000000000e+03
1.295000000000000000e+03
1.212000000000000000e+03
1.171000000000000000e+03
1.089000000000000000e+03
1.060000000000000000e+03
9.750000000000000000e+02
8.890000000000000000e+02
8.090000000000000000e+02
6.840000000000000000e+02
5.960000000000000000e+02
5.490000000000000000e+02
4.510000000000000000e+02
4.030000000000000000e+02
4.440000000000000000e+02
3.610000000000000000e+02
3.770000000000000000e+02
3.340000000000000000e+02
3.350000000000000000e+02
3.320000000000000000e+02
3.420000000000000000e+02
3.200000000000000000e+02
3.340000000000000000e+02
2.970000000000000000e+02
3.060000000000000000e+02
2.980000000000000000e+02
2.930000000000000000e+02
2.960000000000000000e+02
3.180000000000000000e+02
3.290000000000000000e+02
3.080000000000000000e+02
3.490000000000000000e+02
3.370000000000000000e+02
3.500000000000000000e+02
3.770000000000000000e+02
3.890000000000000000e+02
4.280000000000000000e+02
3.810000000000000000e+02
4.090000000000000000e+02
4.290000000000000000e+02
4.350000000000000000e+02
4.140000000000000000e+02
4.170000000000000000e+02
3.630000000000000000e+02
3.430000000000000000e+02
3.000000000000000000e+02
3.000000000000000000e+02
2.970000000000000000e+02
2.820000000000000000e+02
3.050000000000000000e+02
2.840000000000000000e+02
2.740000000000000000e+02
2.620000000000000000e+02
2.710000000000000000e+02
2.610000000000000000e+02
2.800000000000000000e+02
2.720000000000000000e+02
2.830000000000000000e+02
3.250000000000000000e+02
2.880000000000000000e+02
3.390000000000000000e+02
3.650000000000000000e+02
3.450000000000000000e+02
4.770000000000000000e+02
7.350000000000000000e+02
1.217000000000000000e+03
1.743000000000000000e+03
2.073000000000000000e+03
1.970000000000000000e+03
1.665000000000000000e+03
1.394000000000000000e+03
1.096000000000000000e+03
8.500000000000000000e+02
5.750000000000000000e+02
3.650000000000000000e+02
2.700000000000000000e+02
2.040000000000000000e+02
1.420000000000000000e+02
1.360000000000000000e+02
1.350000000000000000e+02
1.610000000000000000e+02
9.700000000000000000e+01
1.260000000000000000e+02
1.060000000000000000e+02
1.140000000000000000e+02
9.100000000000000000e+01
8.500000000000000000e+01
1.000000000000000000e+02
9.300000000000000000e+01
8.800000000000000000e+01
8.400000000000000000e+01
9.200000000000000000e+01
7.400000000000000000e+01
8.100000000000000000e+01
8.300000000000000000e+01
8.200000000000000000e+01
6.800000000000000000e+01
9.200000000000000000e+01
8.200000000000000000e+01
7.600000000000000000e+01
7.500000000000000000e+01
9.600000000000000000e+01
8.000000000000000000e+01
7.300000000000000000e+01
9.200000000000000000e+01
9.000000000000000000e+01
8.800000000000000000e+01
9.800000000000000000e+01
1.160000000000000000e+02
1.270000000000000000e+02
1.960000000000000000e+02
3.500000000000000000e+02
3.550000000000000000e+02
1.149000000000000000e+03
