7.500000000000000000e+01
6.900000000000000000e+01
8.000000000000000000e+01
1.290000000000000000e+02
1.990000000000000000e+02
2.420000000000000000e+02
3.230000000000000000e+02
4.480000000000000000e+02
5.810000000000000000e+02
7.550000000000000000e+02
9.340000000000000000e+02
1.182000000000000000e+03
1.462000000000000000e+03
1.514000000000000000e+03
1.324000000000000000e+03
1.207000000000000000e+03
1.243000000000000000e+03
1.135000000000000000e+03
1.129000000000000000e+03
1.088000000000000000e+03
1.153000000000000000e+03
1.199000000000000000e+03
1.173000000000000000e+03
1.190000000000000000e+03
1.188000000000000000e+03
1.182000000000000000e+03
1.178000000000000000e+03
1.141000000000000000e+03
1.167000000000000000e+03
1.165000000000000000e+03
1.104000000000000000e+03
1.002000000000000000e+03
8.600000000000000000e+02
7.400000000000000000e+02
7.500000000000000000e+02
6.960000000000000000e+02
6.110000000000000000e+02
6.290000000000000000e+02
6.180000000000000000e+02
6.120000000000000000e+02
6.400000000000000000e+02
6.070000000000000000e+02
6.210000000000000000e+02
6.130000000000000000e+02
5.610000000000000000e+02
5.800000000000000000e+02
5.840000000000000000e+02
5.490000000000000000e+02
5.660000000000000000e+02
5.650000000000000000e+02
5.730000000000000000e+02
6.170000000000000000e+02
6.720000000000000000e+02
7.420000000000000000e+02
8.040000000000000000e+02
7.410000000000000000e+02
7.190000000000000000e+02
6.550000000000000000e+02
6.660000000000000000e+02
6.330000000000000000e+02
6.420000000000000000e+02
6.400000000000000000e+02
5.860000000000000000e+02
6.210000000000000000e+02
5.650000000000000000e+02
5.740000000000000000e+02
5.700000000000000000e+02
5.630000000000000000e+02
5.390000000000000000e+02
5.910000000000000000e+02
5.170000000000000000e+02
4.900000000000000000e+02
5.120000000000000000e+02
5.260000000000000000e+02
5.080000000000000000e+02
5.220000000000000000e+02
5.580000000000000000e+02
5.740000000000000000e+02
5.600000000000000000e+02
5.490000000000000000e+02
5.460000000000000000e+02
5.560000000000000000e+02
5.510000000000000000e+02
6.110000000000000000e+02
6.060000000000000000e+02
5.910000000000000000e+02
6.430000000000000000e+02
6.490000000000000000e+02
6.310000000000000000e+02
6.480000000000000000e+02
6.800000000000000000e+02
6.620000000000000000e+02
6.860000000000000000e+02
7.300000000000000000e+02
7.120000000000000000e+02
8.080000000000000000e+02
7.460000000000000000e+02
7.570000000000000000e+02
7.160000000000000000e+02
7.260000000000000000e+02
7.430000000000000000e+02
7.010000000000000000e+02
7.360000000000000000e+02
7.700000000000000000e+02
7.300000000000000000e+02
7.610000000000000000e+02
8.060000000000000000e+02
9.280000000000000000e+02
9.230000000000000000e+02
1.013000000000000000e+03
1.067000000000000000e+03
1.107000000000000000e+03
1.148000000000000000e+03
1.159000000000000000e+03
1.147000000000000000e+03
1.186000000000000000e+03
1.183000000000000000e+03
1.119000000000000000e+03
1.165000000000000000e+03
1.205000000000000000e+03
1.244000000000000000e+03
1.217000000000000000e+03
1.219000000000000000e+03
1.238000000000000000e+03
1.302000000000000000e+03
1.367000000000000000e+03
1.468000000000000000e+03
1.437000000000000000e+03
1.625000000000000000e+03
1.758000000000000000e+03
1.847000000000000000e+03
2.077000000000000000e+03
2.293000000000000000e+03
2.463000000000000000e+03
2.548000000000000000e+03
2.765000000000000000e+03
2.960000000000000000e+03
3.049000000000000000e+03
3.060000000000000000e+03
2.993000000000000000e+03
2.998000000000000000e+03
2.971000000000000000e+03
2.666000000000000000e+03
2.522000000000000000e+03
2.564000000000000000e+03
2.465000000000000000e+03
2.350000000000000000e+03
2.191000000000000000e+03
1.917000000000000000e+03
1.739000000000000000e+03
1.540000000000000000e+03
1.516000000000000000e+03
1.467000000000000000e+03
1.404000000000000000e+03
1.324000000000000000e+03
1.364000000000000000e+03
1.344000000000000000e+03
1.298000000000000000e+03
1.204000000000000000e+03
1.145000000000000000e+03
1.127000000000000000e+03
1.162000000000000000e+03
1.146000000000000000e+03
1.145000000000000000e+03
1.043000000000000000e+03
1.052000000000000000e+03
1.113000000000000000e+03
1.032000000000000000e+03
1.054000000000000000e+03
9.990000000000000000e+02
9.800000000000000000e+02
8.880000000000000000e+02
9.110000000000000000e+02
8.520000000000000000e+02
7.800000000000000000e+02
7.570000000000000000e+02
7.230000000000000000e+02
6.300000000000000000e+02
6.880000000000000000e+02
6.570000000000000000e+02
6.660000000000000000e+02
7.040000000000000000e+02
6.780000000000000000e+02
6.730000000000000000e+02
6.680000000000000000e+02
6.730000000000000000e+02
6.550000000000000000e+02
6.080000000000000000e+02
6.790000000000000000e+02
7.000000000000000000e+02
6.230000000000000000e+02
5.700000000000000000e+02
5.300000000000000000e+02
5.180000000000000000e+02
5.720000000000000000e+02
5.580000000000000000e+02
5.430000000000000000e+02
5.590000000000000000e+02
5.970000000000000000e+02
6.040000000000000000e+02
6.150000000000000000e+02
6.070000000000000000e+02
6.160000000000000000e+02
6.710000000000000000e+02
6.590000000000000000e+02
7.200000000000000000e+02
6.770000000000000000e+02
7.330000000000000000e+02
7.080000000000000000e+02
6.870000000000000000e+02
6.700000000000000000e+02
6.620000000000000000e+02
5.840000000000000000e+02
5.990000000000000000e+02
5.330000000000000000e+02
5.120000000000000000e+02
5.180000000000000000e+02
5.450000000000000000e+02
5.230000000000000000e+02
5.340000000000000000e+02
5.380000000000000000e+02
5.430000000000000000e+02
5.780000000000000000e+02
5.360000000000000000e+02
4.910000000000000000e+02
4.960000000000000000e+02
4.640000000000000000e+02
4.520000000000000000e+02
5.120000000000000000e+02
4.270000000000000000e+02
4.450000000000000000e+02
3.820000000000000000e+02
4.270000000000000000e+02
3.470000000000000000e+02
3.930000000000000000e+02
3.720000000000000000e+02
3.380000000000000000e+02
3.710000000000000000e+02
3.590000000000000000e+02
3.750000000000000000e+02
3.660000000000000000e+02
3.970000000000000000e+02
3.770000000000000000e+02
4.110000000000000000e+02
4.280000000000000000e+02
4.810000000000000000e+02
4.790000000000000000e+02
5.860000000000000000e+02
6.470000000000000000e+02
7.650000000000000000e+02
9.870000000000000000e+02
1.192000000000000000e+03
1.462000000000000000e+03
1.611000000000000000e+03
1.713000000000000000e+03
6.599000000000000000e+03
6.490000000000000000e+02
1.910000000000000000e+02
2.350000000000000000e+02
2.960000000000000000e+02
3.450000000000000000e+02
4.050000000000000000e+02
4.880000000000000000e+02
6.050000000000000000e+02
7.610000000000000000e+02
8.900000000000000000e+02
1.137000000000000000e+03
1.276000000000000000e+03
1.312000000000000000e+03
1.130000000000000000e+03
9.510000000000000000e+02
8.360000000000000000e+02
8.900000000000000000e+02
8.950000000000000000e+02
9.290000000000000000e+02
9.500000000000000000e+02
9.650000000000000000e+02
9.980000000000000000e+02
9.830000000000000000e+02
9.560000000000000000e+02
1.011000000000000000e+03
1.032000000000000000e+03
1.055000000000000000e+03
1.136000000000000000e+03
1.161000000000000000e+03
1.245000000000000000e+03
1.214000000000000000e+03
1.108000000000000000e+03
1.046000000000000000e+03
9.920000000000000000e+02
9.610000000000000000e+02
9.470000000000000000e+02
9.970000000000000000e+02
1.016000000000000000e+03
1.135000000000000000e+03
1.061000000000000000e+03
1.064000000000000000e+03
9.950000000000000000e+02
8.410000000000000000e+02
8.360000000000000000e+02
8.110000000000000000e+02
7.800000000000000000e+02
7.830000000000000000e+02
8.140000000000000000e+02
8.550000000000000000e+02
9.070000000000000000e+02
9.020000000000000000e+02
1.007000000000000000e+03
1.133000000000000000e+03
1.197000000000000000e+03
1.163000000000000000e+03
1.161000000000000000e+03
1.088000000000000000e+03
1.177000000000000000e+03
1.202000000000000000e+03
1.244000000000000000e+03
1.174000000000000000e+03
1.178000000000000000e+03
1.174000000000000000e+03
1.150000000000000000e+03
1.085000000000000000e+03
1.077000000000000000e+03
1.044000000000000000e+03
1.017000000000000000e+03
9.850000000000000000e+02
9.450000000000000000e+02
9.090000000000000000e+02
9.140000000000000000e+02
8.320000000000000000e+02
8.710000000000000000e+02
8.240000000000000000e+02
8.660000000000000000e+02
8.140000000000000000e+02
8.210000000000000000e+02
8.400000000000000000e+02
7.930000000000000000e+02
7.510000000000000000e+02
8.050000000000000000e+02
8.130000000000000000e+02
8.340000000000000000e+02
7.900000000000000000e+02
7.910000000000000000e+02
7.960000000000000000e+02
7.870000000000000000e+02
8.000000000000000000e+02
8.220000000000000000e+02
7.970000000000000000e+02
8.220000000000000000e+02
8.210000000000000000e+02
8.270000000000000000e+02
9.030000000000000000e+02
8.350000000000000000e+02
8.760000000000000000e+02
8.280000000000000000e+02
7.800000000000000000e+02
8.070000000000000000e+02
8.100000000000000000e+02
8.570000000000000000e+02
9.000000000000000000e+02
9.210000000000000000e+02
1.020000000000000000e+03
9.990000000000000000e+02
1.113000000000000000e+03
1.199000000000000000e+03
1.268000000000000000e+03
1.375000000000000000e+03
1.290000000000000000e+03
1.324000000000000000e+03
1.321000000000000000e+03
1.392000000000000000e+03
1.394000000000000000e+03
1.380000000000000000e+03
1.349000000000000000e+03
1.343000000000000000e+03
1.282000000000000000e+03
1.324000000000000000e+03
1.349000000000000000e+03
1.342000000000000000e+03
1.446000000000000000e+03
1.511000000000000000e+03
1.604000000000000000e+03
1.714000000000000000e+03
1.756000000000000000e+03
2.017000000000000000e+03
2.098000000000000000e+03
2.378000000000000000e+03
2.562000000000000000e+03
2.591000000000000000e+03
2.696000000000000000e+03
2.690000000000000000e+03
2.687000000000000000e+03
2.584000000000000000e+03
2.542000000000000000e+03
2.301000000000000000e+03
2.105000000000000000e+03
1.978000000000000000e+03
1.739000000000000000e+03
1.671000000000000000e+03
1.616000000000000000e+03
1.593000000000000000e+03
1.532000000000000000e+03
1.510000000000000000e+03
1.599000000000000000e+03
1.665000000000000000e+03
1.613000000000000000e+03
1.640000000000000000e+03
1.604000000000000000e+03
1.704000000000000000e+03
1.596000000000000000e+03
1.534000000000000000e+03
1.510000000000000000e+03
1.542000000000000000e+03
1.397000000000000000e+03
1.358000000000000000e+03
1.353000000000000000e+03
1.262000000000000000e+03
1.256000000000000000e+03
1.203000000000000000e+03
1.236000000000000000e+03
1.198000000000000000e+03
1.198000000000000000e+03
1.188000000000000000e+03
1.141000000000000000e+03
1.114000000000000000e+03
1.061000000000000000e+03
1.162000000000000000e+03
1.168000000000000000e+03
1.194000000000000000e+03
1.281000000000000000e+03
1.249000000000000000e+03
1.245000000000000000e+03
1.248000000000000000e+03
1.161000000000000000e+03
1.149000000000000000e+03
1.044000000000000000e+03
1.003000000000000000e+03
9.370000000000000000e+02
9.020000000000000000e+02
8.620000000000000000e+02
6.940000000000000000e+02
7.160000000000000000e+02
6.760000000000000000e+02
6.500000000000000000e+02
6.360000000000000000e+02
5.770000000000000000e+02
5.980000000000000000e+02
5.380000000000000000e+02
5.190000000000000000e+02
4.770000000000000000e+02
4.560000000000000000e+02
4.990000000000000000e+02
4.600000000000000000e+02
4.950000000000000000e+02
4.900000000000000000e+02
4.460000000000000000e+02
4.490000000000000000e+02
4.190000000000000000e+02
3.720000000000000000e+02
3.710000000000000000e+02
3.750000000000000000e+02
3.640000000000000000e+02
3.360000000000000000e+02
3.380000000000000000e+02
3.170000000000000000e+02
3.200000000000000000e+02
3.040000000000000000e+02
3.090000000000000000e+02
3.200000000000000000e+02
3.500000000000000000e+02
3.480000000000000000e+02
3.470000000000000000e+02
3.720000000000000000e+02
3.550000000000000000e+02
3.490000000000000000e+02
3.060000000000000000e+02
2.550000000000000000e+02
2.470000000000000000e+02
2.930000000000000000e+02
2.960000000000000000e+02
2.900000000000000000e+02
2.690000000000000000e+02
2.880000000000000000e+02
3.280000000000000000e+02
3.020000000000000000e+02
2.900000000000000000e+02
2.550000000000000000e+02
2.880000000000000000e+02
3.150000000000000000e+02
2.740000000000000000e+02
2.770000000000000000e+02
2.630000000000000000e+02
3.070000000000000000e+02
2.970000000000000000e+02
3.080000000000000000e+02
2.850000000000000000e+02
2.540000000000000000e+02
1.900000000000000000e+02
2.160000000000000000e+02
2.230000000000000000e+02
2.440000000000000000e+02
2.560000000000000000e+02
2.310000000000000000e+02
2.900000000000000000e+02
2.510000000000000000e+02
2.570000000000000000e+02
2.590000000000000000e+02
1.990000000000000000e+02
1.570000000000000000e+02
1.330000000000000000e+02
1.200000000000000000e+02
9.700000000000000000e+01
1.500000000000000000e+02
3.950000000000000000e+03
1.579000000000000000e+03
1.732000000000000000e+03
1.561000000000000000e+03
1.387000000000000000e+03
1.167000000000000000e+03
1.109000000000000000e+03
9.600000000000000000e+02
9.770000000000000000e+02
9.290000000000000000e+02
9.860000000000000000e+02
1.069000000000000000e+03
1.080000000000000000e+03
1.184000000000000000e+03
1.240000000000000000e+03
1.346000000000000000e+03
1.468000000000000000e+03
1.356000000000000000e+03
1.271000000000000000e+03
1.204000000000000000e+03
1.217000000000000000e+03
1.173000000000000000e+03
1.204000000000000000e+03
1.143000000000000000e+03
1.130000000000000000e+03
1.161000000000000000e+03
1.130000000000000000e+03
1.266000000000000000e+03
1.368000000000000000e+03
1.332000000000000000e+03
1.370000000000000000e+03
1.342000000000000000e+03
1.419000000000000000e+03
1.311000000000000000e+03
1.253000000000000000e+03
1.124000000000000000e+03
1.108000000000000000e+03
1.140000000000000000e+03
1.097000000000000000e+03
1.042000000000000000e+03
9.960000000000000000e+02
1.059000000000000000e+03
9.660000000000000000e+02
9.490000000000000000e+02
8.610000000000000000e+02
7.810000000000000000e+02
7.540000000000000000e+02
7.160000000000000000e+02
6.760000000000000000e+02
6.490000000000000000e+02
6.640000000000000000e+02
6.650000000000000000e+02
6.420000000000000000e+02
6.150000000000000000e+02
6.350000000000000000e+02
6.240000000000000000e+02
6.080000000000000000e+02
6.390000000000000000e+02
6.640000000000000000e+02
6.730000000000000000e+02
7.210000000000000000e+02
7.610000000000000000e+02
8.030000000000000000e+02
8.200000000000000000e+02
8.970000000000000000e+02
8.460000000000000000e+02
8.120000000000000000e+02
7.660000000000000000e+02
6.970000000000000000e+02
7.590000000000000000e+02
6.610000000000000000e+02
6.670000000000000000e+02
6.710000000000000000e+02
6.600000000000000000e+02
6.740000000000000000e+02
6.060000000000000000e+02
6.660000000000000000e+02
6.470000000000000000e+02
6.680000000000000000e+02
7.370000000000000000e+02
7.020000000000000000e+02
6.620000000000000000e+02
7.520000000000000000e+02
7.520000000000000000e+02
7.600000000000000000e+02
7.860000000000000000e+02
8.070000000000000000e+02
8.040000000000000000e+02
8.530000000000000000e+02
8.140000000000000000e+02
9.260000000000000000e+02
8.960000000000000000e+02
9.720000000000000000e+02
9.350000000000000000e+02
9.030000000000000000e+02
9.370000000000000000e+02
9.190000000000000000e+02
8.730000000000000000e+02
9.650000000000000000e+02
9.730000000000000000e+02
1.021000000000000000e+03
1.115000000000000000e+03
1.148000000000000000e+03
1.288000000000000000e+03
1.379000000000000000e+03
1.303000000000000000e+03
1.276000000000000000e+03
1.320000000000000000e+03
1.384000000000000000e+03
1.345000000000000000e+03
1.325000000000000000e+03
1.281000000000000000e+03
1.330000000000000000e+03
1.249000000000000000e+03
1.302000000000000000e+03
1.232000000000000000e+03
1.242000000000000000e+03
1.192000000000000000e+03
1.246000000000000000e+03
1.342000000000000000e+03
1.355000000000000000e+03
1.512000000000000000e+03
1.582000000000000000e+03
1.654000000000000000e+03
1.870000000000000000e+03
1.960000000000000000e+03
2.138000000000000000e+03
2.338000000000000000e+03
2.330000000000000000e+03
2.413000000000000000e+03
2.508000000000000000e+03
2.394000000000000000e+03
2.367000000000000000e+03
2.371000000000000000e+03
2.240000000000000000e+03
2.115000000000000000e+03
1.985000000000000000e+03
1.837000000000000000e+03
1.809000000000000000e+03
1.591000000000000000e+03
1.643000000000000000e+03
1.546000000000000000e+03
1.517000000000000000e+03
1.361000000000000000e+03
1.468000000000000000e+03
1.470000000000000000e+03
1.537000000000000000e+03
1.513000000000000000e+03
1.525000000000000000e+03
1.508000000000000000e+03
1.605000000000000000e+03
1.535000000000000000e+03
1.323000000000000000e+03
1.280000000000000000e+03
1.329000000000000000e+03
1.225000000000000000e+03
1.249000000000000000e+03
1.174000000000000000e+03
1.139000000000000000e+03
1.135000000000000000e+03
1.170000000000000000e+03
1.242000000000000000e+03
1.180000000000000000e+03
1.179000000000000000e+03
1.182000000000000000e+03
1.260000000000000000e+03
1.181000000000000000e+03
1.160000000000000000e+03
1.062000000000000000e+03
1.179000000000000000e+03
1.183000000000000000e+03
1.259000000000000000e+03
1.207000000000000000e+03
1.141000000000000000e+03
1.143000000000000000e+03
1.087000000000000000e+03
1.077000000000000000e+03
1.035000000000000000e+03
1.021000000000000000e+03
8.870000000000000000e+02
8.450000000000000000e+02
7.720000000000000000e+02
7.770000000000000000e+02
6.050000000000000000e+02
6.070000000000000000e+02
5.260000000000000000e+02
4.650000000000000000e+02
4.810000000000000000e+02
4.730000000000000000e+02
4.200000000000000000e+02
3.550000000000000000e+02
3.680000000000000000e+02
3.600000000000000000e+02
3.650000000000000000e+02
3.640000000000000000e+02
3.830000000000000000e+02
4.150000000000000000e+02
3.400000000000000000e+02
3.490000000000000000e+02
3.440000000000000000e+02
3.430000000000000000e+02
2.980000000000000000e+02
3.240000000000000000e+02
3.070000000000000000e+02
2.950000000000000000e+02
3.080000000000000000e+02
3.630000000000000000e+02
3.780000000000000000e+02
4.050000000000000000e+02
4.410000000000000000e+02
4.080000000000000000e+02
3.580000000000000000e+02
3.240000000000000000e+02
2.780000000000000000e+02
2.530000000000000000e+02
2.720000000000000000e+02
2.610000000000000000e+02
2.050000000000000000e+02
2.280000000000000000e+02
2.390000000000000000e+02
2.500000000000000000e+02
2.190000000000000000e+02
2.100000000000000000e+02
2.390000000000000000e+02
1.950000000000000000e+02
2.330000000000000000e+02
2.360000000000000000e+02
2.720000000000000000e+02
2.320000000000000000e+02
2.700000000000000000e+02
2.650000000000000000e+02
2.820000000000000000e+02
2.930000000000000000e+02
2.440000000000000000e+02
2.730000000000000000e+02
2.950000000000000000e+02
2.710000000000000000e+02
2.430000000000000000e+02
2.580000000000000000e+02
2.440000000000000000e+02
2.160000000000000000e+02
2.380000000000000000e+02
2.440000000000000000e+02
2.840000000000000000e+02
2.800000000000000000e+02
2.460000000000000000e+02
2.600000000000000000e+02
2.880000000000000000e+02
3.020000000000000000e+02
3.200000000000000000e+02
2.630000000000000000e+02
2.690000000000000000e+02
2.130000000000000000e+02
1.920000000000000000e+02
1.560000000000000000e+02
4.460000000000000000e+02
