1.000000000000000000e+01
8.000000000000000000e+00
1.600000000000000000e+01
3.900000000000000000e+01
7.200000000000000000e+01
2.030000000000000000e+02
3.540000000000000000e+02
7.290000000000000000e+02
1.178000000000000000e+03
1.779000000000000000e+03
2.660000000000000000e+03
3.580000000000000000e+03
3.368000000000000000e+03
3.092000000000000000e+03
2.899000000000000000e+03
2.838000000000000000e+03
2.755000000000000000e+03
2.701000000000000000e+03
2.632000000000000000e+03
2.578000000000000000e+03
2.466000000000000000e+03
2.475000000000000000e+03
2.418000000000000000e+03
2.369000000000000000e+03
2.394000000000000000e+03
2.303000000000000000e+03
2.205000000000000000e+03
2.030000000000000000e+03
1.945000000000000000e+03
1.805000000000000000e+03
1.795000000000000000e+03
1.682000000000000000e+03
1.621000000000000000e+03
1.521000000000000000e+03
1.385000000000000000e+03
1.348000000000000000e+03
1.266000000000000000e+03
1.289000000000000000e+03
1.259000000000000000e+03
1.216000000000000000e+03
1.182000000000000000e+03
1.150000000000000000e+03
1.176000000000000000e+03
1.056000000000000000e+03
1.095000000000000000e+03
1.012000000000000000e+03
1.039000000000000000e+03
9.410000000000000000e+02
9.040000000000000000e+02
8.680000000000000000e+02
8.410000000000000000e+02
7.800000000000000000e+02
8.080000000000000000e+02
7.870000000000000000e+02
7.270000000000000000e+02
7.120000000000000000e+02
6.780000000000000000e+02
6.670000000000000000e+02
6.910000000000000000e+02
6.370000000000000000e+02
6.320000000000000000e+02
5.970000000000000000e+02
5.820000000000000000e+02
5.580000000000000000e+02
5.410000000000000000e+02
5.220000000000000000e+02
5.470000000000000000e+02
5.030000000000000000e+02
5.230000000000000000e+02
4.540000000000000000e+02
4.720000000000000000e+02
4.800000000000000000e+02
5.210000000000000000e+02
5.090000000000000000e+02
6.050000000000000000e+02
6.070000000000000000e+02
6.200000000000000000e+02
6.900000000000000000e+02
7.030000000000000000e+02
6.700000000000000000e+02
6.540000000000000000e+02
6.720000000000000000e+02
6.830000000000000000e+02
6.640000000000000000e+02
6.750000000000000000e+02
6.810000000000000000e+02
6.970000000000000000e+02
6.990000000000000000e+02
6.600000000000000000e+02
6.780000000000000000e+02
6.380000000000000000e+02
6.540000000000000000e+02
6.350000000000000000e+02
6.180000000000000000e+02
5.660000000000000000e+02
5.580000000000000000e+02
5.580000000000000000e+02
5.870000000000000000e+02
5.390000000000000000e+02
5.780000000000000000e+02
5.450000000000000000e+02
5.600000000000000000e+02
6.240000000000000000e+02
6.720000000000000000e+02
6.960000000000000000e+02
7.480000000000000000e+02
7.720000000000000000e+02
8.380000000000000000e+02
8.910000000000000000e+02
8.450000000000000000e+02
9.110000000000000000e+02
9.780000000000000000e+02
9.810000000000000000e+02
9.440000000000000000e+02
9.130000000000000000e+02
9.580000000000000000e+02
9.750000000000000000e+02
9.470000000000000000e+02
1.059000000000000000e+03
1.089000000000000000e+03
1.001000000000000000e+03
1.237000000000000000e+03
1.351000000000000000e+03
1.476000000000000000e+03
1.433000000000000000e+03
1.672000000000000000e+03
1.826000000000000000e+03
1.964000000000000000e+03
2.040000000000000000e+03
1.974000000000000000e+03
1.901000000000000000e+03
1.716000000000000000e+03
1.535000000000000000e+03
1.420000000000000000e+03
1.303000000000000000e+03
1.272000000000000000e+03
1.352000000000000000e+03
1.360000000000000000e+03
1.141000000000000000e+03
1.073000000000000000e+03
9.680000000000000000e+02
8.420000000000000000e+02
7.770000000000000000e+02
7.360000000000000000e+02
6.410000000000000000e+02
6.970000000000000000e+02
8.410000000000000000e+02
9.360000000000000000e+02
9.980000000000000000e+02
1.193000000000000000e+03
1.260000000000000000e+03
9.750000000000000000e+02
7.470000000000000000e+02
9.160000000000000000e+02
8.050000000000000000e+02
6.710000000000000000e+02
5.850000000000000000e+02
5.640000000000000000e+02
4.650000000000000000e+02
5.000000000000000000e+02
4.490000000000000000e+02
4.820000000000000000e+02
4.180000000000000000e+02
4.220000000000000000e+02
3.510000000000000000e+02
3.970000000000000000e+02
3.270000000000000000e+02
3.380000000000000000e+02
3.150000000000000000e+02
2.690000000000000000e+02
2.940000000000000000e+02
3.110000000000000000e+02
2.710000000000000000e+02
2.730000000000000000e+02
2.240000000000000000e+02
2.540000000000000000e+02
2.710000000000000000e+02
2.230000000000000000e+02
2.200000000000000000e+02
2.520000000000000000e+02
2.440000000000000000e+02
2.350000000000000000e+02
1.870000000000000000e+02
2.560000000000000000e+02
3.020000000000000000e+02
3.630000000000000000e+02
3.890000000000000000e+02
4.480000000000000000e+02
6.000000000000000000e+02
6.900000000000000000e+02
7.880000000000000000e+02
9.110000000000000000e+02
7.880000000000000000e+02
7.110000000000000000e+02
7.050000000000000000e+02
8.000000000000000000e+02
7.310000000000000000e+02
6.830000000000000000e+02
6.980000000000000000e+02
7.810000000000000000e+02
8.610000000000000000e+02
9.090000000000000000e+02
8.980000000000000000e+02
9.280000000000000000e+02
1.039000000000000000e+03
1.115000000000000000e+03
1.711000000000000000e+03
1.476000000000000000e+03
1.257000000000000000e+03
1.367000000000000000e+03
1.061000000000000000e+03
1.036000000000000000e+03
9.170000000000000000e+02
7.840000000000000000e+02
7.020000000000000000e+02
5.400000000000000000e+02
3.850000000000000000e+02
2.930000000000000000e+02
1.800000000000000000e+02
1.680000000000000000e+02
1.430000000000000000e+02
1.120000000000000000e+02
1.050000000000000000e+02
1.040000000000000000e+02
1.320000000000000000e+02
1.020000000000000000e+02
9.200000000000000000e+01
8.700000000000000000e+01
8.100000000000000000e+01
6.900000000000000000e+01
5.900000000000000000e+01
6.800000000000000000e+01
5.100000000000000000e+01
6.400000000000000000e+01
5.300000000000000000e+01
5.800000000000000000e+01
6.200000000000000000e+01
6.600000000000000000e+01
5.300000000000000000e+01
6.000000000000000000e+01
5.300000000000000000e+01
5.500000000000000000e+01
5.800000000000000000e+01
4.300000000000000000e+01
6.400000000000000000e+01
6.600000000000000000e+01
6.400000000000000000e+01
8.500000000000000000e+01
8.200000000000000000e+01
1.180000000000000000e+02
1.370000000000000000e+02
1.850000000000000000e+02
3.070000000000000000e+02
7.420000000000000000e+02
2.116000000000000000e+03
2.373200000000000000e+04
1.800000000000000000e+01
2.600000000000000000e+01
7.000000000000000000e+01
1.860000000000000000e+02
4.940000000000000000e+02
1.112000000000000000e+03
1.615000000000000000e+03
2.018000000000000000e+03
2.705000000000000000e+03
3.175000000000000000e+03
3.865000000000000000e+03
3.451000000000000000e+03
3.069000000000000000e+03
2.931000000000000000e+03
2.931000000000000000e+03
2.782000000000000000e+03
2.784000000000000000e+03
2.741000000000000000e+03
2.498000000000000000e+03
2.592000000000000000e+03
2.528000000000000000e+03
2.519000000000000000e+03
2.322000000000000000e+03
2.012000000000000000e+03
1.872000000000000000e+03
1.773000000000000000e+03
1.682000000000000000e+03
1.538000000000000000e+03
1.485000000000000000e+03
1.603000000000000000e+03
1.629000000000000000e+03
1.526000000000000000e+03
1.388000000000000000e+03
1.394000000000000000e+03
1.316000000000000000e+03
1.328000000000000000e+03
1.407000000000000000e+03
1.359000000000000000e+03
1.335000000000000000e+03
1.266000000000000000e+03
1.236000000000000000e+03
1.133000000000000000e+03
1.063000000000000000e+03
1.019000000000000000e+03
1.039000000000000000e+03
9.110000000000000000e+02
9.250000000000000000e+02
9.240000000000000000e+02
9.440000000000000000e+02
8.910000000000000000e+02
9.170000000000000000e+02
8.910000000000000000e+02
8.490000000000000000e+02
7.910000000000000000e+02
7.940000000000000000e+02
7.690000000000000000e+02
7.080000000000000000e+02
6.270000000000000000e+02
6.590000000000000000e+02
6.200000000000000000e+02
6.360000000000000000e+02
6.220000000000000000e+02
6.350000000000000000e+02
5.990000000000000000e+02
5.970000000000000000e+02
6.150000000000000000e+02
6.490000000000000000e+02
6.520000000000000000e+02
7.110000000000000000e+02
6.590000000000000000e+02
7.160000000000000000e+02
7.890000000000000000e+02
7.750000000000000000e+02
8.960000000000000000e+02
9.090000000000000000e+02
7.960000000000000000e+02
9.030000000000000000e+02
8.360000000000000000e+02
8.150000000000000000e+02
8.110000000000000000e+02
8.260000000000000000e+02
7.780000000000000000e+02
7.960000000000000000e+02
8.060000000000000000e+02
7.390000000000000000e+02
6.750000000000000000e+02
8.320000000000000000e+02
8.490000000000000000e+02
8.800000000000000000e+02
9.080000000000000000e+02
9.130000000000000000e+02
9.480000000000000000e+02
1.028000000000000000e+03
9.560000000000000000e+02
8.800000000000000000e+02
8.360000000000000000e+02
7.370000000000000000e+02
7.330000000000000000e+02
7.300000000000000000e+02
7.690000000000000000e+02
7.870000000000000000e+02
8.760000000000000000e+02
8.850000000000000000e+02
8.930000000000000000e+02
1.001000000000000000e+03
1.239000000000000000e+03
1.281000000000000000e+03
1.511000000000000000e+03
1.749000000000000000e+03
1.778000000000000000e+03
1.704000000000000000e+03
1.881000000000000000e+03
1.867000000000000000e+03
1.794000000000000000e+03
1.538000000000000000e+03
1.326000000000000000e+03
1.166000000000000000e+03
1.201000000000000000e+03
1.212000000000000000e+03
1.210000000000000000e+03
1.007000000000000000e+03
9.110000000000000000e+02
8.540000000000000000e+02
8.300000000000000000e+02
7.630000000000000000e+02
6.540000000000000000e+02
6.620000000000000000e+02
6.330000000000000000e+02
5.920000000000000000e+02
5.340000000000000000e+02
5.140000000000000000e+02
5.000000000000000000e+02
5.140000000000000000e+02
5.170000000000000000e+02
4.350000000000000000e+02
4.300000000000000000e+02
4.050000000000000000e+02
4.810000000000000000e+02
4.570000000000000000e+02
4.470000000000000000e+02
4.770000000000000000e+02
4.800000000000000000e+02
4.950000000000000000e+02
4.870000000000000000e+02
5.690000000000000000e+02
5.780000000000000000e+02
6.250000000000000000e+02
6.720000000000000000e+02
7.460000000000000000e+02
1.082000000000000000e+03
1.357000000000000000e+03
1.121000000000000000e+03
8.170000000000000000e+02
5.020000000000000000e+02
4.950000000000000000e+02
6.270000000000000000e+02
6.210000000000000000e+02
6.280000000000000000e+02
5.850000000000000000e+02
5.700000000000000000e+02
5.150000000000000000e+02
4.300000000000000000e+02
3.850000000000000000e+02
3.360000000000000000e+02
3.040000000000000000e+02
3.160000000000000000e+02
3.430000000000000000e+02
3.700000000000000000e+02
3.620000000000000000e+02
3.450000000000000000e+02
3.700000000000000000e+02
3.760000000000000000e+02
3.700000000000000000e+02
3.420000000000000000e+02
3.300000000000000000e+02
2.470000000000000000e+02
2.530000000000000000e+02
2.210000000000000000e+02
2.260000000000000000e+02
2.330000000000000000e+02
2.270000000000000000e+02
2.580000000000000000e+02
3.000000000000000000e+02
2.930000000000000000e+02
3.570000000000000000e+02
4.150000000000000000e+02
4.220000000000000000e+02
4.720000000000000000e+02
6.910000000000000000e+02
7.020000000000000000e+02
6.300000000000000000e+02
6.840000000000000000e+02
5.860000000000000000e+02
4.990000000000000000e+02
5.740000000000000000e+02
7.520000000000000000e+02
6.740000000000000000e+02
6.760000000000000000e+02
6.960000000000000000e+02
7.620000000000000000e+02
8.270000000000000000e+02
8.510000000000000000e+02
1.276000000000000000e+03
1.217000000000000000e+03
1.357000000000000000e+03
1.307000000000000000e+03
1.293000000000000000e+03
1.236000000000000000e+03
1.225000000000000000e+03
1.209000000000000000e+03
1.156000000000000000e+03
1.145000000000000000e+03
9.840000000000000000e+02
8.940000000000000000e+02
7.550000000000000000e+02
4.630000000000000000e+02
3.180000000000000000e+02
2.280000000000000000e+02
1.440000000000000000e+02
1.540000000000000000e+02
1.230000000000000000e+02
1.020000000000000000e+02
1.030000000000000000e+02
7.600000000000000000e+01
5.400000000000000000e+01
4.900000000000000000e+01
4.500000000000000000e+01
3.100000000000000000e+01
4.300000000000000000e+01
3.400000000000000000e+01
5.400000000000000000e+01
5.300000000000000000e+01
5.000000000000000000e+01
4.600000000000000000e+01
4.200000000000000000e+01
4.600000000000000000e+01
5.200000000000000000e+01
5.700000000000000000e+01
6.200000000000000000e+01
7.300000000000000000e+01
6.600000000000000000e+01
7.900000000000000000e+01
8.900000000000000000e+01
7.300000000000000000e+01
1.210000000000000000e+02
1.810000000000000000e+02
2.570000000000000000e+02
1.790000000000000000e+02
9.600000000000000000e+01
9.000000000000000000e+01
7.800000000000000000e+01
1.070000000000000000e+02
2.430000000000000000e+02
7.250000000000000000e+02
1.640000000000000000e+03
2.353000000000000000e+04
4.900000000000000000e+01
2.000000000000000000e+01
2.300000000000000000e+01
4.600000000000000000e+01
1.080000000000000000e+02
1.850000000000000000e+02
2.750000000000000000e+02
4.670000000000000000e+02
8.130000000000000000e+02
1.214000000000000000e+03
1.730000000000000000e+03
2.335000000000000000e+03
2.812000000000000000e+03
3.123000000000000000e+03
3.556000000000000000e+03
4.027000000000000000e+03
3.452000000000000000e+03
3.238000000000000000e+03
3.070000000000000000e+03
3.011000000000000000e+03
2.885000000000000000e+03
2.705000000000000000e+03
2.643000000000000000e+03
2.489000000000000000e+03
2.468000000000000000e+03
2.380000000000000000e+03
2.106000000000000000e+03
2.013000000000000000e+03
1.802000000000000000e+03
1.836000000000000000e+03
1.805000000000000000e+03
1.742000000000000000e+03
1.817000000000000000e+03
1.754000000000000000e+03
1.745000000000000000e+03
1.636000000000000000e+03
1.567000000000000000e+03
1.556000000000000000e+03
1.476000000000000000e+03
1.395000000000000000e+03
1.299000000000000000e+03
1.322000000000000000e+03
1.187000000000000000e+03
1.229000000000000000e+03
1.134000000000000000e+03
1.124000000000000000e+03
1.129000000000000000e+03
1.118000000000000000e+03
1.073000000000000000e+03
1.064000000000000000e+03
1.058000000000000000e+03
1.083000000000000000e+03
1.063000000000000000e+03
1.036000000000000000e+03
1.077000000000000000e+03
1.088000000000000000e+03
1.104000000000000000e+03
9.870000000000000000e+02
9.820000000000000000e+02
9.100000000000000000e+02
9.160000000000000000e+02
9.520000000000000000e+02
8.520000000000000000e+02
8.860000000000000000e+02
9.350000000000000000e+02
9.500000000000000000e+02
9.480000000000000000e+02
9.750000000000000000e+02
1.029000000000000000e+03
9.930000000000000000e+02
8.900000000000000000e+02
9.000000000000000000e+02
8.220000000000000000e+02
7.990000000000000000e+02
7.570000000000000000e+02
7.250000000000000000e+02
7.180000000000000000e+02
6.860000000000000000e+02
5.890000000000000000e+02
6.750000000000000000e+02
6.670000000000000000e+02
6.240000000000000000e+02
7.000000000000000000e+02
7.080000000000000000e+02
7.530000000000000000e+02
7.390000000000000000e+02
7.140000000000000000e+02
7.970000000000000000e+02
8.690000000000000000e+02
8.320000000000000000e+02
9.060000000000000000e+02
9.920000000000000000e+02
1.058000000000000000e+03
1.182000000000000000e+03
1.338000000000000000e+03
1.415000000000000000e+03
1.396000000000000000e+03
1.374000000000000000e+03
1.299000000000000000e+03
1.384000000000000000e+03
1.234000000000000000e+03
1.170000000000000000e+03
1.216000000000000000e+03
1.247000000000000000e+03
1.212000000000000000e+03
1.176000000000000000e+03
1.196000000000000000e+03
1.200000000000000000e+03
1.177000000000000000e+03
1.182000000000000000e+03
1.057000000000000000e+03
1.052000000000000000e+03
9.400000000000000000e+02
9.890000000000000000e+02
1.019000000000000000e+03
9.710000000000000000e+02
1.004000000000000000e+03
1.030000000000000000e+03
7.930000000000000000e+02
8.390000000000000000e+02
6.820000000000000000e+02
6.760000000000000000e+02
6.540000000000000000e+02
6.590000000000000000e+02
6.060000000000000000e+02
5.560000000000000000e+02
5.540000000000000000e+02
4.870000000000000000e+02
4.780000000000000000e+02
4.490000000000000000e+02
4.330000000000000000e+02
4.510000000000000000e+02
3.600000000000000000e+02
3.530000000000000000e+02
3.660000000000000000e+02
3.650000000000000000e+02
3.660000000000000000e+02
3.690000000000000000e+02
3.980000000000000000e+02
4.230000000000000000e+02
4.030000000000000000e+02
3.760000000000000000e+02
4.120000000000000000e+02
4.580000000000000000e+02
4.810000000000000000e+02
5.350000000000000000e+02
5.860000000000000000e+02
5.750000000000000000e+02
5.520000000000000000e+02
5.420000000000000000e+02
5.850000000000000000e+02
5.440000000000000000e+02
6.270000000000000000e+02
7.080000000000000000e+02
8.900000000000000000e+02
1.170000000000000000e+03
1.318000000000000000e+03
1.199000000000000000e+03
8.550000000000000000e+02
5.070000000000000000e+02
4.530000000000000000e+02
3.680000000000000000e+02
3.360000000000000000e+02
3.840000000000000000e+02
4.690000000000000000e+02
4.850000000000000000e+02
5.480000000000000000e+02
5.520000000000000000e+02
5.220000000000000000e+02
4.560000000000000000e+02
3.940000000000000000e+02
3.080000000000000000e+02
2.810000000000000000e+02
3.100000000000000000e+02
2.720000000000000000e+02
2.530000000000000000e+02
2.770000000000000000e+02
2.500000000000000000e+02
2.430000000000000000e+02
2.550000000000000000e+02
2.480000000000000000e+02
2.170000000000000000e+02
2.600000000000000000e+02
2.880000000000000000e+02
3.360000000000000000e+02
3.490000000000000000e+02
4.360000000000000000e+02
5.760000000000000000e+02
6.510000000000000000e+02
7.280000000000000000e+02
7.730000000000000000e+02
9.000000000000000000e+02
7.680000000000000000e+02
7.320000000000000000e+02
6.480000000000000000e+02
7.020000000000000000e+02
6.710000000000000000e+02
9.260000000000000000e+02
6.980000000000000000e+02
7.330000000000000000e+02
7.380000000000000000e+02
7.780000000000000000e+02
6.930000000000000000e+02
8.530000000000000000e+02
7.580000000000000000e+02
7.570000000000000000e+02
7.730000000000000000e+02
7.660000000000000000e+02
9.170000000000000000e+02
8.430000000000000000e+02
9.530000000000000000e+02
1.050000000000000000e+03
1.009000000000000000e+03
9.560000000000000000e+02
6.490000000000000000e+02
4.560000000000000000e+02
3.430000000000000000e+02
2.640000000000000000e+02
2.060000000000000000e+02
1.590000000000000000e+02
2.370000000000000000e+02
2.840000000000000000e+02
3.160000000000000000e+02
1.820000000000000000e+02
1.960000000000000000e+02
1.790000000000000000e+02
1.710000000000000000e+02
1.820000000000000000e+02
1.740000000000000000e+02
1.880000000000000000e+02
2.530000000000000000e+02
2.610000000000000000e+02
2.080000000000000000e+02
1.180000000000000000e+02
1.260000000000000000e+02
9.900000000000000000e+01
6.100000000000000000e+01
5.900000000000000000e+01
8.600000000000000000e+01
1.000000000000000000e+02
1.500000000000000000e+02
1.370000000000000000e+02
1.310000000000000000e+02
1.130000000000000000e+02
5.600000000000000000e+01
4.200000000000000000e+01
3.100000000000000000e+01
3.900000000000000000e+01
3.800000000000000000e+01
1.240000000000000000e+02
2.530000000000000000e+02
3.270000000000000000e+02
5.610000000000000000e+02
1.313000000000000000e+03
1.010000000000000000e+03
2.232100000000000000e+04
