1.434000000000000000e+03
2.764000000000000000e+03
3.207000000000000000e+03
3.064000000000000000e+03
2.451000000000000000e+03
2.075000000000000000e+03
1.707000000000000000e+03
1.283000000000000000e+03
1.016000000000000000e+03
9.440000000000000000e+02
8.020000000000000000e+02
6.990000000000000000e+02
6.140000000000000000e+02
5.970000000000000000e+02
5.090000000000000000e+02
5.260000000000000000e+02
5.300000000000000000e+02
5.230000000000000000e+02
4.900000000000000000e+02
5.370000000000000000e+02
4.590000000000000000e+02
4.320000000000000000e+02
4.210000000000000000e+02
4.840000000000000000e+02
4.130000000000000000e+02
3.790000000000000000e+02
4.000000000000000000e+02
3.620000000000000000e+02
3.810000000000000000e+02
3.790000000000000000e+02
4.240000000000000000e+02
4.000000000000000000e+02
3.950000000000000000e+02
4.020000000000000000e+02
3.780000000000000000e+02
3.590000000000000000e+02
3.330000000000000000e+02
3.470000000000000000e+02
3.320000000000000000e+02
3.670000000000000000e+02
3.480000000000000000e+02
3.570000000000000000e+02
4.150000000000000000e+02
4.010000000000000000e+02
3.880000000000000000e+02
3.960000000000000000e+02
3.710000000000000000e+02
3.760000000000000000e+02
3.600000000000000000e+02
3.640000000000000000e+02
3.300000000000000000e+02
3.340000000000000000e+02
3.370000000000000000e+02
3.120000000000000000e+02
3.050000000000000000e+02
3.470000000000000000e+02
3.290000000000000000e+02
3.340000000000000000e+02
3.350000000000000000e+02
3.270000000000000000e+02
3.560000000000000000e+02
3.570000000000000000e+02
3.680000000000000000e+02
3.600000000000000000e+02
3.730000000000000000e+02
3.460000000000000000e+02
3.390000000000000000e+02
3.360000000000000000e+02
3.710000000000000000e+02
3.470000000000000000e+02
3.490000000000000000e+02
3.710000000000000000e+02
3.870000000000000000e+02
3.880000000000000000e+02
3.960000000000000000e+02
3.820000000000000000e+02
3.900000000000000000e+02
4.090000000000000000e+02
4.210000000000000000e+02
4.290000000000000000e+02
4.350000000000000000e+02
4.730000000000000000e+02
5.270000000000000000e+02
4.890000000000000000e+02
4.890000000000000000e+02
4.790000000000000000e+02
4.520000000000000000e+02
4.770000000000000000e+02
5.370000000000000000e+02
5.330000000000000000e+02
6.220000000000000000e+02
6.350000000000000000e+02
5.930000000000000000e+02
6.390000000000000000e+02
5.570000000000000000e+02
6.360000000000000000e+02
5.880000000000000000e+02
5.980000000000000000e+02
5.580000000000000000e+02
5.960000000000000000e+02
5.790000000000000000e+02
5.990000000000000000e+02
6.090000000000000000e+02
5.880000000000000000e+02
6.730000000000000000e+02
6.200000000000000000e+02
6.780000000000000000e+02
6.940000000000000000e+02
6.840000000000000000e+02
7.060000000000000000e+02
7.150000000000000000e+02
7.470000000000000000e+02
7.700000000000000000e+02
8.180000000000000000e+02
7.640000000000000000e+02
8.500000000000000000e+02
9.160000000000000000e+02
9.420000000000000000e+02
8.850000000000000000e+02
1.095000000000000000e+03
1.049000000000000000e+03
1.083000000000000000e+03
1.131000000000000000e+03
1.169000000000000000e+03
1.213000000000000000e+03
1.226000000000000000e+03
1.155000000000000000e+03
1.110000000000000000e+03
1.106000000000000000e+03
9.650000000000000000e+02
1.116000000000000000e+03
1.123000000000000000e+03
1.051000000000000000e+03
1.059000000000000000e+03
1.140000000000000000e+03
1.098000000000000000e+03
1.062000000000000000e+03
1.141000000000000000e+03
1.093000000000000000e+03
1.149000000000000000e+03
1.088000000000000000e+03
1.006000000000000000e+03
1.035000000000000000e+03
1.173000000000000000e+03
1.184000000000000000e+03
1.275000000000000000e+03
1.369000000000000000e+03
1.270000000000000000e+03
1.229000000000000000e+03
1.164000000000000000e+03
1.219000000000000000e+03
1.238000000000000000e+03
1.200000000000000000e+03
1.295000000000000000e+03
1.325000000000000000e+03
1.452000000000000000e+03
1.504000000000000000e+03
1.434000000000000000e+03
1.763000000000000000e+03
1.533000000000000000e+03
1.548000000000000000e+03
1.594000000000000000e+03
1.533000000000000000e+03
1.520000000000000000e+03
1.667000000000000000e+03
1.587000000000000000e+03
1.514000000000000000e+03
1.475000000000000000e+03
1.509000000000000000e+03
1.447000000000000000e+03
1.401000000000000000e+03
1.323000000000000000e+03
1.318000000000000000e+03
1.294000000000000000e+03
1.250000000000000000e+03
1.291000000000000000e+03
1.327000000000000000e+03
1.479000000000000000e+03
1.420000000000000000e+03
1.351000000000000000e+03
1.364000000000000000e+03
1.275000000000000000e+03
1.261000000000000000e+03
1.368000000000000000e+03
1.503000000000000000e+03
1.450000000000000000e+03
1.532000000000000000e+03
1.521000000000000000e+03
1.463000000000000000e+03
1.526000000000000000e+03
1.478000000000000000e+03
1.541000000000000000e+03
1.496000000000000000e+03
1.513000000000000000e+03
1.432000000000000000e+03
1.528000000000000000e+03
1.499000000000000000e+03
1.396000000000000000e+03
1.463000000000000000e+03
1.493000000000000000e+03
1.539000000000000000e+03
1.478000000000000000e+03
1.484000000000000000e+03
1.439000000000000000e+03
1.345000000000000000e+03
1.344000000000000000e+03
1.245000000000000000e+03
1.248000000000000000e+03
1.239000000000000000e+03
1.236000000000000000e+03
1.238000000000000000e+03
1.193000000000000000e+03
1.152000000000000000e+03
1.148000000000000000e+03
1.207000000000000000e+03
1.251000000000000000e+03
1.246000000000000000e+03
1.148000000000000000e+03
1.186000000000000000e+03
1.153000000000000000e+03
1.110000000000000000e+03
1.115000000000000000e+03
1.143000000000000000e+03
1.174000000000000000e+03
1.130000000000000000e+03
1.105000000000000000e+03
1.068000000000000000e+03
1.113000000000000000e+03
1.070000000000000000e+03
9.720000000000000000e+02
1.026000000000000000e+03
9.160000000000000000e+02
9.460000000000000000e+02
9.520000000000000000e+02
9.520000000000000000e+02
9.070000000000000000e+02
9.130000000000000000e+02
8.430000000000000000e+02
7.200000000000000000e+02
7.230000000000000000e+02
7.030000000000000000e+02
6.180000000000000000e+02
6.230000000000000000e+02
5.950000000000000000e+02
5.730000000000000000e+02
5.940000000000000000e+02
6.150000000000000000e+02
5.590000000000000000e+02
6.810000000000000000e+02
7.380000000000000000e+02
8.770000000000000000e+02
1.024000000000000000e+03
1.072000000000000000e+03
1.353000000000000000e+03
1.868000000000000000e+03
2.140000000000000000e+03
2.888000000000000000e+03
4.335000000000000000e+03
3.712000000000000000e+03
2.764000000000000000e+03
2.144000000000000000e+03
1.664000000000000000e+03
1.263000000000000000e+03
9.840000000000000000e+02
8.900000000000000000e+02
7.150000000000000000e+02
6.350000000000000000e+02
5.730000000000000000e+02
5.770000000000000000e+02
5.340000000000000000e+02
5.440000000000000000e+02
5.660000000000000000e+02
5.360000000000000000e+02
5.190000000000000000e+02
4.780000000000000000e+02
4.570000000000000000e+02
4.330000000000000000e+02
4.210000000000000000e+02
4.710000000000000000e+02
4.340000000000000000e+02
4.270000000000000000e+02
4.210000000000000000e+02
4.270000000000000000e+02
4.370000000000000000e+02
3.830000000000000000e+02
3.840000000000000000e+02
3.930000000000000000e+02
3.890000000000000000e+02
3.990000000000000000e+02
4.370000000000000000e+02
4.170000000000000000e+02
4.110000000000000000e+02
3.890000000000000000e+02
4.000000000000000000e+02
3.910000000000000000e+02
3.780000000000000000e+02
3.910000000000000000e+02
3.870000000000000000e+02
3.860000000000000000e+02
3.730000000000000000e+02
3.740000000000000000e+02
3.990000000000000000e+02
3.650000000000000000e+02
3.630000000000000000e+02
3.440000000000000000e+02
3.470000000000000000e+02
3.380000000000000000e+02
3.280000000000000000e+02
3.330000000000000000e+02
3.510000000000000000e+02
3.420000000000000000e+02
3.580000000000000000e+02
3.940000000000000000e+02
3.560000000000000000e+02
3.570000000000000000e+02
3.850000000000000000e+02
3.690000000000000000e+02
3.950000000000000000e+02
3.690000000000000000e+02
3.830000000000000000e+02
3.890000000000000000e+02
4.110000000000000000e+02
3.880000000000000000e+02
4.160000000000000000e+02
4.010000000000000000e+02
4.200000000000000000e+02
3.890000000000000000e+02
4.400000000000000000e+02
4.640000000000000000e+02
4.330000000000000000e+02
4.780000000000000000e+02
5.290000000000000000e+02
6.200000000000000000e+02
6.200000000000000000e+02
5.870000000000000000e+02
5.820000000000000000e+02
6.140000000000000000e+02
6.290000000000000000e+02
6.440000000000000000e+02
6.520000000000000000e+02
6.710000000000000000e+02
6.610000000000000000e+02
6.490000000000000000e+02
7.240000000000000000e+02
6.550000000000000000e+02
6.280000000000000000e+02
6.610000000000000000e+02
6.360000000000000000e+02
6.320000000000000000e+02
6.890000000000000000e+02
6.780000000000000000e+02
7.090000000000000000e+02
6.770000000000000000e+02
7.160000000000000000e+02
7.170000000000000000e+02
7.300000000000000000e+02
7.840000000000000000e+02
9.020000000000000000e+02
8.920000000000000000e+02
9.010000000000000000e+02
1.066000000000000000e+03
1.116000000000000000e+03
1.321000000000000000e+03
1.289000000000000000e+03
1.143000000000000000e+03
1.127000000000000000e+03
1.025000000000000000e+03
9.870000000000000000e+02
9.140000000000000000e+02
8.200000000000000000e+02
8.600000000000000000e+02
8.220000000000000000e+02
7.900000000000000000e+02
8.270000000000000000e+02
8.310000000000000000e+02
8.340000000000000000e+02
8.090000000000000000e+02
7.560000000000000000e+02
8.050000000000000000e+02
8.270000000000000000e+02
6.740000000000000000e+02
8.190000000000000000e+02
9.250000000000000000e+02
1.034000000000000000e+03
1.042000000000000000e+03
9.770000000000000000e+02
9.740000000000000000e+02
1.013000000000000000e+03
8.930000000000000000e+02
9.060000000000000000e+02
9.860000000000000000e+02
9.430000000000000000e+02
9.130000000000000000e+02
9.440000000000000000e+02
9.050000000000000000e+02
8.990000000000000000e+02
8.730000000000000000e+02
9.030000000000000000e+02
1.012000000000000000e+03
1.029000000000000000e+03
1.113000000000000000e+03
1.275000000000000000e+03
1.364000000000000000e+03
1.481000000000000000e+03
1.366000000000000000e+03
1.479000000000000000e+03
1.237000000000000000e+03
1.364000000000000000e+03
1.415000000000000000e+03
1.518000000000000000e+03
1.383000000000000000e+03
1.401000000000000000e+03
1.441000000000000000e+03
1.433000000000000000e+03
1.408000000000000000e+03
1.418000000000000000e+03
1.372000000000000000e+03
1.328000000000000000e+03
1.329000000000000000e+03
1.321000000000000000e+03
1.332000000000000000e+03
1.434000000000000000e+03
1.456000000000000000e+03
1.333000000000000000e+03
1.355000000000000000e+03
1.364000000000000000e+03
1.345000000000000000e+03
1.498000000000000000e+03
1.358000000000000000e+03
1.251000000000000000e+03
1.167000000000000000e+03
1.165000000000000000e+03
1.201000000000000000e+03
1.269000000000000000e+03
1.259000000000000000e+03
1.235000000000000000e+03
1.384000000000000000e+03
1.263000000000000000e+03
1.357000000000000000e+03
1.242000000000000000e+03
1.313000000000000000e+03
1.288000000000000000e+03
1.213000000000000000e+03
1.238000000000000000e+03
1.262000000000000000e+03
1.227000000000000000e+03
1.286000000000000000e+03
1.291000000000000000e+03
1.372000000000000000e+03
1.300000000000000000e+03
1.307000000000000000e+03
1.300000000000000000e+03
1.335000000000000000e+03
1.318000000000000000e+03
1.349000000000000000e+03
1.424000000000000000e+03
1.369000000000000000e+03
1.417000000000000000e+03
1.444000000000000000e+03
1.454000000000000000e+03
1.384000000000000000e+03
1.320000000000000000e+03
1.377000000000000000e+03
1.293000000000000000e+03
1.173000000000000000e+03
1.147000000000000000e+03
1.218000000000000000e+03
1.108000000000000000e+03
1.173000000000000000e+03
1.076000000000000000e+03
1.092000000000000000e+03
1.079000000000000000e+03
1.106000000000000000e+03
1.053000000000000000e+03
1.063000000000000000e+03
1.071000000000000000e+03
1.008000000000000000e+03
9.070000000000000000e+02
8.910000000000000000e+02
8.700000000000000000e+02
8.160000000000000000e+02
8.810000000000000000e+02
8.620000000000000000e+02
9.120000000000000000e+02
8.950000000000000000e+02
8.210000000000000000e+02
9.550000000000000000e+02
9.180000000000000000e+02
9.160000000000000000e+02
9.310000000000000000e+02
8.330000000000000000e+02
8.820000000000000000e+02
1.039000000000000000e+03
9.610000000000000000e+02
9.020000000000000000e+02
8.960000000000000000e+02
8.400000000000000000e+02
8.290000000000000000e+02
7.890000000000000000e+02
8.060000000000000000e+02
7.680000000000000000e+02
7.640000000000000000e+02
7.100000000000000000e+02
6.460000000000000000e+02
6.780000000000000000e+02
7.570000000000000000e+02
9.250000000000000000e+02
9.480000000000000000e+02
1.117000000000000000e+03
1.456000000000000000e+03
1.939000000000000000e+03
3.120000000000000000e+03
3.778000000000000000e+03
2.759000000000000000e+03
2.721000000000000000e+03
3.018000000000000000e+03
2.511000000000000000e+03
2.108000000000000000e+03
1.666000000000000000e+03
1.231000000000000000e+03
9.500000000000000000e+02
8.280000000000000000e+02
7.080000000000000000e+02
6.820000000000000000e+02
6.450000000000000000e+02
6.440000000000000000e+02
5.900000000000000000e+02
5.510000000000000000e+02
6.060000000000000000e+02
5.520000000000000000e+02
5.530000000000000000e+02
5.520000000000000000e+02
5.330000000000000000e+02
5.840000000000000000e+02
5.510000000000000000e+02
5.910000000000000000e+02
5.290000000000000000e+02
5.440000000000000000e+02
5.140000000000000000e+02
5.370000000000000000e+02
5.600000000000000000e+02
5.400000000000000000e+02
5.140000000000000000e+02
5.100000000000000000e+02
5.570000000000000000e+02
5.670000000000000000e+02
5.370000000000000000e+02
5.120000000000000000e+02
5.070000000000000000e+02
4.800000000000000000e+02
4.320000000000000000e+02
4.950000000000000000e+02
4.530000000000000000e+02
5.090000000000000000e+02
4.820000000000000000e+02
4.610000000000000000e+02
4.360000000000000000e+02
4.690000000000000000e+02
4.310000000000000000e+02
4.330000000000000000e+02
4.770000000000000000e+02
4.360000000000000000e+02
4.670000000000000000e+02
4.990000000000000000e+02
4.830000000000000000e+02
5.040000000000000000e+02
5.290000000000000000e+02
5.050000000000000000e+02
5.120000000000000000e+02
4.850000000000000000e+02
4.990000000000000000e+02
4.690000000000000000e+02
4.970000000000000000e+02
5.060000000000000000e+02
4.970000000000000000e+02
5.450000000000000000e+02
5.730000000000000000e+02
5.560000000000000000e+02
5.680000000000000000e+02
5.360000000000000000e+02
5.450000000000000000e+02
5.160000000000000000e+02
5.510000000000000000e+02
5.210000000000000000e+02
5.450000000000000000e+02
5.810000000000000000e+02
5.890000000000000000e+02
6.630000000000000000e+02
6.230000000000000000e+02
6.050000000000000000e+02
6.340000000000000000e+02
6.350000000000000000e+02
5.970000000000000000e+02
6.780000000000000000e+02
6.890000000000000000e+02
7.240000000000000000e+02
7.260000000000000000e+02
8.030000000000000000e+02
8.330000000000000000e+02
9.880000000000000000e+02
1.243000000000000000e+03
1.334000000000000000e+03
1.423000000000000000e+03
1.292000000000000000e+03
1.220000000000000000e+03
1.124000000000000000e+03
1.022000000000000000e+03
9.560000000000000000e+02
8.180000000000000000e+02
7.800000000000000000e+02
7.650000000000000000e+02
8.110000000000000000e+02
8.170000000000000000e+02
7.670000000000000000e+02
7.940000000000000000e+02
7.850000000000000000e+02
7.740000000000000000e+02
7.820000000000000000e+02
7.290000000000000000e+02
7.110000000000000000e+02
7.160000000000000000e+02
7.110000000000000000e+02
7.910000000000000000e+02
7.790000000000000000e+02
8.660000000000000000e+02
8.340000000000000000e+02
9.010000000000000000e+02
8.760000000000000000e+02
9.160000000000000000e+02
9.400000000000000000e+02
9.680000000000000000e+02
9.440000000000000000e+02
9.420000000000000000e+02
9.010000000000000000e+02
1.009000000000000000e+03
9.990000000000000000e+02
1.000000000000000000e+03
9.250000000000000000e+02
1.053000000000000000e+03
1.076000000000000000e+03
1.064000000000000000e+03
1.041000000000000000e+03
1.137000000000000000e+03
1.124000000000000000e+03
1.155000000000000000e+03
1.256000000000000000e+03
1.439000000000000000e+03
1.266000000000000000e+03
1.307000000000000000e+03
1.459000000000000000e+03
1.513000000000000000e+03
1.485000000000000000e+03
1.510000000000000000e+03
1.434000000000000000e+03
1.363000000000000000e+03
1.333000000000000000e+03
1.345000000000000000e+03
1.359000000000000000e+03
1.368000000000000000e+03
1.352000000000000000e+03
1.437000000000000000e+03
1.409000000000000000e+03
1.390000000000000000e+03
1.449000000000000000e+03
1.416000000000000000e+03
1.415000000000000000e+03
1.415000000000000000e+03
1.371000000000000000e+03
1.354000000000000000e+03
1.386000000000000000e+03
1.435000000000000000e+03
1.465000000000000000e+03
1.458000000000000000e+03
1.422000000000000000e+03
1.338000000000000000e+03
1.312000000000000000e+03
1.369000000000000000e+03
1.502000000000000000e+03
1.345000000000000000e+03
1.401000000000000000e+03
1.389000000000000000e+03
1.291000000000000000e+03
1.375000000000000000e+03
1.353000000000000000e+03
1.343000000000000000e+03
1.367000000000000000e+03
1.312000000000000000e+03
1.321000000000000000e+03
1.243000000000000000e+03
1.284000000000000000e+03
1.260000000000000000e+03
1.280000000000000000e+03
1.307000000000000000e+03
1.291000000000000000e+03
1.361000000000000000e+03
1.291000000000000000e+03
1.300000000000000000e+03
1.217000000000000000e+03
1.222000000000000000e+03
1.246000000000000000e+03
1.321000000000000000e+03
1.195000000000000000e+03
1.195000000000000000e+03
1.204000000000000000e+03
1.278000000000000000e+03
1.223000000000000000e+03
1.201000000000000000e+03
1.306000000000000000e+03
1.250000000000000000e+03
1.229000000000000000e+03
1.240000000000000000e+03
1.204000000000000000e+03
1.274000000000000000e+03
1.091000000000000000e+03
1.000000000000000000e+03
9.400000000000000000e+02
9.150000000000000000e+02
9.780000000000000000e+02
9.530000000000000000e+02
9.720000000000000000e+02
8.850000000000000000e+02
9.000000000000000000e+02
9.280000000000000000e+02
8.330000000000000000e+02
8.490000000000000000e+02
8.420000000000000000e+02
8.150000000000000000e+02
8.270000000000000000e+02
8.170000000000000000e+02
7.920000000000000000e+02
7.630000000000000000e+02
7.610000000000000000e+02
7.140000000000000000e+02
7.060000000000000000e+02
6.180000000000000000e+02
5.810000000000000000e+02
5.960000000000000000e+02
5.570000000000000000e+02
5.630000000000000000e+02
5.470000000000000000e+02
5.540000000000000000e+02
5.310000000000000000e+02
5.270000000000000000e+02
5.410000000000000000e+02
5.220000000000000000e+02
4.810000000000000000e+02
5.280000000000000000e+02
5.340000000000000000e+02
4.860000000000000000e+02
6.050000000000000000e+02
5.990000000000000000e+02
5.980000000000000000e+02
5.880000000000000000e+02
5.450000000000000000e+02
5.600000000000000000e+02
4.910000000000000000e+02
5.170000000000000000e+02
5.240000000000000000e+02
5.120000000000000000e+02
5.430000000000000000e+02
6.320000000000000000e+02
7.290000000000000000e+02
7.760000000000000000e+02
8.110000000000000000e+02
9.640000000000000000e+02
9.590000000000000000e+02
1.014000000000000000e+03
2.810000000000000000e+03
