6.360000000000000000e+03
2.480000000000000000e+03
2.013000000000000000e+03
1.653000000000000000e+03
1.276000000000000000e+03
1.091000000000000000e+03
9.040000000000000000e+02
8.060000000000000000e+02
6.780000000000000000e+02
5.850000000000000000e+02
5.800000000000000000e+02
5.130000000000000000e+02
4.490000000000000000e+02
5.010000000000000000e+02
5.440000000000000000e+02
5.710000000000000000e+02
6.790000000000000000e+02
7.770000000000000000e+02
7.860000000000000000e+02
8.670000000000000000e+02
9.650000000000000000e+02
1.112000000000000000e+03
1.416000000000000000e+03
1.433000000000000000e+03
1.578000000000000000e+03
1.461000000000000000e+03
1.455000000000000000e+03
1.398000000000000000e+03
1.376000000000000000e+03
1.351000000000000000e+03
1.299000000000000000e+03
1.279000000000000000e+03
1.284000000000000000e+03
1.269000000000000000e+03
1.162000000000000000e+03
1.157000000000000000e+03
1.171000000000000000e+03
1.163000000000000000e+03
1.145000000000000000e+03
1.177000000000000000e+03
1.058000000000000000e+03
1.031000000000000000e+03
9.590000000000000000e+02
8.930000000000000000e+02
8.530000000000000000e+02
8.520000000000000000e+02
7.190000000000000000e+02
8.120000000000000000e+02
7.490000000000000000e+02
8.020000000000000000e+02
7.590000000000000000e+02
7.300000000000000000e+02
8.320000000000000000e+02
8.290000000000000000e+02
7.860000000000000000e+02
8.100000000000000000e+02
8.050000000000000000e+02
8.220000000000000000e+02
7.950000000000000000e+02
7.730000000000000000e+02
8.500000000000000000e+02
7.830000000000000000e+02
8.090000000000000000e+02
8.080000000000000000e+02
7.950000000000000000e+02
7.370000000000000000e+02
8.030000000000000000e+02
7.110000000000000000e+02
7.820000000000000000e+02
7.350000000000000000e+02
7.530000000000000000e+02
7.050000000000000000e+02
7.900000000000000000e+02
7.710000000000000000e+02
7.950000000000000000e+02
8.320000000000000000e+02
7.920000000000000000e+02
8.770000000000000000e+02
9.420000000000000000e+02
9.660000000000000000e+02
9.330000000000000000e+02
1.002000000000000000e+03
1.040000000000000000e+03
1.051000000000000000e+03
1.113000000000000000e+03
1.132000000000000000e+03
1.295000000000000000e+03
1.236000000000000000e+03
1.243000000000000000e+03
1.305000000000000000e+03
1.198000000000000000e+03
1.237000000000000000e+03
1.260000000000000000e+03
1.273000000000000000e+03
1.223000000000000000e+03
1.177000000000000000e+03
1.163000000000000000e+03
1.096000000000000000e+03
1.117000000000000000e+03
1.127000000000000000e+03
1.041000000000000000e+03
9.640000000000000000e+02
9.130000000000000000e+02
8.470000000000000000e+02
8.740000000000000000e+02
9.030000000000000000e+02
8.640000000000000000e+02
8.910000000000000000e+02
8.050000000000000000e+02
7.880000000000000000e+02
7.580000000000000000e+02
7.840000000000000000e+02
7.300000000000000000e+02
6.900000000000000000e+02
7.140000000000000000e+02
7.110000000000000000e+02
6.980000000000000000e+02
7.720000000000000000e+02
7.220000000000000000e+02
7.520000000000000000e+02
7.880000000000000000e+02
7.590000000000000000e+02
7.370000000000000000e+02
7.290000000000000000e+02
7.640000000000000000e+02
7.420000000000000000e+02
7.890000000000000000e+02
7.690000000000000000e+02
7.560000000000000000e+02
7.160000000000000000e+02
7.210000000000000000e+02
7.670000000000000000e+02
7.010000000000000000e+02
7.470000000000000000e+02
6.490000000000000000e+02
6.700000000000000000e+02
6.350000000000000000e+02
6.150000000000000000e+02
6.030000000000000000e+02
6.620000000000000000e+02
6.270000000000000000e+02
6.160000000000000000e+02
6.710000000000000000e+02
6.790000000000000000e+02
6.550000000000000000e+02
6.180000000000000000e+02
6.660000000000000000e+02
6.890000000000000000e+02
6.430000000000000000e+02
6.630000000000000000e+02
6.520000000000000000e+02
6.460000000000000000e+02
6.420000000000000000e+02
6.760000000000000000e+02
6.630000000000000000e+02
6.820000000000000000e+02
7.100000000000000000e+02
7.030000000000000000e+02
7.100000000000000000e+02
7.200000000000000000e+02
7.760000000000000000e+02
7.900000000000000000e+02
7.740000000000000000e+02
8.170000000000000000e+02
8.120000000000000000e+02
8.530000000000000000e+02
8.300000000000000000e+02
8.320000000000000000e+02
8.680000000000000000e+02
8.580000000000000000e+02
8.560000000000000000e+02
8.670000000000000000e+02
8.770000000000000000e+02
9.280000000000000000e+02
1.009000000000000000e+03
1.042000000000000000e+03
1.040000000000000000e+03
1.157000000000000000e+03
1.059000000000000000e+03
1.233000000000000000e+03
1.230000000000000000e+03
1.390000000000000000e+03
1.446000000000000000e+03
1.463000000000000000e+03
1.496000000000000000e+03
1.608000000000000000e+03
1.610000000000000000e+03
1.678000000000000000e+03
1.557000000000000000e+03
1.468000000000000000e+03
1.478000000000000000e+03
1.372000000000000000e+03
1.329000000000000000e+03
1.290000000000000000e+03
1.173000000000000000e+03
1.141000000000000000e+03
1.103000000000000000e+03
1.120000000000000000e+03
1.137000000000000000e+03
1.084000000000000000e+03
1.057000000000000000e+03
9.830000000000000000e+02
9.440000000000000000e+02
9.570000000000000000e+02
8.970000000000000000e+02
9.090000000000000000e+02
8.060000000000000000e+02
7.610000000000000000e+02
8.030000000000000000e+02
7.600000000000000000e+02
7.480000000000000000e+02
6.930000000000000000e+02
6.710000000000000000e+02
6.780000000000000000e+02
6.240000000000000000e+02
5.920000000000000000e+02
5.450000000000000000e+02
5.460000000000000000e+02
4.880000000000000000e+02
4.150000000000000000e+02
4.090000000000000000e+02
3.330000000000000000e+02
3.170000000000000000e+02
2.950000000000000000e+02
2.760000000000000000e+02
2.720000000000000000e+02
2.760000000000000000e+02
3.150000000000000000e+02
2.960000000000000000e+02
2.980000000000000000e+02
3.320000000000000000e+02
3.740000000000000000e+02
3.790000000000000000e+02
3.860000000000000000e+02
4.160000000000000000e+02
4.850000000000000000e+02
5.420000000000000000e+02
5.430000000000000000e+02
5.850000000000000000e+02
7.450000000000000000e+02
9.130000000000000000e+02
1.152000000000000000e+03
2.399000000000000000e+03
1.132200000000000000e+04
2.403000000000000000e+03
1.162000000000000000e+03
7.870000000000000000e+02
5.010000000000000000e+02
3.880000000000000000e+02
2.820000000000000000e+02
2.320000000000000000e+02
1.820000000000000000e+02
1.600000000000000000e+02
1.260000000000000000e+02
9.000000000000000000e+01
1.380000000000000000e+02
6.822000000000000000e+03
2.912000000000000000e+03
2.431000000000000000e+03
1.787000000000000000e+03
1.353000000000000000e+03
1.092000000000000000e+03
8.700000000000000000e+02
7.800000000000000000e+02
5.950000000000000000e+02
5.710000000000000000e+02
4.970000000000000000e+02
4.180000000000000000e+02
3.490000000000000000e+02
3.510000000000000000e+02
3.560000000000000000e+02
3.830000000000000000e+02
4.420000000000000000e+02
5.000000000000000000e+02
5.450000000000000000e+02
6.690000000000000000e+02
8.240000000000000000e+02
1.020000000000000000e+03
1.145000000000000000e+03
1.265000000000000000e+03
1.427000000000000000e+03
1.444000000000000000e+03
1.489000000000000000e+03
1.324000000000000000e+03
1.450000000000000000e+03
1.294000000000000000e+03
1.228000000000000000e+03
1.318000000000000000e+03
1.221000000000000000e+03
1.172000000000000000e+03
1.096000000000000000e+03
1.053000000000000000e+03
1.009000000000000000e+03
1.005000000000000000e+03
1.056000000000000000e+03
1.022000000000000000e+03
9.700000000000000000e+02
9.410000000000000000e+02
9.240000000000000000e+02
9.090000000000000000e+02
8.730000000000000000e+02
8.750000000000000000e+02
8.470000000000000000e+02
8.480000000000000000e+02
8.010000000000000000e+02
7.930000000000000000e+02
7.920000000000000000e+02
8.760000000000000000e+02
8.950000000000000000e+02
8.690000000000000000e+02
8.490000000000000000e+02
8.280000000000000000e+02
8.230000000000000000e+02
7.490000000000000000e+02
7.620000000000000000e+02
7.190000000000000000e+02
7.930000000000000000e+02
7.350000000000000000e+02
7.560000000000000000e+02
8.030000000000000000e+02
7.560000000000000000e+02
8.080000000000000000e+02
7.920000000000000000e+02
7.360000000000000000e+02
8.740000000000000000e+02
7.770000000000000000e+02
7.910000000000000000e+02
7.890000000000000000e+02
8.430000000000000000e+02
7.930000000000000000e+02
7.550000000000000000e+02
8.050000000000000000e+02
8.420000000000000000e+02
8.260000000000000000e+02
9.090000000000000000e+02
9.870000000000000000e+02
1.024000000000000000e+03
1.028000000000000000e+03
1.192000000000000000e+03
1.246000000000000000e+03
1.354000000000000000e+03
1.388000000000000000e+03
1.328000000000000000e+03
1.406000000000000000e+03
1.343000000000000000e+03
1.354000000000000000e+03
1.458000000000000000e+03
1.356000000000000000e+03
1.345000000000000000e+03
1.219000000000000000e+03
1.240000000000000000e+03
1.152000000000000000e+03
1.119000000000000000e+03
1.110000000000000000e+03
1.055000000000000000e+03
9.700000000000000000e+02
9.830000000000000000e+02
9.290000000000000000e+02
8.180000000000000000e+02
8.980000000000000000e+02
7.820000000000000000e+02
7.550000000000000000e+02
7.910000000000000000e+02
7.830000000000000000e+02
8.000000000000000000e+02
7.760000000000000000e+02
8.140000000000000000e+02
8.240000000000000000e+02
8.070000000000000000e+02
7.770000000000000000e+02
8.140000000000000000e+02
7.700000000000000000e+02
7.700000000000000000e+02
8.280000000000000000e+02
7.610000000000000000e+02
8.380000000000000000e+02
7.890000000000000000e+02
7.830000000000000000e+02
7.670000000000000000e+02
6.900000000000000000e+02
6.900000000000000000e+02
6.670000000000000000e+02
6.450000000000000000e+02
6.720000000000000000e+02
6.720000000000000000e+02
6.610000000000000000e+02
6.770000000000000000e+02
6.730000000000000000e+02
7.000000000000000000e+02
6.840000000000000000e+02
6.990000000000000000e+02
7.230000000000000000e+02
6.870000000000000000e+02
7.140000000000000000e+02
7.090000000000000000e+02
7.200000000000000000e+02
6.790000000000000000e+02
6.670000000000000000e+02
6.750000000000000000e+02
7.490000000000000000e+02
7.170000000000000000e+02
7.320000000000000000e+02
6.960000000000000000e+02
6.700000000000000000e+02
6.960000000000000000e+02
6.570000000000000000e+02
6.940000000000000000e+02
6.800000000000000000e+02
6.410000000000000000e+02
6.890000000000000000e+02
6.630000000000000000e+02
7.330000000000000000e+02
6.730000000000000000e+02
7.720000000000000000e+02
7.840000000000000000e+02
8.130000000000000000e+02
8.530000000000000000e+02
8.630000000000000000e+02
8.200000000000000000e+02
7.600000000000000000e+02
7.750000000000000000e+02
8.420000000000000000e+02
8.150000000000000000e+02
8.200000000000000000e+02
8.750000000000000000e+02
8.690000000000000000e+02
8.580000000000000000e+02
8.720000000000000000e+02
8.530000000000000000e+02
8.850000000000000000e+02
9.000000000000000000e+02
9.090000000000000000e+02
9.650000000000000000e+02
9.500000000000000000e+02
1.135000000000000000e+03
1.230000000000000000e+03
1.307000000000000000e+03
1.346000000000000000e+03
1.448000000000000000e+03
1.571000000000000000e+03
1.691000000000000000e+03
1.759000000000000000e+03
1.794000000000000000e+03
1.830000000000000000e+03
1.817000000000000000e+03
1.793000000000000000e+03
1.664000000000000000e+03
1.635000000000000000e+03
1.582000000000000000e+03
1.467000000000000000e+03
1.501000000000000000e+03
1.436000000000000000e+03
1.461000000000000000e+03
1.448000000000000000e+03
1.384000000000000000e+03
1.369000000000000000e+03
1.286000000000000000e+03
1.168000000000000000e+03
1.159000000000000000e+03
9.230000000000000000e+02
8.570000000000000000e+02
7.600000000000000000e+02
7.000000000000000000e+02
6.220000000000000000e+02
6.600000000000000000e+02
7.040000000000000000e+02
7.100000000000000000e+02
7.460000000000000000e+02
7.320000000000000000e+02
6.460000000000000000e+02
6.450000000000000000e+02
6.240000000000000000e+02
5.530000000000000000e+02
4.800000000000000000e+02
3.810000000000000000e+02
3.260000000000000000e+02
2.790000000000000000e+02
2.450000000000000000e+02
2.010000000000000000e+02
1.710000000000000000e+02
1.790000000000000000e+02
1.790000000000000000e+02
1.820000000000000000e+02
1.640000000000000000e+02
1.480000000000000000e+02
1.700000000000000000e+02
1.470000000000000000e+02
1.380000000000000000e+02
1.880000000000000000e+02
2.000000000000000000e+02
1.980000000000000000e+02
2.100000000000000000e+02
2.420000000000000000e+02
2.750000000000000000e+02
3.360000000000000000e+02
4.880000000000000000e+02
6.360000000000000000e+02
1.067000000000000000e+03
2.252000000000000000e+03
1.138500000000000000e+04
2.470000000000000000e+03
1.084000000000000000e+03
7.080000000000000000e+02
4.680000000000000000e+02
3.970000000000000000e+02
2.730000000000000000e+02
2.600000000000000000e+02
2.160000000000000000e+02
2.300000000000000000e+02
1.670000000000000000e+02
1.230000000000000000e+02
2.850000000000000000e+02
8.972000000000000000e+03
1.642000000000000000e+03
1.977000000000000000e+03
1.584000000000000000e+03
1.378000000000000000e+03
1.134000000000000000e+03
9.720000000000000000e+02
9.190000000000000000e+02
7.040000000000000000e+02
6.030000000000000000e+02
5.290000000000000000e+02
4.140000000000000000e+02
3.520000000000000000e+02
3.400000000000000000e+02
3.680000000000000000e+02
3.900000000000000000e+02
4.370000000000000000e+02
4.790000000000000000e+02
4.430000000000000000e+02
5.100000000000000000e+02
5.950000000000000000e+02
7.830000000000000000e+02
9.270000000000000000e+02
1.014000000000000000e+03
1.345000000000000000e+03
1.284000000000000000e+03
1.349000000000000000e+03
1.367000000000000000e+03
1.462000000000000000e+03
1.401000000000000000e+03
1.433000000000000000e+03
1.473000000000000000e+03
1.454000000000000000e+03
1.377000000000000000e+03
1.284000000000000000e+03
1.182000000000000000e+03
1.095000000000000000e+03
1.081000000000000000e+03
1.049000000000000000e+03
1.022000000000000000e+03
9.630000000000000000e+02
8.920000000000000000e+02
8.640000000000000000e+02
9.780000000000000000e+02
9.810000000000000000e+02
9.610000000000000000e+02
9.810000000000000000e+02
1.074000000000000000e+03
9.100000000000000000e+02
9.250000000000000000e+02
9.080000000000000000e+02
8.860000000000000000e+02
9.060000000000000000e+02
9.270000000000000000e+02
8.610000000000000000e+02
8.620000000000000000e+02
8.470000000000000000e+02
8.570000000000000000e+02
7.820000000000000000e+02
8.620000000000000000e+02
8.700000000000000000e+02
8.410000000000000000e+02
8.630000000000000000e+02
8.400000000000000000e+02
8.660000000000000000e+02
8.700000000000000000e+02
9.150000000000000000e+02
8.990000000000000000e+02
9.340000000000000000e+02
9.510000000000000000e+02
1.033000000000000000e+03
9.410000000000000000e+02
1.016000000000000000e+03
1.010000000000000000e+03
1.016000000000000000e+03
1.068000000000000000e+03
1.153000000000000000e+03
1.102000000000000000e+03
1.109000000000000000e+03
1.177000000000000000e+03
1.228000000000000000e+03
1.260000000000000000e+03
1.312000000000000000e+03
1.320000000000000000e+03
1.319000000000000000e+03
1.336000000000000000e+03
1.434000000000000000e+03
1.395000000000000000e+03
1.299000000000000000e+03
1.367000000000000000e+03
1.265000000000000000e+03
1.317000000000000000e+03
1.315000000000000000e+03
1.238000000000000000e+03
1.245000000000000000e+03
1.191000000000000000e+03
1.131000000000000000e+03
1.039000000000000000e+03
1.059000000000000000e+03
9.360000000000000000e+02
9.540000000000000000e+02
8.920000000000000000e+02
8.580000000000000000e+02
8.510000000000000000e+02
8.570000000000000000e+02
7.990000000000000000e+02
7.880000000000000000e+02
8.390000000000000000e+02
7.660000000000000000e+02
8.170000000000000000e+02
7.710000000000000000e+02
7.540000000000000000e+02
7.430000000000000000e+02
6.560000000000000000e+02
7.100000000000000000e+02
6.700000000000000000e+02
6.670000000000000000e+02
6.920000000000000000e+02
6.960000000000000000e+02
6.770000000000000000e+02
7.080000000000000000e+02
7.690000000000000000e+02
7.440000000000000000e+02
7.190000000000000000e+02
7.230000000000000000e+02
6.820000000000000000e+02
7.070000000000000000e+02
7.280000000000000000e+02
7.390000000000000000e+02
6.670000000000000000e+02
7.570000000000000000e+02
7.320000000000000000e+02
8.030000000000000000e+02
7.660000000000000000e+02
7.890000000000000000e+02
7.610000000000000000e+02
7.410000000000000000e+02
7.580000000000000000e+02
7.500000000000000000e+02
7.130000000000000000e+02
7.520000000000000000e+02
7.420000000000000000e+02
7.860000000000000000e+02
7.990000000000000000e+02
7.980000000000000000e+02
7.880000000000000000e+02
8.310000000000000000e+02
8.570000000000000000e+02
8.490000000000000000e+02
8.540000000000000000e+02
8.060000000000000000e+02
7.950000000000000000e+02
7.370000000000000000e+02
7.880000000000000000e+02
7.520000000000000000e+02
7.310000000000000000e+02
7.040000000000000000e+02
6.830000000000000000e+02
6.380000000000000000e+02
6.610000000000000000e+02
5.750000000000000000e+02
6.050000000000000000e+02
6.880000000000000000e+02
6.770000000000000000e+02
7.250000000000000000e+02
7.730000000000000000e+02
7.070000000000000000e+02
7.880000000000000000e+02
8.360000000000000000e+02
8.540000000000000000e+02
8.630000000000000000e+02
8.620000000000000000e+02
9.440000000000000000e+02
9.770000000000000000e+02
9.700000000000000000e+02
1.095000000000000000e+03
1.141000000000000000e+03
1.104000000000000000e+03
1.234000000000000000e+03
1.284000000000000000e+03
1.257000000000000000e+03
1.321000000000000000e+03
1.404000000000000000e+03
1.364000000000000000e+03
1.298000000000000000e+03
1.245000000000000000e+03
1.228000000000000000e+03
1.292000000000000000e+03
1.306000000000000000e+03
1.265000000000000000e+03
1.282000000000000000e+03
1.314000000000000000e+03
1.256000000000000000e+03
1.273000000000000000e+03
1.213000000000000000e+03
1.204000000000000000e+03
1.094000000000000000e+03
1.096000000000000000e+03
9.600000000000000000e+02
8.820000000000000000e+02
8.680000000000000000e+02
7.450000000000000000e+02
6.470000000000000000e+02
5.820000000000000000e+02
5.440000000000000000e+02
5.900000000000000000e+02
5.820000000000000000e+02
5.270000000000000000e+02
5.190000000000000000e+02
5.120000000000000000e+02
5.810000000000000000e+02
5.210000000000000000e+02
6.080000000000000000e+02
6.090000000000000000e+02
6.740000000000000000e+02
7.710000000000000000e+02
7.150000000000000000e+02
7.210000000000000000e+02
7.450000000000000000e+02
6.790000000000000000e+02
7.000000000000000000e+02
6.110000000000000000e+02
5.580000000000000000e+02
4.610000000000000000e+02
3.550000000000000000e+02
3.060000000000000000e+02
2.780000000000000000e+02
2.400000000000000000e+02
2.410000000000000000e+02
2.290000000000000000e+02
1.990000000000000000e+02
1.930000000000000000e+02
2.140000000000000000e+02
1.890000000000000000e+02
2.290000000000000000e+02
2.360000000000000000e+02
2.720000000000000000e+02
2.910000000000000000e+02
4.320000000000000000e+02
6.780000000000000000e+02
7.610000000000000000e+02
1.365000000000000000e+03
1.996000000000000000e+03
1.090800000000000000e+04
1.927000000000000000e+03
1.033000000000000000e+03
6.460000000000000000e+02
5.450000000000000000e+02
4.500000000000000000e+02
2.890000000000000000e+02
2.480000000000000000e+02
2.000000000000000000e+02
2.080000000000000000e+02
1.750000000000000000e+02
1.590000000000000000e+02
7.870000000000000000e+02
