8.910000000000000000e+02
5.950000000000000000e+02
4.910000000000000000e+02
4.630000000000000000e+02
4.410000000000000000e+02
4.420000000000000000e+02
6.130000000000000000e+02
1.400000000000000000e+03
2.414000000000000000e+03
3.609000000000000000e+03
4.243000000000000000e+03
2.668000000000000000e+03
1.840000000000000000e+03
1.703000000000000000e+03
1.714000000000000000e+03
1.674000000000000000e+03
1.611000000000000000e+03
1.586000000000000000e+03
1.638000000000000000e+03
1.937000000000000000e+03
2.037000000000000000e+03
2.379000000000000000e+03
2.772000000000000000e+03
3.006000000000000000e+03
3.169000000000000000e+03
3.467000000000000000e+03
3.702000000000000000e+03
3.669000000000000000e+03
3.289000000000000000e+03
3.112000000000000000e+03
2.792000000000000000e+03
2.564000000000000000e+03
2.527000000000000000e+03
2.308000000000000000e+03
2.236000000000000000e+03
2.451000000000000000e+03
2.479000000000000000e+03
2.351000000000000000e+03
2.416000000000000000e+03
2.329000000000000000e+03
2.271000000000000000e+03
2.258000000000000000e+03
2.273000000000000000e+03
2.220000000000000000e+03
2.227000000000000000e+03
2.151000000000000000e+03
2.151000000000000000e+03
2.026000000000000000e+03
2.061000000000000000e+03
2.016000000000000000e+03
2.004000000000000000e+03
1.887000000000000000e+03
1.951000000000000000e+03
1.890000000000000000e+03
1.858000000000000000e+03
1.857000000000000000e+03
1.792000000000000000e+03
1.792000000000000000e+03
1.711000000000000000e+03
1.807000000000000000e+03
1.648000000000000000e+03
1.601000000000000000e+03
1.563000000000000000e+03
1.475000000000000000e+03
1.429000000000000000e+03
1.444000000000000000e+03
1.432000000000000000e+03
1.435000000000000000e+03
1.451000000000000000e+03
1.352000000000000000e+03
1.390000000000000000e+03
1.423000000000000000e+03
1.420000000000000000e+03
1.484000000000000000e+03
1.479000000000000000e+03
1.337000000000000000e+03
1.346000000000000000e+03
1.352000000000000000e+03
1.436000000000000000e+03
1.430000000000000000e+03
1.426000000000000000e+03
1.241000000000000000e+03
1.199000000000000000e+03
1.097000000000000000e+03
1.025000000000000000e+03
1.015000000000000000e+03
9.920000000000000000e+02
9.710000000000000000e+02
9.090000000000000000e+02
9.120000000000000000e+02
8.950000000000000000e+02
8.870000000000000000e+02
8.370000000000000000e+02
8.420000000000000000e+02
8.370000000000000000e+02
7.720000000000000000e+02
7.950000000000000000e+02
7.690000000000000000e+02
7.540000000000000000e+02
7.940000000000000000e+02
7.360000000000000000e+02
7.500000000000000000e+02
6.900000000000000000e+02
6.670000000000000000e+02
6.770000000000000000e+02
7.110000000000000000e+02
5.840000000000000000e+02
6.820000000000000000e+02
6.300000000000000000e+02
5.960000000000000000e+02
6.160000000000000000e+02
6.280000000000000000e+02
6.560000000000000000e+02
6.240000000000000000e+02
5.980000000000000000e+02
6.260000000000000000e+02
6.210000000000000000e+02
6.230000000000000000e+02
5.970000000000000000e+02
6.230000000000000000e+02
6.630000000000000000e+02
6.780000000000000000e+02
6.630000000000000000e+02
5.880000000000000000e+02
6.200000000000000000e+02
6.220000000000000000e+02
6.490000000000000000e+02
6.910000000000000000e+02
6.860000000000000000e+02
7.030000000000000000e+02
6.970000000000000000e+02
6.790000000000000000e+02
7.460000000000000000e+02
7.480000000000000000e+02
7.760000000000000000e+02
7.940000000000000000e+02
7.570000000000000000e+02
7.040000000000000000e+02
6.750000000000000000e+02
6.060000000000000000e+02
6.130000000000000000e+02
6.130000000000000000e+02
5.580000000000000000e+02
5.090000000000000000e+02
4.950000000000000000e+02
4.520000000000000000e+02
4.810000000000000000e+02
4.490000000000000000e+02
4.620000000000000000e+02
4.860000000000000000e+02
4.740000000000000000e+02
4.340000000000000000e+02
4.570000000000000000e+02
4.220000000000000000e+02
4.420000000000000000e+02
4.530000000000000000e+02
4.410000000000000000e+02
4.640000000000000000e+02
4.560000000000000000e+02
4.440000000000000000e+02
4.300000000000000000e+02
4.160000000000000000e+02
4.230000000000000000e+02
4.140000000000000000e+02
4.040000000000000000e+02
3.470000000000000000e+02
3.770000000000000000e+02
3.990000000000000000e+02
3.480000000000000000e+02
3.740000000000000000e+02
3.330000000000000000e+02
3.730000000000000000e+02
3.490000000000000000e+02
3.190000000000000000e+02
3.710000000000000000e+02
4.010000000000000000e+02
3.960000000000000000e+02
3.520000000000000000e+02
3.720000000000000000e+02
3.650000000000000000e+02
3.830000000000000000e+02
2.850000000000000000e+02
2.740000000000000000e+02
2.810000000000000000e+02
2.940000000000000000e+02
2.820000000000000000e+02
2.840000000000000000e+02
2.920000000000000000e+02
2.860000000000000000e+02
2.830000000000000000e+02
2.730000000000000000e+02
2.960000000000000000e+02
3.160000000000000000e+02
3.050000000000000000e+02
3.160000000000000000e+02
3.740000000000000000e+02
3.970000000000000000e+02
3.890000000000000000e+02
3.870000000000000000e+02
4.100000000000000000e+02
3.540000000000000000e+02
3.550000000000000000e+02
3.330000000000000000e+02
3.730000000000000000e+02
3.630000000000000000e+02
2.600000000000000000e+02
2.590000000000000000e+02
2.330000000000000000e+02
2.620000000000000000e+02
2.470000000000000000e+02
2.550000000000000000e+02
2.730000000000000000e+02
3.220000000000000000e+02
3.290000000000000000e+02
3.220000000000000000e+02
3.020000000000000000e+02
2.900000000000000000e+02
2.900000000000000000e+02
3.250000000000000000e+02
3.270000000000000000e+02
3.670000000000000000e+02
3.260000000000000000e+02
3.480000000000000000e+02
3.280000000000000000e+02
3.130000000000000000e+02
2.960000000000000000e+02
2.930000000000000000e+02
2.970000000000000000e+02
3.690000000000000000e+02
3.950000000000000000e+02
4.400000000000000000e+02
5.130000000000000000e+02
5.960000000000000000e+02
6.300000000000000000e+02
4.720000000000000000e+02
4.440000000000000000e+02
4.120000000000000000e+02
3.540000000000000000e+02
3.140000000000000000e+02
2.360000000000000000e+02
1.650000000000000000e+02
1.390000000000000000e+02
6.700000000000000000e+01
4.100000000000000000e+01
4.000000000000000000e+01
3.800000000000000000e+01
2.700000000000000000e+01
3.600000000000000000e+01
3.800000000000000000e+01
4.700000000000000000e+01
3.700000000000000000e+01
3.700000000000000000e+01
3.700000000000000000e+01
2.100000000000000000e+01
2.200000000000000000e+01
9.000000000000000000e+00
6.010000000000000000e+02
5.200000000000000000e+02
4.570000000000000000e+02
3.830000000000000000e+02
3.530000000000000000e+02
3.260000000000000000e+02
5.010000000000000000e+02
1.184000000000000000e+03
2.161000000000000000e+03
3.284000000000000000e+03
3.627000000000000000e+03
2.026000000000000000e+03
1.159000000000000000e+03
9.820000000000000000e+02
9.680000000000000000e+02
9.630000000000000000e+02
9.020000000000000000e+02
8.550000000000000000e+02
8.960000000000000000e+02
1.013000000000000000e+03
1.170000000000000000e+03
1.341000000000000000e+03
1.686000000000000000e+03
1.966000000000000000e+03
2.323000000000000000e+03
2.767000000000000000e+03
3.098000000000000000e+03
2.827000000000000000e+03
2.611000000000000000e+03
2.532000000000000000e+03
2.519000000000000000e+03
2.202000000000000000e+03
2.035000000000000000e+03
1.985000000000000000e+03
1.947000000000000000e+03
2.033000000000000000e+03
1.982000000000000000e+03
1.843000000000000000e+03
1.885000000000000000e+03
1.849000000000000000e+03
1.924000000000000000e+03
2.016000000000000000e+03
2.123000000000000000e+03
2.088000000000000000e+03
1.975000000000000000e+03
1.985000000000000000e+03
1.998000000000000000e+03
1.939000000000000000e+03
1.885000000000000000e+03
1.841000000000000000e+03
1.844000000000000000e+03
1.829000000000000000e+03
1.845000000000000000e+03
1.804000000000000000e+03
1.765000000000000000e+03
1.900000000000000000e+03
1.962000000000000000e+03
1.905000000000000000e+03
1.842000000000000000e+03
1.785000000000000000e+03
1.824000000000000000e+03
1.772000000000000000e+03
1.718000000000000000e+03
1.716000000000000000e+03
1.616000000000000000e+03
1.656000000000000000e+03
1.565000000000000000e+03
1.552000000000000000e+03
1.484000000000000000e+03
1.547000000000000000e+03
1.562000000000000000e+03
1.546000000000000000e+03
1.565000000000000000e+03
1.691000000000000000e+03
1.607000000000000000e+03
1.520000000000000000e+03
1.604000000000000000e+03
1.607000000000000000e+03
1.690000000000000000e+03
1.777000000000000000e+03
1.685000000000000000e+03
1.538000000000000000e+03
1.381000000000000000e+03
1.394000000000000000e+03
1.256000000000000000e+03
1.202000000000000000e+03
1.168000000000000000e+03
1.192000000000000000e+03
1.121000000000000000e+03
1.150000000000000000e+03
1.136000000000000000e+03
1.115000000000000000e+03
1.099000000000000000e+03
1.048000000000000000e+03
1.045000000000000000e+03
1.036000000000000000e+03
9.350000000000000000e+02
9.330000000000000000e+02
9.610000000000000000e+02
8.740000000000000000e+02
8.740000000000000000e+02
8.650000000000000000e+02
8.140000000000000000e+02
8.100000000000000000e+02
8.050000000000000000e+02
7.960000000000000000e+02
8.280000000000000000e+02
7.570000000000000000e+02
7.430000000000000000e+02
7.210000000000000000e+02
7.060000000000000000e+02
6.340000000000000000e+02
6.730000000000000000e+02
6.410000000000000000e+02
7.470000000000000000e+02
7.310000000000000000e+02
6.810000000000000000e+02
7.110000000000000000e+02
6.770000000000000000e+02
7.070000000000000000e+02
7.150000000000000000e+02
7.360000000000000000e+02
7.740000000000000000e+02
7.860000000000000000e+02
7.740000000000000000e+02
7.580000000000000000e+02
7.470000000000000000e+02
7.200000000000000000e+02
6.970000000000000000e+02
7.210000000000000000e+02
6.900000000000000000e+02
7.340000000000000000e+02
7.670000000000000000e+02
7.990000000000000000e+02
7.900000000000000000e+02
8.420000000000000000e+02
8.720000000000000000e+02
8.950000000000000000e+02
8.680000000000000000e+02
9.210000000000000000e+02
8.850000000000000000e+02
7.930000000000000000e+02
7.460000000000000000e+02
7.180000000000000000e+02
6.780000000000000000e+02
6.340000000000000000e+02
6.060000000000000000e+02
5.970000000000000000e+02
5.820000000000000000e+02
5.550000000000000000e+02
5.230000000000000000e+02
5.840000000000000000e+02
5.380000000000000000e+02
5.660000000000000000e+02
5.190000000000000000e+02
5.020000000000000000e+02
5.120000000000000000e+02
4.880000000000000000e+02
4.980000000000000000e+02
4.920000000000000000e+02
5.240000000000000000e+02
5.090000000000000000e+02
5.400000000000000000e+02
4.990000000000000000e+02
5.000000000000000000e+02
5.230000000000000000e+02
4.990000000000000000e+02
4.640000000000000000e+02
5.240000000000000000e+02
4.670000000000000000e+02
4.760000000000000000e+02
5.290000000000000000e+02
5.160000000000000000e+02
4.810000000000000000e+02
4.860000000000000000e+02
5.330000000000000000e+02
5.080000000000000000e+02
5.570000000000000000e+02
5.330000000000000000e+02
5.890000000000000000e+02
5.220000000000000000e+02
5.020000000000000000e+02
4.650000000000000000e+02
4.330000000000000000e+02
4.700000000000000000e+02
4.610000000000000000e+02
5.050000000000000000e+02
5.130000000000000000e+02
4.680000000000000000e+02
4.190000000000000000e+02
4.550000000000000000e+02
4.570000000000000000e+02
4.930000000000000000e+02
4.690000000000000000e+02
4.480000000000000000e+02
4.430000000000000000e+02
4.840000000000000000e+02
5.330000000000000000e+02
5.100000000000000000e+02
5.220000000000000000e+02
4.510000000000000000e+02
4.610000000000000000e+02
4.610000000000000000e+02
4.870000000000000000e+02
4.850000000000000000e+02
4.860000000000000000e+02
3.890000000000000000e+02
3.560000000000000000e+02
3.250000000000000000e+02
3.740000000000000000e+02
3.720000000000000000e+02
3.510000000000000000e+02
4.070000000000000000e+02
4.370000000000000000e+02
4.200000000000000000e+02
4.360000000000000000e+02
4.300000000000000000e+02
4.130000000000000000e+02
3.760000000000000000e+02
4.110000000000000000e+02
4.290000000000000000e+02
4.160000000000000000e+02
3.750000000000000000e+02
4.120000000000000000e+02
3.500000000000000000e+02
3.070000000000000000e+02
2.970000000000000000e+02
3.390000000000000000e+02
4.140000000000000000e+02
4.280000000000000000e+02
4.870000000000000000e+02
5.990000000000000000e+02
5.970000000000000000e+02
5.710000000000000000e+02
4.760000000000000000e+02
4.610000000000000000e+02
4.430000000000000000e+02
3.930000000000000000e+02
3.320000000000000000e+02
2.690000000000000000e+02
2.090000000000000000e+02
1.530000000000000000e+02
1.000000000000000000e+02
4.400000000000000000e+01
4.800000000000000000e+01
5.100000000000000000e+01
3.500000000000000000e+01
3.900000000000000000e+01
4.000000000000000000e+01
3.700000000000000000e+01
4.400000000000000000e+01
5.100000000000000000e+01
4.100000000000000000e+01
3.800000000000000000e+01
3.400000000000000000e+01
3.600000000000000000e+01
3.850000000000000000e+02
3.370000000000000000e+02
3.830000000000000000e+02
3.030000000000000000e+02
3.070000000000000000e+02
3.500000000000000000e+02
4.810000000000000000e+02
1.055000000000000000e+03
1.893000000000000000e+03
2.236000000000000000e+03
1.527000000000000000e+03
1.595000000000000000e+03
2.821000000000000000e+03
2.002000000000000000e+03
1.262000000000000000e+03
8.780000000000000000e+02
7.850000000000000000e+02
8.110000000000000000e+02
7.590000000000000000e+02
7.300000000000000000e+02
7.790000000000000000e+02
8.960000000000000000e+02
9.910000000000000000e+02
1.195000000000000000e+03
1.451000000000000000e+03
1.690000000000000000e+03
1.991000000000000000e+03
2.364000000000000000e+03
2.611000000000000000e+03
2.333000000000000000e+03
2.175000000000000000e+03
2.264000000000000000e+03
2.301000000000000000e+03
2.101000000000000000e+03
1.860000000000000000e+03
1.798000000000000000e+03
1.732000000000000000e+03
1.671000000000000000e+03
1.594000000000000000e+03
1.504000000000000000e+03
1.553000000000000000e+03
1.484000000000000000e+03
1.414000000000000000e+03
1.389000000000000000e+03
1.376000000000000000e+03
1.379000000000000000e+03
1.500000000000000000e+03
1.453000000000000000e+03
1.569000000000000000e+03
1.440000000000000000e+03
1.497000000000000000e+03
1.500000000000000000e+03
1.536000000000000000e+03
1.645000000000000000e+03
1.682000000000000000e+03
1.629000000000000000e+03
1.629000000000000000e+03
1.613000000000000000e+03
1.504000000000000000e+03
1.618000000000000000e+03
1.525000000000000000e+03
1.586000000000000000e+03
1.683000000000000000e+03
1.668000000000000000e+03
1.590000000000000000e+03
1.533000000000000000e+03
1.532000000000000000e+03
1.309000000000000000e+03
1.402000000000000000e+03
1.381000000000000000e+03
1.329000000000000000e+03
1.374000000000000000e+03
1.427000000000000000e+03
1.280000000000000000e+03
1.303000000000000000e+03
1.315000000000000000e+03
1.343000000000000000e+03
1.350000000000000000e+03
1.213000000000000000e+03
1.326000000000000000e+03
1.231000000000000000e+03
1.215000000000000000e+03
1.115000000000000000e+03
1.101000000000000000e+03
1.063000000000000000e+03
1.051000000000000000e+03
1.033000000000000000e+03
9.590000000000000000e+02
9.620000000000000000e+02
9.910000000000000000e+02
9.780000000000000000e+02
9.340000000000000000e+02
9.290000000000000000e+02
8.900000000000000000e+02
9.030000000000000000e+02
8.690000000000000000e+02
8.520000000000000000e+02
8.060000000000000000e+02
7.720000000000000000e+02
7.150000000000000000e+02
7.400000000000000000e+02
6.840000000000000000e+02
7.530000000000000000e+02
7.290000000000000000e+02
6.670000000000000000e+02
7.110000000000000000e+02
6.840000000000000000e+02
7.030000000000000000e+02
6.840000000000000000e+02
6.860000000000000000e+02
7.220000000000000000e+02
6.890000000000000000e+02
6.790000000000000000e+02
6.180000000000000000e+02
6.220000000000000000e+02
6.190000000000000000e+02
5.830000000000000000e+02
5.850000000000000000e+02
5.910000000000000000e+02
5.630000000000000000e+02
5.580000000000000000e+02
5.510000000000000000e+02
5.090000000000000000e+02
5.300000000000000000e+02
5.940000000000000000e+02
4.990000000000000000e+02
5.420000000000000000e+02
5.330000000000000000e+02
5.430000000000000000e+02
5.350000000000000000e+02
5.730000000000000000e+02
5.730000000000000000e+02
6.250000000000000000e+02
6.360000000000000000e+02
6.310000000000000000e+02
6.200000000000000000e+02
6.510000000000000000e+02
6.590000000000000000e+02
6.200000000000000000e+02
6.480000000000000000e+02
6.900000000000000000e+02
7.110000000000000000e+02
7.300000000000000000e+02
7.550000000000000000e+02
7.440000000000000000e+02
6.790000000000000000e+02
6.410000000000000000e+02
5.700000000000000000e+02
5.660000000000000000e+02
5.350000000000000000e+02
4.850000000000000000e+02
4.270000000000000000e+02
4.240000000000000000e+02
4.580000000000000000e+02
4.280000000000000000e+02
4.630000000000000000e+02
4.540000000000000000e+02
4.750000000000000000e+02
4.270000000000000000e+02
3.950000000000000000e+02
3.880000000000000000e+02
4.120000000000000000e+02
4.570000000000000000e+02
4.160000000000000000e+02
4.960000000000000000e+02
5.020000000000000000e+02
5.560000000000000000e+02
5.820000000000000000e+02
5.700000000000000000e+02
5.380000000000000000e+02
5.030000000000000000e+02
5.520000000000000000e+02
4.940000000000000000e+02
5.140000000000000000e+02
5.610000000000000000e+02
5.830000000000000000e+02
5.680000000000000000e+02
5.570000000000000000e+02
5.820000000000000000e+02
6.490000000000000000e+02
6.220000000000000000e+02
6.550000000000000000e+02
6.570000000000000000e+02
6.650000000000000000e+02
6.520000000000000000e+02
6.380000000000000000e+02
6.300000000000000000e+02
5.650000000000000000e+02
5.640000000000000000e+02
6.010000000000000000e+02
5.720000000000000000e+02
6.430000000000000000e+02
6.460000000000000000e+02
5.800000000000000000e+02
6.320000000000000000e+02
6.790000000000000000e+02
6.170000000000000000e+02
6.930000000000000000e+02
6.730000000000000000e+02
7.270000000000000000e+02
7.030000000000000000e+02
7.120000000000000000e+02
6.470000000000000000e+02
7.130000000000000000e+02
7.110000000000000000e+02
7.550000000000000000e+02
7.770000000000000000e+02
8.230000000000000000e+02
8.020000000000000000e+02
7.310000000000000000e+02
6.790000000000000000e+02
6.590000000000000000e+02
6.960000000000000000e+02
6.610000000000000000e+02
6.810000000000000000e+02
7.420000000000000000e+02
6.880000000000000000e+02
7.140000000000000000e+02
6.890000000000000000e+02
6.350000000000000000e+02
6.380000000000000000e+02
6.570000000000000000e+02
6.550000000000000000e+02
6.740000000000000000e+02
6.780000000000000000e+02
7.720000000000000000e+02
7.640000000000000000e+02
8.450000000000000000e+02
8.630000000000000000e+02
1.011000000000000000e+03
9.670000000000000000e+02
9.110000000000000000e+02
9.780000000000000000e+02
1.039000000000000000e+03
1.176000000000000000e+03
1.324000000000000000e+03
1.319000000000000000e+03
1.341000000000000000e+03
1.241000000000000000e+03
1.219000000000000000e+03
1.277000000000000000e+03
1.278000000000000000e+03
1.197000000000000000e+03
1.199000000000000000e+03
1.155000000000000000e+03
9.530000000000000000e+02
7.870000000000000000e+02
7.040000000000000000e+02
6.030000000000000000e+02
6.180000000000000000e+02
5.820000000000000000e+02
5.200000000000000000e+02
4.450000000000000000e+02
3.370000000000000000e+02
2.620000000000000000e+02
1.154000000000000000e+03
