8.700000000000000000e+01
1.120000000000000000e+02
1.680000000000000000e+02
2.750000000000000000e+02
5.280000000000000000e+02
9.240000000000000000e+02
1.402000000000000000e+03
1.961000000000000000e+03
2.364000000000000000e+03
2.197000000000000000e+03
1.955000000000000000e+03
1.700000000000000000e+03
1.624000000000000000e+03
1.490000000000000000e+03
1.542000000000000000e+03
1.613000000000000000e+03
1.367000000000000000e+03
1.341000000000000000e+03
1.317000000000000000e+03
1.311000000000000000e+03
1.399000000000000000e+03
1.245000000000000000e+03
1.303000000000000000e+03
1.269000000000000000e+03
1.214000000000000000e+03
1.289000000000000000e+03
1.333000000000000000e+03
1.283000000000000000e+03
1.286000000000000000e+03
1.392000000000000000e+03
1.504000000000000000e+03
1.521000000000000000e+03
1.563000000000000000e+03
1.553000000000000000e+03
1.662000000000000000e+03
1.376000000000000000e+03
1.398000000000000000e+03
1.346000000000000000e+03
1.369000000000000000e+03
1.245000000000000000e+03
1.283000000000000000e+03
1.381000000000000000e+03
1.441000000000000000e+03
1.320000000000000000e+03
1.464000000000000000e+03
1.402000000000000000e+03
1.191000000000000000e+03
1.056000000000000000e+03
1.051000000000000000e+03
1.046000000000000000e+03
1.050000000000000000e+03
9.940000000000000000e+02
1.020000000000000000e+03
9.120000000000000000e+02
8.300000000000000000e+02
8.500000000000000000e+02
8.140000000000000000e+02
8.460000000000000000e+02
8.440000000000000000e+02
7.800000000000000000e+02
7.140000000000000000e+02
7.260000000000000000e+02
6.940000000000000000e+02
6.830000000000000000e+02
6.610000000000000000e+02
7.230000000000000000e+02
6.980000000000000000e+02
7.020000000000000000e+02
7.000000000000000000e+02
6.590000000000000000e+02
7.120000000000000000e+02
6.860000000000000000e+02
6.980000000000000000e+02
7.200000000000000000e+02
8.430000000000000000e+02
8.860000000000000000e+02
8.190000000000000000e+02
9.020000000000000000e+02
9.730000000000000000e+02
9.270000000000000000e+02
1.000000000000000000e+03
9.250000000000000000e+02
9.060000000000000000e+02
9.130000000000000000e+02
8.170000000000000000e+02
8.700000000000000000e+02
8.800000000000000000e+02
8.990000000000000000e+02
1.036000000000000000e+03
1.371000000000000000e+03
1.551000000000000000e+03
1.649000000000000000e+03
1.684000000000000000e+03
1.612000000000000000e+03
1.399000000000000000e+03
1.221000000000000000e+03
1.237000000000000000e+03
1.156000000000000000e+03
1.262000000000000000e+03
1.316000000000000000e+03
1.496000000000000000e+03
1.723000000000000000e+03
1.822000000000000000e+03
1.631000000000000000e+03
1.538000000000000000e+03
1.322000000000000000e+03
1.184000000000000000e+03
1.132000000000000000e+03
9.460000000000000000e+02
8.270000000000000000e+02
7.900000000000000000e+02
6.710000000000000000e+02
6.730000000000000000e+02
7.120000000000000000e+02
6.460000000000000000e+02
7.280000000000000000e+02
7.270000000000000000e+02
7.320000000000000000e+02
7.860000000000000000e+02
7.670000000000000000e+02
7.790000000000000000e+02
8.760000000000000000e+02
9.620000000000000000e+02
1.014000000000000000e+03
1.037000000000000000e+03
9.810000000000000000e+02
8.510000000000000000e+02
8.440000000000000000e+02
7.670000000000000000e+02
7.300000000000000000e+02
7.360000000000000000e+02
6.950000000000000000e+02
7.020000000000000000e+02
7.400000000000000000e+02
7.600000000000000000e+02
7.870000000000000000e+02
7.330000000000000000e+02
7.860000000000000000e+02
8.400000000000000000e+02
8.150000000000000000e+02
8.400000000000000000e+02
7.560000000000000000e+02
7.750000000000000000e+02
7.430000000000000000e+02
7.000000000000000000e+02
6.470000000000000000e+02
6.770000000000000000e+02
5.900000000000000000e+02
5.960000000000000000e+02
5.250000000000000000e+02
5.150000000000000000e+02
4.970000000000000000e+02
4.890000000000000000e+02
4.100000000000000000e+02
4.530000000000000000e+02
3.800000000000000000e+02
3.620000000000000000e+02
3.800000000000000000e+02
3.290000000000000000e+02
3.440000000000000000e+02
3.270000000000000000e+02
2.900000000000000000e+02
3.220000000000000000e+02
2.940000000000000000e+02
3.310000000000000000e+02
3.140000000000000000e+02
2.920000000000000000e+02
3.260000000000000000e+02
3.250000000000000000e+02
3.390000000000000000e+02
3.040000000000000000e+02
3.170000000000000000e+02
2.950000000000000000e+02
3.350000000000000000e+02
3.230000000000000000e+02
3.230000000000000000e+02
2.880000000000000000e+02
3.200000000000000000e+02
3.190000000000000000e+02
3.160000000000000000e+02
3.310000000000000000e+02
2.930000000000000000e+02
3.090000000000000000e+02
3.090000000000000000e+02
3.170000000000000000e+02
2.870000000000000000e+02
2.880000000000000000e+02
3.430000000000000000e+02
3.310000000000000000e+02
3.370000000000000000e+02
3.020000000000000000e+02
3.110000000000000000e+02
3.180000000000000000e+02
2.810000000000000000e+02
3.140000000000000000e+02
3.280000000000000000e+02
2.930000000000000000e+02
2.800000000000000000e+02
2.760000000000000000e+02
2.660000000000000000e+02
3.170000000000000000e+02
3.070000000000000000e+02
2.980000000000000000e+02
2.800000000000000000e+02
3.190000000000000000e+02
3.260000000000000000e+02
3.500000000000000000e+02
3.820000000000000000e+02
4.020000000000000000e+02
4.170000000000000000e+02
4.530000000000000000e+02
4.490000000000000000e+02
5.240000000000000000e+02
5.150000000000000000e+02
4.810000000000000000e+02
5.510000000000000000e+02
6.230000000000000000e+02
7.100000000000000000e+02
8.880000000000000000e+02
1.143000000000000000e+03
1.362000000000000000e+03
1.363000000000000000e+03
1.727000000000000000e+03
2.005000000000000000e+03
1.854000000000000000e+03
1.928000000000000000e+03
1.719000000000000000e+03
1.369000000000000000e+03
8.290000000000000000e+02
5.480000000000000000e+02
5.250000000000000000e+02
4.550000000000000000e+02
4.490000000000000000e+02
4.890000000000000000e+02
4.870000000000000000e+02
5.310000000000000000e+02
5.100000000000000000e+02
5.640000000000000000e+02
5.710000000000000000e+02
5.750000000000000000e+02
6.100000000000000000e+02
6.490000000000000000e+02
6.780000000000000000e+02
8.180000000000000000e+02
1.048000000000000000e+03
1.260000000000000000e+03
1.366000000000000000e+03
1.874000000000000000e+03
2.076000000000000000e+03
2.032000000000000000e+03
2.110000000000000000e+03
2.258000000000000000e+03
2.693000000000000000e+03
3.308000000000000000e+03
4.675000000000000000e+03
9.007000000000000000e+03
1.180000000000000000e+02
1.750000000000000000e+02
2.230000000000000000e+02
4.030000000000000000e+02
5.970000000000000000e+02
9.930000000000000000e+02
1.635000000000000000e+03
2.091000000000000000e+03
2.140000000000000000e+03
2.005000000000000000e+03
1.968000000000000000e+03
1.887000000000000000e+03
1.723000000000000000e+03
1.593000000000000000e+03
1.624000000000000000e+03
1.553000000000000000e+03
1.567000000000000000e+03
1.370000000000000000e+03
1.402000000000000000e+03
1.566000000000000000e+03
1.462000000000000000e+03
1.589000000000000000e+03
1.418000000000000000e+03
1.396000000000000000e+03
1.384000000000000000e+03
1.445000000000000000e+03
1.404000000000000000e+03
1.299000000000000000e+03
1.524000000000000000e+03
1.528000000000000000e+03
1.466000000000000000e+03
1.623000000000000000e+03
1.687000000000000000e+03
1.645000000000000000e+03
1.568000000000000000e+03
1.461000000000000000e+03
1.400000000000000000e+03
1.152000000000000000e+03
1.236000000000000000e+03
1.263000000000000000e+03
1.283000000000000000e+03
1.331000000000000000e+03
1.322000000000000000e+03
1.430000000000000000e+03
1.316000000000000000e+03
1.124000000000000000e+03
9.700000000000000000e+02
9.170000000000000000e+02
8.880000000000000000e+02
9.050000000000000000e+02
9.150000000000000000e+02
8.340000000000000000e+02
7.700000000000000000e+02
8.030000000000000000e+02
7.690000000000000000e+02
7.320000000000000000e+02
7.330000000000000000e+02
7.480000000000000000e+02
7.250000000000000000e+02
7.620000000000000000e+02
7.100000000000000000e+02
6.760000000000000000e+02
6.670000000000000000e+02
6.450000000000000000e+02
6.410000000000000000e+02
6.530000000000000000e+02
6.930000000000000000e+02
6.170000000000000000e+02
6.640000000000000000e+02
6.800000000000000000e+02
6.250000000000000000e+02
7.210000000000000000e+02
7.370000000000000000e+02
8.100000000000000000e+02
7.890000000000000000e+02
8.250000000000000000e+02
8.160000000000000000e+02
7.880000000000000000e+02
8.370000000000000000e+02
7.810000000000000000e+02
7.460000000000000000e+02
8.400000000000000000e+02
9.110000000000000000e+02
8.410000000000000000e+02
8.970000000000000000e+02
9.410000000000000000e+02
1.101000000000000000e+03
1.315000000000000000e+03
1.559000000000000000e+03
1.708000000000000000e+03
1.835000000000000000e+03
1.760000000000000000e+03
1.476000000000000000e+03
1.316000000000000000e+03
1.323000000000000000e+03
1.442000000000000000e+03
1.688000000000000000e+03
1.807000000000000000e+03
1.812000000000000000e+03
1.781000000000000000e+03
1.863000000000000000e+03
1.693000000000000000e+03
1.508000000000000000e+03
1.338000000000000000e+03
1.288000000000000000e+03
1.127000000000000000e+03
1.059000000000000000e+03
9.470000000000000000e+02
8.730000000000000000e+02
8.200000000000000000e+02
7.430000000000000000e+02
7.300000000000000000e+02
7.410000000000000000e+02
6.950000000000000000e+02
7.650000000000000000e+02
6.850000000000000000e+02
7.800000000000000000e+02
7.860000000000000000e+02
8.210000000000000000e+02
8.360000000000000000e+02
9.330000000000000000e+02
9.120000000000000000e+02
1.062000000000000000e+03
1.136000000000000000e+03
1.142000000000000000e+03
1.052000000000000000e+03
9.820000000000000000e+02
8.660000000000000000e+02
8.020000000000000000e+02
8.690000000000000000e+02
8.040000000000000000e+02
7.570000000000000000e+02
7.940000000000000000e+02
7.370000000000000000e+02
7.350000000000000000e+02
6.950000000000000000e+02
6.540000000000000000e+02
6.550000000000000000e+02
6.720000000000000000e+02
6.890000000000000000e+02
6.530000000000000000e+02
6.360000000000000000e+02
6.030000000000000000e+02
5.780000000000000000e+02
5.630000000000000000e+02
5.370000000000000000e+02
5.240000000000000000e+02
5.080000000000000000e+02
4.980000000000000000e+02
4.100000000000000000e+02
4.020000000000000000e+02
3.590000000000000000e+02
3.930000000000000000e+02
3.600000000000000000e+02
3.860000000000000000e+02
3.270000000000000000e+02
3.420000000000000000e+02
3.450000000000000000e+02
3.240000000000000000e+02
3.120000000000000000e+02
3.370000000000000000e+02
3.200000000000000000e+02
3.530000000000000000e+02
3.620000000000000000e+02
3.550000000000000000e+02
3.460000000000000000e+02
3.500000000000000000e+02
3.820000000000000000e+02
3.730000000000000000e+02
3.700000000000000000e+02
3.320000000000000000e+02
3.390000000000000000e+02
3.800000000000000000e+02
3.460000000000000000e+02
3.940000000000000000e+02
3.720000000000000000e+02
3.710000000000000000e+02
3.590000000000000000e+02
3.620000000000000000e+02
3.580000000000000000e+02
3.730000000000000000e+02
3.550000000000000000e+02
3.780000000000000000e+02
3.780000000000000000e+02
3.950000000000000000e+02
3.670000000000000000e+02
3.720000000000000000e+02
3.980000000000000000e+02
3.560000000000000000e+02
4.040000000000000000e+02
4.230000000000000000e+02
4.390000000000000000e+02
5.090000000000000000e+02
4.760000000000000000e+02
4.750000000000000000e+02
5.050000000000000000e+02
4.920000000000000000e+02
4.790000000000000000e+02
5.200000000000000000e+02
5.100000000000000000e+02
5.760000000000000000e+02
6.610000000000000000e+02
7.730000000000000000e+02
8.700000000000000000e+02
1.085000000000000000e+03
1.325000000000000000e+03
1.183000000000000000e+03
1.499000000000000000e+03
1.802000000000000000e+03
1.863000000000000000e+03
1.860000000000000000e+03
1.681000000000000000e+03
1.328000000000000000e+03
9.350000000000000000e+02
7.800000000000000000e+02
7.570000000000000000e+02
6.210000000000000000e+02
5.420000000000000000e+02
5.000000000000000000e+02
4.610000000000000000e+02
4.420000000000000000e+02
4.240000000000000000e+02
5.160000000000000000e+02
5.170000000000000000e+02
5.450000000000000000e+02
5.180000000000000000e+02
5.850000000000000000e+02
6.150000000000000000e+02
6.670000000000000000e+02
8.560000000000000000e+02
1.033000000000000000e+03
1.048000000000000000e+03
1.200000000000000000e+03
1.556000000000000000e+03
1.609000000000000000e+03
1.682000000000000000e+03
1.766000000000000000e+03
1.888000000000000000e+03
1.656000000000000000e+03
1.549000000000000000e+03
1.543000000000000000e+03
1.558000000000000000e+03
1.206000000000000000e+03
1.309000000000000000e+03
1.763000000000000000e+03
1.091000000000000000e+03
1.381000000000000000e+03
1.318000000000000000e+03
9.050000000000000000e+02
6.170000000000000000e+02
5.380000000000000000e+02
6.480000000000000000e+02
7.520000000000000000e+02
9.050000000000000000e+02
1.216000000000000000e+03
3.271000000000000000e+03
4.020000000000000000e+02
5.900000000000000000e+01
1.340000000000000000e+02
1.970000000000000000e+02
3.280000000000000000e+02
4.560000000000000000e+02
7.060000000000000000e+02
1.184000000000000000e+03
1.441000000000000000e+03
2.024000000000000000e+03
2.267000000000000000e+03
2.135000000000000000e+03
1.962000000000000000e+03
1.720000000000000000e+03
1.535000000000000000e+03
1.614000000000000000e+03
1.633000000000000000e+03
1.566000000000000000e+03
1.460000000000000000e+03
1.353000000000000000e+03
1.326000000000000000e+03
1.303000000000000000e+03
1.272000000000000000e+03
1.370000000000000000e+03
1.332000000000000000e+03
1.215000000000000000e+03
1.261000000000000000e+03
1.201000000000000000e+03
1.329000000000000000e+03
1.203000000000000000e+03
1.345000000000000000e+03
1.327000000000000000e+03
1.273000000000000000e+03
1.386000000000000000e+03
1.380000000000000000e+03
1.378000000000000000e+03
1.556000000000000000e+03
1.687000000000000000e+03
1.607000000000000000e+03
1.680000000000000000e+03
1.511000000000000000e+03
1.555000000000000000e+03
1.361000000000000000e+03
1.272000000000000000e+03
1.241000000000000000e+03
1.268000000000000000e+03
1.288000000000000000e+03
1.407000000000000000e+03
1.419000000000000000e+03
1.371000000000000000e+03
1.355000000000000000e+03
1.202000000000000000e+03
1.153000000000000000e+03
1.094000000000000000e+03
1.066000000000000000e+03
1.020000000000000000e+03
9.970000000000000000e+02
9.380000000000000000e+02
8.760000000000000000e+02
8.490000000000000000e+02
8.110000000000000000e+02
7.770000000000000000e+02
7.960000000000000000e+02
8.000000000000000000e+02
7.730000000000000000e+02
7.070000000000000000e+02
6.500000000000000000e+02
6.510000000000000000e+02
6.190000000000000000e+02
6.540000000000000000e+02
6.360000000000000000e+02
6.420000000000000000e+02
6.540000000000000000e+02
6.930000000000000000e+02
7.190000000000000000e+02
6.820000000000000000e+02
7.590000000000000000e+02
7.730000000000000000e+02
8.200000000000000000e+02
8.160000000000000000e+02
8.630000000000000000e+02
8.630000000000000000e+02
8.290000000000000000e+02
8.170000000000000000e+02
8.120000000000000000e+02
8.120000000000000000e+02
8.180000000000000000e+02
9.350000000000000000e+02
8.560000000000000000e+02
9.110000000000000000e+02
1.092000000000000000e+03
1.359000000000000000e+03
1.464000000000000000e+03
1.644000000000000000e+03
1.574000000000000000e+03
1.481000000000000000e+03
1.457000000000000000e+03
1.381000000000000000e+03
1.408000000000000000e+03
1.576000000000000000e+03
1.706000000000000000e+03
1.738000000000000000e+03
1.811000000000000000e+03
1.843000000000000000e+03
1.582000000000000000e+03
1.504000000000000000e+03
1.329000000000000000e+03
1.234000000000000000e+03
1.051000000000000000e+03
9.870000000000000000e+02
9.390000000000000000e+02
8.800000000000000000e+02
9.170000000000000000e+02
8.520000000000000000e+02
7.950000000000000000e+02
7.580000000000000000e+02
7.430000000000000000e+02
7.360000000000000000e+02
7.370000000000000000e+02
7.980000000000000000e+02
7.660000000000000000e+02
8.190000000000000000e+02
8.000000000000000000e+02
8.580000000000000000e+02
8.430000000000000000e+02
9.200000000000000000e+02
9.580000000000000000e+02
9.640000000000000000e+02
9.700000000000000000e+02
1.106000000000000000e+03
1.039000000000000000e+03
1.068000000000000000e+03
1.104000000000000000e+03
9.610000000000000000e+02
9.220000000000000000e+02
7.940000000000000000e+02
7.160000000000000000e+02
6.950000000000000000e+02
6.300000000000000000e+02
6.210000000000000000e+02
6.210000000000000000e+02
6.330000000000000000e+02
6.080000000000000000e+02
5.420000000000000000e+02
5.630000000000000000e+02
5.200000000000000000e+02
4.940000000000000000e+02
4.920000000000000000e+02
4.840000000000000000e+02
4.770000000000000000e+02
4.560000000000000000e+02
4.500000000000000000e+02
4.350000000000000000e+02
4.590000000000000000e+02
4.120000000000000000e+02
4.320000000000000000e+02
4.080000000000000000e+02
4.170000000000000000e+02
3.950000000000000000e+02
4.270000000000000000e+02
3.990000000000000000e+02
3.790000000000000000e+02
3.890000000000000000e+02
3.620000000000000000e+02
3.910000000000000000e+02
4.020000000000000000e+02
3.770000000000000000e+02
3.870000000000000000e+02
4.250000000000000000e+02
4.060000000000000000e+02
4.020000000000000000e+02
4.500000000000000000e+02
4.210000000000000000e+02
4.190000000000000000e+02
4.810000000000000000e+02
4.560000000000000000e+02
4.450000000000000000e+02
4.410000000000000000e+02
4.590000000000000000e+02
4.940000000000000000e+02
4.790000000000000000e+02
4.680000000000000000e+02
4.540000000000000000e+02
4.450000000000000000e+02
4.870000000000000000e+02
4.990000000000000000e+02
5.600000000000000000e+02
5.520000000000000000e+02
5.800000000000000000e+02
6.850000000000000000e+02
7.770000000000000000e+02
8.710000000000000000e+02
1.099000000000000000e+03
1.344000000000000000e+03
1.459000000000000000e+03
1.578000000000000000e+03
1.506000000000000000e+03
1.434000000000000000e+03
1.576000000000000000e+03
1.530000000000000000e+03
1.984000000000000000e+03
2.222000000000000000e+03
2.296000000000000000e+03
2.388000000000000000e+03
2.560000000000000000e+03
2.523000000000000000e+03
2.562000000000000000e+03
2.269000000000000000e+03
1.892000000000000000e+03
1.948000000000000000e+03
1.724000000000000000e+03
1.652000000000000000e+03
1.644000000000000000e+03
1.590000000000000000e+03
1.836000000000000000e+03
1.230000000000000000e+03
1.194000000000000000e+03
1.133000000000000000e+03
1.003000000000000000e+03
5.770000000000000000e+02
4.070000000000000000e+02
3.780000000000000000e+02
3.580000000000000000e+02
3.420000000000000000e+02
2.990000000000000000e+02
2.900000000000000000e+02
2.970000000000000000e+02
3.120000000000000000e+02
2.950000000000000000e+02
2.790000000000000000e+02
2.800000000000000000e+02
2.600000000000000000e+02
2.480000000000000000e+02
2.420000000000000000e+02
2.110000000000000000e+02
2.390000000000000000e+02
2.330000000000000000e+02
2.040000000000000000e+02
2.380000000000000000e+02
2.350000000000000000e+02
2.250000000000000000e+02
2.360000000000000000e+02
2.710000000000000000e+02
2.290000000000000000e+02
2.590000000000000000e+02
2.250000000000000000e+02
2.970000000000000000e+02
3.040000000000000000e+02
3.500000000000000000e+02
3.800000000000000000e+02
4.150000000000000000e+02
4.600000000000000000e+02
4.710000000000000000e+02
7.400000000000000000e+02
4.810000000000000000e+02
2.562000000000000000e+03
