7.600000000000000000e+01
8.800000000000000000e+01
1.270000000000000000e+02
2.160000000000000000e+02
3.150000000000000000e+02
3.400000000000000000e+02
3.610000000000000000e+02
4.400000000000000000e+02
4.480000000000000000e+02
4.990000000000000000e+02
5.240000000000000000e+02
5.660000000000000000e+02
6.060000000000000000e+02
6.830000000000000000e+02
7.160000000000000000e+02
7.870000000000000000e+02
8.270000000000000000e+02
8.970000000000000000e+02
1.024000000000000000e+03
1.046000000000000000e+03
1.086000000000000000e+03
1.157000000000000000e+03
1.236000000000000000e+03
1.319000000000000000e+03
1.330000000000000000e+03
1.391000000000000000e+03
1.455000000000000000e+03
1.430000000000000000e+03
1.488000000000000000e+03
1.391000000000000000e+03
1.363000000000000000e+03
1.409000000000000000e+03
1.230000000000000000e+03
1.181000000000000000e+03
1.154000000000000000e+03
1.187000000000000000e+03
1.095000000000000000e+03
1.108000000000000000e+03
1.105000000000000000e+03
1.096000000000000000e+03
1.198000000000000000e+03
1.221000000000000000e+03
1.183000000000000000e+03
1.110000000000000000e+03
1.137000000000000000e+03
1.122000000000000000e+03
1.206000000000000000e+03
1.230000000000000000e+03
1.268000000000000000e+03
1.329000000000000000e+03
1.273000000000000000e+03
1.222000000000000000e+03
1.295000000000000000e+03
1.244000000000000000e+03
1.334000000000000000e+03
1.234000000000000000e+03
1.205000000000000000e+03
1.190000000000000000e+03
1.074000000000000000e+03
1.006000000000000000e+03
8.860000000000000000e+02
9.310000000000000000e+02
8.340000000000000000e+02
8.940000000000000000e+02
8.680000000000000000e+02
8.340000000000000000e+02
8.410000000000000000e+02
8.310000000000000000e+02
8.060000000000000000e+02
7.930000000000000000e+02
7.710000000000000000e+02
7.390000000000000000e+02
7.230000000000000000e+02
7.300000000000000000e+02
6.940000000000000000e+02
7.040000000000000000e+02
6.260000000000000000e+02
6.410000000000000000e+02
7.540000000000000000e+02
6.830000000000000000e+02
7.020000000000000000e+02
7.170000000000000000e+02
7.640000000000000000e+02
7.700000000000000000e+02
8.120000000000000000e+02
8.560000000000000000e+02
8.620000000000000000e+02
8.240000000000000000e+02
8.880000000000000000e+02
8.380000000000000000e+02
8.000000000000000000e+02
8.090000000000000000e+02
8.210000000000000000e+02
9.460000000000000000e+02
9.090000000000000000e+02
8.910000000000000000e+02
9.180000000000000000e+02
9.290000000000000000e+02
8.780000000000000000e+02
8.900000000000000000e+02
8.040000000000000000e+02
7.950000000000000000e+02
7.610000000000000000e+02
7.280000000000000000e+02
7.760000000000000000e+02
7.160000000000000000e+02
6.830000000000000000e+02
6.660000000000000000e+02
6.370000000000000000e+02
7.510000000000000000e+02
6.560000000000000000e+02
7.210000000000000000e+02
7.070000000000000000e+02
6.660000000000000000e+02
6.460000000000000000e+02
5.910000000000000000e+02
5.760000000000000000e+02
5.890000000000000000e+02
5.630000000000000000e+02
5.350000000000000000e+02
5.590000000000000000e+02
5.810000000000000000e+02
5.490000000000000000e+02
5.830000000000000000e+02
5.890000000000000000e+02
6.110000000000000000e+02
6.800000000000000000e+02
7.190000000000000000e+02
8.070000000000000000e+02
8.010000000000000000e+02
8.550000000000000000e+02
8.260000000000000000e+02
8.790000000000000000e+02
9.320000000000000000e+02
9.160000000000000000e+02
9.670000000000000000e+02
8.520000000000000000e+02
8.540000000000000000e+02
8.580000000000000000e+02
8.390000000000000000e+02
8.410000000000000000e+02
7.880000000000000000e+02
7.980000000000000000e+02
7.330000000000000000e+02
7.910000000000000000e+02
7.680000000000000000e+02
6.790000000000000000e+02
6.540000000000000000e+02
6.250000000000000000e+02
5.950000000000000000e+02
5.940000000000000000e+02
5.660000000000000000e+02
5.920000000000000000e+02
5.100000000000000000e+02
4.980000000000000000e+02
4.920000000000000000e+02
5.110000000000000000e+02
4.900000000000000000e+02
4.850000000000000000e+02
4.540000000000000000e+02
4.480000000000000000e+02
4.710000000000000000e+02
4.420000000000000000e+02
4.200000000000000000e+02
4.160000000000000000e+02
4.420000000000000000e+02
4.410000000000000000e+02
4.200000000000000000e+02
4.670000000000000000e+02
4.280000000000000000e+02
4.770000000000000000e+02
4.380000000000000000e+02
4.590000000000000000e+02
4.320000000000000000e+02
4.810000000000000000e+02
4.610000000000000000e+02
4.520000000000000000e+02
3.890000000000000000e+02
4.120000000000000000e+02
4.050000000000000000e+02
4.200000000000000000e+02
4.580000000000000000e+02
4.330000000000000000e+02
4.260000000000000000e+02
4.490000000000000000e+02
4.380000000000000000e+02
4.630000000000000000e+02
4.700000000000000000e+02
4.800000000000000000e+02
5.230000000000000000e+02
5.540000000000000000e+02
5.480000000000000000e+02
5.770000000000000000e+02
5.570000000000000000e+02
6.150000000000000000e+02
6.030000000000000000e+02
6.810000000000000000e+02
6.960000000000000000e+02
7.170000000000000000e+02
6.970000000000000000e+02
7.930000000000000000e+02
7.690000000000000000e+02
8.530000000000000000e+02
7.910000000000000000e+02
8.450000000000000000e+02
8.580000000000000000e+02
7.720000000000000000e+02
8.140000000000000000e+02
8.150000000000000000e+02
7.640000000000000000e+02
8.350000000000000000e+02
8.610000000000000000e+02
8.440000000000000000e+02
8.880000000000000000e+02
8.920000000000000000e+02
9.380000000000000000e+02
9.140000000000000000e+02
9.010000000000000000e+02
9.050000000000000000e+02
9.290000000000000000e+02
9.890000000000000000e+02
9.650000000000000000e+02
9.680000000000000000e+02
1.016000000000000000e+03
1.038000000000000000e+03
1.061000000000000000e+03
1.019000000000000000e+03
1.044000000000000000e+03
9.870000000000000000e+02
9.990000000000000000e+02
9.890000000000000000e+02
9.830000000000000000e+02
1.036000000000000000e+03
1.028000000000000000e+03
9.060000000000000000e+02
8.780000000000000000e+02
8.620000000000000000e+02
7.670000000000000000e+02
7.980000000000000000e+02
7.110000000000000000e+02
7.870000000000000000e+02
7.840000000000000000e+02
8.020000000000000000e+02
8.440000000000000000e+02
8.750000000000000000e+02
9.880000000000000000e+02
1.053000000000000000e+03
1.232000000000000000e+03
1.599000000000000000e+03
1.991000000000000000e+03
2.639000000000000000e+03
3.472000000000000000e+03
4.768000000000000000e+03
6.896000000000000000e+03
8.715000000000000000e+03
1.335100000000000000e+04
4.200000000000000000e+01
5.100000000000000000e+01
9.500000000000000000e+01
1.330000000000000000e+02
2.470000000000000000e+02
3.500000000000000000e+02
3.650000000000000000e+02
4.350000000000000000e+02
4.560000000000000000e+02
4.540000000000000000e+02
5.230000000000000000e+02
5.200000000000000000e+02
5.830000000000000000e+02
6.180000000000000000e+02
6.930000000000000000e+02
6.880000000000000000e+02
8.020000000000000000e+02
8.340000000000000000e+02
8.860000000000000000e+02
9.990000000000000000e+02
1.029000000000000000e+03
1.075000000000000000e+03
1.002000000000000000e+03
1.172000000000000000e+03
1.183000000000000000e+03
1.290000000000000000e+03
1.328000000000000000e+03
1.387000000000000000e+03
1.427000000000000000e+03
1.382000000000000000e+03
1.301000000000000000e+03
1.347000000000000000e+03
1.261000000000000000e+03
1.246000000000000000e+03
1.252000000000000000e+03
1.209000000000000000e+03
1.130000000000000000e+03
1.140000000000000000e+03
1.100000000000000000e+03
1.032000000000000000e+03
1.059000000000000000e+03
1.077000000000000000e+03
1.145000000000000000e+03
1.096000000000000000e+03
1.216000000000000000e+03
1.472000000000000000e+03
1.415000000000000000e+03
1.255000000000000000e+03
1.246000000000000000e+03
1.268000000000000000e+03
1.106000000000000000e+03
1.252000000000000000e+03
1.186000000000000000e+03
1.144000000000000000e+03
1.222000000000000000e+03
1.192000000000000000e+03
1.187000000000000000e+03
1.231000000000000000e+03
1.194000000000000000e+03
1.036000000000000000e+03
1.014000000000000000e+03
9.180000000000000000e+02
8.650000000000000000e+02
8.960000000000000000e+02
8.970000000000000000e+02
8.980000000000000000e+02
8.960000000000000000e+02
9.010000000000000000e+02
9.410000000000000000e+02
9.460000000000000000e+02
8.070000000000000000e+02
7.700000000000000000e+02
7.540000000000000000e+02
7.620000000000000000e+02
7.460000000000000000e+02
7.780000000000000000e+02
6.990000000000000000e+02
7.540000000000000000e+02
7.640000000000000000e+02
8.260000000000000000e+02
8.620000000000000000e+02
8.930000000000000000e+02
8.560000000000000000e+02
8.680000000000000000e+02
8.420000000000000000e+02
8.680000000000000000e+02
8.250000000000000000e+02
7.900000000000000000e+02
8.820000000000000000e+02
8.930000000000000000e+02
8.510000000000000000e+02
8.310000000000000000e+02
8.260000000000000000e+02
8.220000000000000000e+02
7.450000000000000000e+02
7.840000000000000000e+02
7.040000000000000000e+02
7.270000000000000000e+02
6.630000000000000000e+02
6.320000000000000000e+02
6.200000000000000000e+02
6.110000000000000000e+02
6.420000000000000000e+02
6.080000000000000000e+02
6.280000000000000000e+02
6.600000000000000000e+02
5.950000000000000000e+02
6.280000000000000000e+02
6.060000000000000000e+02
6.420000000000000000e+02
6.730000000000000000e+02
6.740000000000000000e+02
6.620000000000000000e+02
6.630000000000000000e+02
7.090000000000000000e+02
6.360000000000000000e+02
6.950000000000000000e+02
6.630000000000000000e+02
6.960000000000000000e+02
7.630000000000000000e+02
7.290000000000000000e+02
8.450000000000000000e+02
8.900000000000000000e+02
9.580000000000000000e+02
9.580000000000000000e+02
9.710000000000000000e+02
1.035000000000000000e+03
8.920000000000000000e+02
9.170000000000000000e+02
8.750000000000000000e+02
8.770000000000000000e+02
8.660000000000000000e+02
8.550000000000000000e+02
8.170000000000000000e+02
8.350000000000000000e+02
6.890000000000000000e+02
6.700000000000000000e+02
6.320000000000000000e+02
5.900000000000000000e+02
5.810000000000000000e+02
5.530000000000000000e+02
5.310000000000000000e+02
5.250000000000000000e+02
5.310000000000000000e+02
4.680000000000000000e+02
5.210000000000000000e+02
4.940000000000000000e+02
4.720000000000000000e+02
4.890000000000000000e+02
4.530000000000000000e+02
4.190000000000000000e+02
4.470000000000000000e+02
4.100000000000000000e+02
4.070000000000000000e+02
4.040000000000000000e+02
4.220000000000000000e+02
4.540000000000000000e+02
4.140000000000000000e+02
4.260000000000000000e+02
4.230000000000000000e+02
4.410000000000000000e+02
3.890000000000000000e+02
3.930000000000000000e+02
4.390000000000000000e+02
4.640000000000000000e+02
4.680000000000000000e+02
4.800000000000000000e+02
4.230000000000000000e+02
4.610000000000000000e+02
4.510000000000000000e+02
4.350000000000000000e+02
4.200000000000000000e+02
4.710000000000000000e+02
4.420000000000000000e+02
4.870000000000000000e+02
4.740000000000000000e+02
5.310000000000000000e+02
5.350000000000000000e+02
5.610000000000000000e+02
5.990000000000000000e+02
5.930000000000000000e+02
6.560000000000000000e+02
6.840000000000000000e+02
6.870000000000000000e+02
6.790000000000000000e+02
6.560000000000000000e+02
6.530000000000000000e+02
6.770000000000000000e+02
6.580000000000000000e+02
7.050000000000000000e+02
7.750000000000000000e+02
7.330000000000000000e+02
7.580000000000000000e+02
7.200000000000000000e+02
7.680000000000000000e+02
8.190000000000000000e+02
8.920000000000000000e+02
8.410000000000000000e+02
8.540000000000000000e+02
7.670000000000000000e+02
7.950000000000000000e+02
8.000000000000000000e+02
7.630000000000000000e+02
7.530000000000000000e+02
7.140000000000000000e+02
7.800000000000000000e+02
8.050000000000000000e+02
7.410000000000000000e+02
7.360000000000000000e+02
7.320000000000000000e+02
7.520000000000000000e+02
7.660000000000000000e+02
8.260000000000000000e+02
8.100000000000000000e+02
8.340000000000000000e+02
8.150000000000000000e+02
8.040000000000000000e+02
8.190000000000000000e+02
9.030000000000000000e+02
9.070000000000000000e+02
8.880000000000000000e+02
8.700000000000000000e+02
9.450000000000000000e+02
9.690000000000000000e+02
9.840000000000000000e+02
9.300000000000000000e+02
9.960000000000000000e+02
9.700000000000000000e+02
1.059000000000000000e+03
1.045000000000000000e+03
9.750000000000000000e+02
1.106000000000000000e+03
1.047000000000000000e+03
9.710000000000000000e+02
9.050000000000000000e+02
9.110000000000000000e+02
9.450000000000000000e+02
1.027000000000000000e+03
1.012000000000000000e+03
1.058000000000000000e+03
1.080000000000000000e+03
1.181000000000000000e+03
1.196000000000000000e+03
1.294000000000000000e+03
1.402000000000000000e+03
1.566000000000000000e+03
1.626000000000000000e+03
1.728000000000000000e+03
1.856000000000000000e+03
1.990000000000000000e+03
2.559000000000000000e+03
2.988000000000000000e+03
3.844000000000000000e+03
4.890000000000000000e+03
7.353000000000000000e+03
1.415900000000000000e+04
1.960000000000000000e+02
7.300000000000000000e+01
1.210000000000000000e+02
1.360000000000000000e+02
2.010000000000000000e+02
2.280000000000000000e+02
3.340000000000000000e+02
3.630000000000000000e+02
3.990000000000000000e+02
4.800000000000000000e+02
4.640000000000000000e+02
4.950000000000000000e+02
6.090000000000000000e+02
6.170000000000000000e+02
7.690000000000000000e+02
6.450000000000000000e+02
8.170000000000000000e+02
9.020000000000000000e+02
9.690000000000000000e+02
9.830000000000000000e+02
1.109000000000000000e+03
1.076000000000000000e+03
1.238000000000000000e+03
1.280000000000000000e+03
1.376000000000000000e+03
1.410000000000000000e+03
1.478000000000000000e+03
1.494000000000000000e+03
1.442000000000000000e+03
1.409000000000000000e+03
1.292000000000000000e+03
1.314000000000000000e+03
1.254000000000000000e+03
1.192000000000000000e+03
1.201000000000000000e+03
1.181000000000000000e+03
1.190000000000000000e+03
1.153000000000000000e+03
1.203000000000000000e+03
1.167000000000000000e+03
1.234000000000000000e+03
1.265000000000000000e+03
1.146000000000000000e+03
1.330000000000000000e+03
1.297000000000000000e+03
1.403000000000000000e+03
1.572000000000000000e+03
1.635000000000000000e+03
1.484000000000000000e+03
1.448000000000000000e+03
1.382000000000000000e+03
1.260000000000000000e+03
1.225000000000000000e+03
1.137000000000000000e+03
1.088000000000000000e+03
9.840000000000000000e+02
9.840000000000000000e+02
9.210000000000000000e+02
8.760000000000000000e+02
9.220000000000000000e+02
9.610000000000000000e+02
9.010000000000000000e+02
9.470000000000000000e+02
9.770000000000000000e+02
9.770000000000000000e+02
9.190000000000000000e+02
9.140000000000000000e+02
9.580000000000000000e+02
9.740000000000000000e+02
1.002000000000000000e+03
9.410000000000000000e+02
9.780000000000000000e+02
9.450000000000000000e+02
8.760000000000000000e+02
9.020000000000000000e+02
8.600000000000000000e+02
9.310000000000000000e+02
9.650000000000000000e+02
8.920000000000000000e+02
8.590000000000000000e+02
9.020000000000000000e+02
9.230000000000000000e+02
8.570000000000000000e+02
8.890000000000000000e+02
8.480000000000000000e+02
7.880000000000000000e+02
7.880000000000000000e+02
7.650000000000000000e+02
7.410000000000000000e+02
6.690000000000000000e+02
6.960000000000000000e+02
6.320000000000000000e+02
6.220000000000000000e+02
6.660000000000000000e+02
6.120000000000000000e+02
6.360000000000000000e+02
6.500000000000000000e+02
6.400000000000000000e+02
6.650000000000000000e+02
6.290000000000000000e+02
6.300000000000000000e+02
6.600000000000000000e+02
6.540000000000000000e+02
7.190000000000000000e+02
7.520000000000000000e+02
7.060000000000000000e+02
6.940000000000000000e+02
7.450000000000000000e+02
7.450000000000000000e+02
8.400000000000000000e+02
8.210000000000000000e+02
8.900000000000000000e+02
8.840000000000000000e+02
9.160000000000000000e+02
9.030000000000000000e+02
8.770000000000000000e+02
8.330000000000000000e+02
7.490000000000000000e+02
8.140000000000000000e+02
7.690000000000000000e+02
7.750000000000000000e+02
7.690000000000000000e+02
6.720000000000000000e+02
6.530000000000000000e+02
6.510000000000000000e+02
5.890000000000000000e+02
5.650000000000000000e+02
5.350000000000000000e+02
5.180000000000000000e+02
5.360000000000000000e+02
4.680000000000000000e+02
4.990000000000000000e+02
4.530000000000000000e+02
4.040000000000000000e+02
5.060000000000000000e+02
4.740000000000000000e+02
4.340000000000000000e+02
4.400000000000000000e+02
4.040000000000000000e+02
4.160000000000000000e+02
4.570000000000000000e+02
4.040000000000000000e+02
4.110000000000000000e+02
4.560000000000000000e+02
4.070000000000000000e+02
4.360000000000000000e+02
4.430000000000000000e+02
4.430000000000000000e+02
4.930000000000000000e+02
5.160000000000000000e+02
5.250000000000000000e+02
5.670000000000000000e+02
6.040000000000000000e+02
6.160000000000000000e+02
6.140000000000000000e+02
5.750000000000000000e+02
5.970000000000000000e+02
6.160000000000000000e+02
6.050000000000000000e+02
6.140000000000000000e+02
6.310000000000000000e+02
6.220000000000000000e+02
5.490000000000000000e+02
6.100000000000000000e+02
5.460000000000000000e+02
5.340000000000000000e+02
5.520000000000000000e+02
4.980000000000000000e+02
5.790000000000000000e+02
5.800000000000000000e+02
5.930000000000000000e+02
5.960000000000000000e+02
6.040000000000000000e+02
6.700000000000000000e+02
7.190000000000000000e+02
6.790000000000000000e+02
7.010000000000000000e+02
6.890000000000000000e+02
6.990000000000000000e+02
7.040000000000000000e+02
7.500000000000000000e+02
7.530000000000000000e+02
7.380000000000000000e+02
7.220000000000000000e+02
7.790000000000000000e+02
7.390000000000000000e+02
6.750000000000000000e+02
7.670000000000000000e+02
7.650000000000000000e+02
7.890000000000000000e+02
7.190000000000000000e+02
7.850000000000000000e+02
7.680000000000000000e+02
7.340000000000000000e+02
7.620000000000000000e+02
7.200000000000000000e+02
7.190000000000000000e+02
7.050000000000000000e+02
6.870000000000000000e+02
6.630000000000000000e+02
6.810000000000000000e+02
6.630000000000000000e+02
7.330000000000000000e+02
6.930000000000000000e+02
7.660000000000000000e+02
8.070000000000000000e+02
8.030000000000000000e+02
9.670000000000000000e+02
1.018000000000000000e+03
1.049000000000000000e+03
1.164000000000000000e+03
1.247000000000000000e+03
1.407000000000000000e+03
1.460000000000000000e+03
1.547000000000000000e+03
1.681000000000000000e+03
1.791000000000000000e+03
1.827000000000000000e+03
1.849000000000000000e+03
1.996000000000000000e+03
2.098000000000000000e+03
2.190000000000000000e+03
2.202000000000000000e+03
2.180000000000000000e+03
1.823000000000000000e+03
1.627000000000000000e+03
1.283000000000000000e+03
1.458000000000000000e+03
9.920000000000000000e+02
1.258000000000000000e+03
9.040000000000000000e+02
1.317000000000000000e+03
8.730000000000000000e+02
1.304000000000000000e+03
1.210000000000000000e+03
8.510000000000000000e+02
1.057000000000000000e+03
9.910000000000000000e+02
9.150000000000000000e+02
1.109000000000000000e+03
8.500000000000000000e+02
1.337000000000000000e+03
1.251000000000000000e+03
8.970000000000000000e+02
1.069000000000000000e+03
9.100000000000000000e+02
9.390000000000000000e+02
1.123000000000000000e+03
1.159000000000000000e+03
1.462000000000000000e+03
1.595000000000000000e+03
1.937000000000000000e+03
2.128000000000000000e+03
3.010000000000000000e+03
2.494000000000000000e+03
9.043000000000000000e+03
