2.321300000000000000e+04
2.591000000000000000e+03
6.000000000000000000e+02
4.170000000000000000e+02
3.320000000000000000e+02
3.930000000000000000e+02
4.020000000000000000e+02
4.360000000000000000e+02
5.730000000000000000e+02
7.870000000000000000e+02
9.920000000000000000e+02
1.135000000000000000e+03
1.409000000000000000e+03
1.564000000000000000e+03
1.723000000000000000e+03
1.884000000000000000e+03
2.386000000000000000e+03
2.193000000000000000e+03
1.938000000000000000e+03
1.738000000000000000e+03
1.335000000000000000e+03
1.126000000000000000e+03
1.134000000000000000e+03
1.047000000000000000e+03
1.072000000000000000e+03
1.021000000000000000e+03
1.025000000000000000e+03
1.005000000000000000e+03
1.065000000000000000e+03
1.040000000000000000e+03
9.430000000000000000e+02
9.040000000000000000e+02
9.470000000000000000e+02
8.660000000000000000e+02
8.920000000000000000e+02
8.340000000000000000e+02
8.270000000000000000e+02
7.870000000000000000e+02
7.360000000000000000e+02
7.230000000000000000e+02
6.850000000000000000e+02
6.290000000000000000e+02
6.320000000000000000e+02
5.860000000000000000e+02
5.140000000000000000e+02
4.970000000000000000e+02
4.670000000000000000e+02
4.390000000000000000e+02
4.240000000000000000e+02
3.710000000000000000e+02
3.690000000000000000e+02
3.760000000000000000e+02
3.610000000000000000e+02
4.200000000000000000e+02
4.320000000000000000e+02
3.950000000000000000e+02
3.790000000000000000e+02
3.320000000000000000e+02
3.410000000000000000e+02
3.460000000000000000e+02
3.970000000000000000e+02
3.980000000000000000e+02
4.060000000000000000e+02
3.940000000000000000e+02
4.290000000000000000e+02
4.210000000000000000e+02
4.400000000000000000e+02
4.710000000000000000e+02
4.950000000000000000e+02
5.640000000000000000e+02
6.540000000000000000e+02
7.280000000000000000e+02
7.950000000000000000e+02
8.740000000000000000e+02
9.640000000000000000e+02
1.070000000000000000e+03
1.154000000000000000e+03
1.188000000000000000e+03
1.308000000000000000e+03
1.399000000000000000e+03
1.596000000000000000e+03
2.042000000000000000e+03
2.008000000000000000e+03
2.075000000000000000e+03
1.918000000000000000e+03
1.899000000000000000e+03
1.849000000000000000e+03
1.931000000000000000e+03
1.979000000000000000e+03
1.644000000000000000e+03
1.497000000000000000e+03
1.412000000000000000e+03
1.357000000000000000e+03
1.529000000000000000e+03
1.343000000000000000e+03
1.391000000000000000e+03
1.413000000000000000e+03
1.650000000000000000e+03
1.862000000000000000e+03
1.845000000000000000e+03
1.792000000000000000e+03
1.567000000000000000e+03
1.264000000000000000e+03
1.278000000000000000e+03
1.151000000000000000e+03
1.074000000000000000e+03
1.179000000000000000e+03
1.032000000000000000e+03
1.100000000000000000e+03
9.410000000000000000e+02
8.000000000000000000e+02
9.010000000000000000e+02
7.880000000000000000e+02
7.500000000000000000e+02
7.920000000000000000e+02
6.830000000000000000e+02
6.230000000000000000e+02
6.700000000000000000e+02
6.420000000000000000e+02
6.800000000000000000e+02
5.960000000000000000e+02
5.590000000000000000e+02
5.420000000000000000e+02
5.730000000000000000e+02
5.230000000000000000e+02
5.340000000000000000e+02
6.690000000000000000e+02
8.140000000000000000e+02
1.068000000000000000e+03
1.615000000000000000e+03
1.884000000000000000e+03
1.955000000000000000e+03
1.462000000000000000e+03
1.494000000000000000e+03
1.163000000000000000e+03
1.106000000000000000e+03
1.027000000000000000e+03
9.670000000000000000e+02
9.570000000000000000e+02
9.480000000000000000e+02
9.470000000000000000e+02
9.170000000000000000e+02
1.021000000000000000e+03
1.032000000000000000e+03
7.490000000000000000e+02
7.300000000000000000e+02
7.470000000000000000e+02
7.220000000000000000e+02
6.990000000000000000e+02
7.300000000000000000e+02
7.270000000000000000e+02
8.520000000000000000e+02
7.080000000000000000e+02
6.840000000000000000e+02
6.940000000000000000e+02
6.700000000000000000e+02
7.220000000000000000e+02
7.960000000000000000e+02
7.620000000000000000e+02
8.900000000000000000e+02
7.810000000000000000e+02
8.560000000000000000e+02
8.780000000000000000e+02
9.590000000000000000e+02
9.690000000000000000e+02
1.086000000000000000e+03
1.003000000000000000e+03
1.247000000000000000e+03
1.497000000000000000e+03
1.485000000000000000e+03
1.484000000000000000e+03
1.544000000000000000e+03
1.705000000000000000e+03
2.053000000000000000e+03
2.129000000000000000e+03
2.261000000000000000e+03
2.361000000000000000e+03
2.199000000000000000e+03
1.942000000000000000e+03
1.403000000000000000e+03
1.130000000000000000e+03
9.020000000000000000e+02
7.390000000000000000e+02
5.930000000000000000e+02
4.880000000000000000e+02
4.420000000000000000e+02
4.360000000000000000e+02
4.370000000000000000e+02
3.330000000000000000e+02
3.440000000000000000e+02
3.280000000000000000e+02
3.270000000000000000e+02
2.820000000000000000e+02
2.540000000000000000e+02
2.430000000000000000e+02
2.730000000000000000e+02
2.520000000000000000e+02
2.350000000000000000e+02
2.410000000000000000e+02
2.540000000000000000e+02
2.310000000000000000e+02
2.370000000000000000e+02
2.250000000000000000e+02
2.690000000000000000e+02
2.490000000000000000e+02
2.450000000000000000e+02
2.850000000000000000e+02
2.440000000000000000e+02
2.420000000000000000e+02
2.570000000000000000e+02
2.330000000000000000e+02
2.060000000000000000e+02
2.550000000000000000e+02
2.270000000000000000e+02
2.100000000000000000e+02
2.360000000000000000e+02
2.680000000000000000e+02
2.570000000000000000e+02
2.770000000000000000e+02
2.840000000000000000e+02
3.030000000000000000e+02
2.880000000000000000e+02
2.770000000000000000e+02
3.140000000000000000e+02
2.930000000000000000e+02
3.240000000000000000e+02
2.980000000000000000e+02
3.170000000000000000e+02
3.220000000000000000e+02
3.640000000000000000e+02
4.160000000000000000e+02
4.090000000000000000e+02
4.050000000000000000e+02
4.250000000000000000e+02
4.640000000000000000e+02
5.040000000000000000e+02
5.440000000000000000e+02
5.300000000000000000e+02
5.420000000000000000e+02
5.710000000000000000e+02
5.820000000000000000e+02
6.630000000000000000e+02
7.900000000000000000e+02
8.510000000000000000e+02
8.750000000000000000e+02
8.950000000000000000e+02
8.360000000000000000e+02
7.520000000000000000e+02
6.530000000000000000e+02
5.300000000000000000e+02
4.610000000000000000e+02
3.620000000000000000e+02
2.470000000000000000e+02
2.130000000000000000e+02
1.660000000000000000e+02
1.210000000000000000e+02
2.325200000000000000e+04
2.473000000000000000e+03
5.310000000000000000e+02
1.870000000000000000e+02
1.140000000000000000e+02
1.420000000000000000e+02
1.610000000000000000e+02
2.450000000000000000e+02
3.660000000000000000e+02
4.510000000000000000e+02
6.260000000000000000e+02
8.330000000000000000e+02
1.109000000000000000e+03
1.490000000000000000e+03
1.816000000000000000e+03
1.732000000000000000e+03
1.797000000000000000e+03
2.315000000000000000e+03
2.156000000000000000e+03
1.899000000000000000e+03
1.530000000000000000e+03
1.210000000000000000e+03
1.117000000000000000e+03
1.131000000000000000e+03
1.055000000000000000e+03
9.870000000000000000e+02
1.083000000000000000e+03
1.045000000000000000e+03
1.024000000000000000e+03
1.000000000000000000e+03
1.016000000000000000e+03
1.007000000000000000e+03
9.560000000000000000e+02
8.940000000000000000e+02
8.630000000000000000e+02
8.410000000000000000e+02
7.970000000000000000e+02
7.460000000000000000e+02
7.060000000000000000e+02
7.050000000000000000e+02
7.590000000000000000e+02
7.380000000000000000e+02
6.290000000000000000e+02
7.040000000000000000e+02
6.130000000000000000e+02
6.220000000000000000e+02
5.760000000000000000e+02
4.820000000000000000e+02
4.700000000000000000e+02
4.890000000000000000e+02
4.800000000000000000e+02
4.750000000000000000e+02
4.180000000000000000e+02
4.200000000000000000e+02
4.050000000000000000e+02
4.720000000000000000e+02
4.220000000000000000e+02
4.000000000000000000e+02
4.170000000000000000e+02
3.880000000000000000e+02
4.160000000000000000e+02
3.960000000000000000e+02
4.000000000000000000e+02
4.340000000000000000e+02
4.440000000000000000e+02
4.940000000000000000e+02
5.030000000000000000e+02
5.440000000000000000e+02
5.910000000000000000e+02
5.650000000000000000e+02
5.870000000000000000e+02
5.690000000000000000e+02
6.170000000000000000e+02
7.720000000000000000e+02
8.160000000000000000e+02
8.590000000000000000e+02
9.180000000000000000e+02
1.077000000000000000e+03
1.205000000000000000e+03
1.323000000000000000e+03
1.359000000000000000e+03
1.611000000000000000e+03
1.864000000000000000e+03
2.062000000000000000e+03
2.236000000000000000e+03
2.303000000000000000e+03
2.135000000000000000e+03
1.992000000000000000e+03
1.868000000000000000e+03
1.829000000000000000e+03
1.588000000000000000e+03
1.490000000000000000e+03
1.330000000000000000e+03
1.225000000000000000e+03
1.195000000000000000e+03
1.160000000000000000e+03
1.353000000000000000e+03
1.338000000000000000e+03
1.379000000000000000e+03
1.748000000000000000e+03
1.925000000000000000e+03
1.866000000000000000e+03
1.480000000000000000e+03
1.260000000000000000e+03
1.131000000000000000e+03
1.006000000000000000e+03
1.084000000000000000e+03
9.450000000000000000e+02
1.071000000000000000e+03
1.077000000000000000e+03
1.006000000000000000e+03
1.196000000000000000e+03
1.028000000000000000e+03
9.600000000000000000e+02
8.600000000000000000e+02
8.230000000000000000e+02
9.140000000000000000e+02
8.420000000000000000e+02
7.410000000000000000e+02
6.260000000000000000e+02
6.360000000000000000e+02
6.250000000000000000e+02
5.770000000000000000e+02
6.290000000000000000e+02
6.150000000000000000e+02
6.290000000000000000e+02
5.820000000000000000e+02
6.110000000000000000e+02
5.220000000000000000e+02
5.780000000000000000e+02
6.520000000000000000e+02
7.820000000000000000e+02
8.070000000000000000e+02
1.049000000000000000e+03
1.359000000000000000e+03
1.765000000000000000e+03
1.592000000000000000e+03
1.529000000000000000e+03
1.416000000000000000e+03
1.335000000000000000e+03
1.271000000000000000e+03
1.036000000000000000e+03
9.140000000000000000e+02
9.820000000000000000e+02
9.200000000000000000e+02
8.820000000000000000e+02
8.200000000000000000e+02
7.820000000000000000e+02
7.540000000000000000e+02
9.560000000000000000e+02
9.840000000000000000e+02
1.014000000000000000e+03
1.030000000000000000e+03
1.246000000000000000e+03
1.359000000000000000e+03
1.548000000000000000e+03
1.348000000000000000e+03
1.467000000000000000e+03
1.463000000000000000e+03
1.553000000000000000e+03
1.660000000000000000e+03
1.720000000000000000e+03
1.872000000000000000e+03
2.182000000000000000e+03
2.184000000000000000e+03
2.231000000000000000e+03
2.066000000000000000e+03
2.088000000000000000e+03
1.775000000000000000e+03
1.632000000000000000e+03
1.228000000000000000e+03
9.380000000000000000e+02
8.010000000000000000e+02
7.180000000000000000e+02
6.520000000000000000e+02
7.560000000000000000e+02
5.570000000000000000e+02
5.710000000000000000e+02
5.310000000000000000e+02
5.700000000000000000e+02
5.180000000000000000e+02
5.070000000000000000e+02
5.170000000000000000e+02
5.000000000000000000e+02
5.110000000000000000e+02
5.270000000000000000e+02
4.530000000000000000e+02
4.050000000000000000e+02
4.450000000000000000e+02
4.440000000000000000e+02
4.010000000000000000e+02
3.540000000000000000e+02
3.390000000000000000e+02
3.810000000000000000e+02
3.500000000000000000e+02
3.860000000000000000e+02
3.350000000000000000e+02
3.170000000000000000e+02
3.300000000000000000e+02
3.430000000000000000e+02
3.420000000000000000e+02
2.460000000000000000e+02
2.780000000000000000e+02
2.520000000000000000e+02
2.670000000000000000e+02
2.760000000000000000e+02
2.660000000000000000e+02
2.850000000000000000e+02
2.730000000000000000e+02
2.500000000000000000e+02
2.460000000000000000e+02
2.370000000000000000e+02
2.200000000000000000e+02
2.630000000000000000e+02
2.390000000000000000e+02
2.800000000000000000e+02
2.360000000000000000e+02
2.590000000000000000e+02
2.810000000000000000e+02
2.780000000000000000e+02
2.670000000000000000e+02
2.980000000000000000e+02
3.050000000000000000e+02
2.990000000000000000e+02
3.410000000000000000e+02
3.410000000000000000e+02
3.030000000000000000e+02
3.180000000000000000e+02
4.100000000000000000e+02
3.960000000000000000e+02
3.960000000000000000e+02
4.170000000000000000e+02
4.460000000000000000e+02
4.780000000000000000e+02
4.990000000000000000e+02
5.130000000000000000e+02
5.120000000000000000e+02
5.340000000000000000e+02
5.940000000000000000e+02
6.040000000000000000e+02
6.360000000000000000e+02
7.610000000000000000e+02
8.810000000000000000e+02
9.190000000000000000e+02
9.060000000000000000e+02
8.040000000000000000e+02
7.140000000000000000e+02
6.640000000000000000e+02
5.390000000000000000e+02
4.820000000000000000e+02
3.800000000000000000e+02
2.800000000000000000e+02
2.200000000000000000e+02
1.580000000000000000e+02
1.070000000000000000e+02
6.700000000000000000e+01
2.229900000000000000e+04
1.695000000000000000e+03
1.332000000000000000e+03
6.990000000000000000e+02
2.480000000000000000e+02
1.680000000000000000e+02
1.310000000000000000e+02
1.030000000000000000e+02
1.160000000000000000e+02
1.530000000000000000e+02
2.320000000000000000e+02
3.730000000000000000e+02
5.490000000000000000e+02
6.900000000000000000e+02
8.080000000000000000e+02
1.094000000000000000e+03
1.362000000000000000e+03
1.762000000000000000e+03
1.851000000000000000e+03
2.461000000000000000e+03
2.228000000000000000e+03
2.008000000000000000e+03
1.679000000000000000e+03
1.307000000000000000e+03
1.137000000000000000e+03
1.102000000000000000e+03
1.041000000000000000e+03
9.970000000000000000e+02
9.470000000000000000e+02
9.660000000000000000e+02
9.770000000000000000e+02
8.540000000000000000e+02
8.670000000000000000e+02
8.700000000000000000e+02
8.740000000000000000e+02
8.190000000000000000e+02
7.690000000000000000e+02
7.160000000000000000e+02
6.650000000000000000e+02
7.350000000000000000e+02
7.080000000000000000e+02
6.320000000000000000e+02
6.550000000000000000e+02
6.690000000000000000e+02
5.900000000000000000e+02
5.940000000000000000e+02
5.580000000000000000e+02
5.980000000000000000e+02
5.750000000000000000e+02
5.450000000000000000e+02
4.890000000000000000e+02
4.920000000000000000e+02
5.020000000000000000e+02
5.260000000000000000e+02
4.960000000000000000e+02
5.230000000000000000e+02
5.560000000000000000e+02
5.720000000000000000e+02
5.480000000000000000e+02
5.190000000000000000e+02
4.390000000000000000e+02
4.320000000000000000e+02
4.660000000000000000e+02
4.580000000000000000e+02
4.260000000000000000e+02
4.350000000000000000e+02
3.980000000000000000e+02
4.960000000000000000e+02
5.030000000000000000e+02
4.870000000000000000e+02
5.080000000000000000e+02
5.110000000000000000e+02
4.970000000000000000e+02
5.660000000000000000e+02
5.190000000000000000e+02
5.890000000000000000e+02
5.770000000000000000e+02
5.790000000000000000e+02
6.240000000000000000e+02
6.390000000000000000e+02
7.400000000000000000e+02
7.800000000000000000e+02
8.220000000000000000e+02
8.460000000000000000e+02
9.830000000000000000e+02
1.103000000000000000e+03
1.324000000000000000e+03
1.704000000000000000e+03
1.788000000000000000e+03
1.977000000000000000e+03
2.154000000000000000e+03
2.167000000000000000e+03
2.227000000000000000e+03
2.152000000000000000e+03
1.995000000000000000e+03
1.823000000000000000e+03
1.715000000000000000e+03
1.614000000000000000e+03
1.518000000000000000e+03
1.625000000000000000e+03
1.657000000000000000e+03
1.651000000000000000e+03
1.657000000000000000e+03
1.697000000000000000e+03
1.567000000000000000e+03
1.560000000000000000e+03
1.668000000000000000e+03
1.457000000000000000e+03
1.487000000000000000e+03
1.353000000000000000e+03
1.190000000000000000e+03
1.169000000000000000e+03
1.225000000000000000e+03
1.246000000000000000e+03
1.227000000000000000e+03
1.349000000000000000e+03
1.351000000000000000e+03
1.160000000000000000e+03
1.134000000000000000e+03
1.056000000000000000e+03
1.082000000000000000e+03
9.720000000000000000e+02
7.850000000000000000e+02
7.560000000000000000e+02
6.890000000000000000e+02
6.190000000000000000e+02
6.160000000000000000e+02
6.330000000000000000e+02
6.830000000000000000e+02
6.740000000000000000e+02
6.710000000000000000e+02
6.390000000000000000e+02
6.580000000000000000e+02
7.210000000000000000e+02
7.740000000000000000e+02
9.090000000000000000e+02
1.042000000000000000e+03
1.177000000000000000e+03
1.715000000000000000e+03
1.674000000000000000e+03
1.527000000000000000e+03
1.372000000000000000e+03
1.370000000000000000e+03
1.335000000000000000e+03
1.319000000000000000e+03
1.358000000000000000e+03
1.431000000000000000e+03
1.563000000000000000e+03
1.764000000000000000e+03
1.705000000000000000e+03
1.736000000000000000e+03
1.767000000000000000e+03
1.800000000000000000e+03
1.740000000000000000e+03
1.834000000000000000e+03
1.801000000000000000e+03
1.709000000000000000e+03
1.687000000000000000e+03
1.711000000000000000e+03
1.646000000000000000e+03
1.509000000000000000e+03
1.430000000000000000e+03
1.235000000000000000e+03
1.063000000000000000e+03
8.690000000000000000e+02
7.630000000000000000e+02
8.510000000000000000e+02
8.700000000000000000e+02
6.230000000000000000e+02
5.960000000000000000e+02
5.270000000000000000e+02
5.850000000000000000e+02
6.780000000000000000e+02
6.950000000000000000e+02
6.750000000000000000e+02
7.170000000000000000e+02
6.110000000000000000e+02
6.930000000000000000e+02
6.040000000000000000e+02
6.330000000000000000e+02
6.170000000000000000e+02
6.970000000000000000e+02
6.580000000000000000e+02
5.880000000000000000e+02
6.220000000000000000e+02
5.960000000000000000e+02
6.140000000000000000e+02
6.220000000000000000e+02
6.330000000000000000e+02
6.530000000000000000e+02
5.450000000000000000e+02
5.320000000000000000e+02
5.230000000000000000e+02
4.860000000000000000e+02
6.150000000000000000e+02
5.770000000000000000e+02
5.700000000000000000e+02
5.440000000000000000e+02
5.700000000000000000e+02
5.170000000000000000e+02
4.490000000000000000e+02
4.150000000000000000e+02
3.880000000000000000e+02
3.830000000000000000e+02
3.470000000000000000e+02
3.660000000000000000e+02
2.940000000000000000e+02
3.170000000000000000e+02
2.940000000000000000e+02
2.850000000000000000e+02
2.730000000000000000e+02
3.040000000000000000e+02
2.590000000000000000e+02
2.760000000000000000e+02
2.510000000000000000e+02
2.450000000000000000e+02
2.730000000000000000e+02
2.530000000000000000e+02
3.010000000000000000e+02
3.280000000000000000e+02
3.550000000000000000e+02
3.480000000000000000e+02
3.700000000000000000e+02
3.540000000000000000e+02
3.700000000000000000e+02
3.790000000000000000e+02
4.360000000000000000e+02
4.570000000000000000e+02
4.780000000000000000e+02
4.810000000000000000e+02
5.370000000000000000e+02
5.400000000000000000e+02
5.340000000000000000e+02
5.740000000000000000e+02
5.870000000000000000e+02
5.630000000000000000e+02
7.110000000000000000e+02
7.670000000000000000e+02
8.920000000000000000e+02
8.480000000000000000e+02
8.510000000000000000e+02
8.360000000000000000e+02
7.430000000000000000e+02
6.950000000000000000e+02
5.490000000000000000e+02
4.610000000000000000e+02
3.970000000000000000e+02
2.440000000000000000e+02
2.210000000000000000e+02
1.500000000000000000e+02
9.600000000000000000e+01
5.600000000000000000e+01
1.200000000000000000e+01
1.200000000000000000e+01
2.000000000000000000e+00
2.500000000000000000e+01
