0.000000000000000000e+00
0.000000000000000000e+00
0.000000000000000000e+00
5.000000000000000000e+00
1.600000000000000000e+01
4.300000000000000000e+01
8.700000000000000000e+01
2.290000000000000000e+02
3.290000000000000000e+02
8.980000000000000000e+02
1.429000000000000000e+03
1.240000000000000000e+03
1.105000000000000000e+03
9.400000000000000000e+02
9.750000000000000000e+02
1.253000000000000000e+03
1.279000000000000000e+03
1.367000000000000000e+03
1.247000000000000000e+03
1.265000000000000000e+03
1.221000000000000000e+03
1.237000000000000000e+03
1.270000000000000000e+03
1.421000000000000000e+03
1.457000000000000000e+03
1.539000000000000000e+03
1.657000000000000000e+03
1.591000000000000000e+03
1.597000000000000000e+03
1.643000000000000000e+03
1.684000000000000000e+03
1.663000000000000000e+03
1.732000000000000000e+03
1.670000000000000000e+03
1.634000000000000000e+03
1.707000000000000000e+03
1.544000000000000000e+03
1.552000000000000000e+03
1.664000000000000000e+03
1.792000000000000000e+03
1.635000000000000000e+03
1.601000000000000000e+03
1.739000000000000000e+03
1.638000000000000000e+03
1.544000000000000000e+03
1.568000000000000000e+03
1.651000000000000000e+03
1.578000000000000000e+03
1.654000000000000000e+03
1.525000000000000000e+03
1.586000000000000000e+03
1.533000000000000000e+03
1.555000000000000000e+03
1.515000000000000000e+03
1.572000000000000000e+03
1.647000000000000000e+03
1.602000000000000000e+03
1.567000000000000000e+03
1.514000000000000000e+03
1.531000000000000000e+03
1.464000000000000000e+03
1.450000000000000000e+03
1.494000000000000000e+03
1.459000000000000000e+03
1.360000000000000000e+03
1.321000000000000000e+03
1.323000000000000000e+03
1.197000000000000000e+03
1.218000000000000000e+03
1.173000000000000000e+03
1.133000000000000000e+03
1.149000000000000000e+03
1.156000000000000000e+03
1.082000000000000000e+03
1.116000000000000000e+03
1.187000000000000000e+03
1.096000000000000000e+03
1.042000000000000000e+03
1.085000000000000000e+03
1.025000000000000000e+03
1.065000000000000000e+03
1.037000000000000000e+03
1.080000000000000000e+03
1.082000000000000000e+03
1.072000000000000000e+03
1.098000000000000000e+03
1.087000000000000000e+03
1.158000000000000000e+03
1.160000000000000000e+03
1.150000000000000000e+03
1.155000000000000000e+03
1.183000000000000000e+03
1.260000000000000000e+03
1.508000000000000000e+03
1.755000000000000000e+03
1.753000000000000000e+03
1.630000000000000000e+03
1.460000000000000000e+03
1.449000000000000000e+03
1.368000000000000000e+03
1.363000000000000000e+03
1.301000000000000000e+03
1.308000000000000000e+03
1.258000000000000000e+03
1.308000000000000000e+03
1.375000000000000000e+03
1.370000000000000000e+03
1.330000000000000000e+03
1.279000000000000000e+03
1.233000000000000000e+03
1.290000000000000000e+03
1.255000000000000000e+03
1.111000000000000000e+03
1.172000000000000000e+03
1.110000000000000000e+03
1.079000000000000000e+03
1.078000000000000000e+03
1.049000000000000000e+03
1.085000000000000000e+03
1.093000000000000000e+03
1.110000000000000000e+03
1.130000000000000000e+03
1.230000000000000000e+03
1.419000000000000000e+03
1.383000000000000000e+03
1.448000000000000000e+03
1.545000000000000000e+03
1.616000000000000000e+03
1.656000000000000000e+03
1.703000000000000000e+03
1.770000000000000000e+03
1.856000000000000000e+03
2.048000000000000000e+03
2.090000000000000000e+03
2.124000000000000000e+03
2.072000000000000000e+03
2.136000000000000000e+03
1.987000000000000000e+03
2.003000000000000000e+03
1.788000000000000000e+03
1.620000000000000000e+03
1.594000000000000000e+03
1.460000000000000000e+03
1.410000000000000000e+03
1.376000000000000000e+03
1.294000000000000000e+03
1.215000000000000000e+03
1.078000000000000000e+03
1.042000000000000000e+03
1.014000000000000000e+03
1.045000000000000000e+03
1.013000000000000000e+03
8.480000000000000000e+02
8.790000000000000000e+02
8.840000000000000000e+02
8.280000000000000000e+02
9.320000000000000000e+02
8.110000000000000000e+02
7.890000000000000000e+02
7.380000000000000000e+02
7.080000000000000000e+02
6.230000000000000000e+02
6.680000000000000000e+02
6.080000000000000000e+02
6.050000000000000000e+02
6.220000000000000000e+02
5.560000000000000000e+02
5.640000000000000000e+02
6.050000000000000000e+02
5.870000000000000000e+02
6.000000000000000000e+02
6.540000000000000000e+02
5.660000000000000000e+02
6.010000000000000000e+02
5.480000000000000000e+02
4.890000000000000000e+02
4.540000000000000000e+02
3.910000000000000000e+02
3.960000000000000000e+02
3.840000000000000000e+02
3.990000000000000000e+02
4.000000000000000000e+02
3.940000000000000000e+02
3.710000000000000000e+02
3.790000000000000000e+02
3.490000000000000000e+02
3.420000000000000000e+02
3.690000000000000000e+02
3.220000000000000000e+02
3.310000000000000000e+02
3.120000000000000000e+02
3.520000000000000000e+02
3.640000000000000000e+02
3.600000000000000000e+02
3.200000000000000000e+02
3.900000000000000000e+02
2.930000000000000000e+02
3.120000000000000000e+02
2.750000000000000000e+02
2.640000000000000000e+02
2.450000000000000000e+02
2.780000000000000000e+02
2.850000000000000000e+02
2.640000000000000000e+02
2.610000000000000000e+02
2.710000000000000000e+02
2.630000000000000000e+02
2.620000000000000000e+02
2.370000000000000000e+02
2.770000000000000000e+02
2.670000000000000000e+02
2.410000000000000000e+02
2.520000000000000000e+02
2.490000000000000000e+02
2.730000000000000000e+02
2.700000000000000000e+02
3.050000000000000000e+02
3.220000000000000000e+02
3.060000000000000000e+02
2.880000000000000000e+02
2.630000000000000000e+02
2.720000000000000000e+02
2.760000000000000000e+02
2.790000000000000000e+02
3.030000000000000000e+02
1.057000000000000000e+03
1.367000000000000000e+03
8.560000000000000000e+02
8.040000000000000000e+02
4.290000000000000000e+02
1.185000000000000000e+03
5.560000000000000000e+02
1.170000000000000000e+02
9.500000000000000000e+01
7.200000000000000000e+01
6.800000000000000000e+01
7.000000000000000000e+01
7.700000000000000000e+01
6.400000000000000000e+01
6.100000000000000000e+01
6.600000000000000000e+01
5.400000000000000000e+01
6.400000000000000000e+01
7.700000000000000000e+01
8.000000000000000000e+01
8.500000000000000000e+01
6.900000000000000000e+01
5.000000000000000000e+01
6.800000000000000000e+01
7.000000000000000000e+01
6.300000000000000000e+01
5.000000000000000000e+01
6.800000000000000000e+01
3.200000000000000000e+01
4.500000000000000000e+01
3.700000000000000000e+01
0.000000000000000000e+00
0.000000000000000000e+00
0.000000000000000000e+00
1.000000000000000000e+00
7.000000000000000000e+00
1.900000000000000000e+01
5.400000000000000000e+01
1.220000000000000000e+02
3.400000000000000000e+02
9.270000000000000000e+02
1.421000000000000000e+03
1.167000000000000000e+03
1.037000000000000000e+03
8.420000000000000000e+02
8.390000000000000000e+02
1.191000000000000000e+03
1.317000000000000000e+03
1.322000000000000000e+03
1.244000000000000000e+03
1.168000000000000000e+03
1.036000000000000000e+03
1.073000000000000000e+03
1.114000000000000000e+03
1.187000000000000000e+03
1.318000000000000000e+03
1.313000000000000000e+03
1.329000000000000000e+03
1.298000000000000000e+03
1.392000000000000000e+03
1.410000000000000000e+03
1.651000000000000000e+03
1.603000000000000000e+03
1.610000000000000000e+03
1.573000000000000000e+03
1.497000000000000000e+03
1.506000000000000000e+03
1.464000000000000000e+03
1.464000000000000000e+03
1.601000000000000000e+03
1.583000000000000000e+03
1.563000000000000000e+03
1.494000000000000000e+03
1.460000000000000000e+03
1.480000000000000000e+03
1.553000000000000000e+03
1.585000000000000000e+03
1.568000000000000000e+03
1.472000000000000000e+03
1.491000000000000000e+03
1.415000000000000000e+03
1.350000000000000000e+03
1.407000000000000000e+03
1.359000000000000000e+03
1.401000000000000000e+03
1.436000000000000000e+03
1.436000000000000000e+03
1.383000000000000000e+03
1.460000000000000000e+03
1.448000000000000000e+03
1.484000000000000000e+03
1.547000000000000000e+03
1.483000000000000000e+03
1.438000000000000000e+03
1.468000000000000000e+03
1.518000000000000000e+03
1.547000000000000000e+03
1.600000000000000000e+03
1.589000000000000000e+03
1.529000000000000000e+03
1.456000000000000000e+03
1.370000000000000000e+03
1.403000000000000000e+03
1.378000000000000000e+03
1.417000000000000000e+03
1.375000000000000000e+03
1.364000000000000000e+03
1.326000000000000000e+03
1.295000000000000000e+03
1.195000000000000000e+03
1.206000000000000000e+03
1.134000000000000000e+03
1.130000000000000000e+03
1.158000000000000000e+03
1.071000000000000000e+03
1.191000000000000000e+03
1.058000000000000000e+03
1.123000000000000000e+03
1.133000000000000000e+03
1.136000000000000000e+03
1.140000000000000000e+03
1.062000000000000000e+03
1.110000000000000000e+03
1.227000000000000000e+03
1.171000000000000000e+03
1.163000000000000000e+03
1.089000000000000000e+03
1.189000000000000000e+03
1.181000000000000000e+03
1.281000000000000000e+03
1.486000000000000000e+03
1.696000000000000000e+03
1.720000000000000000e+03
1.546000000000000000e+03
1.436000000000000000e+03
1.316000000000000000e+03
1.484000000000000000e+03
1.410000000000000000e+03
1.475000000000000000e+03
1.407000000000000000e+03
1.293000000000000000e+03
1.211000000000000000e+03
1.250000000000000000e+03
1.226000000000000000e+03
1.366000000000000000e+03
1.393000000000000000e+03
1.493000000000000000e+03
1.578000000000000000e+03
1.555000000000000000e+03
1.583000000000000000e+03
1.627000000000000000e+03
1.859000000000000000e+03
2.098000000000000000e+03
2.016000000000000000e+03
2.056000000000000000e+03
2.019000000000000000e+03
2.001000000000000000e+03
2.002000000000000000e+03
2.046000000000000000e+03
2.103000000000000000e+03
2.119000000000000000e+03
2.036000000000000000e+03
2.032000000000000000e+03
2.050000000000000000e+03
2.073000000000000000e+03
1.965000000000000000e+03
1.772000000000000000e+03
1.877000000000000000e+03
1.695000000000000000e+03
1.534000000000000000e+03
1.391000000000000000e+03
1.245000000000000000e+03
1.233000000000000000e+03
1.121000000000000000e+03
1.051000000000000000e+03
9.620000000000000000e+02
9.890000000000000000e+02
8.920000000000000000e+02
8.190000000000000000e+02
7.430000000000000000e+02
7.660000000000000000e+02
7.310000000000000000e+02
6.770000000000000000e+02
6.860000000000000000e+02
6.190000000000000000e+02
5.840000000000000000e+02
5.210000000000000000e+02
6.070000000000000000e+02
5.980000000000000000e+02
5.800000000000000000e+02
5.860000000000000000e+02
6.060000000000000000e+02
5.860000000000000000e+02
6.110000000000000000e+02
6.020000000000000000e+02
6.430000000000000000e+02
6.130000000000000000e+02
5.790000000000000000e+02
5.510000000000000000e+02
5.060000000000000000e+02
4.990000000000000000e+02
5.300000000000000000e+02
5.060000000000000000e+02
5.420000000000000000e+02
5.120000000000000000e+02
5.240000000000000000e+02
5.080000000000000000e+02
5.180000000000000000e+02
5.220000000000000000e+02
5.310000000000000000e+02
5.910000000000000000e+02
5.460000000000000000e+02
5.430000000000000000e+02
4.560000000000000000e+02
4.520000000000000000e+02
3.870000000000000000e+02
3.700000000000000000e+02
3.970000000000000000e+02
3.990000000000000000e+02
4.170000000000000000e+02
3.900000000000000000e+02
3.640000000000000000e+02
3.580000000000000000e+02
3.630000000000000000e+02
3.390000000000000000e+02
3.180000000000000000e+02
3.510000000000000000e+02
3.850000000000000000e+02
3.870000000000000000e+02
3.490000000000000000e+02
3.340000000000000000e+02
3.010000000000000000e+02
3.380000000000000000e+02
3.290000000000000000e+02
2.870000000000000000e+02
2.970000000000000000e+02
3.050000000000000000e+02
3.010000000000000000e+02
2.940000000000000000e+02
2.790000000000000000e+02
2.690000000000000000e+02
2.450000000000000000e+02
2.490000000000000000e+02
2.670000000000000000e+02
2.690000000000000000e+02
3.300000000000000000e+02
3.630000000000000000e+02
3.520000000000000000e+02
4.060000000000000000e+02
6.210000000000000000e+02
1.069000000000000000e+03
1.271000000000000000e+03
8.710000000000000000e+02
6.340000000000000000e+02
8.910000000000000000e+02
4.810000000000000000e+02
1.218000000000000000e+03
6.490000000000000000e+02
1.820000000000000000e+02
9.200000000000000000e+01
8.100000000000000000e+01
9.500000000000000000e+01
8.300000000000000000e+01
6.500000000000000000e+01
5.300000000000000000e+01
6.100000000000000000e+01
4.500000000000000000e+01
6.900000000000000000e+01
8.000000000000000000e+01
5.500000000000000000e+01
5.700000000000000000e+01
6.700000000000000000e+01
7.500000000000000000e+01
6.400000000000000000e+01
8.500000000000000000e+01
6.100000000000000000e+01
6.100000000000000000e+01
4.200000000000000000e+01
6.600000000000000000e+01
4.300000000000000000e+01
6.700000000000000000e+01
7.000000000000000000e+01
6.700000000000000000e+01
4.900000000000000000e+01
6.400000000000000000e+01
4.500000000000000000e+01
4.400000000000000000e+01
8.000000000000000000e+00
5.000000000000000000e+00
6.000000000000000000e+00
1.300000000000000000e+01
2.100000000000000000e+01
3.400000000000000000e+01
6.200000000000000000e+01
1.050000000000000000e+02
2.310000000000000000e+02
6.970000000000000000e+02
1.169000000000000000e+03
1.251000000000000000e+03
1.243000000000000000e+03
9.810000000000000000e+02
9.480000000000000000e+02
1.115000000000000000e+03
1.113000000000000000e+03
1.222000000000000000e+03
1.266000000000000000e+03
1.284000000000000000e+03
1.308000000000000000e+03
1.385000000000000000e+03
1.388000000000000000e+03
1.547000000000000000e+03
1.536000000000000000e+03
1.705000000000000000e+03
1.754000000000000000e+03
1.765000000000000000e+03
1.885000000000000000e+03
1.921000000000000000e+03
1.953000000000000000e+03
1.883000000000000000e+03
1.977000000000000000e+03
2.033000000000000000e+03
1.919000000000000000e+03
1.910000000000000000e+03
1.921000000000000000e+03
2.015000000000000000e+03
2.027000000000000000e+03
1.933000000000000000e+03
1.972000000000000000e+03
1.857000000000000000e+03
1.820000000000000000e+03
1.771000000000000000e+03
1.867000000000000000e+03
1.928000000000000000e+03
1.887000000000000000e+03
1.705000000000000000e+03
1.624000000000000000e+03
1.626000000000000000e+03
1.673000000000000000e+03
1.700000000000000000e+03
1.708000000000000000e+03
1.636000000000000000e+03
1.625000000000000000e+03
1.455000000000000000e+03
1.524000000000000000e+03
1.492000000000000000e+03
1.404000000000000000e+03
1.420000000000000000e+03
1.360000000000000000e+03
1.383000000000000000e+03
1.269000000000000000e+03
1.262000000000000000e+03
1.226000000000000000e+03
1.215000000000000000e+03
1.176000000000000000e+03
1.046000000000000000e+03
1.109000000000000000e+03
1.049000000000000000e+03
1.043000000000000000e+03
1.135000000000000000e+03
1.058000000000000000e+03
9.990000000000000000e+02
9.990000000000000000e+02
1.031000000000000000e+03
1.012000000000000000e+03
1.049000000000000000e+03
9.990000000000000000e+02
9.970000000000000000e+02
8.970000000000000000e+02
9.280000000000000000e+02
9.630000000000000000e+02
9.240000000000000000e+02
9.050000000000000000e+02
8.530000000000000000e+02
8.430000000000000000e+02
8.010000000000000000e+02
7.820000000000000000e+02
8.640000000000000000e+02
8.200000000000000000e+02
7.990000000000000000e+02
8.490000000000000000e+02
7.500000000000000000e+02
7.570000000000000000e+02
7.820000000000000000e+02
8.320000000000000000e+02
8.410000000000000000e+02
8.830000000000000000e+02
9.660000000000000000e+02
9.080000000000000000e+02
9.280000000000000000e+02
9.130000000000000000e+02
9.460000000000000000e+02
9.380000000000000000e+02
9.240000000000000000e+02
9.420000000000000000e+02
9.620000000000000000e+02
8.550000000000000000e+02
8.190000000000000000e+02
8.290000000000000000e+02
8.200000000000000000e+02
7.970000000000000000e+02
8.430000000000000000e+02
7.430000000000000000e+02
8.430000000000000000e+02
8.440000000000000000e+02
9.390000000000000000e+02
1.017000000000000000e+03
1.119000000000000000e+03
1.283000000000000000e+03
1.496000000000000000e+03
1.699000000000000000e+03
1.689000000000000000e+03
1.620000000000000000e+03
1.797000000000000000e+03
1.949000000000000000e+03
1.954000000000000000e+03
2.045000000000000000e+03
2.165000000000000000e+03
2.233000000000000000e+03
2.139000000000000000e+03
2.137000000000000000e+03
2.084000000000000000e+03
1.849000000000000000e+03
1.971000000000000000e+03
1.782000000000000000e+03
1.727000000000000000e+03
1.740000000000000000e+03
1.602000000000000000e+03
1.469000000000000000e+03
1.475000000000000000e+03
1.332000000000000000e+03
1.214000000000000000e+03
1.137000000000000000e+03
1.076000000000000000e+03
1.043000000000000000e+03
9.180000000000000000e+02
9.960000000000000000e+02
8.330000000000000000e+02
8.600000000000000000e+02
8.100000000000000000e+02
7.920000000000000000e+02
8.120000000000000000e+02
7.930000000000000000e+02
7.790000000000000000e+02
7.130000000000000000e+02
7.580000000000000000e+02
7.260000000000000000e+02
7.590000000000000000e+02
7.120000000000000000e+02
6.760000000000000000e+02
6.420000000000000000e+02
6.470000000000000000e+02
5.830000000000000000e+02
6.150000000000000000e+02
5.600000000000000000e+02
5.570000000000000000e+02
6.040000000000000000e+02
6.340000000000000000e+02
6.020000000000000000e+02
5.600000000000000000e+02
6.120000000000000000e+02
7.040000000000000000e+02
6.890000000000000000e+02
7.080000000000000000e+02
6.810000000000000000e+02
6.630000000000000000e+02
6.830000000000000000e+02
6.340000000000000000e+02
6.880000000000000000e+02
6.840000000000000000e+02
7.020000000000000000e+02
7.030000000000000000e+02
7.090000000000000000e+02
6.890000000000000000e+02
6.650000000000000000e+02
7.020000000000000000e+02
6.750000000000000000e+02
6.800000000000000000e+02
7.260000000000000000e+02
6.300000000000000000e+02
6.020000000000000000e+02
5.850000000000000000e+02
5.220000000000000000e+02
4.810000000000000000e+02
4.490000000000000000e+02
4.440000000000000000e+02
4.910000000000000000e+02
4.520000000000000000e+02
4.620000000000000000e+02
4.490000000000000000e+02
4.740000000000000000e+02
4.180000000000000000e+02
5.000000000000000000e+02
4.710000000000000000e+02
4.890000000000000000e+02
5.370000000000000000e+02
5.280000000000000000e+02
4.790000000000000000e+02
7.050000000000000000e+02
1.060000000000000000e+03
6.860000000000000000e+02
4.930000000000000000e+02
9.920000000000000000e+02
9.020000000000000000e+02
6.760000000000000000e+02
9.980000000000000000e+02
5.740000000000000000e+02
1.282000000000000000e+03
6.610000000000000000e+02
3.180000000000000000e+02
3.150000000000000000e+02
2.690000000000000000e+02
2.810000000000000000e+02
2.920000000000000000e+02
2.550000000000000000e+02
2.810000000000000000e+02
2.400000000000000000e+02
2.550000000000000000e+02
2.100000000000000000e+02
1.560000000000000000e+02
1.840000000000000000e+02
1.380000000000000000e+02
1.210000000000000000e+02
1.180000000000000000e+02
1.060000000000000000e+02
1.080000000000000000e+02
1.100000000000000000e+02
1.090000000000000000e+02
7.600000000000000000e+01
7.900000000000000000e+01
7.600000000000000000e+01
6.300000000000000000e+01
6.100000000000000000e+01
5.300000000000000000e+01
4.900000000000000000e+01
8.000000000000000000e+01
7.600000000000000000e+01
5.100000000000000000e+01
6.000000000000000000e+01
6.000000000000000000e+01
5.700000000000000000e+01
6.500000000000000000e+01
7.600000000000000000e+01
3.970000000000000000e+02
