6.140000000000000000e+02
2.570000000000000000e+02
3.350000000000000000e+02
4.580000000000000000e+02
5.210000000000000000e+02
6.640000000000000000e+02
7.100000000000000000e+02
8.980000000000000000e+02
1.193000000000000000e+03
1.769000000000000000e+03
1.662000000000000000e+03
1.414000000000000000e+03
1.814000000000000000e+03
1.893000000000000000e+03
1.277000000000000000e+03
1.028000000000000000e+03
9.970000000000000000e+02
1.009000000000000000e+03
1.112000000000000000e+03
1.173000000000000000e+03
1.243000000000000000e+03
1.424000000000000000e+03
1.460000000000000000e+03
1.432000000000000000e+03
1.301000000000000000e+03
1.174000000000000000e+03
1.187000000000000000e+03
1.237000000000000000e+03
1.285000000000000000e+03
1.236000000000000000e+03
1.103000000000000000e+03
1.012000000000000000e+03
9.910000000000000000e+02
9.690000000000000000e+02
9.140000000000000000e+02
8.450000000000000000e+02
8.340000000000000000e+02
8.350000000000000000e+02
7.500000000000000000e+02
8.660000000000000000e+02
6.860000000000000000e+02
6.340000000000000000e+02
6.350000000000000000e+02
5.970000000000000000e+02
5.520000000000000000e+02
5.400000000000000000e+02
4.590000000000000000e+02
5.020000000000000000e+02
4.690000000000000000e+02
4.490000000000000000e+02
4.700000000000000000e+02
4.040000000000000000e+02
3.950000000000000000e+02
3.460000000000000000e+02
4.090000000000000000e+02
3.990000000000000000e+02
3.620000000000000000e+02
3.740000000000000000e+02
4.080000000000000000e+02
4.250000000000000000e+02
4.220000000000000000e+02
3.950000000000000000e+02
3.580000000000000000e+02
3.770000000000000000e+02
4.090000000000000000e+02
4.070000000000000000e+02
4.420000000000000000e+02
4.420000000000000000e+02
4.710000000000000000e+02
4.560000000000000000e+02
5.000000000000000000e+02
4.910000000000000000e+02
5.370000000000000000e+02
5.240000000000000000e+02
5.450000000000000000e+02
5.540000000000000000e+02
5.370000000000000000e+02
6.060000000000000000e+02
5.820000000000000000e+02
5.810000000000000000e+02
5.940000000000000000e+02
6.280000000000000000e+02
5.690000000000000000e+02
6.060000000000000000e+02
6.170000000000000000e+02
6.160000000000000000e+02
6.110000000000000000e+02
5.990000000000000000e+02
5.720000000000000000e+02
5.830000000000000000e+02
5.340000000000000000e+02
5.860000000000000000e+02
5.610000000000000000e+02
6.230000000000000000e+02
6.130000000000000000e+02
6.830000000000000000e+02
7.610000000000000000e+02
8.140000000000000000e+02
7.550000000000000000e+02
6.910000000000000000e+02
7.190000000000000000e+02
6.710000000000000000e+02
7.030000000000000000e+02
7.850000000000000000e+02
7.950000000000000000e+02
8.850000000000000000e+02
8.480000000000000000e+02
7.960000000000000000e+02
7.050000000000000000e+02
6.720000000000000000e+02
7.450000000000000000e+02
7.610000000000000000e+02
7.070000000000000000e+02
6.150000000000000000e+02
5.230000000000000000e+02
4.990000000000000000e+02
4.680000000000000000e+02
4.330000000000000000e+02
3.950000000000000000e+02
3.770000000000000000e+02
3.840000000000000000e+02
4.030000000000000000e+02
3.990000000000000000e+02
4.240000000000000000e+02
4.840000000000000000e+02
4.080000000000000000e+02
3.990000000000000000e+02
3.830000000000000000e+02
3.640000000000000000e+02
3.650000000000000000e+02
3.750000000000000000e+02
3.770000000000000000e+02
3.640000000000000000e+02
3.740000000000000000e+02
3.790000000000000000e+02
4.150000000000000000e+02
4.360000000000000000e+02
4.900000000000000000e+02
4.820000000000000000e+02
5.010000000000000000e+02
4.750000000000000000e+02
5.090000000000000000e+02
4.700000000000000000e+02
4.710000000000000000e+02
4.630000000000000000e+02
4.890000000000000000e+02
4.700000000000000000e+02
4.690000000000000000e+02
5.030000000000000000e+02
5.600000000000000000e+02
5.490000000000000000e+02
5.980000000000000000e+02
5.330000000000000000e+02
6.180000000000000000e+02
6.910000000000000000e+02
8.690000000000000000e+02
1.361000000000000000e+03
2.068000000000000000e+03
2.524000000000000000e+03
2.794000000000000000e+03
2.764000000000000000e+03
2.372000000000000000e+03
1.784000000000000000e+03
1.359000000000000000e+03
8.860000000000000000e+02
9.300000000000000000e+02
9.450000000000000000e+02
9.370000000000000000e+02
8.720000000000000000e+02
7.300000000000000000e+02
6.340000000000000000e+02
5.690000000000000000e+02
5.130000000000000000e+02
5.480000000000000000e+02
5.710000000000000000e+02
5.430000000000000000e+02
6.540000000000000000e+02
6.630000000000000000e+02
6.670000000000000000e+02
6.820000000000000000e+02
7.100000000000000000e+02
7.190000000000000000e+02
8.830000000000000000e+02
8.740000000000000000e+02
8.780000000000000000e+02
8.280000000000000000e+02
8.630000000000000000e+02
9.460000000000000000e+02
1.032000000000000000e+03
9.500000000000000000e+02
9.190000000000000000e+02
9.210000000000000000e+02
1.051000000000000000e+03
9.790000000000000000e+02
1.007000000000000000e+03
9.920000000000000000e+02
9.220000000000000000e+02
8.590000000000000000e+02
9.540000000000000000e+02
1.023000000000000000e+03
9.970000000000000000e+02
9.260000000000000000e+02
8.720000000000000000e+02
8.510000000000000000e+02
8.130000000000000000e+02
8.130000000000000000e+02
8.780000000000000000e+02
9.260000000000000000e+02
9.040000000000000000e+02
1.003000000000000000e+03
1.062000000000000000e+03
1.210000000000000000e+03
1.135000000000000000e+03
9.820000000000000000e+02
1.112000000000000000e+03
1.070000000000000000e+03
1.022000000000000000e+03
9.670000000000000000e+02
9.880000000000000000e+02
1.031000000000000000e+03
1.046000000000000000e+03
9.620000000000000000e+02
1.182000000000000000e+03
1.192000000000000000e+03
1.189000000000000000e+03
1.344000000000000000e+03
1.641000000000000000e+03
2.098000000000000000e+03
1.889000000000000000e+03
1.887000000000000000e+03
2.142000000000000000e+03
2.148000000000000000e+03
2.413000000000000000e+03
1.936000000000000000e+03
1.865000000000000000e+03
1.820000000000000000e+03
1.862000000000000000e+03
2.105000000000000000e+03
2.955000000000000000e+03
2.905000000000000000e+03
2.565000000000000000e+03
2.962000000000000000e+03
3.571000000000000000e+03
3.000000000000000000e+03
2.930000000000000000e+03
2.792000000000000000e+03
2.012000000000000000e+03
1.711000000000000000e+03
2.368000000000000000e+03
2.048000000000000000e+03
1.661000000000000000e+03
1.627000000000000000e+03
1.387000000000000000e+03
8.190000000000000000e+02
5.480000000000000000e+02
4.680000000000000000e+02
2.580000000000000000e+02
2.290000000000000000e+02
3.100000000000000000e+02
3.920000000000000000e+02
5.280000000000000000e+02
6.360000000000000000e+02
7.870000000000000000e+02
8.390000000000000000e+02
1.177000000000000000e+03
1.800000000000000000e+03
1.676000000000000000e+03
1.414000000000000000e+03
1.788000000000000000e+03
1.828000000000000000e+03
1.253000000000000000e+03
9.440000000000000000e+02
8.370000000000000000e+02
8.890000000000000000e+02
9.410000000000000000e+02
9.480000000000000000e+02
1.119000000000000000e+03
1.296000000000000000e+03
1.415000000000000000e+03
1.231000000000000000e+03
1.231000000000000000e+03
1.159000000000000000e+03
1.256000000000000000e+03
1.253000000000000000e+03
1.227000000000000000e+03
1.168000000000000000e+03
1.028000000000000000e+03
1.052000000000000000e+03
9.870000000000000000e+02
9.330000000000000000e+02
9.210000000000000000e+02
8.840000000000000000e+02
9.090000000000000000e+02
8.910000000000000000e+02
8.610000000000000000e+02
7.910000000000000000e+02
7.610000000000000000e+02
7.010000000000000000e+02
6.730000000000000000e+02
6.770000000000000000e+02
6.000000000000000000e+02
5.830000000000000000e+02
5.510000000000000000e+02
5.970000000000000000e+02
5.860000000000000000e+02
5.510000000000000000e+02
4.960000000000000000e+02
4.750000000000000000e+02
4.640000000000000000e+02
4.480000000000000000e+02
3.960000000000000000e+02
3.830000000000000000e+02
4.180000000000000000e+02
4.260000000000000000e+02
4.050000000000000000e+02
4.070000000000000000e+02
4.020000000000000000e+02
3.920000000000000000e+02
3.790000000000000000e+02
4.070000000000000000e+02
4.540000000000000000e+02
3.990000000000000000e+02
4.390000000000000000e+02
4.630000000000000000e+02
4.490000000000000000e+02
4.440000000000000000e+02
4.120000000000000000e+02
3.970000000000000000e+02
4.140000000000000000e+02
3.930000000000000000e+02
4.540000000000000000e+02
4.550000000000000000e+02
4.260000000000000000e+02
4.820000000000000000e+02
4.750000000000000000e+02
4.640000000000000000e+02
4.850000000000000000e+02
4.630000000000000000e+02
4.920000000000000000e+02
4.800000000000000000e+02
4.660000000000000000e+02
5.070000000000000000e+02
4.790000000000000000e+02
5.040000000000000000e+02
5.290000000000000000e+02
5.420000000000000000e+02
5.480000000000000000e+02
5.300000000000000000e+02
5.390000000000000000e+02
5.760000000000000000e+02
6.570000000000000000e+02
7.070000000000000000e+02
8.090000000000000000e+02
8.000000000000000000e+02
6.820000000000000000e+02
5.770000000000000000e+02
5.590000000000000000e+02
5.810000000000000000e+02
6.430000000000000000e+02
7.160000000000000000e+02
6.990000000000000000e+02
7.240000000000000000e+02
6.750000000000000000e+02
6.270000000000000000e+02
5.600000000000000000e+02
6.190000000000000000e+02
6.640000000000000000e+02
6.530000000000000000e+02
7.180000000000000000e+02
6.830000000000000000e+02
5.900000000000000000e+02
4.890000000000000000e+02
4.440000000000000000e+02
3.960000000000000000e+02
3.770000000000000000e+02
4.160000000000000000e+02
4.070000000000000000e+02
4.730000000000000000e+02
4.990000000000000000e+02
5.410000000000000000e+02
5.510000000000000000e+02
4.880000000000000000e+02
4.800000000000000000e+02
4.780000000000000000e+02
4.720000000000000000e+02
5.330000000000000000e+02
5.240000000000000000e+02
5.570000000000000000e+02
5.120000000000000000e+02
4.760000000000000000e+02
4.190000000000000000e+02
3.810000000000000000e+02
4.010000000000000000e+02
3.850000000000000000e+02
3.950000000000000000e+02
4.260000000000000000e+02
4.040000000000000000e+02
4.200000000000000000e+02
3.890000000000000000e+02
3.810000000000000000e+02
3.640000000000000000e+02
3.710000000000000000e+02
4.200000000000000000e+02
4.180000000000000000e+02
3.650000000000000000e+02
4.840000000000000000e+02
4.490000000000000000e+02
4.540000000000000000e+02
4.840000000000000000e+02
4.980000000000000000e+02
5.300000000000000000e+02
5.440000000000000000e+02
5.580000000000000000e+02
6.030000000000000000e+02
7.570000000000000000e+02
9.870000000000000000e+02
1.271000000000000000e+03
1.734000000000000000e+03
2.184000000000000000e+03
2.589000000000000000e+03
2.645000000000000000e+03
2.374000000000000000e+03
2.047000000000000000e+03
1.509000000000000000e+03
9.660000000000000000e+02
7.010000000000000000e+02
6.230000000000000000e+02
4.820000000000000000e+02
4.290000000000000000e+02
4.220000000000000000e+02
4.350000000000000000e+02
4.340000000000000000e+02
4.170000000000000000e+02
4.950000000000000000e+02
4.680000000000000000e+02
4.660000000000000000e+02
4.870000000000000000e+02
4.900000000000000000e+02
5.050000000000000000e+02
5.960000000000000000e+02
5.990000000000000000e+02
5.420000000000000000e+02
5.690000000000000000e+02
6.490000000000000000e+02
6.360000000000000000e+02
5.940000000000000000e+02
6.480000000000000000e+02
6.850000000000000000e+02
7.470000000000000000e+02
7.620000000000000000e+02
8.660000000000000000e+02
8.270000000000000000e+02
8.790000000000000000e+02
9.660000000000000000e+02
1.122000000000000000e+03
1.338000000000000000e+03
1.361000000000000000e+03
1.391000000000000000e+03
1.222000000000000000e+03
1.248000000000000000e+03
1.142000000000000000e+03
1.172000000000000000e+03
1.286000000000000000e+03
1.293000000000000000e+03
1.285000000000000000e+03
1.256000000000000000e+03
1.284000000000000000e+03
1.222000000000000000e+03
1.136000000000000000e+03
1.146000000000000000e+03
1.125000000000000000e+03
1.016000000000000000e+03
1.098000000000000000e+03
1.174000000000000000e+03
1.163000000000000000e+03
1.078000000000000000e+03
1.081000000000000000e+03
1.112000000000000000e+03
1.157000000000000000e+03
1.110000000000000000e+03
1.213000000000000000e+03
1.518000000000000000e+03
2.108000000000000000e+03
1.991000000000000000e+03
1.946000000000000000e+03
2.201000000000000000e+03
2.382000000000000000e+03
2.534000000000000000e+03
2.795000000000000000e+03
2.978000000000000000e+03
3.098000000000000000e+03
3.002000000000000000e+03
2.433000000000000000e+03
2.636000000000000000e+03
3.499000000000000000e+03
2.873000000000000000e+03
2.597000000000000000e+03
3.294000000000000000e+03
3.602000000000000000e+03
2.768000000000000000e+03
2.789000000000000000e+03
2.614000000000000000e+03
1.813000000000000000e+03
1.736000000000000000e+03
2.305000000000000000e+03
2.127000000000000000e+03
1.573000000000000000e+03
1.597000000000000000e+03
1.306000000000000000e+03
9.160000000000000000e+02
6.210000000000000000e+02
6.120000000000000000e+02
5.200000000000000000e+01
3.600000000000000000e+01
1.030000000000000000e+02
1.290000000000000000e+02
2.570000000000000000e+02
3.550000000000000000e+02
4.320000000000000000e+02
5.690000000000000000e+02
8.400000000000000000e+02
1.458000000000000000e+03
1.367000000000000000e+03
1.144000000000000000e+03
1.361000000000000000e+03
1.279000000000000000e+03
9.190000000000000000e+02
9.600000000000000000e+02
8.580000000000000000e+02
8.760000000000000000e+02
9.080000000000000000e+02
8.340000000000000000e+02
8.870000000000000000e+02
8.660000000000000000e+02
8.990000000000000000e+02
9.160000000000000000e+02
8.930000000000000000e+02
9.210000000000000000e+02
9.930000000000000000e+02
1.073000000000000000e+03
1.136000000000000000e+03
1.203000000000000000e+03
1.218000000000000000e+03
1.182000000000000000e+03
1.110000000000000000e+03
1.050000000000000000e+03
1.039000000000000000e+03
1.014000000000000000e+03
1.057000000000000000e+03
8.920000000000000000e+02
9.400000000000000000e+02
9.130000000000000000e+02
9.210000000000000000e+02
9.040000000000000000e+02
8.540000000000000000e+02
8.580000000000000000e+02
7.450000000000000000e+02
7.670000000000000000e+02
7.070000000000000000e+02
6.890000000000000000e+02
6.330000000000000000e+02
6.180000000000000000e+02
5.930000000000000000e+02
6.410000000000000000e+02
6.070000000000000000e+02
5.880000000000000000e+02
5.090000000000000000e+02
5.310000000000000000e+02
5.000000000000000000e+02
5.220000000000000000e+02
4.560000000000000000e+02
5.220000000000000000e+02
5.020000000000000000e+02
5.450000000000000000e+02
5.670000000000000000e+02
5.600000000000000000e+02
4.760000000000000000e+02
5.220000000000000000e+02
4.700000000000000000e+02
4.390000000000000000e+02
4.250000000000000000e+02
4.220000000000000000e+02
3.860000000000000000e+02
4.250000000000000000e+02
4.150000000000000000e+02
3.820000000000000000e+02
3.720000000000000000e+02
4.150000000000000000e+02
4.030000000000000000e+02
3.730000000000000000e+02
3.660000000000000000e+02
3.740000000000000000e+02
3.850000000000000000e+02
3.780000000000000000e+02
4.560000000000000000e+02
4.570000000000000000e+02
4.430000000000000000e+02
4.810000000000000000e+02
4.580000000000000000e+02
4.480000000000000000e+02
4.460000000000000000e+02
4.750000000000000000e+02
4.710000000000000000e+02
4.310000000000000000e+02
4.490000000000000000e+02
4.860000000000000000e+02
4.690000000000000000e+02
4.920000000000000000e+02
4.980000000000000000e+02
4.990000000000000000e+02
5.040000000000000000e+02
5.040000000000000000e+02
5.380000000000000000e+02
4.960000000000000000e+02
4.830000000000000000e+02
5.860000000000000000e+02
6.340000000000000000e+02
6.300000000000000000e+02
6.090000000000000000e+02
5.470000000000000000e+02
5.080000000000000000e+02
5.400000000000000000e+02
5.660000000000000000e+02
5.780000000000000000e+02
5.610000000000000000e+02
6.120000000000000000e+02
5.330000000000000000e+02
5.710000000000000000e+02
5.860000000000000000e+02
5.970000000000000000e+02
6.090000000000000000e+02
6.390000000000000000e+02
6.350000000000000000e+02
5.810000000000000000e+02
6.620000000000000000e+02
7.220000000000000000e+02
7.710000000000000000e+02
7.780000000000000000e+02
7.890000000000000000e+02
6.130000000000000000e+02
5.660000000000000000e+02
5.630000000000000000e+02
5.140000000000000000e+02
5.140000000000000000e+02
5.020000000000000000e+02
4.840000000000000000e+02
5.090000000000000000e+02
4.400000000000000000e+02
5.050000000000000000e+02
4.710000000000000000e+02
5.160000000000000000e+02
4.950000000000000000e+02
4.890000000000000000e+02
4.610000000000000000e+02
5.320000000000000000e+02
4.940000000000000000e+02
5.390000000000000000e+02
4.830000000000000000e+02
5.190000000000000000e+02
5.030000000000000000e+02
4.740000000000000000e+02
4.750000000000000000e+02
5.410000000000000000e+02
4.970000000000000000e+02
5.380000000000000000e+02
5.250000000000000000e+02
5.270000000000000000e+02
5.170000000000000000e+02
5.430000000000000000e+02
5.510000000000000000e+02
6.070000000000000000e+02
7.090000000000000000e+02
7.560000000000000000e+02
9.960000000000000000e+02
1.309000000000000000e+03
1.572000000000000000e+03
2.000000000000000000e+03
2.426000000000000000e+03
2.949000000000000000e+03
2.694000000000000000e+03
1.939000000000000000e+03
1.115000000000000000e+03
8.560000000000000000e+02
6.720000000000000000e+02
5.730000000000000000e+02
5.720000000000000000e+02
5.590000000000000000e+02
4.970000000000000000e+02
5.610000000000000000e+02
5.170000000000000000e+02
4.370000000000000000e+02
4.310000000000000000e+02
4.070000000000000000e+02
4.410000000000000000e+02
4.400000000000000000e+02
4.620000000000000000e+02
4.980000000000000000e+02
5.550000000000000000e+02
6.300000000000000000e+02
6.230000000000000000e+02
6.580000000000000000e+02
7.270000000000000000e+02
8.290000000000000000e+02
8.190000000000000000e+02
7.980000000000000000e+02
9.020000000000000000e+02
9.340000000000000000e+02
9.230000000000000000e+02
9.740000000000000000e+02
1.023000000000000000e+03
1.143000000000000000e+03
1.180000000000000000e+03
1.232000000000000000e+03
1.220000000000000000e+03
1.238000000000000000e+03
1.186000000000000000e+03
1.137000000000000000e+03
1.177000000000000000e+03
1.120000000000000000e+03
1.141000000000000000e+03
1.083000000000000000e+03
1.065000000000000000e+03
1.057000000000000000e+03
1.093000000000000000e+03
9.920000000000000000e+02
9.900000000000000000e+02
1.013000000000000000e+03
1.107000000000000000e+03
1.209000000000000000e+03
1.295000000000000000e+03
1.203000000000000000e+03
1.255000000000000000e+03
1.330000000000000000e+03
1.344000000000000000e+03
1.712000000000000000e+03
1.635000000000000000e+03
1.636000000000000000e+03
1.809000000000000000e+03
2.034000000000000000e+03
2.194000000000000000e+03
1.846000000000000000e+03
1.907000000000000000e+03
1.904000000000000000e+03
1.922000000000000000e+03
1.817000000000000000e+03
1.898000000000000000e+03
2.121000000000000000e+03
2.449000000000000000e+03
2.818000000000000000e+03
2.638000000000000000e+03
2.843000000000000000e+03
3.071000000000000000e+03
3.170000000000000000e+03
3.622000000000000000e+03
4.438000000000000000e+03
3.820000000000000000e+03
3.331000000000000000e+03
3.024000000000000000e+03
2.339000000000000000e+03
1.950000000000000000e+03
2.240000000000000000e+03
1.893000000000000000e+03
1.551000000000000000e+03
1.843000000000000000e+03
1.432000000000000000e+03
9.780000000000000000e+02
5.970000000000000000e+02
1.884000000000000000e+03
