3.984000000000000000e+03
1.401000000000000000e+03
1.549000000000000000e+03
1.564000000000000000e+03
1.498000000000000000e+03
1.513000000000000000e+03
1.434000000000000000e+03
1.362000000000000000e+03
1.308000000000000000e+03
1.299000000000000000e+03
1.221000000000000000e+03
1.149000000000000000e+03
1.193000000000000000e+03
1.058000000000000000e+03
1.025000000000000000e+03
9.760000000000000000e+02
9.690000000000000000e+02
9.130000000000000000e+02
8.290000000000000000e+02
7.500000000000000000e+02
7.610000000000000000e+02
7.600000000000000000e+02
7.270000000000000000e+02
6.890000000000000000e+02
7.270000000000000000e+02
6.720000000000000000e+02
6.960000000000000000e+02
6.940000000000000000e+02
6.230000000000000000e+02
6.160000000000000000e+02
6.170000000000000000e+02
6.510000000000000000e+02
6.150000000000000000e+02
6.070000000000000000e+02
5.820000000000000000e+02
5.630000000000000000e+02
6.560000000000000000e+02
6.220000000000000000e+02
5.650000000000000000e+02
6.220000000000000000e+02
6.210000000000000000e+02
6.240000000000000000e+02
5.930000000000000000e+02
6.700000000000000000e+02
6.020000000000000000e+02
7.230000000000000000e+02
6.710000000000000000e+02
7.710000000000000000e+02
7.620000000000000000e+02
7.630000000000000000e+02
7.980000000000000000e+02
7.640000000000000000e+02
7.660000000000000000e+02
8.020000000000000000e+02
7.540000000000000000e+02
7.570000000000000000e+02
6.860000000000000000e+02
6.450000000000000000e+02
5.810000000000000000e+02
6.030000000000000000e+02
5.440000000000000000e+02
5.840000000000000000e+02
5.950000000000000000e+02
6.120000000000000000e+02
5.150000000000000000e+02
5.790000000000000000e+02
6.020000000000000000e+02
5.410000000000000000e+02
5.930000000000000000e+02
6.200000000000000000e+02
6.150000000000000000e+02
6.690000000000000000e+02
6.070000000000000000e+02
6.090000000000000000e+02
6.330000000000000000e+02
6.890000000000000000e+02
6.720000000000000000e+02
7.210000000000000000e+02
7.540000000000000000e+02
7.640000000000000000e+02
7.550000000000000000e+02
8.510000000000000000e+02
7.890000000000000000e+02
8.770000000000000000e+02
8.620000000000000000e+02
8.910000000000000000e+02
8.750000000000000000e+02
9.020000000000000000e+02
9.340000000000000000e+02
9.030000000000000000e+02
9.590000000000000000e+02
8.660000000000000000e+02
8.180000000000000000e+02
8.410000000000000000e+02
7.350000000000000000e+02
6.570000000000000000e+02
6.520000000000000000e+02
6.670000000000000000e+02
6.330000000000000000e+02
6.250000000000000000e+02
6.200000000000000000e+02
6.190000000000000000e+02
6.030000000000000000e+02
6.350000000000000000e+02
5.810000000000000000e+02
5.760000000000000000e+02
5.960000000000000000e+02
5.360000000000000000e+02
5.070000000000000000e+02
5.550000000000000000e+02
5.340000000000000000e+02
5.200000000000000000e+02
5.380000000000000000e+02
4.870000000000000000e+02
4.880000000000000000e+02
4.670000000000000000e+02
4.840000000000000000e+02
4.930000000000000000e+02
5.000000000000000000e+02
4.820000000000000000e+02
4.410000000000000000e+02
4.580000000000000000e+02
4.560000000000000000e+02
4.540000000000000000e+02
4.990000000000000000e+02
4.390000000000000000e+02
4.280000000000000000e+02
4.680000000000000000e+02
4.980000000000000000e+02
4.610000000000000000e+02
4.790000000000000000e+02
4.600000000000000000e+02
4.610000000000000000e+02
5.230000000000000000e+02
5.100000000000000000e+02
5.580000000000000000e+02
5.040000000000000000e+02
5.340000000000000000e+02
4.850000000000000000e+02
5.000000000000000000e+02
5.100000000000000000e+02
5.110000000000000000e+02
5.800000000000000000e+02
5.430000000000000000e+02
5.340000000000000000e+02
5.570000000000000000e+02
5.170000000000000000e+02
5.410000000000000000e+02
5.810000000000000000e+02
5.300000000000000000e+02
5.430000000000000000e+02
5.660000000000000000e+02
5.040000000000000000e+02
5.240000000000000000e+02
5.580000000000000000e+02
5.760000000000000000e+02
5.660000000000000000e+02
5.560000000000000000e+02
6.280000000000000000e+02
6.450000000000000000e+02
6.110000000000000000e+02
6.660000000000000000e+02
6.790000000000000000e+02
7.210000000000000000e+02
7.330000000000000000e+02
7.340000000000000000e+02
8.040000000000000000e+02
8.080000000000000000e+02
8.140000000000000000e+02
9.630000000000000000e+02
9.380000000000000000e+02
9.660000000000000000e+02
1.005000000000000000e+03
1.101000000000000000e+03
1.094000000000000000e+03
1.102000000000000000e+03
1.138000000000000000e+03
1.103000000000000000e+03
1.147000000000000000e+03
1.180000000000000000e+03
1.241000000000000000e+03
1.377000000000000000e+03
1.361000000000000000e+03
1.637000000000000000e+03
1.686000000000000000e+03
1.602000000000000000e+03
1.579000000000000000e+03
1.651000000000000000e+03
1.485000000000000000e+03
1.372000000000000000e+03
1.389000000000000000e+03
1.432000000000000000e+03
1.447000000000000000e+03
1.497000000000000000e+03
1.483000000000000000e+03
1.532000000000000000e+03
1.616000000000000000e+03
1.612000000000000000e+03
1.819000000000000000e+03
1.927000000000000000e+03
2.049000000000000000e+03
1.988000000000000000e+03
1.985000000000000000e+03
2.140000000000000000e+03
2.334000000000000000e+03
2.429000000000000000e+03
2.530000000000000000e+03
2.598000000000000000e+03
2.624000000000000000e+03
2.604000000000000000e+03
2.508000000000000000e+03
2.556000000000000000e+03
2.623000000000000000e+03
2.607000000000000000e+03
2.643000000000000000e+03
2.884000000000000000e+03
2.711000000000000000e+03
2.539000000000000000e+03
2.603000000000000000e+03
2.621000000000000000e+03
2.851000000000000000e+03
2.646000000000000000e+03
2.520000000000000000e+03
2.299000000000000000e+03
1.929000000000000000e+03
2.310000000000000000e+03
2.451000000000000000e+03
1.925000000000000000e+03
2.699000000000000000e+03
1.399000000000000000e+03
1.097000000000000000e+03
1.399000000000000000e+03
6.820000000000000000e+02
3.700000000000000000e+02
2.230000000000000000e+02
7.700000000000000000e+01
3.900000000000000000e+01
3.700000000000000000e+01
1.600000000000000000e+01
8.000000000000000000e+00
1.300000000000000000e+01
8.000000000000000000e+00
1.100000000000000000e+01
6.000000000000000000e+00
9.000000000000000000e+00
7.000000000000000000e+00
4.000000000000000000e+00
7.000000000000000000e+00
1.000000000000000000e+01
7.000000000000000000e+00
1.600000000000000000e+01
1.200000000000000000e+01
1.200000000000000000e+01
8.000000000000000000e+00
1.000000000000000000e+01
1.220000000000000000e+02
3.180000000000000000e+02
1.650000000000000000e+02
2.740000000000000000e+02
3.410000000000000000e+02
4.230000000000000000e+02
5.140000000000000000e+02
5.190000000000000000e+02
5.560000000000000000e+02
5.350000000000000000e+02
5.350000000000000000e+02
6.010000000000000000e+02
6.960000000000000000e+02
6.790000000000000000e+02
6.460000000000000000e+02
6.550000000000000000e+02
6.550000000000000000e+02
6.080000000000000000e+02
6.240000000000000000e+02
5.940000000000000000e+02
5.710000000000000000e+02
5.680000000000000000e+02
5.390000000000000000e+02
6.070000000000000000e+02
5.410000000000000000e+02
5.650000000000000000e+02
5.750000000000000000e+02
5.670000000000000000e+02
5.680000000000000000e+02
5.930000000000000000e+02
6.000000000000000000e+02
5.920000000000000000e+02
5.870000000000000000e+02
5.920000000000000000e+02
6.270000000000000000e+02
6.450000000000000000e+02
6.170000000000000000e+02
5.890000000000000000e+02
6.040000000000000000e+02
6.260000000000000000e+02
6.630000000000000000e+02
6.330000000000000000e+02
6.800000000000000000e+02
6.750000000000000000e+02
6.990000000000000000e+02
7.680000000000000000e+02
7.910000000000000000e+02
8.620000000000000000e+02
8.800000000000000000e+02
9.940000000000000000e+02
1.005000000000000000e+03
1.069000000000000000e+03
1.127000000000000000e+03
1.171000000000000000e+03
1.205000000000000000e+03
1.248000000000000000e+03
1.147000000000000000e+03
1.087000000000000000e+03
1.103000000000000000e+03
1.172000000000000000e+03
1.194000000000000000e+03
1.276000000000000000e+03
1.310000000000000000e+03
1.347000000000000000e+03
1.253000000000000000e+03
1.192000000000000000e+03
1.191000000000000000e+03
1.149000000000000000e+03
1.196000000000000000e+03
1.235000000000000000e+03
1.261000000000000000e+03
1.296000000000000000e+03
1.199000000000000000e+03
1.245000000000000000e+03
1.159000000000000000e+03
1.127000000000000000e+03
1.081000000000000000e+03
1.122000000000000000e+03
1.109000000000000000e+03
1.112000000000000000e+03
1.134000000000000000e+03
1.129000000000000000e+03
1.141000000000000000e+03
1.065000000000000000e+03
1.056000000000000000e+03
9.870000000000000000e+02
9.130000000000000000e+02
8.610000000000000000e+02
8.610000000000000000e+02
8.000000000000000000e+02
7.860000000000000000e+02
7.180000000000000000e+02
7.930000000000000000e+02
7.270000000000000000e+02
7.280000000000000000e+02
6.310000000000000000e+02
6.520000000000000000e+02
6.700000000000000000e+02
6.290000000000000000e+02
6.780000000000000000e+02
6.830000000000000000e+02
6.650000000000000000e+02
7.110000000000000000e+02
6.700000000000000000e+02
7.070000000000000000e+02
6.920000000000000000e+02
6.670000000000000000e+02
6.250000000000000000e+02
5.630000000000000000e+02
5.430000000000000000e+02
5.310000000000000000e+02
5.050000000000000000e+02
4.860000000000000000e+02
4.800000000000000000e+02
4.900000000000000000e+02
4.900000000000000000e+02
5.080000000000000000e+02
4.690000000000000000e+02
5.180000000000000000e+02
4.660000000000000000e+02
4.660000000000000000e+02
5.090000000000000000e+02
4.910000000000000000e+02
4.270000000000000000e+02
4.480000000000000000e+02
4.580000000000000000e+02
4.670000000000000000e+02
4.510000000000000000e+02
4.590000000000000000e+02
4.050000000000000000e+02
4.670000000000000000e+02
4.240000000000000000e+02
4.540000000000000000e+02
4.310000000000000000e+02
4.430000000000000000e+02
4.360000000000000000e+02
4.170000000000000000e+02
4.640000000000000000e+02
4.180000000000000000e+02
4.320000000000000000e+02
4.950000000000000000e+02
5.070000000000000000e+02
4.510000000000000000e+02
5.120000000000000000e+02
4.890000000000000000e+02
5.280000000000000000e+02
4.870000000000000000e+02
4.640000000000000000e+02
4.840000000000000000e+02
4.930000000000000000e+02
4.890000000000000000e+02
4.780000000000000000e+02
5.040000000000000000e+02
5.380000000000000000e+02
5.080000000000000000e+02
5.250000000000000000e+02
5.230000000000000000e+02
5.540000000000000000e+02
5.530000000000000000e+02
5.550000000000000000e+02
5.240000000000000000e+02
5.880000000000000000e+02
5.910000000000000000e+02
6.060000000000000000e+02
6.440000000000000000e+02
6.290000000000000000e+02
6.360000000000000000e+02
6.550000000000000000e+02
6.130000000000000000e+02
6.200000000000000000e+02
7.160000000000000000e+02
6.400000000000000000e+02
6.910000000000000000e+02
7.470000000000000000e+02
6.840000000000000000e+02
8.170000000000000000e+02
7.840000000000000000e+02
9.370000000000000000e+02
9.870000000000000000e+02
1.003000000000000000e+03
1.026000000000000000e+03
1.043000000000000000e+03
1.099000000000000000e+03
1.061000000000000000e+03
1.192000000000000000e+03
1.254000000000000000e+03
1.380000000000000000e+03
1.281000000000000000e+03
1.457000000000000000e+03
1.516000000000000000e+03
1.477000000000000000e+03
1.522000000000000000e+03
1.720000000000000000e+03
1.423000000000000000e+03
1.336000000000000000e+03
1.290000000000000000e+03
1.346000000000000000e+03
1.343000000000000000e+03
1.441000000000000000e+03
1.384000000000000000e+03
1.343000000000000000e+03
1.516000000000000000e+03
1.436000000000000000e+03
1.648000000000000000e+03
1.918000000000000000e+03
1.769000000000000000e+03
1.775000000000000000e+03
1.657000000000000000e+03
1.850000000000000000e+03
1.692000000000000000e+03
1.899000000000000000e+03
2.149000000000000000e+03
2.432000000000000000e+03
2.341000000000000000e+03
2.527000000000000000e+03
2.521000000000000000e+03
2.704000000000000000e+03
2.810000000000000000e+03
2.779000000000000000e+03
2.591000000000000000e+03
2.815000000000000000e+03
2.687000000000000000e+03
2.699000000000000000e+03
2.900000000000000000e+03
3.071000000000000000e+03
3.009000000000000000e+03
3.031000000000000000e+03
3.155000000000000000e+03
3.014000000000000000e+03
2.476000000000000000e+03
2.904000000000000000e+03
2.840000000000000000e+03
2.265000000000000000e+03
2.840000000000000000e+03
1.605000000000000000e+03
1.230000000000000000e+03
1.440000000000000000e+03
7.600000000000000000e+02
4.400000000000000000e+02
2.430000000000000000e+02
9.200000000000000000e+01
5.000000000000000000e+01
2.000000000000000000e+01
1.000000000000000000e+01
8.000000000000000000e+00
8.000000000000000000e+00
5.000000000000000000e+00
6.000000000000000000e+00
5.000000000000000000e+00
4.000000000000000000e+00
7.000000000000000000e+00
2.000000000000000000e+00
5.000000000000000000e+00
2.000000000000000000e+00
5.000000000000000000e+00
5.000000000000000000e+00
6.000000000000000000e+00
2.500000000000000000e+01
2.100000000000000000e+01
5.600000000000000000e+01
6.600000000000000000e+01
1.720000000000000000e+02
2.020000000000000000e+02
2.120000000000000000e+02
3.320000000000000000e+02
3.820000000000000000e+02
4.580000000000000000e+02
4.750000000000000000e+02
5.010000000000000000e+02
4.810000000000000000e+02
4.540000000000000000e+02
4.980000000000000000e+02
5.820000000000000000e+02
6.130000000000000000e+02
5.800000000000000000e+02
6.610000000000000000e+02
6.570000000000000000e+02
6.110000000000000000e+02
6.100000000000000000e+02
6.150000000000000000e+02
5.820000000000000000e+02
5.950000000000000000e+02
5.480000000000000000e+02
5.500000000000000000e+02
5.690000000000000000e+02
4.990000000000000000e+02
5.100000000000000000e+02
4.900000000000000000e+02
5.870000000000000000e+02
5.320000000000000000e+02
5.880000000000000000e+02
6.130000000000000000e+02
6.690000000000000000e+02
6.500000000000000000e+02
6.970000000000000000e+02
7.200000000000000000e+02
7.340000000000000000e+02
7.000000000000000000e+02
7.100000000000000000e+02
7.020000000000000000e+02
6.710000000000000000e+02
7.000000000000000000e+02
6.510000000000000000e+02
6.200000000000000000e+02
6.720000000000000000e+02
6.230000000000000000e+02
6.010000000000000000e+02
6.260000000000000000e+02
6.110000000000000000e+02
6.500000000000000000e+02
6.280000000000000000e+02
6.690000000000000000e+02
6.260000000000000000e+02
6.950000000000000000e+02
7.010000000000000000e+02
7.350000000000000000e+02
7.840000000000000000e+02
7.520000000000000000e+02
6.890000000000000000e+02
7.150000000000000000e+02
7.350000000000000000e+02
8.240000000000000000e+02
8.210000000000000000e+02
8.320000000000000000e+02
8.240000000000000000e+02
7.290000000000000000e+02
7.820000000000000000e+02
6.640000000000000000e+02
7.580000000000000000e+02
8.100000000000000000e+02
7.790000000000000000e+02
7.780000000000000000e+02
7.250000000000000000e+02
7.030000000000000000e+02
5.940000000000000000e+02
6.200000000000000000e+02
5.930000000000000000e+02
6.660000000000000000e+02
6.330000000000000000e+02
6.140000000000000000e+02
5.950000000000000000e+02
5.940000000000000000e+02
6.000000000000000000e+02
5.880000000000000000e+02
5.820000000000000000e+02
5.370000000000000000e+02
6.110000000000000000e+02
5.420000000000000000e+02
6.050000000000000000e+02
5.810000000000000000e+02
5.730000000000000000e+02
5.810000000000000000e+02
6.210000000000000000e+02
5.900000000000000000e+02
6.320000000000000000e+02
6.250000000000000000e+02
6.250000000000000000e+02
6.370000000000000000e+02
7.460000000000000000e+02
7.940000000000000000e+02
7.560000000000000000e+02
7.540000000000000000e+02
7.120000000000000000e+02
7.360000000000000000e+02
7.220000000000000000e+02
7.390000000000000000e+02
7.210000000000000000e+02
7.480000000000000000e+02
7.900000000000000000e+02
7.690000000000000000e+02
7.990000000000000000e+02
8.400000000000000000e+02
8.520000000000000000e+02
8.610000000000000000e+02
8.120000000000000000e+02
8.390000000000000000e+02
9.080000000000000000e+02
9.470000000000000000e+02
9.190000000000000000e+02
9.020000000000000000e+02
9.320000000000000000e+02
9.290000000000000000e+02
8.550000000000000000e+02
8.530000000000000000e+02
9.080000000000000000e+02
8.140000000000000000e+02
8.630000000000000000e+02
8.300000000000000000e+02
8.020000000000000000e+02
7.430000000000000000e+02
7.150000000000000000e+02
7.080000000000000000e+02
7.190000000000000000e+02
6.950000000000000000e+02
7.050000000000000000e+02
6.380000000000000000e+02
6.520000000000000000e+02
6.450000000000000000e+02
7.220000000000000000e+02
6.880000000000000000e+02
7.290000000000000000e+02
7.080000000000000000e+02
7.310000000000000000e+02
7.140000000000000000e+02
7.160000000000000000e+02
7.470000000000000000e+02
7.350000000000000000e+02
7.010000000000000000e+02
6.950000000000000000e+02
6.650000000000000000e+02
5.880000000000000000e+02
5.860000000000000000e+02
5.710000000000000000e+02
5.730000000000000000e+02
6.170000000000000000e+02
6.320000000000000000e+02
6.300000000000000000e+02
6.090000000000000000e+02
6.180000000000000000e+02
5.690000000000000000e+02
6.070000000000000000e+02
5.070000000000000000e+02
5.450000000000000000e+02
5.140000000000000000e+02
5.290000000000000000e+02
5.390000000000000000e+02
5.130000000000000000e+02
5.920000000000000000e+02
6.200000000000000000e+02
6.300000000000000000e+02
6.080000000000000000e+02
6.800000000000000000e+02
6.310000000000000000e+02
6.590000000000000000e+02
6.320000000000000000e+02
6.500000000000000000e+02
6.070000000000000000e+02
6.710000000000000000e+02
6.060000000000000000e+02
6.400000000000000000e+02
6.460000000000000000e+02
6.450000000000000000e+02
6.640000000000000000e+02
6.530000000000000000e+02
7.370000000000000000e+02
7.430000000000000000e+02
7.830000000000000000e+02
7.820000000000000000e+02
8.000000000000000000e+02
8.920000000000000000e+02
9.290000000000000000e+02
1.000000000000000000e+03
1.066000000000000000e+03
1.200000000000000000e+03
1.342000000000000000e+03
1.341000000000000000e+03
1.574000000000000000e+03
1.556000000000000000e+03
1.438000000000000000e+03
1.416000000000000000e+03
1.403000000000000000e+03
1.171000000000000000e+03
1.175000000000000000e+03
1.175000000000000000e+03
1.269000000000000000e+03
1.363000000000000000e+03
1.392000000000000000e+03
1.445000000000000000e+03
1.439000000000000000e+03
1.654000000000000000e+03
1.437000000000000000e+03
1.667000000000000000e+03
1.849000000000000000e+03
1.702000000000000000e+03
1.795000000000000000e+03
1.828000000000000000e+03
1.972000000000000000e+03
1.943000000000000000e+03
2.135000000000000000e+03
2.296000000000000000e+03
2.625000000000000000e+03
2.690000000000000000e+03
2.687000000000000000e+03
2.646000000000000000e+03
2.918000000000000000e+03
3.001000000000000000e+03
3.071000000000000000e+03
3.018000000000000000e+03
3.278000000000000000e+03
3.338000000000000000e+03
3.343000000000000000e+03
3.439000000000000000e+03
3.910000000000000000e+03
3.568000000000000000e+03
3.377000000000000000e+03
3.379000000000000000e+03
2.834000000000000000e+03
3.140000000000000000e+03
3.598000000000000000e+03
2.534000000000000000e+03
2.637000000000000000e+03
1.931000000000000000e+03
9.600000000000000000e+02
6.120000000000000000e+02
2.890000000000000000e+02
1.670000000000000000e+02
9.800000000000000000e+01
6.200000000000000000e+01
2.100000000000000000e+01
1.200000000000000000e+01
1.000000000000000000e+01
8.000000000000000000e+00
1.550000000000000000e+02
