3.000000000000000000e+00
4.000000000000000000e+00
6.000000000000000000e+00
1.500000000000000000e+01
2.800000000000000000e+01
5.200000000000000000e+01
1.150000000000000000e+02
2.780000000000000000e+02
3.920000000000000000e+02
3.330000000000000000e+02
2.780000000000000000e+02
3.270000000000000000e+02
2.880000000000000000e+02
3.090000000000000000e+02
3.020000000000000000e+02
3.520000000000000000e+02
3.370000000000000000e+02
3.410000000000000000e+02
3.200000000000000000e+02
3.540000000000000000e+02
4.440000000000000000e+02
4.250000000000000000e+02
4.470000000000000000e+02
4.990000000000000000e+02
4.960000000000000000e+02
4.510000000000000000e+02
4.840000000000000000e+02
4.720000000000000000e+02
5.000000000000000000e+02
4.480000000000000000e+02
5.040000000000000000e+02
5.670000000000000000e+02
6.030000000000000000e+02
6.360000000000000000e+02
6.690000000000000000e+02
6.970000000000000000e+02
6.690000000000000000e+02
6.700000000000000000e+02
6.650000000000000000e+02
5.910000000000000000e+02
6.560000000000000000e+02
6.180000000000000000e+02
6.920000000000000000e+02
7.040000000000000000e+02
6.990000000000000000e+02
7.100000000000000000e+02
6.730000000000000000e+02
6.270000000000000000e+02
6.020000000000000000e+02
6.180000000000000000e+02
6.330000000000000000e+02
6.070000000000000000e+02
5.970000000000000000e+02
5.630000000000000000e+02
5.180000000000000000e+02
5.290000000000000000e+02
5.550000000000000000e+02
5.480000000000000000e+02
5.470000000000000000e+02
4.980000000000000000e+02
5.090000000000000000e+02
4.940000000000000000e+02
4.750000000000000000e+02
4.380000000000000000e+02
4.610000000000000000e+02
4.260000000000000000e+02
4.340000000000000000e+02
4.570000000000000000e+02
3.850000000000000000e+02
4.530000000000000000e+02
4.270000000000000000e+02
4.060000000000000000e+02
4.320000000000000000e+02
4.010000000000000000e+02
3.880000000000000000e+02
4.020000000000000000e+02
4.220000000000000000e+02
4.090000000000000000e+02
4.830000000000000000e+02
4.740000000000000000e+02
4.520000000000000000e+02
4.190000000000000000e+02
3.980000000000000000e+02
4.110000000000000000e+02
4.190000000000000000e+02
4.420000000000000000e+02
4.570000000000000000e+02
4.730000000000000000e+02
4.550000000000000000e+02
4.760000000000000000e+02
5.140000000000000000e+02
4.960000000000000000e+02
5.010000000000000000e+02
5.470000000000000000e+02
6.020000000000000000e+02
5.970000000000000000e+02
5.960000000000000000e+02
6.210000000000000000e+02
6.550000000000000000e+02
6.590000000000000000e+02
5.820000000000000000e+02
5.990000000000000000e+02
5.400000000000000000e+02
6.110000000000000000e+02
5.780000000000000000e+02
5.840000000000000000e+02
6.080000000000000000e+02
6.090000000000000000e+02
6.030000000000000000e+02
6.220000000000000000e+02
5.670000000000000000e+02
6.200000000000000000e+02
5.540000000000000000e+02
5.320000000000000000e+02
5.730000000000000000e+02
6.230000000000000000e+02
5.420000000000000000e+02
6.380000000000000000e+02
6.250000000000000000e+02
6.920000000000000000e+02
8.330000000000000000e+02
8.720000000000000000e+02
8.600000000000000000e+02
7.810000000000000000e+02
7.850000000000000000e+02
6.970000000000000000e+02
6.640000000000000000e+02
6.230000000000000000e+02
6.560000000000000000e+02
6.120000000000000000e+02
6.350000000000000000e+02
6.240000000000000000e+02
6.720000000000000000e+02
6.370000000000000000e+02
5.750000000000000000e+02
5.250000000000000000e+02
5.370000000000000000e+02
5.030000000000000000e+02
5.250000000000000000e+02
5.200000000000000000e+02
5.470000000000000000e+02
5.330000000000000000e+02
5.620000000000000000e+02
5.530000000000000000e+02
6.050000000000000000e+02
5.450000000000000000e+02
5.970000000000000000e+02
5.280000000000000000e+02
6.080000000000000000e+02
5.930000000000000000e+02
5.650000000000000000e+02
6.310000000000000000e+02
5.900000000000000000e+02
6.600000000000000000e+02
7.340000000000000000e+02
7.970000000000000000e+02
8.090000000000000000e+02
9.230000000000000000e+02
9.730000000000000000e+02
1.002000000000000000e+03
1.077000000000000000e+03
1.119000000000000000e+03
1.054000000000000000e+03
1.056000000000000000e+03
1.099000000000000000e+03
1.109000000000000000e+03
1.145000000000000000e+03
1.187000000000000000e+03
1.248000000000000000e+03
1.168000000000000000e+03
1.307000000000000000e+03
1.298000000000000000e+03
1.390000000000000000e+03
1.499000000000000000e+03
1.397000000000000000e+03
1.383000000000000000e+03
1.535000000000000000e+03
1.541000000000000000e+03
1.641000000000000000e+03
1.671000000000000000e+03
1.675000000000000000e+03
1.591000000000000000e+03
1.537000000000000000e+03
1.500000000000000000e+03
1.302000000000000000e+03
1.194000000000000000e+03
1.105000000000000000e+03
1.113000000000000000e+03
1.163000000000000000e+03
1.234000000000000000e+03
1.365000000000000000e+03
1.564000000000000000e+03
1.849000000000000000e+03
1.922000000000000000e+03
1.792000000000000000e+03
1.707000000000000000e+03
1.668000000000000000e+03
1.680000000000000000e+03
1.656000000000000000e+03
1.747000000000000000e+03
1.806000000000000000e+03
1.987000000000000000e+03
1.740000000000000000e+03
1.460000000000000000e+03
1.249000000000000000e+03
1.272000000000000000e+03
1.378000000000000000e+03
1.360000000000000000e+03
1.388000000000000000e+03
1.571000000000000000e+03
1.671000000000000000e+03
1.631000000000000000e+03
1.729000000000000000e+03
1.793000000000000000e+03
1.723000000000000000e+03
1.841000000000000000e+03
1.691000000000000000e+03
1.639000000000000000e+03
1.499000000000000000e+03
1.264000000000000000e+03
1.142000000000000000e+03
1.100000000000000000e+03
9.400000000000000000e+02
9.710000000000000000e+02
1.139000000000000000e+03
1.338000000000000000e+03
1.274000000000000000e+03
1.307000000000000000e+03
1.343000000000000000e+03
1.398000000000000000e+03
1.192000000000000000e+03
1.219000000000000000e+03
1.393000000000000000e+03
1.265000000000000000e+03
1.074000000000000000e+03
1.064000000000000000e+03
1.070000000000000000e+03
9.600000000000000000e+02
7.660000000000000000e+02
6.690000000000000000e+02
9.430000000000000000e+02
1.404000000000000000e+03
1.708000000000000000e+03
4.184000000000000000e+03
6.611000000000000000e+03
6.405000000000000000e+03
6.645000000000000000e+03
5.671000000000000000e+03
3.641000000000000000e+03
2.932000000000000000e+03
1.886000000000000000e+03
7.380000000000000000e+02
2.700000000000000000e+02
1.830000000000000000e+02
1.490000000000000000e+02
1.102000000000000000e+03
5.520000000000000000e+02
1.320000000000000000e+02
1.460000000000000000e+02
1.700000000000000000e+02
2.030000000000000000e+02
3.410000000000000000e+02
4.260000000000000000e+02
6.420000000000000000e+02
6.630000000000000000e+02
6.290000000000000000e+02
5.600000000000000000e+02
5.670000000000000000e+02
6.460000000000000000e+02
8.430000000000000000e+02
9.520000000000000000e+02
1.088000000000000000e+03
1.064000000000000000e+03
1.169000000000000000e+03
1.075000000000000000e+03
1.100000000000000000e+03
1.076000000000000000e+03
1.002000000000000000e+03
1.003000000000000000e+03
1.019000000000000000e+03
1.096000000000000000e+03
1.056000000000000000e+03
1.230000000000000000e+03
1.344000000000000000e+03
1.334000000000000000e+03
1.457000000000000000e+03
1.537000000000000000e+03
1.617000000000000000e+03
1.636000000000000000e+03
1.646000000000000000e+03
1.558000000000000000e+03
1.545000000000000000e+03
1.456000000000000000e+03
1.410000000000000000e+03
1.360000000000000000e+03
1.352000000000000000e+03
1.343000000000000000e+03
1.355000000000000000e+03
1.466000000000000000e+03
1.548000000000000000e+03
1.700000000000000000e+03
1.829000000000000000e+03
2.005000000000000000e+03
2.272000000000000000e+03
2.437000000000000000e+03
2.594000000000000000e+03
2.491000000000000000e+03
2.314000000000000000e+03
2.381000000000000000e+03
2.250000000000000000e+03
1.891000000000000000e+03
1.641000000000000000e+03
1.563000000000000000e+03
1.399000000000000000e+03
1.410000000000000000e+03
1.322000000000000000e+03
1.161000000000000000e+03
1.063000000000000000e+03
1.048000000000000000e+03
9.490000000000000000e+02
9.550000000000000000e+02
9.290000000000000000e+02
8.650000000000000000e+02
8.800000000000000000e+02
7.900000000000000000e+02
7.550000000000000000e+02
7.620000000000000000e+02
7.750000000000000000e+02
7.170000000000000000e+02
6.650000000000000000e+02
6.540000000000000000e+02
6.700000000000000000e+02
6.820000000000000000e+02
6.150000000000000000e+02
6.420000000000000000e+02
6.690000000000000000e+02
7.090000000000000000e+02
6.970000000000000000e+02
7.110000000000000000e+02
7.140000000000000000e+02
6.650000000000000000e+02
7.430000000000000000e+02
7.870000000000000000e+02
8.060000000000000000e+02
7.930000000000000000e+02
8.680000000000000000e+02
8.860000000000000000e+02
9.720000000000000000e+02
1.018000000000000000e+03
1.057000000000000000e+03
1.130000000000000000e+03
1.142000000000000000e+03
1.017000000000000000e+03
1.039000000000000000e+03
9.860000000000000000e+02
9.080000000000000000e+02
7.550000000000000000e+02
7.680000000000000000e+02
7.040000000000000000e+02
6.190000000000000000e+02
5.480000000000000000e+02
5.880000000000000000e+02
5.610000000000000000e+02
5.430000000000000000e+02
6.130000000000000000e+02
6.040000000000000000e+02
6.020000000000000000e+02
6.260000000000000000e+02
7.060000000000000000e+02
7.070000000000000000e+02
6.500000000000000000e+02
5.770000000000000000e+02
5.550000000000000000e+02
5.920000000000000000e+02
5.770000000000000000e+02
5.760000000000000000e+02
6.340000000000000000e+02
7.260000000000000000e+02
7.420000000000000000e+02
7.280000000000000000e+02
6.690000000000000000e+02
5.940000000000000000e+02
5.820000000000000000e+02
5.210000000000000000e+02
5.140000000000000000e+02
5.600000000000000000e+02
5.280000000000000000e+02
5.530000000000000000e+02
5.330000000000000000e+02
4.430000000000000000e+02
3.810000000000000000e+02
3.380000000000000000e+02
3.500000000000000000e+02
3.040000000000000000e+02
3.100000000000000000e+02
3.480000000000000000e+02
3.430000000000000000e+02
3.190000000000000000e+02
3.080000000000000000e+02
3.080000000000000000e+02
3.160000000000000000e+02
3.240000000000000000e+02
3.000000000000000000e+02
3.140000000000000000e+02
3.810000000000000000e+02
2.910000000000000000e+02
3.500000000000000000e+02
3.700000000000000000e+02
3.540000000000000000e+02
3.200000000000000000e+02
3.660000000000000000e+02
3.280000000000000000e+02
3.470000000000000000e+02
3.700000000000000000e+02
3.690000000000000000e+02
3.880000000000000000e+02
3.780000000000000000e+02
3.400000000000000000e+02
3.470000000000000000e+02
3.410000000000000000e+02
3.070000000000000000e+02
3.180000000000000000e+02
3.250000000000000000e+02
3.080000000000000000e+02
3.000000000000000000e+02
2.930000000000000000e+02
2.840000000000000000e+02
2.750000000000000000e+02
2.980000000000000000e+02
3.000000000000000000e+02
2.910000000000000000e+02
2.950000000000000000e+02
3.210000000000000000e+02
3.310000000000000000e+02
3.230000000000000000e+02
3.640000000000000000e+02
3.600000000000000000e+02
3.550000000000000000e+02
3.530000000000000000e+02
4.110000000000000000e+02
3.620000000000000000e+02
3.870000000000000000e+02
3.860000000000000000e+02
4.080000000000000000e+02
3.890000000000000000e+02
3.760000000000000000e+02
3.880000000000000000e+02
4.120000000000000000e+02
4.140000000000000000e+02
4.400000000000000000e+02
4.530000000000000000e+02
4.660000000000000000e+02
4.740000000000000000e+02
5.210000000000000000e+02
5.690000000000000000e+02
6.980000000000000000e+02
1.003000000000000000e+03
9.680000000000000000e+02
7.850000000000000000e+02
7.590000000000000000e+02
6.530000000000000000e+02
7.480000000000000000e+02
8.090000000000000000e+02
1.003000000000000000e+03
1.265000000000000000e+03
1.395000000000000000e+03
1.461000000000000000e+03
1.474000000000000000e+03
1.416000000000000000e+03
1.295000000000000000e+03
1.072000000000000000e+03
1.084000000000000000e+03
1.162000000000000000e+03
1.249000000000000000e+03
1.154000000000000000e+03
1.012000000000000000e+03
9.180000000000000000e+02
9.040000000000000000e+02
8.870000000000000000e+02
1.095000000000000000e+03
1.232000000000000000e+03
1.242000000000000000e+03
1.188000000000000000e+03
1.268000000000000000e+03
1.036000000000000000e+03
9.030000000000000000e+02
9.900000000000000000e+02
9.740000000000000000e+02
9.230000000000000000e+02
8.350000000000000000e+02
8.120000000000000000e+02
8.610000000000000000e+02
9.890000000000000000e+02
9.340000000000000000e+02
7.740000000000000000e+02
6.720000000000000000e+02
9.560000000000000000e+02
1.417000000000000000e+03
1.726000000000000000e+03
4.150000000000000000e+03
6.636000000000000000e+03
6.583000000000000000e+03
6.773000000000000000e+03
5.816000000000000000e+03
3.745000000000000000e+03
2.940000000000000000e+03
1.800000000000000000e+03
6.530000000000000000e+02
1.460000000000000000e+02
5.600000000000000000e+01
2.900000000000000000e+01
7.000000000000000000e+00
3.730000000000000000e+02
1.470000000000000000e+02
1.660000000000000000e+02
1.780000000000000000e+02
2.240000000000000000e+02
3.270000000000000000e+02
4.030000000000000000e+02
5.920000000000000000e+02
6.490000000000000000e+02
6.300000000000000000e+02
6.860000000000000000e+02
7.820000000000000000e+02
8.090000000000000000e+02
9.550000000000000000e+02
9.470000000000000000e+02
9.720000000000000000e+02
9.850000000000000000e+02
8.950000000000000000e+02
9.530000000000000000e+02
8.830000000000000000e+02
8.780000000000000000e+02
8.270000000000000000e+02
8.690000000000000000e+02
8.510000000000000000e+02
8.690000000000000000e+02
8.020000000000000000e+02
8.560000000000000000e+02
8.310000000000000000e+02
8.530000000000000000e+02
8.950000000000000000e+02
9.720000000000000000e+02
1.081000000000000000e+03
1.088000000000000000e+03
1.236000000000000000e+03
1.330000000000000000e+03
1.352000000000000000e+03
1.382000000000000000e+03
1.305000000000000000e+03
1.312000000000000000e+03
1.320000000000000000e+03
1.350000000000000000e+03
1.337000000000000000e+03
1.375000000000000000e+03
1.520000000000000000e+03
1.407000000000000000e+03
1.432000000000000000e+03
1.360000000000000000e+03
1.382000000000000000e+03
1.376000000000000000e+03
1.482000000000000000e+03
1.607000000000000000e+03
1.661000000000000000e+03
1.752000000000000000e+03
1.937000000000000000e+03
2.130000000000000000e+03
2.278000000000000000e+03
2.370000000000000000e+03
2.291000000000000000e+03
2.282000000000000000e+03
2.130000000000000000e+03
1.984000000000000000e+03
1.838000000000000000e+03
1.593000000000000000e+03
1.467000000000000000e+03
1.238000000000000000e+03
1.201000000000000000e+03
1.081000000000000000e+03
9.870000000000000000e+02
1.016000000000000000e+03
1.060000000000000000e+03
1.021000000000000000e+03
1.085000000000000000e+03
1.004000000000000000e+03
9.530000000000000000e+02
8.530000000000000000e+02
8.490000000000000000e+02
7.740000000000000000e+02
7.510000000000000000e+02
7.570000000000000000e+02
7.460000000000000000e+02
7.380000000000000000e+02
7.470000000000000000e+02
6.840000000000000000e+02
7.610000000000000000e+02
7.870000000000000000e+02
8.450000000000000000e+02
9.010000000000000000e+02
8.670000000000000000e+02
8.430000000000000000e+02
8.630000000000000000e+02
9.170000000000000000e+02
9.150000000000000000e+02
9.430000000000000000e+02
9.260000000000000000e+02
9.320000000000000000e+02
1.054000000000000000e+03
1.229000000000000000e+03
1.225000000000000000e+03
1.203000000000000000e+03
1.130000000000000000e+03
1.149000000000000000e+03
9.770000000000000000e+02
9.020000000000000000e+02
7.410000000000000000e+02
6.580000000000000000e+02
6.110000000000000000e+02
5.960000000000000000e+02
6.130000000000000000e+02
5.880000000000000000e+02
5.760000000000000000e+02
6.400000000000000000e+02
6.110000000000000000e+02
6.690000000000000000e+02
5.920000000000000000e+02
7.090000000000000000e+02
6.910000000000000000e+02
6.900000000000000000e+02
7.210000000000000000e+02
6.690000000000000000e+02
6.490000000000000000e+02
6.650000000000000000e+02
6.870000000000000000e+02
7.070000000000000000e+02
7.320000000000000000e+02
7.860000000000000000e+02
7.880000000000000000e+02
6.870000000000000000e+02
6.580000000000000000e+02
6.280000000000000000e+02
5.880000000000000000e+02
5.430000000000000000e+02
4.950000000000000000e+02
4.770000000000000000e+02
4.280000000000000000e+02
3.840000000000000000e+02
3.620000000000000000e+02
3.350000000000000000e+02
3.430000000000000000e+02
3.540000000000000000e+02
3.360000000000000000e+02
3.240000000000000000e+02
3.080000000000000000e+02
2.900000000000000000e+02
3.170000000000000000e+02
3.190000000000000000e+02
3.390000000000000000e+02
3.540000000000000000e+02
3.310000000000000000e+02
3.750000000000000000e+02
3.750000000000000000e+02
3.810000000000000000e+02
3.520000000000000000e+02
3.330000000000000000e+02
3.640000000000000000e+02
3.350000000000000000e+02
3.560000000000000000e+02
3.450000000000000000e+02
3.010000000000000000e+02
3.480000000000000000e+02
3.250000000000000000e+02
3.370000000000000000e+02
3.220000000000000000e+02
3.020000000000000000e+02
3.120000000000000000e+02
3.170000000000000000e+02
3.360000000000000000e+02
3.520000000000000000e+02
3.190000000000000000e+02
3.180000000000000000e+02
2.940000000000000000e+02
3.180000000000000000e+02
3.180000000000000000e+02
3.290000000000000000e+02
3.140000000000000000e+02
3.120000000000000000e+02
3.300000000000000000e+02
3.090000000000000000e+02
3.480000000000000000e+02
3.400000000000000000e+02
3.400000000000000000e+02
3.640000000000000000e+02
4.010000000000000000e+02
3.860000000000000000e+02
3.670000000000000000e+02
4.080000000000000000e+02
4.330000000000000000e+02
4.050000000000000000e+02
4.070000000000000000e+02
3.680000000000000000e+02
4.260000000000000000e+02
3.900000000000000000e+02
4.060000000000000000e+02
4.370000000000000000e+02
4.560000000000000000e+02
4.760000000000000000e+02
4.950000000000000000e+02
5.530000000000000000e+02
6.200000000000000000e+02
8.540000000000000000e+02
8.400000000000000000e+02
8.200000000000000000e+02
8.220000000000000000e+02
7.030000000000000000e+02
7.460000000000000000e+02
7.500000000000000000e+02
8.980000000000000000e+02
1.108000000000000000e+03
1.340000000000000000e+03
1.401000000000000000e+03
1.359000000000000000e+03
1.445000000000000000e+03
1.171000000000000000e+03
1.086000000000000000e+03
1.125000000000000000e+03
1.070000000000000000e+03
1.045000000000000000e+03
1.072000000000000000e+03
1.198000000000000000e+03
1.008000000000000000e+03
8.560000000000000000e+02
7.810000000000000000e+02
7.570000000000000000e+02
8.440000000000000000e+02
8.750000000000000000e+02
1.085000000000000000e+03
1.066000000000000000e+03
1.126000000000000000e+03
1.149000000000000000e+03
1.272000000000000000e+03
1.018000000000000000e+03
9.880000000000000000e+02
1.069000000000000000e+03
1.089000000000000000e+03
9.290000000000000000e+02
8.750000000000000000e+02
8.560000000000000000e+02
9.780000000000000000e+02
9.580000000000000000e+02
7.620000000000000000e+02
6.970000000000000000e+02
1.059000000000000000e+03
1.548000000000000000e+03
1.819000000000000000e+03
4.250000000000000000e+03
6.640000000000000000e+03
6.388000000000000000e+03
6.689000000000000000e+03
5.670000000000000000e+03
3.592000000000000000e+03
2.931000000000000000e+03
1.746000000000000000e+03
6.400000000000000000e+02
1.780000000000000000e+02
1.020000000000000000e+02
4.200000000000000000e+01
5.100000000000000000e+01
