8.600000000000000000e+02
5.400000000000000000e+02
5.920000000000000000e+02
6.520000000000000000e+02
7.160000000000000000e+02
7.680000000000000000e+02
1.624000000000000000e+03
1.341000000000000000e+03
2.218000000000000000e+03
1.755000000000000000e+03
2.285000000000000000e+03
2.533000000000000000e+03
3.413000000000000000e+03
3.524000000000000000e+03
4.466000000000000000e+03
4.847000000000000000e+03
6.303000000000000000e+03
6.569000000000000000e+03
1.028800000000000000e+04
6.758000000000000000e+03
5.788000000000000000e+03
5.197000000000000000e+03
5.514000000000000000e+03
4.189000000000000000e+03
3.839000000000000000e+03
3.446000000000000000e+03
3.162000000000000000e+03
2.877000000000000000e+03
2.713000000000000000e+03
2.594000000000000000e+03
2.649000000000000000e+03
2.660000000000000000e+03
2.687000000000000000e+03
2.440000000000000000e+03
2.444000000000000000e+03
2.282000000000000000e+03
2.188000000000000000e+03
2.092000000000000000e+03
1.957000000000000000e+03
1.962000000000000000e+03
1.797000000000000000e+03
1.825000000000000000e+03
1.676000000000000000e+03
1.590000000000000000e+03
1.660000000000000000e+03
1.471000000000000000e+03
1.410000000000000000e+03
1.494000000000000000e+03
1.462000000000000000e+03
1.386000000000000000e+03
1.382000000000000000e+03
1.259000000000000000e+03
1.301000000000000000e+03
1.373000000000000000e+03
1.367000000000000000e+03
1.296000000000000000e+03
1.286000000000000000e+03
1.307000000000000000e+03
1.266000000000000000e+03
1.301000000000000000e+03
1.184000000000000000e+03
1.164000000000000000e+03
1.128000000000000000e+03
1.074000000000000000e+03
1.157000000000000000e+03
1.101000000000000000e+03
1.069000000000000000e+03
1.072000000000000000e+03
1.081000000000000000e+03
1.009000000000000000e+03
1.089000000000000000e+03
1.020000000000000000e+03
1.018000000000000000e+03
1.000000000000000000e+03
9.940000000000000000e+02
9.720000000000000000e+02
9.250000000000000000e+02
9.030000000000000000e+02
8.960000000000000000e+02
8.730000000000000000e+02
9.240000000000000000e+02
8.750000000000000000e+02
8.830000000000000000e+02
8.240000000000000000e+02
8.090000000000000000e+02
8.440000000000000000e+02
8.270000000000000000e+02
8.390000000000000000e+02
8.530000000000000000e+02
8.280000000000000000e+02
8.200000000000000000e+02
7.580000000000000000e+02
7.800000000000000000e+02
7.480000000000000000e+02
7.260000000000000000e+02
6.840000000000000000e+02
6.730000000000000000e+02
6.850000000000000000e+02
7.080000000000000000e+02
6.650000000000000000e+02
6.400000000000000000e+02
6.720000000000000000e+02
7.020000000000000000e+02
6.400000000000000000e+02
6.560000000000000000e+02
6.080000000000000000e+02
6.000000000000000000e+02
5.580000000000000000e+02
5.930000000000000000e+02
6.010000000000000000e+02
6.050000000000000000e+02
5.600000000000000000e+02
5.550000000000000000e+02
5.220000000000000000e+02
5.330000000000000000e+02
5.470000000000000000e+02
5.470000000000000000e+02
4.830000000000000000e+02
4.910000000000000000e+02
4.680000000000000000e+02
4.940000000000000000e+02
4.630000000000000000e+02
4.840000000000000000e+02
4.450000000000000000e+02
4.310000000000000000e+02
4.160000000000000000e+02
4.150000000000000000e+02
3.760000000000000000e+02
3.950000000000000000e+02
3.980000000000000000e+02
3.520000000000000000e+02
3.850000000000000000e+02
4.050000000000000000e+02
3.890000000000000000e+02
3.780000000000000000e+02
3.790000000000000000e+02
4.040000000000000000e+02
3.800000000000000000e+02
3.510000000000000000e+02
3.550000000000000000e+02
3.940000000000000000e+02
3.750000000000000000e+02
3.380000000000000000e+02
3.190000000000000000e+02
3.360000000000000000e+02
3.230000000000000000e+02
2.850000000000000000e+02
3.000000000000000000e+02
3.110000000000000000e+02
3.190000000000000000e+02
2.920000000000000000e+02
3.230000000000000000e+02
2.580000000000000000e+02
2.930000000000000000e+02
2.850000000000000000e+02
2.800000000000000000e+02
2.720000000000000000e+02
2.920000000000000000e+02
2.560000000000000000e+02
2.630000000000000000e+02
2.570000000000000000e+02
2.620000000000000000e+02
2.580000000000000000e+02
2.580000000000000000e+02
2.580000000000000000e+02
2.510000000000000000e+02
2.640000000000000000e+02
2.490000000000000000e+02
2.450000000000000000e+02
2.490000000000000000e+02
2.640000000000000000e+02
2.430000000000000000e+02
2.860000000000000000e+02
2.530000000000000000e+02
2.390000000000000000e+02
2.730000000000000000e+02
2.530000000000000000e+02
2.400000000000000000e+02
2.360000000000000000e+02
2.510000000000000000e+02
2.850000000000000000e+02
2.660000000000000000e+02
2.480000000000000000e+02
2.650000000000000000e+02
2.660000000000000000e+02
2.870000000000000000e+02
2.940000000000000000e+02
2.990000000000000000e+02
3.100000000000000000e+02
3.370000000000000000e+02
3.330000000000000000e+02
3.310000000000000000e+02
3.040000000000000000e+02
3.310000000000000000e+02
3.080000000000000000e+02
3.120000000000000000e+02
3.080000000000000000e+02
3.370000000000000000e+02
3.220000000000000000e+02
2.590000000000000000e+02
2.990000000000000000e+02
2.500000000000000000e+02
2.610000000000000000e+02
2.560000000000000000e+02
2.460000000000000000e+02
2.200000000000000000e+02
2.360000000000000000e+02
2.390000000000000000e+02
1.860000000000000000e+02
2.030000000000000000e+02
1.690000000000000000e+02
1.620000000000000000e+02
1.820000000000000000e+02
1.560000000000000000e+02
1.430000000000000000e+02
1.240000000000000000e+02
1.450000000000000000e+02
1.220000000000000000e+02
1.720000000000000000e+02
1.610000000000000000e+02
1.420000000000000000e+02
1.370000000000000000e+02
1.300000000000000000e+02
1.440000000000000000e+02
1.480000000000000000e+02
1.140000000000000000e+02
1.250000000000000000e+02
1.430000000000000000e+02
1.160000000000000000e+02
1.440000000000000000e+02
1.510000000000000000e+02
1.510000000000000000e+02
1.410000000000000000e+02
1.620000000000000000e+02
1.500000000000000000e+02
1.460000000000000000e+02
1.960000000000000000e+02
1.850000000000000000e+02
2.090000000000000000e+02
2.050000000000000000e+02
2.280000000000000000e+02
2.260000000000000000e+02
2.550000000000000000e+02
2.600000000000000000e+02
2.910000000000000000e+02
2.860000000000000000e+02
3.570000000000000000e+02
3.770000000000000000e+02
4.080000000000000000e+02
4.320000000000000000e+02
4.810000000000000000e+02
5.180000000000000000e+02
5.230000000000000000e+02
4.560000000000000000e+02
4.080000000000000000e+02
5.190000000000000000e+02
9.550000000000000000e+02
5.200000000000000000e+02
6.000000000000000000e+02
5.560000000000000000e+02
5.700000000000000000e+02
1.291000000000000000e+03
9.400000000000000000e+02
1.752000000000000000e+03
1.379000000000000000e+03
1.519000000000000000e+03
1.634000000000000000e+03
2.316000000000000000e+03
2.304000000000000000e+03
2.742000000000000000e+03
3.557000000000000000e+03
3.850000000000000000e+03
5.208000000000000000e+03
5.712000000000000000e+03
9.519000000000000000e+03
6.242000000000000000e+03
5.776000000000000000e+03
5.541000000000000000e+03
5.821000000000000000e+03
4.841000000000000000e+03
4.388000000000000000e+03
4.212000000000000000e+03
3.717000000000000000e+03
3.443000000000000000e+03
3.265000000000000000e+03
3.179000000000000000e+03
3.056000000000000000e+03
3.116000000000000000e+03
2.928000000000000000e+03
2.715000000000000000e+03
2.610000000000000000e+03
2.505000000000000000e+03
2.302000000000000000e+03
2.188000000000000000e+03
2.166000000000000000e+03
1.903000000000000000e+03
1.999000000000000000e+03
1.789000000000000000e+03
1.781000000000000000e+03
1.736000000000000000e+03
1.663000000000000000e+03
1.504000000000000000e+03
1.587000000000000000e+03
1.517000000000000000e+03
1.539000000000000000e+03
1.420000000000000000e+03
1.473000000000000000e+03
1.419000000000000000e+03
1.386000000000000000e+03
1.412000000000000000e+03
1.323000000000000000e+03
1.403000000000000000e+03
1.322000000000000000e+03
1.314000000000000000e+03
1.333000000000000000e+03
1.239000000000000000e+03
1.205000000000000000e+03
1.152000000000000000e+03
1.206000000000000000e+03
1.142000000000000000e+03
1.124000000000000000e+03
1.104000000000000000e+03
1.100000000000000000e+03
1.154000000000000000e+03
1.098000000000000000e+03
1.060000000000000000e+03
1.073000000000000000e+03
1.045000000000000000e+03
1.017000000000000000e+03
9.750000000000000000e+02
9.670000000000000000e+02
9.230000000000000000e+02
9.300000000000000000e+02
8.610000000000000000e+02
9.200000000000000000e+02
9.050000000000000000e+02
8.120000000000000000e+02
9.370000000000000000e+02
8.870000000000000000e+02
9.310000000000000000e+02
8.570000000000000000e+02
8.660000000000000000e+02
8.100000000000000000e+02
8.190000000000000000e+02
7.310000000000000000e+02
7.670000000000000000e+02
7.680000000000000000e+02
7.860000000000000000e+02
7.430000000000000000e+02
7.180000000000000000e+02
7.100000000000000000e+02
7.240000000000000000e+02
6.860000000000000000e+02
7.140000000000000000e+02
6.600000000000000000e+02
6.670000000000000000e+02
6.740000000000000000e+02
6.620000000000000000e+02
6.620000000000000000e+02
6.000000000000000000e+02
5.930000000000000000e+02
5.840000000000000000e+02
6.020000000000000000e+02
5.540000000000000000e+02
5.990000000000000000e+02
5.410000000000000000e+02
5.650000000000000000e+02
5.370000000000000000e+02
5.830000000000000000e+02
4.900000000000000000e+02
5.470000000000000000e+02
4.770000000000000000e+02
5.360000000000000000e+02
5.160000000000000000e+02
4.720000000000000000e+02
4.950000000000000000e+02
4.890000000000000000e+02
4.580000000000000000e+02
4.310000000000000000e+02
4.610000000000000000e+02
4.410000000000000000e+02
4.030000000000000000e+02
4.230000000000000000e+02
4.180000000000000000e+02
4.150000000000000000e+02
4.370000000000000000e+02
3.690000000000000000e+02
3.750000000000000000e+02
4.140000000000000000e+02
3.800000000000000000e+02
3.630000000000000000e+02
3.680000000000000000e+02
3.780000000000000000e+02
3.590000000000000000e+02
3.450000000000000000e+02
3.350000000000000000e+02
3.540000000000000000e+02
3.060000000000000000e+02
3.150000000000000000e+02
3.030000000000000000e+02
2.820000000000000000e+02
3.220000000000000000e+02
3.160000000000000000e+02
3.050000000000000000e+02
3.110000000000000000e+02
2.810000000000000000e+02
3.050000000000000000e+02
2.800000000000000000e+02
3.010000000000000000e+02
2.800000000000000000e+02
2.840000000000000000e+02
2.590000000000000000e+02
3.110000000000000000e+02
2.500000000000000000e+02
2.740000000000000000e+02
2.490000000000000000e+02
2.580000000000000000e+02
2.450000000000000000e+02
2.950000000000000000e+02
2.590000000000000000e+02
2.580000000000000000e+02
2.820000000000000000e+02
2.570000000000000000e+02
2.680000000000000000e+02
2.690000000000000000e+02
2.890000000000000000e+02
2.610000000000000000e+02
2.700000000000000000e+02
2.750000000000000000e+02
2.270000000000000000e+02
2.180000000000000000e+02
2.600000000000000000e+02
2.150000000000000000e+02
2.420000000000000000e+02
2.460000000000000000e+02
2.170000000000000000e+02
2.140000000000000000e+02
2.280000000000000000e+02
2.170000000000000000e+02
2.230000000000000000e+02
2.260000000000000000e+02
2.300000000000000000e+02
2.270000000000000000e+02
2.200000000000000000e+02
2.270000000000000000e+02
2.310000000000000000e+02
2.310000000000000000e+02
2.730000000000000000e+02
2.040000000000000000e+02
2.460000000000000000e+02
2.430000000000000000e+02
2.470000000000000000e+02
2.720000000000000000e+02
3.030000000000000000e+02
2.460000000000000000e+02
2.770000000000000000e+02
2.790000000000000000e+02
2.820000000000000000e+02
3.230000000000000000e+02
3.130000000000000000e+02
3.540000000000000000e+02
3.650000000000000000e+02
3.610000000000000000e+02
3.470000000000000000e+02
3.370000000000000000e+02
2.820000000000000000e+02
2.710000000000000000e+02
2.680000000000000000e+02
2.720000000000000000e+02
2.720000000000000000e+02
2.680000000000000000e+02
2.410000000000000000e+02
2.630000000000000000e+02
2.120000000000000000e+02
2.260000000000000000e+02
1.730000000000000000e+02
1.690000000000000000e+02
1.820000000000000000e+02
1.700000000000000000e+02
1.780000000000000000e+02
1.630000000000000000e+02
1.470000000000000000e+02
1.660000000000000000e+02
1.410000000000000000e+02
1.470000000000000000e+02
1.730000000000000000e+02
1.720000000000000000e+02
1.610000000000000000e+02
1.710000000000000000e+02
1.670000000000000000e+02
1.660000000000000000e+02
1.490000000000000000e+02
1.780000000000000000e+02
2.030000000000000000e+02
2.340000000000000000e+02
1.920000000000000000e+02
2.210000000000000000e+02
2.280000000000000000e+02
2.390000000000000000e+02
2.780000000000000000e+02
3.020000000000000000e+02
2.880000000000000000e+02
3.460000000000000000e+02
4.010000000000000000e+02
4.530000000000000000e+02
4.950000000000000000e+02
5.220000000000000000e+02
5.100000000000000000e+02
5.400000000000000000e+02
4.700000000000000000e+02
3.860000000000000000e+02
4.970000000000000000e+02
2.222000000000000000e+03
6.560000000000000000e+02
7.730000000000000000e+02
7.240000000000000000e+02
7.950000000000000000e+02
8.290000000000000000e+02
9.260000000000000000e+02
1.002000000000000000e+03
1.141000000000000000e+03
1.370000000000000000e+03
2.241000000000000000e+03
2.002000000000000000e+03
3.218000000000000000e+03
2.874000000000000000e+03
3.731000000000000000e+03
3.903000000000000000e+03
5.909000000000000000e+03
5.279000000000000000e+03
9.968000000000000000e+03
5.934000000000000000e+03
6.521000000000000000e+03
5.577000000000000000e+03
6.107000000000000000e+03
4.838000000000000000e+03
4.853000000000000000e+03
4.245000000000000000e+03
4.065000000000000000e+03
3.509000000000000000e+03
3.343000000000000000e+03
2.955000000000000000e+03
2.727000000000000000e+03
2.670000000000000000e+03
2.538000000000000000e+03
2.447000000000000000e+03
2.539000000000000000e+03
2.488000000000000000e+03
2.465000000000000000e+03
2.379000000000000000e+03
2.239000000000000000e+03
2.193000000000000000e+03
2.115000000000000000e+03
2.050000000000000000e+03
1.993000000000000000e+03
1.906000000000000000e+03
1.771000000000000000e+03
1.751000000000000000e+03
1.742000000000000000e+03
1.621000000000000000e+03
1.608000000000000000e+03
1.531000000000000000e+03
1.414000000000000000e+03
1.437000000000000000e+03
1.445000000000000000e+03
1.424000000000000000e+03
1.357000000000000000e+03
1.377000000000000000e+03
1.356000000000000000e+03
1.343000000000000000e+03
1.385000000000000000e+03
1.283000000000000000e+03
1.278000000000000000e+03
1.264000000000000000e+03
1.279000000000000000e+03
1.173000000000000000e+03
1.192000000000000000e+03
1.168000000000000000e+03
1.171000000000000000e+03
1.154000000000000000e+03
1.118000000000000000e+03
1.085000000000000000e+03
1.056000000000000000e+03
1.052000000000000000e+03
1.056000000000000000e+03
9.750000000000000000e+02
9.810000000000000000e+02
9.740000000000000000e+02
8.740000000000000000e+02
8.890000000000000000e+02
8.510000000000000000e+02
8.610000000000000000e+02
8.230000000000000000e+02
8.560000000000000000e+02
8.110000000000000000e+02
7.770000000000000000e+02
7.680000000000000000e+02
7.170000000000000000e+02
7.910000000000000000e+02
7.390000000000000000e+02
7.390000000000000000e+02
7.590000000000000000e+02
7.520000000000000000e+02
6.800000000000000000e+02
7.280000000000000000e+02
6.640000000000000000e+02
6.680000000000000000e+02
6.820000000000000000e+02
6.130000000000000000e+02
6.570000000000000000e+02
6.300000000000000000e+02
5.820000000000000000e+02
6.270000000000000000e+02
5.160000000000000000e+02
5.540000000000000000e+02
5.380000000000000000e+02
5.340000000000000000e+02
4.920000000000000000e+02
5.280000000000000000e+02
4.980000000000000000e+02
5.200000000000000000e+02
5.070000000000000000e+02
5.030000000000000000e+02
4.880000000000000000e+02
4.430000000000000000e+02
4.280000000000000000e+02
4.730000000000000000e+02
4.760000000000000000e+02
4.360000000000000000e+02
4.200000000000000000e+02
4.150000000000000000e+02
4.020000000000000000e+02
3.950000000000000000e+02
3.850000000000000000e+02
3.980000000000000000e+02
3.690000000000000000e+02
3.730000000000000000e+02
3.950000000000000000e+02
3.670000000000000000e+02
3.280000000000000000e+02
3.430000000000000000e+02
3.280000000000000000e+02
3.380000000000000000e+02
3.320000000000000000e+02
3.180000000000000000e+02
3.290000000000000000e+02
3.390000000000000000e+02
3.110000000000000000e+02
3.170000000000000000e+02
3.050000000000000000e+02
2.700000000000000000e+02
2.980000000000000000e+02
2.570000000000000000e+02
2.580000000000000000e+02
2.670000000000000000e+02
2.510000000000000000e+02
2.220000000000000000e+02
2.680000000000000000e+02
2.640000000000000000e+02
2.590000000000000000e+02
2.350000000000000000e+02
2.430000000000000000e+02
2.710000000000000000e+02
2.390000000000000000e+02
2.340000000000000000e+02
2.460000000000000000e+02
2.240000000000000000e+02
2.340000000000000000e+02
2.170000000000000000e+02
2.150000000000000000e+02
2.360000000000000000e+02
2.250000000000000000e+02
2.250000000000000000e+02
2.310000000000000000e+02
2.240000000000000000e+02
2.040000000000000000e+02
2.200000000000000000e+02
2.450000000000000000e+02
2.000000000000000000e+02
2.000000000000000000e+02
2.200000000000000000e+02
2.160000000000000000e+02
2.120000000000000000e+02
2.220000000000000000e+02
2.070000000000000000e+02
2.310000000000000000e+02
2.120000000000000000e+02
2.050000000000000000e+02
2.210000000000000000e+02
2.180000000000000000e+02
1.920000000000000000e+02
1.910000000000000000e+02
1.930000000000000000e+02
2.060000000000000000e+02
1.840000000000000000e+02
1.900000000000000000e+02
1.890000000000000000e+02
1.730000000000000000e+02
1.780000000000000000e+02
1.690000000000000000e+02
1.810000000000000000e+02
1.810000000000000000e+02
1.810000000000000000e+02
1.870000000000000000e+02
1.810000000000000000e+02
2.040000000000000000e+02
1.800000000000000000e+02
1.920000000000000000e+02
1.860000000000000000e+02
1.860000000000000000e+02
1.870000000000000000e+02
2.030000000000000000e+02
1.990000000000000000e+02
2.020000000000000000e+02
1.950000000000000000e+02
2.100000000000000000e+02
2.180000000000000000e+02
2.040000000000000000e+02
1.960000000000000000e+02
2.370000000000000000e+02
2.130000000000000000e+02
2.410000000000000000e+02
2.320000000000000000e+02
2.470000000000000000e+02
2.460000000000000000e+02
2.640000000000000000e+02
2.600000000000000000e+02
2.990000000000000000e+02
2.610000000000000000e+02
2.880000000000000000e+02
3.270000000000000000e+02
3.020000000000000000e+02
3.720000000000000000e+02
3.720000000000000000e+02
3.440000000000000000e+02
3.080000000000000000e+02
2.880000000000000000e+02
3.070000000000000000e+02
2.440000000000000000e+02
2.210000000000000000e+02
2.100000000000000000e+02
2.570000000000000000e+02
2.180000000000000000e+02
2.560000000000000000e+02
2.200000000000000000e+02
2.180000000000000000e+02
2.120000000000000000e+02
1.950000000000000000e+02
2.240000000000000000e+02
2.250000000000000000e+02
2.090000000000000000e+02
2.400000000000000000e+02
2.390000000000000000e+02
2.550000000000000000e+02
2.840000000000000000e+02
2.990000000000000000e+02
3.160000000000000000e+02
3.240000000000000000e+02
3.590000000000000000e+02
3.970000000000000000e+02
4.340000000000000000e+02
4.460000000000000000e+02
4.750000000000000000e+02
5.100000000000000000e+02
5.120000000000000000e+02
4.890000000000000000e+02
4.080000000000000000e+02
7.530000000000000000e+02
