5.410000000000000000e+02
5.400000000000000000e+02
7.490000000000000000e+02
8.360000000000000000e+02
8.500000000000000000e+02
8.260000000000000000e+02
7.550000000000000000e+02
7.440000000000000000e+02
7.130000000000000000e+02
7.960000000000000000e+02
7.340000000000000000e+02
7.800000000000000000e+02
7.720000000000000000e+02
7.300000000000000000e+02
6.810000000000000000e+02
6.610000000000000000e+02
6.430000000000000000e+02
6.250000000000000000e+02
6.430000000000000000e+02
6.200000000000000000e+02
6.270000000000000000e+02
6.190000000000000000e+02
6.000000000000000000e+02
6.310000000000000000e+02
5.930000000000000000e+02
6.550000000000000000e+02
6.720000000000000000e+02
6.390000000000000000e+02
7.000000000000000000e+02
6.880000000000000000e+02
7.140000000000000000e+02
7.380000000000000000e+02
7.770000000000000000e+02
8.230000000000000000e+02
8.030000000000000000e+02
7.980000000000000000e+02
7.650000000000000000e+02
8.070000000000000000e+02
8.220000000000000000e+02
8.010000000000000000e+02
8.010000000000000000e+02
8.310000000000000000e+02
8.470000000000000000e+02
8.640000000000000000e+02
8.980000000000000000e+02
8.820000000000000000e+02
8.740000000000000000e+02
8.340000000000000000e+02
8.830000000000000000e+02
9.760000000000000000e+02
9.390000000000000000e+02
1.002000000000000000e+03
9.760000000000000000e+02
9.840000000000000000e+02
9.630000000000000000e+02
9.750000000000000000e+02
9.270000000000000000e+02
9.380000000000000000e+02
9.610000000000000000e+02
9.660000000000000000e+02
9.920000000000000000e+02
9.710000000000000000e+02
9.520000000000000000e+02
9.250000000000000000e+02
1.002000000000000000e+03
9.370000000000000000e+02
9.440000000000000000e+02
9.200000000000000000e+02
9.230000000000000000e+02
8.520000000000000000e+02
8.840000000000000000e+02
8.820000000000000000e+02
9.090000000000000000e+02
8.690000000000000000e+02
8.750000000000000000e+02
8.170000000000000000e+02
8.830000000000000000e+02
8.360000000000000000e+02
9.020000000000000000e+02
9.200000000000000000e+02
8.850000000000000000e+02
8.700000000000000000e+02
9.290000000000000000e+02
8.790000000000000000e+02
8.770000000000000000e+02
9.750000000000000000e+02
9.700000000000000000e+02
1.011000000000000000e+03
1.090000000000000000e+03
1.094000000000000000e+03
1.108000000000000000e+03
1.155000000000000000e+03
1.192000000000000000e+03
1.205000000000000000e+03
1.192000000000000000e+03
1.218000000000000000e+03
1.234000000000000000e+03
1.165000000000000000e+03
1.252000000000000000e+03
1.287000000000000000e+03
1.230000000000000000e+03
1.216000000000000000e+03
1.251000000000000000e+03
1.241000000000000000e+03
1.262000000000000000e+03
1.285000000000000000e+03
1.162000000000000000e+03
1.246000000000000000e+03
1.261000000000000000e+03
1.255000000000000000e+03
1.328000000000000000e+03
1.184000000000000000e+03
1.265000000000000000e+03
1.300000000000000000e+03
1.275000000000000000e+03
1.282000000000000000e+03
1.293000000000000000e+03
1.333000000000000000e+03
1.303000000000000000e+03
1.331000000000000000e+03
1.407000000000000000e+03
1.305000000000000000e+03
1.359000000000000000e+03
1.380000000000000000e+03
1.401000000000000000e+03
1.456000000000000000e+03
1.501000000000000000e+03
1.548000000000000000e+03
1.498000000000000000e+03
1.496000000000000000e+03
1.591000000000000000e+03
1.622000000000000000e+03
1.593000000000000000e+03
1.786000000000000000e+03
1.736000000000000000e+03
1.784000000000000000e+03
1.833000000000000000e+03
1.807000000000000000e+03
1.867000000000000000e+03
1.855000000000000000e+03
1.946000000000000000e+03
1.941000000000000000e+03
2.011000000000000000e+03
2.041000000000000000e+03
2.035000000000000000e+03
1.954000000000000000e+03
1.975000000000000000e+03
1.961000000000000000e+03
1.874000000000000000e+03
1.896000000000000000e+03
1.883000000000000000e+03
1.845000000000000000e+03
1.725000000000000000e+03
1.749000000000000000e+03
1.635000000000000000e+03
1.571000000000000000e+03
1.576000000000000000e+03
1.410000000000000000e+03
1.379000000000000000e+03
1.353000000000000000e+03
1.317000000000000000e+03
1.224000000000000000e+03
1.234000000000000000e+03
1.156000000000000000e+03
1.109000000000000000e+03
1.046000000000000000e+03
1.023000000000000000e+03
1.011000000000000000e+03
9.610000000000000000e+02
8.780000000000000000e+02
8.610000000000000000e+02
8.560000000000000000e+02
7.340000000000000000e+02
8.030000000000000000e+02
7.740000000000000000e+02
7.220000000000000000e+02
7.280000000000000000e+02
7.300000000000000000e+02
7.530000000000000000e+02
6.420000000000000000e+02
6.790000000000000000e+02
6.300000000000000000e+02
6.320000000000000000e+02
6.860000000000000000e+02
8.650000000000000000e+02
9.370000000000000000e+02
8.710000000000000000e+02
8.140000000000000000e+02
8.990000000000000000e+02
9.480000000000000000e+02
9.480000000000000000e+02
1.173000000000000000e+03
1.246000000000000000e+03
1.195000000000000000e+03
1.247000000000000000e+03
1.118000000000000000e+03
1.191000000000000000e+03
1.114000000000000000e+03
1.101000000000000000e+03
1.056000000000000000e+03
9.710000000000000000e+02
9.710000000000000000e+02
1.014000000000000000e+03
9.880000000000000000e+02
9.980000000000000000e+02
9.440000000000000000e+02
9.490000000000000000e+02
9.180000000000000000e+02
8.540000000000000000e+02
8.730000000000000000e+02
9.320000000000000000e+02
8.180000000000000000e+02
8.610000000000000000e+02
8.090000000000000000e+02
7.910000000000000000e+02
7.670000000000000000e+02
6.870000000000000000e+02
6.280000000000000000e+02
5.720000000000000000e+02
5.340000000000000000e+02
4.940000000000000000e+02
4.080000000000000000e+02
3.520000000000000000e+02
3.350000000000000000e+02
3.410000000000000000e+02
2.830000000000000000e+02
2.740000000000000000e+02
2.390000000000000000e+02
2.170000000000000000e+02
2.320000000000000000e+02
2.200000000000000000e+02
1.790000000000000000e+02
1.950000000000000000e+02
1.960000000000000000e+02
1.380000000000000000e+02
1.610000000000000000e+02
1.180000000000000000e+02
1.350000000000000000e+02
1.370000000000000000e+02
1.100000000000000000e+02
1.040000000000000000e+02
8.100000000000000000e+01
6.400000000000000000e+01
6.400000000000000000e+01
6.100000000000000000e+01
7.900000000000000000e+01
4.900000000000000000e+01
6.600000000000000000e+01
6.600000000000000000e+01
5.000000000000000000e+01
4.100000000000000000e+01
4.800000000000000000e+01
4.600000000000000000e+01
4.200000000000000000e+01
3.100000000000000000e+01
5.000000000000000000e+01
5.220000000000000000e+02
6.060000000000000000e+02
7.750000000000000000e+02
8.570000000000000000e+02
7.700000000000000000e+02
7.360000000000000000e+02
7.200000000000000000e+02
6.470000000000000000e+02
6.470000000000000000e+02
7.200000000000000000e+02
7.280000000000000000e+02
7.100000000000000000e+02
7.210000000000000000e+02
7.180000000000000000e+02
7.020000000000000000e+02
7.190000000000000000e+02
6.220000000000000000e+02
6.220000000000000000e+02
6.020000000000000000e+02
6.220000000000000000e+02
6.210000000000000000e+02
5.840000000000000000e+02
6.080000000000000000e+02
6.070000000000000000e+02
5.860000000000000000e+02
6.340000000000000000e+02
5.780000000000000000e+02
6.030000000000000000e+02
6.390000000000000000e+02
6.780000000000000000e+02
7.020000000000000000e+02
7.130000000000000000e+02
7.510000000000000000e+02
7.850000000000000000e+02
8.140000000000000000e+02
8.050000000000000000e+02
8.540000000000000000e+02
8.260000000000000000e+02
7.890000000000000000e+02
8.680000000000000000e+02
7.680000000000000000e+02
8.360000000000000000e+02
7.980000000000000000e+02
8.190000000000000000e+02
8.050000000000000000e+02
7.890000000000000000e+02
7.810000000000000000e+02
8.170000000000000000e+02
7.730000000000000000e+02
7.940000000000000000e+02
8.290000000000000000e+02
7.880000000000000000e+02
8.410000000000000000e+02
8.450000000000000000e+02
8.270000000000000000e+02
8.240000000000000000e+02
7.940000000000000000e+02
8.310000000000000000e+02
8.150000000000000000e+02
7.950000000000000000e+02
8.050000000000000000e+02
8.300000000000000000e+02
8.620000000000000000e+02
9.230000000000000000e+02
9.100000000000000000e+02
8.590000000000000000e+02
9.110000000000000000e+02
9.410000000000000000e+02
9.520000000000000000e+02
9.520000000000000000e+02
9.330000000000000000e+02
9.480000000000000000e+02
9.590000000000000000e+02
9.380000000000000000e+02
9.580000000000000000e+02
1.014000000000000000e+03
9.840000000000000000e+02
9.800000000000000000e+02
1.053000000000000000e+03
1.023000000000000000e+03
1.001000000000000000e+03
1.054000000000000000e+03
1.070000000000000000e+03
1.095000000000000000e+03
9.800000000000000000e+02
1.047000000000000000e+03
1.046000000000000000e+03
1.051000000000000000e+03
1.096000000000000000e+03
1.112000000000000000e+03
1.054000000000000000e+03
1.100000000000000000e+03
1.004000000000000000e+03
1.089000000000000000e+03
1.181000000000000000e+03
1.137000000000000000e+03
1.168000000000000000e+03
1.107000000000000000e+03
1.056000000000000000e+03
1.142000000000000000e+03
1.134000000000000000e+03
1.177000000000000000e+03
1.171000000000000000e+03
1.132000000000000000e+03
1.071000000000000000e+03
1.132000000000000000e+03
1.204000000000000000e+03
1.188000000000000000e+03
1.196000000000000000e+03
1.180000000000000000e+03
1.256000000000000000e+03
1.237000000000000000e+03
1.219000000000000000e+03
1.276000000000000000e+03
1.333000000000000000e+03
1.296000000000000000e+03
1.236000000000000000e+03
1.259000000000000000e+03
1.241000000000000000e+03
1.200000000000000000e+03
1.181000000000000000e+03
1.237000000000000000e+03
1.239000000000000000e+03
1.303000000000000000e+03
1.326000000000000000e+03
1.391000000000000000e+03
1.416000000000000000e+03
1.389000000000000000e+03
1.567000000000000000e+03
1.582000000000000000e+03
1.630000000000000000e+03
1.645000000000000000e+03
1.723000000000000000e+03
1.783000000000000000e+03
1.783000000000000000e+03
1.862000000000000000e+03
1.862000000000000000e+03
1.874000000000000000e+03
2.044000000000000000e+03
2.061000000000000000e+03
2.142000000000000000e+03
2.174000000000000000e+03
2.239000000000000000e+03
2.222000000000000000e+03
2.279000000000000000e+03
2.204000000000000000e+03
2.147000000000000000e+03
2.112000000000000000e+03
2.129000000000000000e+03
2.080000000000000000e+03
1.905000000000000000e+03
1.912000000000000000e+03
1.767000000000000000e+03
1.755000000000000000e+03
1.626000000000000000e+03
1.564000000000000000e+03
1.460000000000000000e+03
1.458000000000000000e+03
1.382000000000000000e+03
1.309000000000000000e+03
1.312000000000000000e+03
1.270000000000000000e+03
1.201000000000000000e+03
1.174000000000000000e+03
1.124000000000000000e+03
1.148000000000000000e+03
1.056000000000000000e+03
1.041000000000000000e+03
1.022000000000000000e+03
1.000000000000000000e+03
1.031000000000000000e+03
8.930000000000000000e+02
9.120000000000000000e+02
9.450000000000000000e+02
9.140000000000000000e+02
8.510000000000000000e+02
8.770000000000000000e+02
8.150000000000000000e+02
7.570000000000000000e+02
7.310000000000000000e+02
7.370000000000000000e+02
7.540000000000000000e+02
7.370000000000000000e+02
8.110000000000000000e+02
6.490000000000000000e+02
6.630000000000000000e+02
6.740000000000000000e+02
6.160000000000000000e+02
6.220000000000000000e+02
6.110000000000000000e+02
5.600000000000000000e+02
6.230000000000000000e+02
6.550000000000000000e+02
8.470000000000000000e+02
8.570000000000000000e+02
8.660000000000000000e+02
9.330000000000000000e+02
1.020000000000000000e+03
1.188000000000000000e+03
1.182000000000000000e+03
1.202000000000000000e+03
1.108000000000000000e+03
1.141000000000000000e+03
1.260000000000000000e+03
1.177000000000000000e+03
1.116000000000000000e+03
1.020000000000000000e+03
9.330000000000000000e+02
9.590000000000000000e+02
8.970000000000000000e+02
1.009000000000000000e+03
1.056000000000000000e+03
1.002000000000000000e+03
1.039000000000000000e+03
9.610000000000000000e+02
8.880000000000000000e+02
9.260000000000000000e+02
8.290000000000000000e+02
8.820000000000000000e+02
8.590000000000000000e+02
7.550000000000000000e+02
6.800000000000000000e+02
5.780000000000000000e+02
4.820000000000000000e+02
4.280000000000000000e+02
3.610000000000000000e+02
3.060000000000000000e+02
2.290000000000000000e+02
2.050000000000000000e+02
1.710000000000000000e+02
1.550000000000000000e+02
1.160000000000000000e+02
1.050000000000000000e+02
1.000000000000000000e+02
9.300000000000000000e+01
9.700000000000000000e+01
7.800000000000000000e+01
9.000000000000000000e+01
7.500000000000000000e+01
7.300000000000000000e+01
7.700000000000000000e+01
6.300000000000000000e+01
5.700000000000000000e+01
5.300000000000000000e+01
5.500000000000000000e+01
5.400000000000000000e+01
4.600000000000000000e+01
4.100000000000000000e+01
4.700000000000000000e+01
4.500000000000000000e+01
3.100000000000000000e+01
2.900000000000000000e+01
3.600000000000000000e+01
2.100000000000000000e+01
1.400000000000000000e+01
4.000000000000000000e+00
6.300000000000000000e+02
1.720000000000000000e+02
2.200000000000000000e+02
2.180000000000000000e+02
3.240000000000000000e+02
4.430000000000000000e+02
5.690000000000000000e+02
7.170000000000000000e+02
7.830000000000000000e+02
7.390000000000000000e+02
7.820000000000000000e+02
7.850000000000000000e+02
7.610000000000000000e+02
7.410000000000000000e+02
7.950000000000000000e+02
7.620000000000000000e+02
7.300000000000000000e+02
7.200000000000000000e+02
7.730000000000000000e+02
8.300000000000000000e+02
7.890000000000000000e+02
8.200000000000000000e+02
7.410000000000000000e+02
7.510000000000000000e+02
7.870000000000000000e+02
8.110000000000000000e+02
8.500000000000000000e+02
8.650000000000000000e+02
8.030000000000000000e+02
8.420000000000000000e+02
8.830000000000000000e+02
9.300000000000000000e+02
8.760000000000000000e+02
9.010000000000000000e+02
9.680000000000000000e+02
9.440000000000000000e+02
9.610000000000000000e+02
9.220000000000000000e+02
9.100000000000000000e+02
9.220000000000000000e+02
9.330000000000000000e+02
9.630000000000000000e+02
1.006000000000000000e+03
9.670000000000000000e+02
9.110000000000000000e+02
9.280000000000000000e+02
9.540000000000000000e+02
8.700000000000000000e+02
8.970000000000000000e+02
8.480000000000000000e+02
9.020000000000000000e+02
8.510000000000000000e+02
8.190000000000000000e+02
8.090000000000000000e+02
8.240000000000000000e+02
8.720000000000000000e+02
8.670000000000000000e+02
8.250000000000000000e+02
8.750000000000000000e+02
8.350000000000000000e+02
8.330000000000000000e+02
8.510000000000000000e+02
7.650000000000000000e+02
7.500000000000000000e+02
7.960000000000000000e+02
7.720000000000000000e+02
7.330000000000000000e+02
7.440000000000000000e+02
8.150000000000000000e+02
8.120000000000000000e+02
7.990000000000000000e+02
8.590000000000000000e+02
8.060000000000000000e+02
7.920000000000000000e+02
8.380000000000000000e+02
8.050000000000000000e+02
8.760000000000000000e+02
8.940000000000000000e+02
8.660000000000000000e+02
8.660000000000000000e+02
8.450000000000000000e+02
8.540000000000000000e+02
7.980000000000000000e+02
8.430000000000000000e+02
8.470000000000000000e+02
8.660000000000000000e+02
8.720000000000000000e+02
8.350000000000000000e+02
8.570000000000000000e+02
8.080000000000000000e+02
9.020000000000000000e+02
9.000000000000000000e+02
8.770000000000000000e+02
8.810000000000000000e+02
8.970000000000000000e+02
9.070000000000000000e+02
8.520000000000000000e+02
8.340000000000000000e+02
9.030000000000000000e+02
8.840000000000000000e+02
8.790000000000000000e+02
9.270000000000000000e+02
9.180000000000000000e+02
9.090000000000000000e+02
9.350000000000000000e+02
9.410000000000000000e+02
9.780000000000000000e+02
9.940000000000000000e+02
9.790000000000000000e+02
1.122000000000000000e+03
1.056000000000000000e+03
1.002000000000000000e+03
1.091000000000000000e+03
1.131000000000000000e+03
1.108000000000000000e+03
1.111000000000000000e+03
1.056000000000000000e+03
1.117000000000000000e+03
1.113000000000000000e+03
1.106000000000000000e+03
1.156000000000000000e+03
1.153000000000000000e+03
1.232000000000000000e+03
1.170000000000000000e+03
1.128000000000000000e+03
1.187000000000000000e+03
1.172000000000000000e+03
1.211000000000000000e+03
1.229000000000000000e+03
1.182000000000000000e+03
1.259000000000000000e+03
1.263000000000000000e+03
1.374000000000000000e+03
1.361000000000000000e+03
1.438000000000000000e+03
1.575000000000000000e+03
1.465000000000000000e+03
1.573000000000000000e+03
1.700000000000000000e+03
1.682000000000000000e+03
1.739000000000000000e+03
1.808000000000000000e+03
1.724000000000000000e+03
1.782000000000000000e+03
1.889000000000000000e+03
1.895000000000000000e+03
1.865000000000000000e+03
1.938000000000000000e+03
1.915000000000000000e+03
1.939000000000000000e+03
1.947000000000000000e+03
1.910000000000000000e+03
1.880000000000000000e+03
1.776000000000000000e+03
1.791000000000000000e+03
1.809000000000000000e+03
1.760000000000000000e+03
1.741000000000000000e+03
1.770000000000000000e+03
1.683000000000000000e+03
1.639000000000000000e+03
1.642000000000000000e+03
1.619000000000000000e+03
1.552000000000000000e+03
1.490000000000000000e+03
1.502000000000000000e+03
1.468000000000000000e+03
1.568000000000000000e+03
1.367000000000000000e+03
1.265000000000000000e+03
1.334000000000000000e+03
1.299000000000000000e+03
1.245000000000000000e+03
1.196000000000000000e+03
1.184000000000000000e+03
1.173000000000000000e+03
1.203000000000000000e+03
1.137000000000000000e+03
1.022000000000000000e+03
1.052000000000000000e+03
1.056000000000000000e+03
9.490000000000000000e+02
1.047000000000000000e+03
9.510000000000000000e+02
9.230000000000000000e+02
9.020000000000000000e+02
9.180000000000000000e+02
8.470000000000000000e+02
8.870000000000000000e+02
8.720000000000000000e+02
8.110000000000000000e+02
8.350000000000000000e+02
8.020000000000000000e+02
8.130000000000000000e+02
7.680000000000000000e+02
7.400000000000000000e+02
7.290000000000000000e+02
7.300000000000000000e+02
6.820000000000000000e+02
6.460000000000000000e+02
6.340000000000000000e+02
6.170000000000000000e+02
6.320000000000000000e+02
5.930000000000000000e+02
5.700000000000000000e+02
5.570000000000000000e+02
5.950000000000000000e+02
6.240000000000000000e+02
7.230000000000000000e+02
8.460000000000000000e+02
9.240000000000000000e+02
1.090000000000000000e+03
1.105000000000000000e+03
1.178000000000000000e+03
1.209000000000000000e+03
1.122000000000000000e+03
9.870000000000000000e+02
9.980000000000000000e+02
9.790000000000000000e+02
9.220000000000000000e+02
8.380000000000000000e+02
7.410000000000000000e+02
7.640000000000000000e+02
7.630000000000000000e+02
7.600000000000000000e+02
8.170000000000000000e+02
8.130000000000000000e+02
8.420000000000000000e+02
8.380000000000000000e+02
8.380000000000000000e+02
7.990000000000000000e+02
7.440000000000000000e+02
6.710000000000000000e+02
6.600000000000000000e+02
5.800000000000000000e+02
4.900000000000000000e+02
4.330000000000000000e+02
3.440000000000000000e+02
3.170000000000000000e+02
2.800000000000000000e+02
2.260000000000000000e+02
2.070000000000000000e+02
1.590000000000000000e+02
1.110000000000000000e+02
1.240000000000000000e+02
8.700000000000000000e+01
6.400000000000000000e+01
5.000000000000000000e+01
4.300000000000000000e+01
4.200000000000000000e+01
2.900000000000000000e+01
2.400000000000000000e+01
2.500000000000000000e+01
2.200000000000000000e+01
1.800000000000000000e+01
6.300000000000000000e+01
