2.388000000000000000e+03
9.080000000000000000e+02
1.058000000000000000e+03
1.039000000000000000e+03
1.125000000000000000e+03
1.158000000000000000e+03
1.038000000000000000e+03
1.103000000000000000e+03
1.145000000000000000e+03
1.148000000000000000e+03
1.224000000000000000e+03
1.194000000000000000e+03
1.105000000000000000e+03
1.296000000000000000e+03
1.598000000000000000e+03
2.212000000000000000e+03
1.299000000000000000e+03
8.195000000000000000e+03
2.544000000000000000e+03
1.192000000000000000e+03
1.437000000000000000e+03
1.743000000000000000e+03
1.280000000000000000e+03
1.101000000000000000e+03
1.180000000000000000e+03
1.587000000000000000e+03
1.446000000000000000e+03
1.153000000000000000e+03
1.414000000000000000e+03
1.359000000000000000e+03
1.422000000000000000e+03
1.328000000000000000e+03
2.115000000000000000e+03
2.219000000000000000e+03
1.506000000000000000e+03
2.083000000000000000e+03
2.451000000000000000e+03
2.034000000000000000e+03
1.682000000000000000e+03
2.050000000000000000e+03
2.506000000000000000e+03
2.401000000000000000e+03
2.240000000000000000e+03
2.694000000000000000e+03
2.494000000000000000e+03
1.977000000000000000e+03
2.527000000000000000e+03
2.892000000000000000e+03
2.853000000000000000e+03
2.740000000000000000e+03
3.462000000000000000e+03
3.896000000000000000e+03
3.128000000000000000e+03
2.496000000000000000e+03
2.647000000000000000e+03
2.916000000000000000e+03
2.243000000000000000e+03
2.736000000000000000e+03
3.110000000000000000e+03
3.034000000000000000e+03
2.971000000000000000e+03
3.281000000000000000e+03
3.817000000000000000e+03
4.165000000000000000e+03
3.740000000000000000e+03
4.461000000000000000e+03
3.924000000000000000e+03
3.266000000000000000e+03
3.242000000000000000e+03
2.914000000000000000e+03
2.205000000000000000e+03
1.450000000000000000e+03
1.190000000000000000e+03
8.740000000000000000e+02
7.450000000000000000e+02
6.720000000000000000e+02
6.630000000000000000e+02
7.030000000000000000e+02
6.480000000000000000e+02
6.080000000000000000e+02
5.990000000000000000e+02
6.540000000000000000e+02
6.210000000000000000e+02
6.010000000000000000e+02
6.320000000000000000e+02
6.150000000000000000e+02
5.800000000000000000e+02
6.050000000000000000e+02
5.680000000000000000e+02
5.280000000000000000e+02
5.220000000000000000e+02
5.490000000000000000e+02
5.500000000000000000e+02
4.830000000000000000e+02
5.010000000000000000e+02
4.670000000000000000e+02
4.730000000000000000e+02
4.550000000000000000e+02
4.500000000000000000e+02
4.520000000000000000e+02
3.640000000000000000e+02
4.600000000000000000e+02
4.440000000000000000e+02
4.210000000000000000e+02
4.220000000000000000e+02
4.550000000000000000e+02
4.480000000000000000e+02
4.210000000000000000e+02
4.230000000000000000e+02
4.700000000000000000e+02
4.070000000000000000e+02
4.390000000000000000e+02
4.440000000000000000e+02
4.030000000000000000e+02
4.800000000000000000e+02
4.150000000000000000e+02
4.180000000000000000e+02
4.040000000000000000e+02
3.740000000000000000e+02
4.020000000000000000e+02
4.020000000000000000e+02
4.070000000000000000e+02
3.940000000000000000e+02
3.990000000000000000e+02
4.070000000000000000e+02
3.880000000000000000e+02
3.790000000000000000e+02
4.130000000000000000e+02
4.400000000000000000e+02
4.350000000000000000e+02
4.540000000000000000e+02
4.190000000000000000e+02
4.270000000000000000e+02
4.220000000000000000e+02
4.090000000000000000e+02
3.950000000000000000e+02
3.670000000000000000e+02
3.730000000000000000e+02
3.640000000000000000e+02
3.650000000000000000e+02
3.400000000000000000e+02
3.810000000000000000e+02
3.620000000000000000e+02
3.540000000000000000e+02
3.750000000000000000e+02
3.520000000000000000e+02
4.110000000000000000e+02
3.910000000000000000e+02
4.060000000000000000e+02
4.600000000000000000e+02
3.990000000000000000e+02
4.340000000000000000e+02
4.900000000000000000e+02
5.060000000000000000e+02
5.280000000000000000e+02
5.310000000000000000e+02
5.870000000000000000e+02
6.490000000000000000e+02
6.910000000000000000e+02
7.700000000000000000e+02
7.710000000000000000e+02
7.220000000000000000e+02
7.900000000000000000e+02
7.750000000000000000e+02
8.420000000000000000e+02
8.450000000000000000e+02
9.270000000000000000e+02
9.310000000000000000e+02
8.740000000000000000e+02
9.860000000000000000e+02
9.470000000000000000e+02
1.001000000000000000e+03
1.003000000000000000e+03
1.002000000000000000e+03
1.044000000000000000e+03
9.950000000000000000e+02
9.830000000000000000e+02
9.270000000000000000e+02
8.980000000000000000e+02
8.370000000000000000e+02
7.100000000000000000e+02
6.530000000000000000e+02
6.400000000000000000e+02
5.580000000000000000e+02
5.290000000000000000e+02
4.660000000000000000e+02
4.110000000000000000e+02
3.550000000000000000e+02
3.360000000000000000e+02
2.730000000000000000e+02
2.710000000000000000e+02
2.350000000000000000e+02
2.130000000000000000e+02
2.110000000000000000e+02
1.770000000000000000e+02
1.610000000000000000e+02
1.830000000000000000e+02
1.940000000000000000e+02
1.800000000000000000e+02
1.740000000000000000e+02
1.660000000000000000e+02
1.470000000000000000e+02
1.530000000000000000e+02
1.580000000000000000e+02
1.460000000000000000e+02
1.360000000000000000e+02
1.670000000000000000e+02
1.230000000000000000e+02
1.320000000000000000e+02
1.310000000000000000e+02
1.400000000000000000e+02
1.360000000000000000e+02
1.280000000000000000e+02
1.170000000000000000e+02
1.510000000000000000e+02
1.620000000000000000e+02
1.930000000000000000e+02
1.810000000000000000e+02
2.310000000000000000e+02
2.020000000000000000e+02
2.230000000000000000e+02
2.230000000000000000e+02
2.310000000000000000e+02
2.440000000000000000e+02
2.470000000000000000e+02
2.590000000000000000e+02
2.750000000000000000e+02
2.690000000000000000e+02
2.620000000000000000e+02
2.860000000000000000e+02
2.230000000000000000e+02
2.750000000000000000e+02
2.720000000000000000e+02
2.690000000000000000e+02
2.260000000000000000e+02
2.310000000000000000e+02
2.220000000000000000e+02
2.100000000000000000e+02
2.160000000000000000e+02
1.920000000000000000e+02
1.830000000000000000e+02
1.750000000000000000e+02
1.770000000000000000e+02
1.720000000000000000e+02
2.050000000000000000e+02
1.760000000000000000e+02
1.960000000000000000e+02
2.180000000000000000e+02
2.190000000000000000e+02
2.250000000000000000e+02
2.190000000000000000e+02
2.080000000000000000e+02
1.890000000000000000e+02
1.510000000000000000e+02
1.580000000000000000e+02
1.590000000000000000e+02
2.380000000000000000e+02
2.550000000000000000e+02
3.540000000000000000e+02
4.410000000000000000e+02
5.150000000000000000e+02
4.830000000000000000e+02
4.640000000000000000e+02
4.980000000000000000e+02
5.360000000000000000e+02
5.590000000000000000e+02
6.650000000000000000e+02
6.130000000000000000e+02
5.810000000000000000e+02
6.170000000000000000e+02
6.240000000000000000e+02
5.920000000000000000e+02
5.740000000000000000e+02
6.100000000000000000e+02
7.400000000000000000e+02
6.570000000000000000e+02
7.180000000000000000e+02
1.187000000000000000e+03
9.830000000000000000e+02
8.230000000000000000e+02
1.054000000000000000e+03
1.237000000000000000e+03
1.207000000000000000e+03
8.570000000000000000e+02
1.261000000000000000e+03
1.291000000000000000e+03
1.333000000000000000e+03
1.229000000000000000e+03
2.007000000000000000e+03
2.078000000000000000e+03
1.770000000000000000e+03
2.434000000000000000e+03
2.738000000000000000e+03
2.064000000000000000e+03
1.882000000000000000e+03
2.231000000000000000e+03
2.438000000000000000e+03
2.282000000000000000e+03
2.215000000000000000e+03
2.852000000000000000e+03
2.372000000000000000e+03
2.437000000000000000e+03
3.034000000000000000e+03
2.918000000000000000e+03
2.574000000000000000e+03
2.165000000000000000e+03
2.664000000000000000e+03
3.015000000000000000e+03
2.580000000000000000e+03
2.046000000000000000e+03
2.615000000000000000e+03
3.016000000000000000e+03
2.544000000000000000e+03
3.081000000000000000e+03
3.433000000000000000e+03
3.273000000000000000e+03
3.203000000000000000e+03
3.639000000000000000e+03
4.303000000000000000e+03
4.722000000000000000e+03
4.386000000000000000e+03
4.773000000000000000e+03
4.101000000000000000e+03
3.473000000000000000e+03
3.266000000000000000e+03
2.932000000000000000e+03
2.018000000000000000e+03
1.519000000000000000e+03
1.318000000000000000e+03
1.011000000000000000e+03
9.020000000000000000e+02
7.950000000000000000e+02
7.740000000000000000e+02
6.930000000000000000e+02
6.720000000000000000e+02
6.630000000000000000e+02
5.900000000000000000e+02
6.470000000000000000e+02
6.080000000000000000e+02
6.100000000000000000e+02
5.550000000000000000e+02
5.790000000000000000e+02
6.040000000000000000e+02
6.150000000000000000e+02
5.880000000000000000e+02
5.480000000000000000e+02
5.610000000000000000e+02
5.090000000000000000e+02
5.630000000000000000e+02
5.850000000000000000e+02
5.820000000000000000e+02
5.280000000000000000e+02
4.840000000000000000e+02
5.640000000000000000e+02
5.180000000000000000e+02
5.280000000000000000e+02
4.800000000000000000e+02
4.940000000000000000e+02
4.880000000000000000e+02
5.310000000000000000e+02
5.220000000000000000e+02
5.250000000000000000e+02
5.410000000000000000e+02
6.130000000000000000e+02
7.180000000000000000e+02
6.750000000000000000e+02
6.270000000000000000e+02
5.880000000000000000e+02
6.530000000000000000e+02
7.220000000000000000e+02
8.680000000000000000e+02
1.097000000000000000e+03
1.628000000000000000e+03
3.188000000000000000e+03
8.165000000000000000e+03
1.959000000000000000e+03
1.017000000000000000e+03
6.620000000000000000e+02
5.460000000000000000e+02
5.420000000000000000e+02
4.940000000000000000e+02
4.900000000000000000e+02
4.530000000000000000e+02
4.750000000000000000e+02
4.870000000000000000e+02
4.540000000000000000e+02
4.770000000000000000e+02
4.440000000000000000e+02
3.950000000000000000e+02
3.980000000000000000e+02
3.840000000000000000e+02
3.840000000000000000e+02
3.460000000000000000e+02
3.490000000000000000e+02
3.670000000000000000e+02
3.800000000000000000e+02
3.540000000000000000e+02
4.050000000000000000e+02
4.060000000000000000e+02
3.950000000000000000e+02
4.290000000000000000e+02
4.430000000000000000e+02
4.260000000000000000e+02
4.530000000000000000e+02
4.920000000000000000e+02
5.010000000000000000e+02
5.090000000000000000e+02
5.390000000000000000e+02
5.540000000000000000e+02
5.850000000000000000e+02
6.080000000000000000e+02
6.780000000000000000e+02
6.970000000000000000e+02
6.720000000000000000e+02
6.450000000000000000e+02
7.520000000000000000e+02
7.090000000000000000e+02
7.510000000000000000e+02
7.670000000000000000e+02
8.260000000000000000e+02
8.870000000000000000e+02
9.360000000000000000e+02
1.020000000000000000e+03
9.830000000000000000e+02
9.830000000000000000e+02
1.035000000000000000e+03
1.053000000000000000e+03
1.064000000000000000e+03
1.074000000000000000e+03
1.029000000000000000e+03
1.102000000000000000e+03
1.097000000000000000e+03
1.058000000000000000e+03
1.023000000000000000e+03
1.015000000000000000e+03
9.310000000000000000e+02
8.240000000000000000e+02
6.790000000000000000e+02
6.680000000000000000e+02
5.670000000000000000e+02
5.210000000000000000e+02
4.780000000000000000e+02
4.180000000000000000e+02
3.700000000000000000e+02
3.260000000000000000e+02
2.820000000000000000e+02
2.680000000000000000e+02
2.260000000000000000e+02
2.090000000000000000e+02
2.160000000000000000e+02
1.930000000000000000e+02
1.930000000000000000e+02
2.080000000000000000e+02
2.110000000000000000e+02
1.990000000000000000e+02
1.750000000000000000e+02
1.910000000000000000e+02
1.800000000000000000e+02
1.980000000000000000e+02
1.500000000000000000e+02
1.580000000000000000e+02
1.700000000000000000e+02
1.540000000000000000e+02
1.370000000000000000e+02
1.300000000000000000e+02
1.120000000000000000e+02
1.390000000000000000e+02
1.140000000000000000e+02
1.080000000000000000e+02
8.300000000000000000e+01
9.900000000000000000e+01
1.140000000000000000e+02
1.000000000000000000e+02
1.130000000000000000e+02
9.600000000000000000e+01
1.000000000000000000e+02
1.020000000000000000e+02
9.700000000000000000e+01
9.900000000000000000e+01
8.800000000000000000e+01
8.800000000000000000e+01
9.900000000000000000e+01
1.040000000000000000e+02
1.030000000000000000e+02
1.010000000000000000e+02
1.110000000000000000e+02
1.250000000000000000e+02
1.210000000000000000e+02
1.220000000000000000e+02
1.280000000000000000e+02
1.580000000000000000e+02
1.460000000000000000e+02
2.220000000000000000e+02
2.470000000000000000e+02
2.990000000000000000e+02
3.390000000000000000e+02
3.610000000000000000e+02
3.730000000000000000e+02
4.030000000000000000e+02
4.090000000000000000e+02
4.140000000000000000e+02
4.370000000000000000e+02
4.530000000000000000e+02
4.290000000000000000e+02
4.350000000000000000e+02
4.310000000000000000e+02
4.860000000000000000e+02
5.140000000000000000e+02
4.400000000000000000e+02
4.650000000000000000e+02
4.360000000000000000e+02
1.143000000000000000e+03
4.870000000000000000e+02
2.330000000000000000e+02
3.960000000000000000e+02
4.550000000000000000e+02
4.680000000000000000e+02
5.190000000000000000e+02
5.060000000000000000e+02
5.340000000000000000e+02
5.770000000000000000e+02
5.710000000000000000e+02
5.120000000000000000e+02
5.130000000000000000e+02
4.880000000000000000e+02
5.100000000000000000e+02
4.540000000000000000e+02
4.380000000000000000e+02
4.530000000000000000e+02
4.140000000000000000e+02
4.770000000000000000e+02
6.540000000000000000e+02
5.360000000000000000e+02
8.780000000000000000e+02
1.032000000000000000e+03
7.480000000000000000e+02
7.460000000000000000e+02
1.069000000000000000e+03
1.157000000000000000e+03
8.480000000000000000e+02
1.242000000000000000e+03
1.147000000000000000e+03
1.286000000000000000e+03
1.274000000000000000e+03
2.021000000000000000e+03
2.386000000000000000e+03
2.032000000000000000e+03
2.443000000000000000e+03
2.309000000000000000e+03
2.378000000000000000e+03
1.719000000000000000e+03
2.020000000000000000e+03
2.195000000000000000e+03
2.431000000000000000e+03
1.993000000000000000e+03
2.937000000000000000e+03
2.622000000000000000e+03
2.473000000000000000e+03
2.735000000000000000e+03
2.351000000000000000e+03
2.422000000000000000e+03
1.701000000000000000e+03
2.245000000000000000e+03
2.716000000000000000e+03
2.339000000000000000e+03
1.772000000000000000e+03
2.220000000000000000e+03
2.547000000000000000e+03
2.054000000000000000e+03
2.563000000000000000e+03
2.890000000000000000e+03
2.797000000000000000e+03
2.640000000000000000e+03
2.761000000000000000e+03
3.174000000000000000e+03
3.635000000000000000e+03
3.434000000000000000e+03
4.109000000000000000e+03
3.936000000000000000e+03
3.603000000000000000e+03
3.282000000000000000e+03
3.085000000000000000e+03
2.656000000000000000e+03
2.194000000000000000e+03
2.111000000000000000e+03
1.718000000000000000e+03
1.479000000000000000e+03
1.086000000000000000e+03
8.630000000000000000e+02
8.590000000000000000e+02
6.720000000000000000e+02
6.840000000000000000e+02
5.890000000000000000e+02
5.660000000000000000e+02
5.140000000000000000e+02
5.390000000000000000e+02
5.450000000000000000e+02
5.440000000000000000e+02
4.970000000000000000e+02
4.870000000000000000e+02
5.130000000000000000e+02
4.790000000000000000e+02
4.840000000000000000e+02
5.020000000000000000e+02
4.750000000000000000e+02
4.760000000000000000e+02
4.920000000000000000e+02
4.700000000000000000e+02
4.550000000000000000e+02
5.190000000000000000e+02
4.850000000000000000e+02
5.020000000000000000e+02
5.140000000000000000e+02
5.830000000000000000e+02
5.730000000000000000e+02
5.730000000000000000e+02
5.670000000000000000e+02
5.400000000000000000e+02
5.360000000000000000e+02
5.060000000000000000e+02
5.900000000000000000e+02
5.410000000000000000e+02
6.120000000000000000e+02
6.030000000000000000e+02
5.830000000000000000e+02
5.610000000000000000e+02
5.120000000000000000e+02
5.740000000000000000e+02
5.570000000000000000e+02
5.170000000000000000e+02
5.230000000000000000e+02
5.380000000000000000e+02
5.560000000000000000e+02
5.770000000000000000e+02
4.950000000000000000e+02
5.970000000000000000e+02
5.580000000000000000e+02
5.590000000000000000e+02
5.480000000000000000e+02
5.360000000000000000e+02
5.820000000000000000e+02
5.470000000000000000e+02
5.220000000000000000e+02
5.370000000000000000e+02
5.770000000000000000e+02
5.790000000000000000e+02
5.600000000000000000e+02
5.980000000000000000e+02
6.250000000000000000e+02
6.110000000000000000e+02
6.400000000000000000e+02
5.820000000000000000e+02
5.600000000000000000e+02
5.850000000000000000e+02
5.290000000000000000e+02
6.010000000000000000e+02
5.840000000000000000e+02
6.300000000000000000e+02
6.300000000000000000e+02
6.670000000000000000e+02
6.520000000000000000e+02
6.550000000000000000e+02
6.990000000000000000e+02
7.040000000000000000e+02
7.560000000000000000e+02
6.750000000000000000e+02
7.840000000000000000e+02
7.010000000000000000e+02
6.970000000000000000e+02
8.030000000000000000e+02
8.440000000000000000e+02
9.270000000000000000e+02
8.750000000000000000e+02
9.260000000000000000e+02
9.540000000000000000e+02
9.060000000000000000e+02
9.150000000000000000e+02
1.012000000000000000e+03
9.820000000000000000e+02
1.186000000000000000e+03
1.284000000000000000e+03
1.272000000000000000e+03
2.065000000000000000e+03
1.386000000000000000e+03
2.390000000000000000e+03
1.435000000000000000e+03
7.737000000000000000e+03
1.525000000000000000e+03
2.691000000000000000e+03
1.700000000000000000e+03
1.202000000000000000e+03
1.107000000000000000e+03
9.070000000000000000e+02
8.140000000000000000e+02
8.000000000000000000e+02
6.700000000000000000e+02
6.560000000000000000e+02
5.590000000000000000e+02
5.460000000000000000e+02
4.280000000000000000e+02
4.380000000000000000e+02
3.310000000000000000e+02
3.590000000000000000e+02
3.270000000000000000e+02
2.580000000000000000e+02
3.120000000000000000e+02
2.690000000000000000e+02
2.640000000000000000e+02
2.640000000000000000e+02
2.280000000000000000e+02
2.540000000000000000e+02
2.140000000000000000e+02
2.190000000000000000e+02
2.040000000000000000e+02
1.980000000000000000e+02
2.130000000000000000e+02
1.800000000000000000e+02
1.960000000000000000e+02
1.630000000000000000e+02
1.480000000000000000e+02
1.860000000000000000e+02
1.760000000000000000e+02
1.730000000000000000e+02
1.750000000000000000e+02
1.590000000000000000e+02
1.680000000000000000e+02
1.880000000000000000e+02
1.740000000000000000e+02
1.390000000000000000e+02
1.530000000000000000e+02
1.600000000000000000e+02
1.400000000000000000e+02
1.300000000000000000e+02
1.530000000000000000e+02
1.430000000000000000e+02
1.440000000000000000e+02
1.400000000000000000e+02
1.290000000000000000e+02
1.380000000000000000e+02
1.360000000000000000e+02
1.280000000000000000e+02
1.180000000000000000e+02
1.180000000000000000e+02
1.400000000000000000e+02
1.270000000000000000e+02
1.400000000000000000e+02
1.250000000000000000e+02
1.370000000000000000e+02
1.410000000000000000e+02
1.280000000000000000e+02
1.450000000000000000e+02
1.510000000000000000e+02
1.550000000000000000e+02
1.750000000000000000e+02
1.770000000000000000e+02
1.930000000000000000e+02
2.480000000000000000e+02
2.980000000000000000e+02
3.590000000000000000e+02
3.950000000000000000e+02
4.480000000000000000e+02
5.360000000000000000e+02
5.490000000000000000e+02
5.370000000000000000e+02
6.000000000000000000e+02
5.900000000000000000e+02
4.770000000000000000e+02
4.373000000000000000e+03
