0.000000000000000000e+00
0.000000000000000000e+00
0.000000000000000000e+00
0.000000000000000000e+00
0.000000000000000000e+00
2.000000000000000000e+00
8.000000000000000000e+00
1.000000000000000000e+00
1.300000000000000000e+01
2.300000000000000000e+01
4.600000000000000000e+01
7.500000000000000000e+01
1.590000000000000000e+02
2.700000000000000000e+02
4.890000000000000000e+02
1.082000000000000000e+03
3.079000000000000000e+03
1.046700000000000000e+04
2.551000000000000000e+03
1.725000000000000000e+03
1.534000000000000000e+03
1.465000000000000000e+03
1.335000000000000000e+03
1.321000000000000000e+03
1.251000000000000000e+03
1.224000000000000000e+03
1.139000000000000000e+03
1.042000000000000000e+03
1.075000000000000000e+03
1.062000000000000000e+03
1.073000000000000000e+03
1.159000000000000000e+03
1.032000000000000000e+03
1.058000000000000000e+03
1.074000000000000000e+03
1.144000000000000000e+03
1.263000000000000000e+03
1.328000000000000000e+03
1.565000000000000000e+03
1.628000000000000000e+03
1.539000000000000000e+03
1.391000000000000000e+03
1.211000000000000000e+03
1.136000000000000000e+03
1.025000000000000000e+03
8.650000000000000000e+02
7.090000000000000000e+02
6.500000000000000000e+02
5.510000000000000000e+02
4.850000000000000000e+02
4.600000000000000000e+02
4.130000000000000000e+02
4.400000000000000000e+02
4.320000000000000000e+02
4.620000000000000000e+02
4.610000000000000000e+02
4.810000000000000000e+02
4.940000000000000000e+02
5.450000000000000000e+02
5.600000000000000000e+02
6.680000000000000000e+02
8.190000000000000000e+02
1.012000000000000000e+03
1.069000000000000000e+03
1.038000000000000000e+03
1.277000000000000000e+03
1.133000000000000000e+03
1.179000000000000000e+03
1.078000000000000000e+03
1.205000000000000000e+03
1.293000000000000000e+03
1.419000000000000000e+03
1.512000000000000000e+03
1.552000000000000000e+03
1.565000000000000000e+03
1.582000000000000000e+03
1.450000000000000000e+03
1.100000000000000000e+03
9.420000000000000000e+02
9.100000000000000000e+02
8.520000000000000000e+02
7.920000000000000000e+02
7.430000000000000000e+02
7.210000000000000000e+02
6.350000000000000000e+02
6.410000000000000000e+02
6.060000000000000000e+02
6.610000000000000000e+02
5.990000000000000000e+02
6.700000000000000000e+02
5.850000000000000000e+02
5.430000000000000000e+02
5.390000000000000000e+02
5.490000000000000000e+02
5.510000000000000000e+02
5.220000000000000000e+02
5.410000000000000000e+02
4.850000000000000000e+02
4.930000000000000000e+02
5.310000000000000000e+02
5.090000000000000000e+02
5.240000000000000000e+02
5.550000000000000000e+02
6.180000000000000000e+02
5.940000000000000000e+02
6.000000000000000000e+02
6.280000000000000000e+02
6.280000000000000000e+02
6.200000000000000000e+02
6.390000000000000000e+02
5.930000000000000000e+02
6.380000000000000000e+02
7.120000000000000000e+02
7.630000000000000000e+02
7.940000000000000000e+02
7.000000000000000000e+02
7.260000000000000000e+02
6.710000000000000000e+02
6.700000000000000000e+02
6.260000000000000000e+02
7.020000000000000000e+02
6.380000000000000000e+02
6.570000000000000000e+02
7.050000000000000000e+02
6.850000000000000000e+02
6.550000000000000000e+02
5.770000000000000000e+02
4.820000000000000000e+02
4.350000000000000000e+02
4.460000000000000000e+02
5.000000000000000000e+02
5.520000000000000000e+02
6.380000000000000000e+02
6.830000000000000000e+02
6.370000000000000000e+02
6.860000000000000000e+02
5.840000000000000000e+02
6.050000000000000000e+02
5.870000000000000000e+02
6.350000000000000000e+02
6.730000000000000000e+02
6.150000000000000000e+02
6.550000000000000000e+02
6.100000000000000000e+02
6.070000000000000000e+02
5.060000000000000000e+02
4.970000000000000000e+02
4.510000000000000000e+02
4.470000000000000000e+02
4.570000000000000000e+02
5.140000000000000000e+02
4.600000000000000000e+02
4.990000000000000000e+02
5.290000000000000000e+02
5.110000000000000000e+02
5.770000000000000000e+02
5.890000000000000000e+02
6.440000000000000000e+02
6.730000000000000000e+02
6.530000000000000000e+02
6.610000000000000000e+02
5.610000000000000000e+02
6.310000000000000000e+02
5.840000000000000000e+02
5.390000000000000000e+02
5.350000000000000000e+02
4.770000000000000000e+02
4.600000000000000000e+02
4.990000000000000000e+02
4.630000000000000000e+02
5.260000000000000000e+02
5.070000000000000000e+02
5.220000000000000000e+02
5.630000000000000000e+02
5.960000000000000000e+02
5.760000000000000000e+02
5.420000000000000000e+02
6.070000000000000000e+02
6.380000000000000000e+02
5.950000000000000000e+02
5.460000000000000000e+02
5.640000000000000000e+02
5.470000000000000000e+02
5.480000000000000000e+02
5.240000000000000000e+02
5.250000000000000000e+02
5.200000000000000000e+02
4.610000000000000000e+02
4.440000000000000000e+02
4.410000000000000000e+02
4.250000000000000000e+02
4.050000000000000000e+02
3.820000000000000000e+02
4.180000000000000000e+02
4.460000000000000000e+02
4.250000000000000000e+02
3.810000000000000000e+02
3.680000000000000000e+02
3.720000000000000000e+02
3.920000000000000000e+02
3.930000000000000000e+02
3.910000000000000000e+02
4.250000000000000000e+02
4.340000000000000000e+02
4.800000000000000000e+02
4.610000000000000000e+02
4.570000000000000000e+02
4.760000000000000000e+02
5.750000000000000000e+02
5.360000000000000000e+02
6.440000000000000000e+02
6.190000000000000000e+02
6.430000000000000000e+02
5.760000000000000000e+02
5.370000000000000000e+02
5.140000000000000000e+02
4.860000000000000000e+02
5.010000000000000000e+02
4.750000000000000000e+02
5.080000000000000000e+02
5.250000000000000000e+02
5.590000000000000000e+02
5.420000000000000000e+02
4.820000000000000000e+02
4.940000000000000000e+02
5.800000000000000000e+02
6.070000000000000000e+02
5.470000000000000000e+02
5.030000000000000000e+02
4.070000000000000000e+02
3.860000000000000000e+02
3.590000000000000000e+02
3.430000000000000000e+02
3.620000000000000000e+02
3.620000000000000000e+02
3.040000000000000000e+02
2.620000000000000000e+02
2.540000000000000000e+02
2.390000000000000000e+02
2.330000000000000000e+02
2.690000000000000000e+02
2.390000000000000000e+02
2.730000000000000000e+02
3.010000000000000000e+02
2.940000000000000000e+02
3.660000000000000000e+02
3.910000000000000000e+02
4.220000000000000000e+02
5.020000000000000000e+02
5.760000000000000000e+02
7.070000000000000000e+02
9.150000000000000000e+02
1.262000000000000000e+03
2.072000000000000000e+03
8.324000000000000000e+03
5.319200000000000000e+04
0.000000000000000000e+00
0.000000000000000000e+00
0.000000000000000000e+00
0.000000000000000000e+00
0.000000000000000000e+00
0.000000000000000000e+00
0.000000000000000000e+00
3.000000000000000000e+00
5.000000000000000000e+00
6.000000000000000000e+00
1.100000000000000000e+01
2.700000000000000000e+01
5.400000000000000000e+01
1.000000000000000000e+02
1.750000000000000000e+02
3.410000000000000000e+02
8.840000000000000000e+02
2.955000000000000000e+03
1.039300000000000000e+04
2.607000000000000000e+03
1.740000000000000000e+03
1.555000000000000000e+03
1.527000000000000000e+03
1.387000000000000000e+03
1.313000000000000000e+03
1.264000000000000000e+03
1.216000000000000000e+03
1.068000000000000000e+03
1.036000000000000000e+03
9.720000000000000000e+02
9.270000000000000000e+02
9.010000000000000000e+02
8.990000000000000000e+02
9.390000000000000000e+02
1.007000000000000000e+03
1.077000000000000000e+03
1.239000000000000000e+03
1.362000000000000000e+03
1.443000000000000000e+03
1.585000000000000000e+03
1.704000000000000000e+03
1.621000000000000000e+03
1.566000000000000000e+03
1.379000000000000000e+03
1.320000000000000000e+03
1.055000000000000000e+03
9.050000000000000000e+02
7.650000000000000000e+02
6.240000000000000000e+02
6.190000000000000000e+02
5.280000000000000000e+02
4.780000000000000000e+02
3.820000000000000000e+02
3.930000000000000000e+02
4.620000000000000000e+02
4.270000000000000000e+02
4.940000000000000000e+02
5.210000000000000000e+02
6.170000000000000000e+02
8.410000000000000000e+02
8.860000000000000000e+02
8.570000000000000000e+02
9.520000000000000000e+02
8.890000000000000000e+02
1.160000000000000000e+03
1.151000000000000000e+03
1.042000000000000000e+03
9.340000000000000000e+02
1.020000000000000000e+03
1.065000000000000000e+03
1.100000000000000000e+03
1.260000000000000000e+03
1.470000000000000000e+03
1.563000000000000000e+03
1.596000000000000000e+03
1.534000000000000000e+03
1.452000000000000000e+03
1.189000000000000000e+03
1.062000000000000000e+03
9.050000000000000000e+02
8.520000000000000000e+02
7.910000000000000000e+02
7.530000000000000000e+02
6.970000000000000000e+02
7.390000000000000000e+02
7.120000000000000000e+02
7.390000000000000000e+02
6.940000000000000000e+02
6.980000000000000000e+02
5.760000000000000000e+02
6.240000000000000000e+02
6.030000000000000000e+02
5.930000000000000000e+02
5.630000000000000000e+02
5.710000000000000000e+02
5.680000000000000000e+02
5.200000000000000000e+02
5.360000000000000000e+02
5.410000000000000000e+02
4.710000000000000000e+02
5.560000000000000000e+02
5.020000000000000000e+02
5.550000000000000000e+02
5.310000000000000000e+02
6.390000000000000000e+02
6.290000000000000000e+02
6.580000000000000000e+02
6.360000000000000000e+02
6.760000000000000000e+02
6.890000000000000000e+02
6.630000000000000000e+02
7.310000000000000000e+02
7.170000000000000000e+02
8.080000000000000000e+02
6.650000000000000000e+02
6.510000000000000000e+02
6.790000000000000000e+02
6.720000000000000000e+02
5.880000000000000000e+02
6.070000000000000000e+02
6.440000000000000000e+02
6.440000000000000000e+02
5.950000000000000000e+02
6.140000000000000000e+02
6.800000000000000000e+02
6.750000000000000000e+02
6.030000000000000000e+02
4.780000000000000000e+02
4.900000000000000000e+02
4.190000000000000000e+02
4.360000000000000000e+02
4.240000000000000000e+02
5.180000000000000000e+02
5.120000000000000000e+02
5.810000000000000000e+02
6.230000000000000000e+02
5.780000000000000000e+02
5.930000000000000000e+02
5.670000000000000000e+02
5.740000000000000000e+02
6.170000000000000000e+02
5.990000000000000000e+02
5.630000000000000000e+02
5.790000000000000000e+02
6.090000000000000000e+02
6.360000000000000000e+02
5.900000000000000000e+02
5.910000000000000000e+02
5.770000000000000000e+02
5.850000000000000000e+02
5.680000000000000000e+02
5.720000000000000000e+02
5.480000000000000000e+02
6.020000000000000000e+02
5.910000000000000000e+02
5.930000000000000000e+02
5.750000000000000000e+02
5.800000000000000000e+02
6.000000000000000000e+02
5.760000000000000000e+02
6.100000000000000000e+02
5.730000000000000000e+02
5.710000000000000000e+02
5.940000000000000000e+02
5.600000000000000000e+02
5.870000000000000000e+02
5.650000000000000000e+02
5.280000000000000000e+02
5.570000000000000000e+02
6.080000000000000000e+02
5.460000000000000000e+02
5.470000000000000000e+02
5.360000000000000000e+02
5.680000000000000000e+02
5.990000000000000000e+02
5.520000000000000000e+02
6.270000000000000000e+02
5.930000000000000000e+02
6.060000000000000000e+02
6.080000000000000000e+02
5.890000000000000000e+02
5.830000000000000000e+02
5.890000000000000000e+02
5.870000000000000000e+02
5.600000000000000000e+02
5.770000000000000000e+02
5.840000000000000000e+02
5.740000000000000000e+02
5.350000000000000000e+02
5.540000000000000000e+02
4.810000000000000000e+02
4.490000000000000000e+02
4.250000000000000000e+02
3.920000000000000000e+02
4.610000000000000000e+02
4.030000000000000000e+02
4.510000000000000000e+02
4.030000000000000000e+02
4.460000000000000000e+02
4.640000000000000000e+02
4.250000000000000000e+02
4.670000000000000000e+02
4.540000000000000000e+02
4.850000000000000000e+02
5.440000000000000000e+02
5.760000000000000000e+02
6.070000000000000000e+02
6.150000000000000000e+02
6.110000000000000000e+02
6.060000000000000000e+02
5.590000000000000000e+02
5.020000000000000000e+02
5.000000000000000000e+02
4.920000000000000000e+02
5.290000000000000000e+02
5.300000000000000000e+02
6.010000000000000000e+02
5.800000000000000000e+02
5.270000000000000000e+02
5.110000000000000000e+02
5.970000000000000000e+02
6.380000000000000000e+02
6.360000000000000000e+02
4.760000000000000000e+02
4.160000000000000000e+02
3.620000000000000000e+02
3.930000000000000000e+02
3.390000000000000000e+02
3.750000000000000000e+02
3.410000000000000000e+02
3.380000000000000000e+02
2.600000000000000000e+02
2.440000000000000000e+02
2.440000000000000000e+02
2.090000000000000000e+02
2.200000000000000000e+02
1.950000000000000000e+02
2.460000000000000000e+02
2.210000000000000000e+02
2.320000000000000000e+02
2.480000000000000000e+02
2.390000000000000000e+02
2.550000000000000000e+02
3.100000000000000000e+02
2.990000000000000000e+02
3.680000000000000000e+02
3.700000000000000000e+02
4.070000000000000000e+02
4.780000000000000000e+02
5.790000000000000000e+02
6.480000000000000000e+02
8.220000000000000000e+02
1.207000000000000000e+03
2.000000000000000000e+03
8.350000000000000000e+03
5.357700000000000000e+04
1.000000000000000000e+00
1.000000000000000000e+00
6.000000000000000000e+00
7.000000000000000000e+00
2.400000000000000000e+01
4.600000000000000000e+01
1.060000000000000000e+02
2.200000000000000000e+02
4.020000000000000000e+02
7.820000000000000000e+02
1.359000000000000000e+03
2.556000000000000000e+03
9.346000000000000000e+03
2.456000000000000000e+03
1.483000000000000000e+03
1.305000000000000000e+03
1.225000000000000000e+03
1.167000000000000000e+03
1.131000000000000000e+03
1.140000000000000000e+03
9.950000000000000000e+02
1.015000000000000000e+03
9.780000000000000000e+02
9.040000000000000000e+02
8.450000000000000000e+02
8.480000000000000000e+02
7.840000000000000000e+02
7.440000000000000000e+02
7.610000000000000000e+02
7.840000000000000000e+02
7.610000000000000000e+02
7.950000000000000000e+02
9.210000000000000000e+02
9.330000000000000000e+02
9.240000000000000000e+02
9.980000000000000000e+02
1.005000000000000000e+03
1.140000000000000000e+03
1.199000000000000000e+03
1.332000000000000000e+03
1.246000000000000000e+03
1.133000000000000000e+03
1.022000000000000000e+03
9.500000000000000000e+02
9.540000000000000000e+02
8.540000000000000000e+02
9.080000000000000000e+02
8.950000000000000000e+02
9.870000000000000000e+02
8.550000000000000000e+02
7.210000000000000000e+02
6.270000000000000000e+02
5.740000000000000000e+02
4.430000000000000000e+02
4.510000000000000000e+02
4.110000000000000000e+02
3.810000000000000000e+02
3.970000000000000000e+02
3.930000000000000000e+02
4.210000000000000000e+02
3.760000000000000000e+02
3.980000000000000000e+02
4.060000000000000000e+02
4.970000000000000000e+02
5.460000000000000000e+02
7.330000000000000000e+02
8.980000000000000000e+02
8.230000000000000000e+02
9.720000000000000000e+02
9.130000000000000000e+02
1.206000000000000000e+03
1.105000000000000000e+03
1.050000000000000000e+03
1.109000000000000000e+03
1.135000000000000000e+03
1.213000000000000000e+03
1.236000000000000000e+03
1.420000000000000000e+03
1.442000000000000000e+03
1.454000000000000000e+03
1.500000000000000000e+03
1.441000000000000000e+03
1.227000000000000000e+03
9.840000000000000000e+02
8.990000000000000000e+02
8.100000000000000000e+02
7.850000000000000000e+02
7.180000000000000000e+02
7.140000000000000000e+02
6.940000000000000000e+02
6.800000000000000000e+02
6.620000000000000000e+02
6.850000000000000000e+02
7.320000000000000000e+02
7.220000000000000000e+02
7.470000000000000000e+02
6.910000000000000000e+02
6.490000000000000000e+02
6.160000000000000000e+02
5.950000000000000000e+02
5.930000000000000000e+02
5.580000000000000000e+02
5.580000000000000000e+02
5.740000000000000000e+02
5.290000000000000000e+02
5.250000000000000000e+02
5.550000000000000000e+02
5.650000000000000000e+02
5.920000000000000000e+02
6.050000000000000000e+02
6.470000000000000000e+02
6.450000000000000000e+02
6.680000000000000000e+02
6.630000000000000000e+02
6.490000000000000000e+02
6.740000000000000000e+02
6.160000000000000000e+02
6.640000000000000000e+02
6.870000000000000000e+02
7.850000000000000000e+02
6.310000000000000000e+02
6.600000000000000000e+02
6.970000000000000000e+02
6.530000000000000000e+02
6.710000000000000000e+02
6.670000000000000000e+02
6.560000000000000000e+02
6.710000000000000000e+02
7.290000000000000000e+02
6.750000000000000000e+02
6.700000000000000000e+02
6.740000000000000000e+02
5.620000000000000000e+02
5.060000000000000000e+02
5.390000000000000000e+02
5.400000000000000000e+02
4.720000000000000000e+02
5.170000000000000000e+02
5.090000000000000000e+02
5.210000000000000000e+02
5.460000000000000000e+02
5.580000000000000000e+02
5.380000000000000000e+02
6.060000000000000000e+02
5.260000000000000000e+02
5.410000000000000000e+02
5.250000000000000000e+02
6.060000000000000000e+02
6.100000000000000000e+02
6.280000000000000000e+02
6.280000000000000000e+02
6.260000000000000000e+02
5.980000000000000000e+02
6.060000000000000000e+02
5.560000000000000000e+02
5.950000000000000000e+02
5.930000000000000000e+02
6.050000000000000000e+02
5.630000000000000000e+02
5.460000000000000000e+02
6.250000000000000000e+02
6.260000000000000000e+02
5.990000000000000000e+02
6.000000000000000000e+02
6.030000000000000000e+02
5.910000000000000000e+02
6.330000000000000000e+02
6.470000000000000000e+02
6.170000000000000000e+02
5.720000000000000000e+02
5.940000000000000000e+02
6.050000000000000000e+02
5.930000000000000000e+02
6.190000000000000000e+02
6.080000000000000000e+02
5.880000000000000000e+02
5.890000000000000000e+02
5.990000000000000000e+02
6.530000000000000000e+02
6.660000000000000000e+02
5.910000000000000000e+02
6.810000000000000000e+02
6.550000000000000000e+02
6.710000000000000000e+02
6.520000000000000000e+02
6.100000000000000000e+02
5.990000000000000000e+02
6.080000000000000000e+02
5.570000000000000000e+02
6.090000000000000000e+02
5.160000000000000000e+02
5.940000000000000000e+02
5.520000000000000000e+02
5.180000000000000000e+02
5.590000000000000000e+02
5.640000000000000000e+02
5.070000000000000000e+02
5.320000000000000000e+02
4.930000000000000000e+02
5.210000000000000000e+02
5.280000000000000000e+02
5.790000000000000000e+02
5.170000000000000000e+02
5.600000000000000000e+02
6.030000000000000000e+02
5.930000000000000000e+02
6.360000000000000000e+02
5.390000000000000000e+02
5.300000000000000000e+02
5.350000000000000000e+02
5.300000000000000000e+02
5.170000000000000000e+02
5.150000000000000000e+02
5.650000000000000000e+02
5.660000000000000000e+02
4.800000000000000000e+02
6.300000000000000000e+02
6.370000000000000000e+02
5.590000000000000000e+02
5.050000000000000000e+02
4.250000000000000000e+02
4.030000000000000000e+02
3.740000000000000000e+02
3.500000000000000000e+02
3.310000000000000000e+02
3.270000000000000000e+02
3.160000000000000000e+02
2.770000000000000000e+02
2.480000000000000000e+02
1.780000000000000000e+02
1.850000000000000000e+02
2.140000000000000000e+02
1.970000000000000000e+02
1.980000000000000000e+02
2.230000000000000000e+02
2.250000000000000000e+02
2.100000000000000000e+02
2.340000000000000000e+02
2.190000000000000000e+02
2.350000000000000000e+02
2.300000000000000000e+02
2.510000000000000000e+02
2.820000000000000000e+02
3.010000000000000000e+02
3.240000000000000000e+02
3.650000000000000000e+02
3.770000000000000000e+02
3.750000000000000000e+02
4.870000000000000000e+02
5.960000000000000000e+02
7.010000000000000000e+02
8.920000000000000000e+02
1.343000000000000000e+03
2.012000000000000000e+03
8.079000000000000000e+03
5.336900000000000000e+04
