9.000000000000000000e+01
1.790000000000000000e+02
1.490000000000000000e+02
2.190000000000000000e+02
3.270000000000000000e+02
3.170000000000000000e+02
3.190000000000000000e+02
3.030000000000000000e+02
2.440000000000000000e+02
2.900000000000000000e+02
2.820000000000000000e+02
3.330000000000000000e+02
4.190000000000000000e+02
4.910000000000000000e+02
5.700000000000000000e+02
6.340000000000000000e+02
6.580000000000000000e+02
6.260000000000000000e+02
6.700000000000000000e+02
6.950000000000000000e+02
6.800000000000000000e+02
7.380000000000000000e+02
7.220000000000000000e+02
6.910000000000000000e+02
7.330000000000000000e+02
7.200000000000000000e+02
7.490000000000000000e+02
7.600000000000000000e+02
7.590000000000000000e+02
7.790000000000000000e+02
7.920000000000000000e+02
7.050000000000000000e+02
7.340000000000000000e+02
7.550000000000000000e+02
7.950000000000000000e+02
7.560000000000000000e+02
7.710000000000000000e+02
7.500000000000000000e+02
7.390000000000000000e+02
6.910000000000000000e+02
7.250000000000000000e+02
6.790000000000000000e+02
7.240000000000000000e+02
7.390000000000000000e+02
7.410000000000000000e+02
7.040000000000000000e+02
6.900000000000000000e+02
6.400000000000000000e+02
6.740000000000000000e+02
7.670000000000000000e+02
8.270000000000000000e+02
9.600000000000000000e+02
9.390000000000000000e+02
9.890000000000000000e+02
9.530000000000000000e+02
1.017000000000000000e+03
9.780000000000000000e+02
9.940000000000000000e+02
9.810000000000000000e+02
9.980000000000000000e+02
1.003000000000000000e+03
9.580000000000000000e+02
9.520000000000000000e+02
1.082000000000000000e+03
1.054000000000000000e+03
9.940000000000000000e+02
9.750000000000000000e+02
9.300000000000000000e+02
9.070000000000000000e+02
8.330000000000000000e+02
8.300000000000000000e+02
8.470000000000000000e+02
8.550000000000000000e+02
8.380000000000000000e+02
7.710000000000000000e+02
7.170000000000000000e+02
8.010000000000000000e+02
7.500000000000000000e+02
7.420000000000000000e+02
7.380000000000000000e+02
7.840000000000000000e+02
8.920000000000000000e+02
8.490000000000000000e+02
8.650000000000000000e+02
7.420000000000000000e+02
8.040000000000000000e+02
7.440000000000000000e+02
7.090000000000000000e+02
6.100000000000000000e+02
7.160000000000000000e+02
6.530000000000000000e+02
6.070000000000000000e+02
5.910000000000000000e+02
5.270000000000000000e+02
4.710000000000000000e+02
4.980000000000000000e+02
4.960000000000000000e+02
5.290000000000000000e+02
4.970000000000000000e+02
5.340000000000000000e+02
5.630000000000000000e+02
5.740000000000000000e+02
6.250000000000000000e+02
6.640000000000000000e+02
6.720000000000000000e+02
6.790000000000000000e+02
7.480000000000000000e+02
7.570000000000000000e+02
7.160000000000000000e+02
6.940000000000000000e+02
6.990000000000000000e+02
7.320000000000000000e+02
7.130000000000000000e+02
8.360000000000000000e+02
9.550000000000000000e+02
8.840000000000000000e+02
8.220000000000000000e+02
7.680000000000000000e+02
7.260000000000000000e+02
7.090000000000000000e+02
6.400000000000000000e+02
6.770000000000000000e+02
6.360000000000000000e+02
6.310000000000000000e+02
6.300000000000000000e+02
5.950000000000000000e+02
6.550000000000000000e+02
6.870000000000000000e+02
7.370000000000000000e+02
7.370000000000000000e+02
8.460000000000000000e+02
7.930000000000000000e+02
7.770000000000000000e+02
7.910000000000000000e+02
8.400000000000000000e+02
8.570000000000000000e+02
9.540000000000000000e+02
9.630000000000000000e+02
1.011000000000000000e+03
9.610000000000000000e+02
9.790000000000000000e+02
1.028000000000000000e+03
1.040000000000000000e+03
1.042000000000000000e+03
1.087000000000000000e+03
1.022000000000000000e+03
1.053000000000000000e+03
1.106000000000000000e+03
1.164000000000000000e+03
1.125000000000000000e+03
1.104000000000000000e+03
1.086000000000000000e+03
1.121000000000000000e+03
1.244000000000000000e+03
1.372000000000000000e+03
1.447000000000000000e+03
1.454000000000000000e+03
1.752000000000000000e+03
1.752000000000000000e+03
1.547000000000000000e+03
1.505000000000000000e+03
1.374000000000000000e+03
1.178000000000000000e+03
1.130000000000000000e+03
1.074000000000000000e+03
1.030000000000000000e+03
1.060000000000000000e+03
9.940000000000000000e+02
8.740000000000000000e+02
8.010000000000000000e+02
8.720000000000000000e+02
8.160000000000000000e+02
7.720000000000000000e+02
7.200000000000000000e+02
7.040000000000000000e+02
7.110000000000000000e+02
7.080000000000000000e+02
6.860000000000000000e+02
6.830000000000000000e+02
7.250000000000000000e+02
7.300000000000000000e+02
7.520000000000000000e+02
6.920000000000000000e+02
7.020000000000000000e+02
7.320000000000000000e+02
7.190000000000000000e+02
7.280000000000000000e+02
7.410000000000000000e+02
8.010000000000000000e+02
9.110000000000000000e+02
9.760000000000000000e+02
1.060000000000000000e+03
1.056000000000000000e+03
1.178000000000000000e+03
1.172000000000000000e+03
1.178000000000000000e+03
1.212000000000000000e+03
1.145000000000000000e+03
1.191000000000000000e+03
1.276000000000000000e+03
1.364000000000000000e+03
1.251000000000000000e+03
1.267000000000000000e+03
1.327000000000000000e+03
1.342000000000000000e+03
1.349000000000000000e+03
1.542000000000000000e+03
1.647000000000000000e+03
1.715000000000000000e+03
1.668000000000000000e+03
1.758000000000000000e+03
1.679000000000000000e+03
1.667000000000000000e+03
1.520000000000000000e+03
1.303000000000000000e+03
1.167000000000000000e+03
1.131000000000000000e+03
1.241000000000000000e+03
1.108000000000000000e+03
1.514000000000000000e+03
1.554000000000000000e+03
1.284000000000000000e+03
1.493000000000000000e+03
1.525000000000000000e+03
1.444000000000000000e+03
1.628000000000000000e+03
2.174000000000000000e+03
1.930000000000000000e+03
1.795000000000000000e+03
2.201000000000000000e+03
2.052000000000000000e+03
1.826000000000000000e+03
1.861000000000000000e+03
1.725000000000000000e+03
1.663000000000000000e+03
1.461000000000000000e+03
1.205000000000000000e+03
1.323000000000000000e+03
9.460000000000000000e+02
9.030000000000000000e+02
7.650000000000000000e+02
5.880000000000000000e+02
4.290000000000000000e+02
4.270000000000000000e+02
4.380000000000000000e+02
4.320000000000000000e+02
4.900000000000000000e+02
4.080000000000000000e+02
4.520000000000000000e+02
4.000000000000000000e+02
6.660000000000000000e+02
1.201000000000000000e+03
1.833000000000000000e+03
3.035000000000000000e+03
4.573000000000000000e+03
1.414000000000000000e+03
5.470000000000000000e+02
3.860000000000000000e+02
4.200000000000000000e+02
3.490000000000000000e+02
3.270000000000000000e+02
2.780000000000000000e+02
2.880000000000000000e+02
3.580000000000000000e+02
4.630000000000000000e+02
5.770000000000000000e+02
5.580000000000000000e+02
5.880000000000000000e+02
5.410000000000000000e+02
5.730000000000000000e+02
5.510000000000000000e+02
6.180000000000000000e+02
6.470000000000000000e+02
7.050000000000000000e+02
7.230000000000000000e+02
8.630000000000000000e+02
8.460000000000000000e+02
8.250000000000000000e+02
7.840000000000000000e+02
7.700000000000000000e+02
7.910000000000000000e+02
7.440000000000000000e+02
7.120000000000000000e+02
7.770000000000000000e+02
7.890000000000000000e+02
7.230000000000000000e+02
7.330000000000000000e+02
6.740000000000000000e+02
6.960000000000000000e+02
7.270000000000000000e+02
6.320000000000000000e+02
6.620000000000000000e+02
6.060000000000000000e+02
5.940000000000000000e+02
5.510000000000000000e+02
6.140000000000000000e+02
5.470000000000000000e+02
5.590000000000000000e+02
5.620000000000000000e+02
4.880000000000000000e+02
5.010000000000000000e+02
5.410000000000000000e+02
5.280000000000000000e+02
5.120000000000000000e+02
5.550000000000000000e+02
5.730000000000000000e+02
5.720000000000000000e+02
6.700000000000000000e+02
7.950000000000000000e+02
7.870000000000000000e+02
8.260000000000000000e+02
8.810000000000000000e+02
9.240000000000000000e+02
8.930000000000000000e+02
1.000000000000000000e+03
9.490000000000000000e+02
9.630000000000000000e+02
9.580000000000000000e+02
8.940000000000000000e+02
8.540000000000000000e+02
8.460000000000000000e+02
8.700000000000000000e+02
8.860000000000000000e+02
8.230000000000000000e+02
8.000000000000000000e+02
6.600000000000000000e+02
7.650000000000000000e+02
7.930000000000000000e+02
8.400000000000000000e+02
8.230000000000000000e+02
8.790000000000000000e+02
9.170000000000000000e+02
9.480000000000000000e+02
9.020000000000000000e+02
8.100000000000000000e+02
8.800000000000000000e+02
8.780000000000000000e+02
8.870000000000000000e+02
8.550000000000000000e+02
8.170000000000000000e+02
8.430000000000000000e+02
7.630000000000000000e+02
7.830000000000000000e+02
8.090000000000000000e+02
8.390000000000000000e+02
8.570000000000000000e+02
8.850000000000000000e+02
7.880000000000000000e+02
8.220000000000000000e+02
6.990000000000000000e+02
6.260000000000000000e+02
5.550000000000000000e+02
5.050000000000000000e+02
4.890000000000000000e+02
4.880000000000000000e+02
5.430000000000000000e+02
5.290000000000000000e+02
5.250000000000000000e+02
5.810000000000000000e+02
6.170000000000000000e+02
6.390000000000000000e+02
7.470000000000000000e+02
7.880000000000000000e+02
8.870000000000000000e+02
8.730000000000000000e+02
8.350000000000000000e+02
8.990000000000000000e+02
8.400000000000000000e+02
8.440000000000000000e+02
8.970000000000000000e+02
9.000000000000000000e+02
1.012000000000000000e+03
1.122000000000000000e+03
1.207000000000000000e+03
1.147000000000000000e+03
1.148000000000000000e+03
1.006000000000000000e+03
9.740000000000000000e+02
9.540000000000000000e+02
1.000000000000000000e+03
1.010000000000000000e+03
1.054000000000000000e+03
9.980000000000000000e+02
9.580000000000000000e+02
1.046000000000000000e+03
1.037000000000000000e+03
1.029000000000000000e+03
1.073000000000000000e+03
1.003000000000000000e+03
9.810000000000000000e+02
9.610000000000000000e+02
1.012000000000000000e+03
1.025000000000000000e+03
1.007000000000000000e+03
9.730000000000000000e+02
1.090000000000000000e+03
9.810000000000000000e+02
1.036000000000000000e+03
1.016000000000000000e+03
1.013000000000000000e+03
9.710000000000000000e+02
8.530000000000000000e+02
8.450000000000000000e+02
8.660000000000000000e+02
8.970000000000000000e+02
8.960000000000000000e+02
1.001000000000000000e+03
1.100000000000000000e+03
1.248000000000000000e+03
1.332000000000000000e+03
1.476000000000000000e+03
1.279000000000000000e+03
1.075000000000000000e+03
1.158000000000000000e+03
1.218000000000000000e+03
9.620000000000000000e+02
1.019000000000000000e+03
8.790000000000000000e+02
8.120000000000000000e+02
8.140000000000000000e+02
8.180000000000000000e+02
8.320000000000000000e+02
8.740000000000000000e+02
7.660000000000000000e+02
7.170000000000000000e+02
6.650000000000000000e+02
6.630000000000000000e+02
6.290000000000000000e+02
6.090000000000000000e+02
6.250000000000000000e+02
6.010000000000000000e+02
6.160000000000000000e+02
5.540000000000000000e+02
5.980000000000000000e+02
6.610000000000000000e+02
6.650000000000000000e+02
6.310000000000000000e+02
6.790000000000000000e+02
7.310000000000000000e+02
6.980000000000000000e+02
8.440000000000000000e+02
7.900000000000000000e+02
8.350000000000000000e+02
8.710000000000000000e+02
8.680000000000000000e+02
9.910000000000000000e+02
9.970000000000000000e+02
1.056000000000000000e+03
1.129000000000000000e+03
1.162000000000000000e+03
1.247000000000000000e+03
1.382000000000000000e+03
1.520000000000000000e+03
1.538000000000000000e+03
1.427000000000000000e+03
1.409000000000000000e+03
1.317000000000000000e+03
1.277000000000000000e+03
1.222000000000000000e+03
1.255000000000000000e+03
1.217000000000000000e+03
1.278000000000000000e+03
1.326000000000000000e+03
1.487000000000000000e+03
1.532000000000000000e+03
1.802000000000000000e+03
1.895000000000000000e+03
1.769000000000000000e+03
1.872000000000000000e+03
1.957000000000000000e+03
1.903000000000000000e+03
1.750000000000000000e+03
1.725000000000000000e+03
1.607000000000000000e+03
1.427000000000000000e+03
1.576000000000000000e+03
1.829000000000000000e+03
1.886000000000000000e+03
2.153000000000000000e+03
2.493000000000000000e+03
2.824000000000000000e+03
2.585000000000000000e+03
2.317000000000000000e+03
2.508000000000000000e+03
2.202000000000000000e+03
1.686000000000000000e+03
1.271000000000000000e+03
1.045000000000000000e+03
9.780000000000000000e+02
1.178000000000000000e+03
1.415000000000000000e+03
1.420000000000000000e+03
7.300000000000000000e+02
5.020000000000000000e+02
5.270000000000000000e+02
4.610000000000000000e+02
4.930000000000000000e+02
5.560000000000000000e+02
3.960000000000000000e+02
3.910000000000000000e+02
3.940000000000000000e+02
4.920000000000000000e+02
5.040000000000000000e+02
4.150000000000000000e+02
4.880000000000000000e+02
6.570000000000000000e+02
1.100000000000000000e+03
3.022000000000000000e+03
2.761000000000000000e+03
1.205000000000000000e+03
1.030000000000000000e+02
3.100000000000000000e+01
1.420000000000000000e+03
5.300000000000000000e+02
4.900000000000000000e+02
4.520000000000000000e+02
5.580000000000000000e+02
6.180000000000000000e+02
6.660000000000000000e+02
6.490000000000000000e+02
6.070000000000000000e+02
6.130000000000000000e+02
6.470000000000000000e+02
5.660000000000000000e+02
6.130000000000000000e+02
6.180000000000000000e+02
6.460000000000000000e+02
6.630000000000000000e+02
6.770000000000000000e+02
7.360000000000000000e+02
7.350000000000000000e+02
7.260000000000000000e+02
7.040000000000000000e+02
7.250000000000000000e+02
7.700000000000000000e+02
7.840000000000000000e+02
8.280000000000000000e+02
7.890000000000000000e+02
7.420000000000000000e+02
7.400000000000000000e+02
6.460000000000000000e+02
6.680000000000000000e+02
6.250000000000000000e+02
6.530000000000000000e+02
6.140000000000000000e+02
5.770000000000000000e+02
5.870000000000000000e+02
5.530000000000000000e+02
5.530000000000000000e+02
5.420000000000000000e+02
5.160000000000000000e+02
5.140000000000000000e+02
5.200000000000000000e+02
4.880000000000000000e+02
4.800000000000000000e+02
5.150000000000000000e+02
4.770000000000000000e+02
4.360000000000000000e+02
4.660000000000000000e+02
4.830000000000000000e+02
4.570000000000000000e+02
5.030000000000000000e+02
5.050000000000000000e+02
5.340000000000000000e+02
5.950000000000000000e+02
5.790000000000000000e+02
6.500000000000000000e+02
6.040000000000000000e+02
5.640000000000000000e+02
5.840000000000000000e+02
6.230000000000000000e+02
6.160000000000000000e+02
6.560000000000000000e+02
7.040000000000000000e+02
7.010000000000000000e+02
7.590000000000000000e+02
7.760000000000000000e+02
7.990000000000000000e+02
8.160000000000000000e+02
8.720000000000000000e+02
8.350000000000000000e+02
9.440000000000000000e+02
9.690000000000000000e+02
9.350000000000000000e+02
9.390000000000000000e+02
9.780000000000000000e+02
9.860000000000000000e+02
9.540000000000000000e+02
9.910000000000000000e+02
8.630000000000000000e+02
9.550000000000000000e+02
9.610000000000000000e+02
9.420000000000000000e+02
1.024000000000000000e+03
1.074000000000000000e+03
1.077000000000000000e+03
1.267000000000000000e+03
1.497000000000000000e+03
1.393000000000000000e+03
1.181000000000000000e+03
9.140000000000000000e+02
7.970000000000000000e+02
7.950000000000000000e+02
6.790000000000000000e+02
6.740000000000000000e+02
6.480000000000000000e+02
6.070000000000000000e+02
6.030000000000000000e+02
6.780000000000000000e+02
7.060000000000000000e+02
7.430000000000000000e+02
7.770000000000000000e+02
7.820000000000000000e+02
8.360000000000000000e+02
8.290000000000000000e+02
8.480000000000000000e+02
9.370000000000000000e+02
9.600000000000000000e+02
9.700000000000000000e+02
9.900000000000000000e+02
1.110000000000000000e+03
1.219000000000000000e+03
1.377000000000000000e+03
1.449000000000000000e+03
1.394000000000000000e+03
1.399000000000000000e+03
1.382000000000000000e+03
1.370000000000000000e+03
1.448000000000000000e+03
1.397000000000000000e+03
1.392000000000000000e+03
1.360000000000000000e+03
1.315000000000000000e+03
1.204000000000000000e+03
1.178000000000000000e+03
1.141000000000000000e+03
1.153000000000000000e+03
1.080000000000000000e+03
1.066000000000000000e+03
1.060000000000000000e+03
1.006000000000000000e+03
9.550000000000000000e+02
9.220000000000000000e+02
9.440000000000000000e+02
8.730000000000000000e+02
9.140000000000000000e+02
9.810000000000000000e+02
1.039000000000000000e+03
1.019000000000000000e+03
1.057000000000000000e+03
1.185000000000000000e+03
1.235000000000000000e+03
1.127000000000000000e+03
1.054000000000000000e+03
1.189000000000000000e+03
1.043000000000000000e+03
1.063000000000000000e+03
1.110000000000000000e+03
1.010000000000000000e+03
9.770000000000000000e+02
8.750000000000000000e+02
7.730000000000000000e+02
6.880000000000000000e+02
6.980000000000000000e+02
6.590000000000000000e+02
6.320000000000000000e+02
6.240000000000000000e+02
5.760000000000000000e+02
6.240000000000000000e+02
6.170000000000000000e+02
6.370000000000000000e+02
7.150000000000000000e+02
7.210000000000000000e+02
7.320000000000000000e+02
6.630000000000000000e+02
6.110000000000000000e+02
6.100000000000000000e+02
5.580000000000000000e+02
5.670000000000000000e+02
5.760000000000000000e+02
6.490000000000000000e+02
6.210000000000000000e+02
6.850000000000000000e+02
6.930000000000000000e+02
7.250000000000000000e+02
6.990000000000000000e+02
7.310000000000000000e+02
7.240000000000000000e+02
7.960000000000000000e+02
7.870000000000000000e+02
6.950000000000000000e+02
7.760000000000000000e+02
8.130000000000000000e+02
8.220000000000000000e+02
8.350000000000000000e+02
8.420000000000000000e+02
9.040000000000000000e+02
8.800000000000000000e+02
9.000000000000000000e+02
9.060000000000000000e+02
9.940000000000000000e+02
1.047000000000000000e+03
1.304000000000000000e+03
1.378000000000000000e+03
1.502000000000000000e+03
1.533000000000000000e+03
1.721000000000000000e+03
1.790000000000000000e+03
1.769000000000000000e+03
1.777000000000000000e+03
1.971000000000000000e+03
1.714000000000000000e+03
1.852000000000000000e+03
2.094000000000000000e+03
2.102000000000000000e+03
2.300000000000000000e+03
2.476000000000000000e+03
2.921000000000000000e+03
3.089000000000000000e+03
3.272000000000000000e+03
2.942000000000000000e+03
2.878000000000000000e+03
2.593000000000000000e+03
2.486000000000000000e+03
2.065000000000000000e+03
1.877000000000000000e+03
1.887000000000000000e+03
2.063000000000000000e+03
1.983000000000000000e+03
1.946000000000000000e+03
2.150000000000000000e+03
1.665000000000000000e+03
1.783000000000000000e+03
1.713000000000000000e+03
1.404000000000000000e+03
1.359000000000000000e+03
1.071000000000000000e+03
6.970000000000000000e+02
6.150000000000000000e+02
6.220000000000000000e+02
6.690000000000000000e+02
1.022000000000000000e+03
1.025000000000000000e+03
1.781000000000000000e+03
3.177000000000000000e+03
1.292000000000000000e+03
6.590000000000000000e+02
3.860000000000000000e+02
1.280000000000000000e+02
8.800000000000000000e+01
7.600000000000000000e+01
1.210000000000000000e+02
9.800000000000000000e+01
5.500000000000000000e+01
6.200000000000000000e+01
4.500000000000000000e+01
6.400000000000000000e+01
4.900000000000000000e+01
4.900000000000000000e+01
4.200000000000000000e+01
3.200000000000000000e+01
2.300000000000000000e+01
2.900000000000000000e+01
2.700000000000000000e+01
2.500000000000000000e+01
2.400000000000000000e+01
1.100000000000000000e+01
4.000000000000000000e+01
