1.432000000000000000e+03
1.122000000000000000e+03
9.790000000000000000e+02
8.510000000000000000e+02
7.220000000000000000e+02
6.070000000000000000e+02
6.220000000000000000e+02
6.650000000000000000e+02
7.220000000000000000e+02
7.270000000000000000e+02
7.190000000000000000e+02
8.150000000000000000e+02
7.560000000000000000e+02
8.150000000000000000e+02
8.640000000000000000e+02
7.620000000000000000e+02
8.680000000000000000e+02
8.540000000000000000e+02
8.730000000000000000e+02
8.080000000000000000e+02
8.880000000000000000e+02
9.020000000000000000e+02
9.270000000000000000e+02
8.790000000000000000e+02
8.250000000000000000e+02
8.150000000000000000e+02
8.500000000000000000e+02
7.820000000000000000e+02
7.350000000000000000e+02
7.320000000000000000e+02
7.800000000000000000e+02
7.310000000000000000e+02
7.130000000000000000e+02
7.890000000000000000e+02
7.940000000000000000e+02
8.210000000000000000e+02
7.780000000000000000e+02
7.850000000000000000e+02
8.620000000000000000e+02
8.670000000000000000e+02
8.660000000000000000e+02
9.380000000000000000e+02
9.170000000000000000e+02
9.430000000000000000e+02
9.400000000000000000e+02
1.018000000000000000e+03
1.037000000000000000e+03
9.740000000000000000e+02
9.980000000000000000e+02
1.027000000000000000e+03
9.540000000000000000e+02
1.062000000000000000e+03
1.091000000000000000e+03
1.108000000000000000e+03
1.089000000000000000e+03
1.096000000000000000e+03
1.078000000000000000e+03
1.135000000000000000e+03
1.105000000000000000e+03
1.119000000000000000e+03
1.052000000000000000e+03
1.046000000000000000e+03
9.630000000000000000e+02
9.210000000000000000e+02
9.340000000000000000e+02
8.040000000000000000e+02
9.200000000000000000e+02
7.930000000000000000e+02
8.080000000000000000e+02
7.360000000000000000e+02
7.590000000000000000e+02
7.620000000000000000e+02
7.340000000000000000e+02
7.130000000000000000e+02
7.270000000000000000e+02
7.430000000000000000e+02
7.090000000000000000e+02
7.450000000000000000e+02
7.700000000000000000e+02
7.460000000000000000e+02
8.030000000000000000e+02
7.680000000000000000e+02
7.970000000000000000e+02
8.190000000000000000e+02
8.030000000000000000e+02
8.100000000000000000e+02
7.830000000000000000e+02
8.340000000000000000e+02
8.380000000000000000e+02
8.310000000000000000e+02
8.680000000000000000e+02
8.350000000000000000e+02
8.090000000000000000e+02
8.270000000000000000e+02
7.450000000000000000e+02
7.760000000000000000e+02
8.030000000000000000e+02
7.330000000000000000e+02
7.730000000000000000e+02
7.560000000000000000e+02
6.760000000000000000e+02
7.080000000000000000e+02
6.270000000000000000e+02
6.330000000000000000e+02
6.420000000000000000e+02
6.660000000000000000e+02
6.850000000000000000e+02
6.890000000000000000e+02
7.360000000000000000e+02
8.040000000000000000e+02
7.060000000000000000e+02
7.190000000000000000e+02
7.130000000000000000e+02
7.050000000000000000e+02
6.840000000000000000e+02
6.710000000000000000e+02
6.460000000000000000e+02
5.990000000000000000e+02
6.230000000000000000e+02
5.920000000000000000e+02
5.920000000000000000e+02
5.720000000000000000e+02
6.380000000000000000e+02
5.900000000000000000e+02
6.240000000000000000e+02
6.620000000000000000e+02
7.630000000000000000e+02
6.620000000000000000e+02
7.990000000000000000e+02
8.090000000000000000e+02
8.100000000000000000e+02
8.690000000000000000e+02
8.480000000000000000e+02
8.900000000000000000e+02
1.045000000000000000e+03
1.035000000000000000e+03
9.990000000000000000e+02
1.077000000000000000e+03
1.216000000000000000e+03
1.161000000000000000e+03
1.205000000000000000e+03
1.189000000000000000e+03
1.057000000000000000e+03
1.226000000000000000e+03
1.101000000000000000e+03
1.074000000000000000e+03
1.521000000000000000e+03
1.414000000000000000e+03
1.499000000000000000e+03
1.556000000000000000e+03
1.565000000000000000e+03
1.591000000000000000e+03
1.843000000000000000e+03
1.832000000000000000e+03
2.091000000000000000e+03
2.780000000000000000e+03
2.208000000000000000e+03
2.470000000000000000e+03
3.173000000000000000e+03
2.570000000000000000e+03
2.541000000000000000e+03
3.063000000000000000e+03
2.420000000000000000e+03
2.486000000000000000e+03
2.639000000000000000e+03
1.967000000000000000e+03
2.278000000000000000e+03
2.726000000000000000e+03
2.425000000000000000e+03
2.793000000000000000e+03
4.049000000000000000e+03
4.113000000000000000e+03
3.577000000000000000e+03
1.054800000000000000e+04
2.471000000000000000e+03
1.190000000000000000e+03
1.014000000000000000e+03
8.440000000000000000e+02
6.980000000000000000e+02
9.450000000000000000e+02
6.900000000000000000e+02
5.950000000000000000e+02
5.940000000000000000e+02
5.270000000000000000e+02
5.130000000000000000e+02
5.030000000000000000e+02
5.010000000000000000e+02
4.890000000000000000e+02
5.020000000000000000e+02
5.000000000000000000e+02
5.360000000000000000e+02
5.800000000000000000e+02
5.840000000000000000e+02
6.420000000000000000e+02
6.950000000000000000e+02
7.460000000000000000e+02
7.830000000000000000e+02
9.080000000000000000e+02
8.560000000000000000e+02
8.510000000000000000e+02
8.400000000000000000e+02
8.530000000000000000e+02
8.450000000000000000e+02
8.620000000000000000e+02
9.080000000000000000e+02
9.030000000000000000e+02
8.500000000000000000e+02
7.730000000000000000e+02
7.840000000000000000e+02
6.520000000000000000e+02
6.330000000000000000e+02
5.940000000000000000e+02
5.880000000000000000e+02
5.300000000000000000e+02
5.050000000000000000e+02
5.280000000000000000e+02
4.750000000000000000e+02
4.870000000000000000e+02
4.470000000000000000e+02
4.390000000000000000e+02
4.570000000000000000e+02
4.550000000000000000e+02
4.340000000000000000e+02
4.610000000000000000e+02
4.800000000000000000e+02
4.680000000000000000e+02
4.460000000000000000e+02
4.140000000000000000e+02
4.050000000000000000e+02
3.800000000000000000e+02
3.110000000000000000e+02
2.760000000000000000e+02
2.590000000000000000e+02
2.530000000000000000e+02
2.730000000000000000e+02
2.930000000000000000e+02
2.810000000000000000e+02
2.530000000000000000e+02
1.830000000000000000e+02
1.670000000000000000e+02
1.290000000000000000e+02
1.210000000000000000e+02
1.070000000000000000e+02
1.050000000000000000e+02
9.800000000000000000e+01
7.100000000000000000e+01
9.200000000000000000e+01
7.100000000000000000e+01
7.700000000000000000e+01
6.700000000000000000e+01
6.200000000000000000e+01
5.700000000000000000e+01
4.600000000000000000e+01
5.700000000000000000e+01
4.800000000000000000e+01
8.600000000000000000e+01
3.260000000000000000e+02
5.040000000000000000e+02
4.000000000000000000e+02
3.170000000000000000e+02
2.880000000000000000e+02
2.930000000000000000e+02
3.130000000000000000e+02
3.840000000000000000e+02
4.320000000000000000e+02
4.580000000000000000e+02
5.250000000000000000e+02
5.550000000000000000e+02
6.080000000000000000e+02
6.270000000000000000e+02
6.990000000000000000e+02
6.670000000000000000e+02
5.920000000000000000e+02
6.030000000000000000e+02
6.190000000000000000e+02
5.620000000000000000e+02
5.450000000000000000e+02
5.170000000000000000e+02
5.460000000000000000e+02
5.300000000000000000e+02
5.190000000000000000e+02
5.120000000000000000e+02
5.870000000000000000e+02
6.470000000000000000e+02
7.190000000000000000e+02
7.560000000000000000e+02
6.960000000000000000e+02
8.490000000000000000e+02
7.730000000000000000e+02
7.430000000000000000e+02
6.310000000000000000e+02
6.550000000000000000e+02
7.420000000000000000e+02
7.320000000000000000e+02
7.120000000000000000e+02
7.470000000000000000e+02
8.090000000000000000e+02
1.039000000000000000e+03
1.035000000000000000e+03
1.001000000000000000e+03
9.660000000000000000e+02
9.030000000000000000e+02
8.550000000000000000e+02
7.670000000000000000e+02
7.020000000000000000e+02
6.480000000000000000e+02
6.630000000000000000e+02
6.450000000000000000e+02
6.180000000000000000e+02
6.500000000000000000e+02
6.600000000000000000e+02
6.240000000000000000e+02
6.940000000000000000e+02
7.160000000000000000e+02
6.670000000000000000e+02
6.440000000000000000e+02
6.850000000000000000e+02
7.380000000000000000e+02
7.400000000000000000e+02
7.370000000000000000e+02
8.150000000000000000e+02
8.570000000000000000e+02
8.920000000000000000e+02
8.280000000000000000e+02
9.610000000000000000e+02
9.270000000000000000e+02
9.200000000000000000e+02
9.470000000000000000e+02
9.590000000000000000e+02
9.830000000000000000e+02
1.020000000000000000e+03
9.300000000000000000e+02
9.420000000000000000e+02
8.570000000000000000e+02
9.020000000000000000e+02
8.960000000000000000e+02
9.180000000000000000e+02
8.880000000000000000e+02
9.080000000000000000e+02
8.500000000000000000e+02
8.760000000000000000e+02
8.630000000000000000e+02
9.530000000000000000e+02
8.910000000000000000e+02
8.520000000000000000e+02
9.210000000000000000e+02
8.710000000000000000e+02
8.190000000000000000e+02
8.850000000000000000e+02
7.880000000000000000e+02
7.300000000000000000e+02
6.520000000000000000e+02
7.150000000000000000e+02
6.730000000000000000e+02
6.680000000000000000e+02
6.350000000000000000e+02
6.160000000000000000e+02
5.640000000000000000e+02
6.140000000000000000e+02
6.360000000000000000e+02
6.310000000000000000e+02
5.780000000000000000e+02
6.050000000000000000e+02
6.270000000000000000e+02
6.290000000000000000e+02
6.460000000000000000e+02
6.330000000000000000e+02
6.150000000000000000e+02
6.080000000000000000e+02
5.550000000000000000e+02
6.180000000000000000e+02
5.870000000000000000e+02
6.110000000000000000e+02
5.880000000000000000e+02
5.800000000000000000e+02
5.770000000000000000e+02
6.240000000000000000e+02
6.740000000000000000e+02
6.730000000000000000e+02
6.870000000000000000e+02
6.490000000000000000e+02
6.520000000000000000e+02
6.950000000000000000e+02
6.580000000000000000e+02
7.080000000000000000e+02
6.710000000000000000e+02
6.900000000000000000e+02
7.060000000000000000e+02
6.760000000000000000e+02
7.450000000000000000e+02
7.460000000000000000e+02
8.150000000000000000e+02
8.690000000000000000e+02
8.520000000000000000e+02
9.660000000000000000e+02
9.700000000000000000e+02
9.100000000000000000e+02
9.980000000000000000e+02
1.070000000000000000e+03
1.273000000000000000e+03
1.227000000000000000e+03
1.189000000000000000e+03
1.150000000000000000e+03
1.230000000000000000e+03
1.193000000000000000e+03
1.191000000000000000e+03
1.323000000000000000e+03
1.457000000000000000e+03
1.437000000000000000e+03
1.569000000000000000e+03
1.783000000000000000e+03
1.604000000000000000e+03
1.656000000000000000e+03
1.517000000000000000e+03
1.381000000000000000e+03
1.483000000000000000e+03
1.587000000000000000e+03
1.625000000000000000e+03
1.935000000000000000e+03
1.886000000000000000e+03
2.004000000000000000e+03
2.117000000000000000e+03
2.218000000000000000e+03
2.270000000000000000e+03
2.410000000000000000e+03
2.605000000000000000e+03
2.555000000000000000e+03
3.571000000000000000e+03
2.823000000000000000e+03
2.778000000000000000e+03
3.261000000000000000e+03
2.992000000000000000e+03
2.680000000000000000e+03
2.848000000000000000e+03
3.131000000000000000e+03
3.030000000000000000e+03
2.622000000000000000e+03
3.284000000000000000e+03
3.143000000000000000e+03
3.025000000000000000e+03
4.044000000000000000e+03
3.515000000000000000e+03
2.905000000000000000e+03
4.767000000000000000e+03
4.398000000000000000e+03
3.557000000000000000e+03
1.059000000000000000e+04
2.601000000000000000e+03
1.339000000000000000e+03
9.900000000000000000e+02
7.650000000000000000e+02
6.090000000000000000e+02
4.980000000000000000e+02
5.040000000000000000e+02
4.560000000000000000e+02
4.310000000000000000e+02
3.680000000000000000e+02
3.570000000000000000e+02
3.280000000000000000e+02
3.290000000000000000e+02
3.210000000000000000e+02
3.220000000000000000e+02
3.150000000000000000e+02
2.970000000000000000e+02
2.550000000000000000e+02
2.830000000000000000e+02
2.750000000000000000e+02
2.580000000000000000e+02
2.540000000000000000e+02
2.750000000000000000e+02
2.340000000000000000e+02
2.880000000000000000e+02
2.740000000000000000e+02
3.160000000000000000e+02
2.790000000000000000e+02
3.300000000000000000e+02
2.950000000000000000e+02
2.860000000000000000e+02
2.720000000000000000e+02
2.150000000000000000e+02
2.210000000000000000e+02
2.220000000000000000e+02
2.080000000000000000e+02
2.070000000000000000e+02
1.790000000000000000e+02
1.690000000000000000e+02
1.330000000000000000e+02
1.420000000000000000e+02
1.480000000000000000e+02
1.040000000000000000e+02
1.000000000000000000e+02
9.200000000000000000e+01
1.180000000000000000e+02
9.000000000000000000e+01
7.100000000000000000e+01
6.600000000000000000e+01
5.900000000000000000e+01
5.100000000000000000e+01
7.300000000000000000e+01
5.900000000000000000e+01
5.900000000000000000e+01
5.300000000000000000e+01
4.300000000000000000e+01
4.400000000000000000e+01
5.100000000000000000e+01
5.000000000000000000e+01
4.200000000000000000e+01
4.100000000000000000e+01
4.400000000000000000e+01
2.100000000000000000e+01
1.900000000000000000e+01
1.300000000000000000e+01
9.690000000000000000e+02
6.600000000000000000e+02
6.160000000000000000e+02
6.710000000000000000e+02
6.070000000000000000e+02
5.760000000000000000e+02
6.510000000000000000e+02
7.040000000000000000e+02
5.920000000000000000e+02
6.510000000000000000e+02
6.010000000000000000e+02
5.830000000000000000e+02
6.090000000000000000e+02
5.930000000000000000e+02
5.940000000000000000e+02
6.050000000000000000e+02
5.570000000000000000e+02
5.300000000000000000e+02
4.270000000000000000e+02
4.370000000000000000e+02
4.190000000000000000e+02
4.110000000000000000e+02
3.820000000000000000e+02
3.620000000000000000e+02
4.160000000000000000e+02
3.250000000000000000e+02
3.000000000000000000e+02
2.980000000000000000e+02
3.280000000000000000e+02
3.080000000000000000e+02
3.060000000000000000e+02
3.450000000000000000e+02
3.290000000000000000e+02
3.570000000000000000e+02
3.250000000000000000e+02
3.450000000000000000e+02
3.480000000000000000e+02
3.540000000000000000e+02
3.350000000000000000e+02
3.790000000000000000e+02
3.930000000000000000e+02
3.680000000000000000e+02
3.860000000000000000e+02
4.150000000000000000e+02
3.990000000000000000e+02
4.110000000000000000e+02
4.650000000000000000e+02
4.890000000000000000e+02
5.130000000000000000e+02
5.680000000000000000e+02
6.080000000000000000e+02
5.940000000000000000e+02
6.170000000000000000e+02
6.380000000000000000e+02
5.900000000000000000e+02
6.040000000000000000e+02
6.530000000000000000e+02
6.100000000000000000e+02
6.180000000000000000e+02
6.420000000000000000e+02
6.680000000000000000e+02
6.840000000000000000e+02
6.810000000000000000e+02
7.550000000000000000e+02
7.300000000000000000e+02
7.790000000000000000e+02
7.500000000000000000e+02
7.580000000000000000e+02
8.350000000000000000e+02
7.920000000000000000e+02
8.320000000000000000e+02
8.710000000000000000e+02
9.270000000000000000e+02
9.260000000000000000e+02
9.740000000000000000e+02
8.250000000000000000e+02
8.830000000000000000e+02
8.050000000000000000e+02
8.350000000000000000e+02
8.750000000000000000e+02
8.340000000000000000e+02
8.460000000000000000e+02
8.980000000000000000e+02
9.050000000000000000e+02
9.180000000000000000e+02
9.680000000000000000e+02
9.800000000000000000e+02
9.780000000000000000e+02
9.630000000000000000e+02
8.750000000000000000e+02
9.140000000000000000e+02
8.580000000000000000e+02
8.300000000000000000e+02
8.090000000000000000e+02
7.830000000000000000e+02
8.340000000000000000e+02
8.330000000000000000e+02
7.810000000000000000e+02
8.330000000000000000e+02
8.130000000000000000e+02
8.110000000000000000e+02
8.000000000000000000e+02
7.620000000000000000e+02
8.490000000000000000e+02
8.010000000000000000e+02
7.560000000000000000e+02
8.020000000000000000e+02
7.440000000000000000e+02
7.990000000000000000e+02
8.080000000000000000e+02
7.730000000000000000e+02
7.900000000000000000e+02
6.880000000000000000e+02
6.980000000000000000e+02
6.340000000000000000e+02
6.950000000000000000e+02
6.920000000000000000e+02
7.010000000000000000e+02
6.760000000000000000e+02
6.660000000000000000e+02
6.340000000000000000e+02
6.650000000000000000e+02
6.570000000000000000e+02
6.510000000000000000e+02
7.090000000000000000e+02
7.610000000000000000e+02
7.490000000000000000e+02
8.920000000000000000e+02
8.330000000000000000e+02
8.330000000000000000e+02
8.850000000000000000e+02
8.210000000000000000e+02
8.790000000000000000e+02
8.990000000000000000e+02
9.460000000000000000e+02
9.840000000000000000e+02
1.021000000000000000e+03
1.083000000000000000e+03
1.083000000000000000e+03
1.103000000000000000e+03
1.107000000000000000e+03
1.218000000000000000e+03
1.200000000000000000e+03
1.232000000000000000e+03
1.112000000000000000e+03
1.200000000000000000e+03
1.162000000000000000e+03
1.220000000000000000e+03
1.250000000000000000e+03
1.212000000000000000e+03
1.245000000000000000e+03
1.255000000000000000e+03
1.183000000000000000e+03
1.179000000000000000e+03
1.176000000000000000e+03
1.173000000000000000e+03
1.195000000000000000e+03
1.255000000000000000e+03
1.240000000000000000e+03
1.280000000000000000e+03
1.251000000000000000e+03
1.217000000000000000e+03
1.198000000000000000e+03
1.174000000000000000e+03
1.184000000000000000e+03
1.181000000000000000e+03
1.199000000000000000e+03
1.299000000000000000e+03
1.316000000000000000e+03
1.526000000000000000e+03
1.537000000000000000e+03
1.469000000000000000e+03
1.501000000000000000e+03
1.456000000000000000e+03
1.556000000000000000e+03
1.465000000000000000e+03
1.557000000000000000e+03
1.531000000000000000e+03
1.687000000000000000e+03
1.511000000000000000e+03
1.459000000000000000e+03
1.333000000000000000e+03
1.342000000000000000e+03
1.254000000000000000e+03
1.219000000000000000e+03
1.339000000000000000e+03
1.348000000000000000e+03
1.418000000000000000e+03
1.594000000000000000e+03
1.598000000000000000e+03
1.656000000000000000e+03
1.852000000000000000e+03
1.805000000000000000e+03
2.196000000000000000e+03
2.459000000000000000e+03
2.448000000000000000e+03
3.115000000000000000e+03
3.636000000000000000e+03
2.832000000000000000e+03
3.611000000000000000e+03
3.876000000000000000e+03
3.774000000000000000e+03
4.246000000000000000e+03
5.684000000000000000e+03
5.014000000000000000e+03
5.128000000000000000e+03
1.091500000000000000e+04
3.014000000000000000e+03
2.439000000000000000e+03
1.559000000000000000e+03
1.157000000000000000e+03
7.150000000000000000e+02
7.670000000000000000e+02
5.190000000000000000e+02
4.270000000000000000e+02
3.340000000000000000e+02
3.040000000000000000e+02
2.970000000000000000e+02
2.420000000000000000e+02
2.240000000000000000e+02
1.870000000000000000e+02
1.810000000000000000e+02
1.300000000000000000e+02
1.370000000000000000e+02
1.330000000000000000e+02
1.050000000000000000e+02
1.120000000000000000e+02
1.070000000000000000e+02
1.120000000000000000e+02
9.100000000000000000e+01
1.130000000000000000e+02
8.700000000000000000e+01
8.400000000000000000e+01
7.200000000000000000e+01
7.200000000000000000e+01
5.900000000000000000e+01
6.000000000000000000e+01
5.600000000000000000e+01
5.600000000000000000e+01
4.000000000000000000e+01
6.100000000000000000e+01
5.000000000000000000e+01
4.800000000000000000e+01
4.500000000000000000e+01
3.400000000000000000e+01
3.500000000000000000e+01
3.300000000000000000e+01
3.900000000000000000e+01
2.000000000000000000e+01
2.200000000000000000e+01
2.400000000000000000e+01
1.000000000000000000e+01
2.000000000000000000e+01
1.100000000000000000e+01
5.000000000000000000e+00
3.400000000000000000e+01
