3.270000000000000000e+02
1.530000000000000000e+02
1.800000000000000000e+02
1.740000000000000000e+02
2.210000000000000000e+02
2.730000000000000000e+02
2.940000000000000000e+02
3.300000000000000000e+02
3.400000000000000000e+02
4.340000000000000000e+02
4.700000000000000000e+02
5.760000000000000000e+02
5.810000000000000000e+02
6.870000000000000000e+02
7.870000000000000000e+02
7.210000000000000000e+02
7.940000000000000000e+02
8.190000000000000000e+02
8.470000000000000000e+02
8.070000000000000000e+02
8.500000000000000000e+02
8.190000000000000000e+02
8.260000000000000000e+02
7.890000000000000000e+02
8.260000000000000000e+02
8.360000000000000000e+02
8.830000000000000000e+02
8.810000000000000000e+02
9.530000000000000000e+02
1.050000000000000000e+03
1.089000000000000000e+03
1.149000000000000000e+03
1.306000000000000000e+03
1.305000000000000000e+03
1.466000000000000000e+03
1.436000000000000000e+03
1.460000000000000000e+03
1.631000000000000000e+03
1.460000000000000000e+03
1.390000000000000000e+03
1.506000000000000000e+03
1.480000000000000000e+03
1.601000000000000000e+03
1.585000000000000000e+03
1.734000000000000000e+03
2.324000000000000000e+03
1.934000000000000000e+03
2.273000000000000000e+03
2.917000000000000000e+03
2.452000000000000000e+03
2.774000000000000000e+03
2.793000000000000000e+03
2.726000000000000000e+03
2.861000000000000000e+03
2.818000000000000000e+03
2.960000000000000000e+03
2.865000000000000000e+03
2.839000000000000000e+03
2.533000000000000000e+03
2.308000000000000000e+03
2.154000000000000000e+03
1.793000000000000000e+03
1.471000000000000000e+03
1.200000000000000000e+03
9.720000000000000000e+02
9.660000000000000000e+02
8.080000000000000000e+02
6.990000000000000000e+02
6.490000000000000000e+02
6.510000000000000000e+02
6.690000000000000000e+02
5.560000000000000000e+02
5.910000000000000000e+02
5.480000000000000000e+02
5.550000000000000000e+02
5.510000000000000000e+02
5.180000000000000000e+02
4.980000000000000000e+02
4.860000000000000000e+02
4.350000000000000000e+02
4.220000000000000000e+02
3.950000000000000000e+02
4.070000000000000000e+02
3.850000000000000000e+02
3.860000000000000000e+02
4.050000000000000000e+02
3.750000000000000000e+02
4.090000000000000000e+02
3.580000000000000000e+02
3.490000000000000000e+02
3.370000000000000000e+02
3.530000000000000000e+02
3.080000000000000000e+02
2.810000000000000000e+02
3.290000000000000000e+02
3.220000000000000000e+02
3.250000000000000000e+02
3.200000000000000000e+02
3.340000000000000000e+02
3.710000000000000000e+02
3.700000000000000000e+02
3.610000000000000000e+02
3.300000000000000000e+02
3.560000000000000000e+02
3.740000000000000000e+02
3.580000000000000000e+02
3.610000000000000000e+02
3.610000000000000000e+02
4.640000000000000000e+02
4.470000000000000000e+02
5.200000000000000000e+02
5.310000000000000000e+02
4.670000000000000000e+02
4.590000000000000000e+02
5.520000000000000000e+02
5.100000000000000000e+02
5.860000000000000000e+02
5.360000000000000000e+02
5.980000000000000000e+02
5.450000000000000000e+02
6.080000000000000000e+02
5.650000000000000000e+02
6.200000000000000000e+02
5.710000000000000000e+02
5.210000000000000000e+02
5.670000000000000000e+02
6.440000000000000000e+02
5.460000000000000000e+02
5.600000000000000000e+02
4.920000000000000000e+02
5.770000000000000000e+02
4.720000000000000000e+02
5.850000000000000000e+02
5.430000000000000000e+02
4.850000000000000000e+02
4.690000000000000000e+02
4.370000000000000000e+02
4.810000000000000000e+02
4.760000000000000000e+02
4.550000000000000000e+02
4.470000000000000000e+02
4.720000000000000000e+02
4.940000000000000000e+02
5.100000000000000000e+02
4.650000000000000000e+02
5.500000000000000000e+02
4.780000000000000000e+02
5.080000000000000000e+02
4.730000000000000000e+02
4.910000000000000000e+02
4.720000000000000000e+02
4.390000000000000000e+02
4.950000000000000000e+02
4.740000000000000000e+02
4.320000000000000000e+02
4.230000000000000000e+02
3.980000000000000000e+02
4.140000000000000000e+02
3.740000000000000000e+02
3.810000000000000000e+02
3.950000000000000000e+02
4.070000000000000000e+02
3.910000000000000000e+02
3.880000000000000000e+02
4.140000000000000000e+02
4.000000000000000000e+02
4.090000000000000000e+02
4.230000000000000000e+02
4.190000000000000000e+02
3.510000000000000000e+02
3.210000000000000000e+02
3.130000000000000000e+02
3.060000000000000000e+02
2.860000000000000000e+02
2.720000000000000000e+02
2.860000000000000000e+02
2.730000000000000000e+02
2.940000000000000000e+02
3.280000000000000000e+02
3.490000000000000000e+02
3.700000000000000000e+02
3.850000000000000000e+02
5.300000000000000000e+02
5.660000000000000000e+02
8.240000000000000000e+02
4.810000000000000000e+02
4.280000000000000000e+02
3.230000000000000000e+02
3.030000000000000000e+02
2.400000000000000000e+02
2.040000000000000000e+02
2.000000000000000000e+02
1.830000000000000000e+02
1.500000000000000000e+02
1.710000000000000000e+02
1.760000000000000000e+02
1.340000000000000000e+02
1.670000000000000000e+02
1.200000000000000000e+02
1.420000000000000000e+02
1.590000000000000000e+02
1.680000000000000000e+02
1.790000000000000000e+02
2.190000000000000000e+02
2.020000000000000000e+02
2.770000000000000000e+02
2.870000000000000000e+02
3.300000000000000000e+02
3.720000000000000000e+02
3.570000000000000000e+02
5.160000000000000000e+02
5.430000000000000000e+02
4.070000000000000000e+02
5.800000000000000000e+02
6.390000000000000000e+02
5.320000000000000000e+02
1.400000000000000000e+03
1.078000000000000000e+03
6.683000000000000000e+03
3.526000000000000000e+03
1.885000000000000000e+03
4.978000000000000000e+03
2.043000000000000000e+03
4.204000000000000000e+03
4.115000000000000000e+03
1.907000000000000000e+03
5.397000000000000000e+03
6.257000000000000000e+03
2.535000000000000000e+03
7.450000000000000000e+03
1.593000000000000000e+03
1.190000000000000000e+03
3.140000000000000000e+02
1.370000000000000000e+02
1.310000000000000000e+02
1.300000000000000000e+02
1.470000000000000000e+02
1.330000000000000000e+02
1.560000000000000000e+02
1.450000000000000000e+02
1.700000000000000000e+02
1.680000000000000000e+02
1.870000000000000000e+02
1.900000000000000000e+02
2.070000000000000000e+02
2.870000000000000000e+02
3.300000000000000000e+02
3.580000000000000000e+02
4.510000000000000000e+02
5.220000000000000000e+02
6.540000000000000000e+02
8.260000000000000000e+02
1.047000000000000000e+03
1.409000000000000000e+03
2.043000000000000000e+03
2.233400000000000000e+04
8.000000000000000000e+01
6.400000000000000000e+01
8.800000000000000000e+01
1.100000000000000000e+02
1.130000000000000000e+02
1.530000000000000000e+02
1.750000000000000000e+02
2.150000000000000000e+02
2.630000000000000000e+02
3.600000000000000000e+02
4.070000000000000000e+02
4.880000000000000000e+02
5.800000000000000000e+02
6.550000000000000000e+02
7.000000000000000000e+02
6.680000000000000000e+02
6.800000000000000000e+02
7.630000000000000000e+02
7.560000000000000000e+02
7.280000000000000000e+02
7.480000000000000000e+02
7.620000000000000000e+02
8.170000000000000000e+02
7.660000000000000000e+02
8.030000000000000000e+02
7.860000000000000000e+02
8.270000000000000000e+02
9.020000000000000000e+02
9.250000000000000000e+02
9.930000000000000000e+02
1.147000000000000000e+03
1.131000000000000000e+03
1.278000000000000000e+03
1.374000000000000000e+03
1.396000000000000000e+03
1.483000000000000000e+03
1.462000000000000000e+03
1.519000000000000000e+03
1.587000000000000000e+03
1.433000000000000000e+03
1.514000000000000000e+03
1.517000000000000000e+03
1.601000000000000000e+03
1.615000000000000000e+03
1.684000000000000000e+03
1.909000000000000000e+03
2.452000000000000000e+03
2.074000000000000000e+03
2.586000000000000000e+03
2.910000000000000000e+03
2.666000000000000000e+03
2.751000000000000000e+03
2.653000000000000000e+03
2.540000000000000000e+03
2.371000000000000000e+03
2.505000000000000000e+03
2.278000000000000000e+03
2.358000000000000000e+03
2.213000000000000000e+03
2.139000000000000000e+03
2.170000000000000000e+03
2.080000000000000000e+03
2.006000000000000000e+03
1.721000000000000000e+03
1.557000000000000000e+03
1.449000000000000000e+03
1.249000000000000000e+03
1.066000000000000000e+03
7.470000000000000000e+02
7.690000000000000000e+02
6.690000000000000000e+02
6.880000000000000000e+02
6.130000000000000000e+02
5.770000000000000000e+02
6.030000000000000000e+02
6.390000000000000000e+02
5.660000000000000000e+02
5.180000000000000000e+02
5.070000000000000000e+02
5.080000000000000000e+02
4.810000000000000000e+02
4.140000000000000000e+02
4.520000000000000000e+02
3.750000000000000000e+02
3.840000000000000000e+02
3.850000000000000000e+02
3.530000000000000000e+02
3.620000000000000000e+02
3.480000000000000000e+02
3.390000000000000000e+02
3.530000000000000000e+02
3.200000000000000000e+02
3.210000000000000000e+02
3.030000000000000000e+02
3.270000000000000000e+02
3.380000000000000000e+02
3.260000000000000000e+02
3.510000000000000000e+02
3.030000000000000000e+02
3.240000000000000000e+02
3.480000000000000000e+02
3.750000000000000000e+02
3.810000000000000000e+02
3.260000000000000000e+02
3.610000000000000000e+02
3.680000000000000000e+02
3.740000000000000000e+02
3.990000000000000000e+02
4.730000000000000000e+02
5.360000000000000000e+02
5.380000000000000000e+02
5.850000000000000000e+02
4.880000000000000000e+02
5.930000000000000000e+02
5.270000000000000000e+02
5.910000000000000000e+02
6.840000000000000000e+02
7.510000000000000000e+02
7.590000000000000000e+02
7.680000000000000000e+02
9.050000000000000000e+02
8.520000000000000000e+02
8.210000000000000000e+02
8.640000000000000000e+02
7.810000000000000000e+02
8.030000000000000000e+02
7.440000000000000000e+02
6.910000000000000000e+02
6.760000000000000000e+02
5.930000000000000000e+02
6.210000000000000000e+02
5.720000000000000000e+02
5.550000000000000000e+02
5.990000000000000000e+02
6.020000000000000000e+02
5.580000000000000000e+02
5.880000000000000000e+02
5.990000000000000000e+02
6.260000000000000000e+02
5.810000000000000000e+02
5.530000000000000000e+02
5.700000000000000000e+02
5.800000000000000000e+02
6.020000000000000000e+02
5.740000000000000000e+02
5.350000000000000000e+02
5.660000000000000000e+02
5.070000000000000000e+02
5.080000000000000000e+02
4.810000000000000000e+02
4.510000000000000000e+02
3.880000000000000000e+02
4.030000000000000000e+02
3.990000000000000000e+02
4.110000000000000000e+02
4.130000000000000000e+02
4.310000000000000000e+02
3.820000000000000000e+02
3.840000000000000000e+02
3.380000000000000000e+02
3.270000000000000000e+02
3.280000000000000000e+02
3.400000000000000000e+02
2.930000000000000000e+02
3.090000000000000000e+02
2.860000000000000000e+02
2.640000000000000000e+02
2.900000000000000000e+02
2.670000000000000000e+02
2.870000000000000000e+02
2.680000000000000000e+02
2.700000000000000000e+02
2.800000000000000000e+02
2.690000000000000000e+02
2.450000000000000000e+02
2.590000000000000000e+02
2.500000000000000000e+02
2.200000000000000000e+02
2.550000000000000000e+02
2.170000000000000000e+02
2.120000000000000000e+02
2.220000000000000000e+02
2.410000000000000000e+02
2.390000000000000000e+02
2.370000000000000000e+02
2.410000000000000000e+02
2.450000000000000000e+02
3.500000000000000000e+02
4.140000000000000000e+02
6.910000000000000000e+02
3.960000000000000000e+02
2.410000000000000000e+02
2.150000000000000000e+02
1.770000000000000000e+02
1.750000000000000000e+02
1.560000000000000000e+02
1.210000000000000000e+02
1.330000000000000000e+02
1.090000000000000000e+02
1.240000000000000000e+02
1.360000000000000000e+02
1.190000000000000000e+02
1.100000000000000000e+02
1.220000000000000000e+02
1.260000000000000000e+02
1.620000000000000000e+02
1.980000000000000000e+02
1.620000000000000000e+02
2.210000000000000000e+02
2.540000000000000000e+02
3.080000000000000000e+02
3.610000000000000000e+02
3.600000000000000000e+02
5.360000000000000000e+02
5.310000000000000000e+02
4.090000000000000000e+02
5.760000000000000000e+02
6.800000000000000000e+02
5.910000000000000000e+02
1.468000000000000000e+03
1.145000000000000000e+03
6.612000000000000000e+03
3.599000000000000000e+03
2.019000000000000000e+03
5.083000000000000000e+03
2.149000000000000000e+03
4.333000000000000000e+03
4.125000000000000000e+03
1.938000000000000000e+03
5.300000000000000000e+03
6.125000000000000000e+03
2.442000000000000000e+03
7.348000000000000000e+03
1.561000000000000000e+03
1.134000000000000000e+03
2.510000000000000000e+02
1.010000000000000000e+02
9.200000000000000000e+01
1.090000000000000000e+02
1.130000000000000000e+02
1.220000000000000000e+02
1.190000000000000000e+02
1.440000000000000000e+02
1.480000000000000000e+02
1.690000000000000000e+02
2.370000000000000000e+02
2.750000000000000000e+02
3.260000000000000000e+02
4.060000000000000000e+02
4.730000000000000000e+02
5.830000000000000000e+02
7.810000000000000000e+02
1.055000000000000000e+03
1.445000000000000000e+03
2.043000000000000000e+03
2.248800000000000000e+04
2.300000000000000000e+01
1.600000000000000000e+01
2.100000000000000000e+01
2.200000000000000000e+01
5.100000000000000000e+01
4.600000000000000000e+01
6.700000000000000000e+01
1.210000000000000000e+02
1.850000000000000000e+02
3.000000000000000000e+02
3.820000000000000000e+02
5.070000000000000000e+02
6.900000000000000000e+02
7.040000000000000000e+02
8.500000000000000000e+02
8.370000000000000000e+02
8.720000000000000000e+02
8.750000000000000000e+02
8.610000000000000000e+02
8.350000000000000000e+02
7.930000000000000000e+02
8.230000000000000000e+02
8.380000000000000000e+02
8.430000000000000000e+02
8.900000000000000000e+02
9.860000000000000000e+02
9.000000000000000000e+02
9.580000000000000000e+02
1.034000000000000000e+03
1.058000000000000000e+03
1.258000000000000000e+03
1.222000000000000000e+03
1.381000000000000000e+03
1.510000000000000000e+03
1.393000000000000000e+03
1.458000000000000000e+03
1.458000000000000000e+03
1.471000000000000000e+03
1.491000000000000000e+03
1.353000000000000000e+03
1.497000000000000000e+03
1.944000000000000000e+03
1.629000000000000000e+03
1.869000000000000000e+03
2.236000000000000000e+03
1.930000000000000000e+03
2.169000000000000000e+03
2.106000000000000000e+03
2.286000000000000000e+03
2.346000000000000000e+03
2.457000000000000000e+03
2.435000000000000000e+03
2.523000000000000000e+03
2.585000000000000000e+03
2.478000000000000000e+03
2.559000000000000000e+03
2.438000000000000000e+03
2.491000000000000000e+03
2.430000000000000000e+03
2.357000000000000000e+03
2.278000000000000000e+03
2.125000000000000000e+03
1.879000000000000000e+03
1.651000000000000000e+03
1.451000000000000000e+03
1.235000000000000000e+03
1.110000000000000000e+03
9.560000000000000000e+02
7.780000000000000000e+02
6.870000000000000000e+02
6.280000000000000000e+02
5.520000000000000000e+02
5.110000000000000000e+02
4.870000000000000000e+02
5.260000000000000000e+02
4.620000000000000000e+02
4.130000000000000000e+02
4.360000000000000000e+02
4.520000000000000000e+02
4.590000000000000000e+02
4.320000000000000000e+02
4.520000000000000000e+02
4.370000000000000000e+02
4.370000000000000000e+02
3.780000000000000000e+02
4.210000000000000000e+02
3.760000000000000000e+02
3.400000000000000000e+02
3.450000000000000000e+02
3.360000000000000000e+02
3.390000000000000000e+02
3.280000000000000000e+02
2.930000000000000000e+02
3.200000000000000000e+02
3.470000000000000000e+02
3.790000000000000000e+02
4.290000000000000000e+02
4.780000000000000000e+02
5.570000000000000000e+02
6.700000000000000000e+02
7.830000000000000000e+02
7.680000000000000000e+02
8.660000000000000000e+02
9.970000000000000000e+02
1.109000000000000000e+03
1.259000000000000000e+03
1.088000000000000000e+03
1.107000000000000000e+03
1.094000000000000000e+03
1.102000000000000000e+03
1.069000000000000000e+03
1.011000000000000000e+03
1.022000000000000000e+03
9.380000000000000000e+02
9.810000000000000000e+02
9.120000000000000000e+02
9.480000000000000000e+02
8.660000000000000000e+02
8.240000000000000000e+02
7.670000000000000000e+02
7.780000000000000000e+02
6.390000000000000000e+02
6.990000000000000000e+02
6.910000000000000000e+02
6.990000000000000000e+02
6.080000000000000000e+02
5.940000000000000000e+02
5.660000000000000000e+02
6.110000000000000000e+02
5.340000000000000000e+02
5.330000000000000000e+02
4.870000000000000000e+02
4.490000000000000000e+02
4.890000000000000000e+02
4.320000000000000000e+02
4.440000000000000000e+02
4.370000000000000000e+02
3.950000000000000000e+02
3.730000000000000000e+02
3.750000000000000000e+02
3.440000000000000000e+02
3.140000000000000000e+02
2.950000000000000000e+02
2.770000000000000000e+02
2.690000000000000000e+02
2.650000000000000000e+02
2.400000000000000000e+02
2.110000000000000000e+02
2.290000000000000000e+02
2.070000000000000000e+02
2.210000000000000000e+02
2.080000000000000000e+02
2.060000000000000000e+02
2.290000000000000000e+02
2.240000000000000000e+02
2.200000000000000000e+02
2.240000000000000000e+02
2.260000000000000000e+02
2.240000000000000000e+02
2.160000000000000000e+02
2.230000000000000000e+02
2.110000000000000000e+02
2.020000000000000000e+02
1.990000000000000000e+02
2.090000000000000000e+02
2.190000000000000000e+02
2.010000000000000000e+02
2.020000000000000000e+02
1.890000000000000000e+02
1.680000000000000000e+02
1.690000000000000000e+02
1.640000000000000000e+02
1.860000000000000000e+02
1.580000000000000000e+02
1.570000000000000000e+02
1.730000000000000000e+02
1.700000000000000000e+02
2.050000000000000000e+02
2.560000000000000000e+02
2.090000000000000000e+02
3.670000000000000000e+02
3.800000000000000000e+02
6.460000000000000000e+02
3.360000000000000000e+02
2.490000000000000000e+02
2.290000000000000000e+02
2.150000000000000000e+02
1.730000000000000000e+02
1.610000000000000000e+02
1.390000000000000000e+02
1.330000000000000000e+02
1.260000000000000000e+02
1.080000000000000000e+02
1.020000000000000000e+02
1.190000000000000000e+02
1.160000000000000000e+02
9.700000000000000000e+01
9.900000000000000000e+01
1.120000000000000000e+02
1.100000000000000000e+02
1.120000000000000000e+02
1.130000000000000000e+02
8.500000000000000000e+01
9.600000000000000000e+01
1.060000000000000000e+02
1.130000000000000000e+02
9.800000000000000000e+01
1.150000000000000000e+02
9.400000000000000000e+01
1.160000000000000000e+02
1.130000000000000000e+02
1.410000000000000000e+02
1.630000000000000000e+02
2.080000000000000000e+02
2.190000000000000000e+02
2.540000000000000000e+02
2.490000000000000000e+02
2.510000000000000000e+02
2.710000000000000000e+02
2.900000000000000000e+02
5.070000000000000000e+02
5.490000000000000000e+02
4.140000000000000000e+02
5.580000000000000000e+02
4.960000000000000000e+02
4.400000000000000000e+02
9.780000000000000000e+02
6.830000000000000000e+02
2.108000000000000000e+03
1.543000000000000000e+03
6.062000000000000000e+03
4.489000000000000000e+03
2.246000000000000000e+03
4.688000000000000000e+03
3.895000000000000000e+03
4.331000000000000000e+03
5.714000000000000000e+03
4.064000000000000000e+03
1.743000000000000000e+03
4.669000000000000000e+03
1.794000000000000000e+03
5.258000000000000000e+03
1.365000000000000000e+03
1.087000000000000000e+03
3.220000000000000000e+02
2.660000000000000000e+02
2.970000000000000000e+02
3.210000000000000000e+02
4.160000000000000000e+02
4.890000000000000000e+02
6.200000000000000000e+02
8.230000000000000000e+02
1.065000000000000000e+03
1.452000000000000000e+03
2.045000000000000000e+03
2.259800000000000000e+04
