7.220000000000000000e+03
2.471000000000000000e+03
1.788000000000000000e+03
1.330000000000000000e+03
9.760000000000000000e+02
8.110000000000000000e+02
7.270000000000000000e+02
6.980000000000000000e+02
7.280000000000000000e+02
7.190000000000000000e+02
7.240000000000000000e+02
7.400000000000000000e+02
7.430000000000000000e+02
8.000000000000000000e+02
9.600000000000000000e+02
9.670000000000000000e+02
1.073000000000000000e+03
1.183000000000000000e+03
1.243000000000000000e+03
1.303000000000000000e+03
1.349000000000000000e+03
1.444000000000000000e+03
1.396000000000000000e+03
1.520000000000000000e+03
1.495000000000000000e+03
1.449000000000000000e+03
1.535000000000000000e+03
1.555000000000000000e+03
1.693000000000000000e+03
1.718000000000000000e+03
1.682000000000000000e+03
1.708000000000000000e+03
1.710000000000000000e+03
1.786000000000000000e+03
1.816000000000000000e+03
1.771000000000000000e+03
1.751000000000000000e+03
1.857000000000000000e+03
1.936000000000000000e+03
1.896000000000000000e+03
1.809000000000000000e+03
1.727000000000000000e+03
1.828000000000000000e+03
1.750000000000000000e+03
1.694000000000000000e+03
1.742000000000000000e+03
1.648000000000000000e+03
1.732000000000000000e+03
1.710000000000000000e+03
1.775000000000000000e+03
1.785000000000000000e+03
1.792000000000000000e+03
1.850000000000000000e+03
1.799000000000000000e+03
1.787000000000000000e+03
1.774000000000000000e+03
1.841000000000000000e+03
1.824000000000000000e+03
1.857000000000000000e+03
1.837000000000000000e+03
1.847000000000000000e+03
1.840000000000000000e+03
1.807000000000000000e+03
1.809000000000000000e+03
1.753000000000000000e+03
1.975000000000000000e+03
1.811000000000000000e+03
1.836000000000000000e+03
1.849000000000000000e+03
1.879000000000000000e+03
1.807000000000000000e+03
1.837000000000000000e+03
1.804000000000000000e+03
1.734000000000000000e+03
1.649000000000000000e+03
1.715000000000000000e+03
1.788000000000000000e+03
1.678000000000000000e+03
1.614000000000000000e+03
1.665000000000000000e+03
1.604000000000000000e+03
1.560000000000000000e+03
1.594000000000000000e+03
1.639000000000000000e+03
1.634000000000000000e+03
1.688000000000000000e+03
1.636000000000000000e+03
1.628000000000000000e+03
1.636000000000000000e+03
1.553000000000000000e+03
1.594000000000000000e+03
1.500000000000000000e+03
1.545000000000000000e+03
1.377000000000000000e+03
1.395000000000000000e+03
1.401000000000000000e+03
1.300000000000000000e+03
1.382000000000000000e+03
1.307000000000000000e+03
1.323000000000000000e+03
1.230000000000000000e+03
1.250000000000000000e+03
1.270000000000000000e+03
1.202000000000000000e+03
1.269000000000000000e+03
1.328000000000000000e+03
1.322000000000000000e+03
1.317000000000000000e+03
1.321000000000000000e+03
1.404000000000000000e+03
1.408000000000000000e+03
1.452000000000000000e+03
1.384000000000000000e+03
1.428000000000000000e+03
1.374000000000000000e+03
1.388000000000000000e+03
1.310000000000000000e+03
1.245000000000000000e+03
1.245000000000000000e+03
1.203000000000000000e+03
1.110000000000000000e+03
1.108000000000000000e+03
1.027000000000000000e+03
1.005000000000000000e+03
9.320000000000000000e+02
8.380000000000000000e+02
8.260000000000000000e+02
7.870000000000000000e+02
7.510000000000000000e+02
7.540000000000000000e+02
7.250000000000000000e+02
7.350000000000000000e+02
7.210000000000000000e+02
6.920000000000000000e+02
6.690000000000000000e+02
6.710000000000000000e+02
6.660000000000000000e+02
5.990000000000000000e+02
5.620000000000000000e+02
5.490000000000000000e+02
5.510000000000000000e+02
5.200000000000000000e+02
4.450000000000000000e+02
4.390000000000000000e+02
4.110000000000000000e+02
3.900000000000000000e+02
3.670000000000000000e+02
3.830000000000000000e+02
3.740000000000000000e+02
3.500000000000000000e+02
3.210000000000000000e+02
3.120000000000000000e+02
3.180000000000000000e+02
3.000000000000000000e+02
2.860000000000000000e+02
2.980000000000000000e+02
3.170000000000000000e+02
3.160000000000000000e+02
3.150000000000000000e+02
2.880000000000000000e+02
3.070000000000000000e+02
3.300000000000000000e+02
3.030000000000000000e+02
3.090000000000000000e+02
2.940000000000000000e+02
3.150000000000000000e+02
2.890000000000000000e+02
3.250000000000000000e+02
3.300000000000000000e+02
3.000000000000000000e+02
3.030000000000000000e+02
2.820000000000000000e+02
2.870000000000000000e+02
2.700000000000000000e+02
3.090000000000000000e+02
2.740000000000000000e+02
2.840000000000000000e+02
2.900000000000000000e+02
2.690000000000000000e+02
2.980000000000000000e+02
2.880000000000000000e+02
2.750000000000000000e+02
2.700000000000000000e+02
2.560000000000000000e+02
2.400000000000000000e+02
2.360000000000000000e+02
1.900000000000000000e+02
2.140000000000000000e+02
2.300000000000000000e+02
2.020000000000000000e+02
1.740000000000000000e+02
1.600000000000000000e+02
1.660000000000000000e+02
1.310000000000000000e+02
1.540000000000000000e+02
1.500000000000000000e+02
1.460000000000000000e+02
1.320000000000000000e+02
1.350000000000000000e+02
1.120000000000000000e+02
1.230000000000000000e+02
1.100000000000000000e+02
9.700000000000000000e+01
1.100000000000000000e+02
1.280000000000000000e+02
1.040000000000000000e+02
1.000000000000000000e+02
1.030000000000000000e+02
1.070000000000000000e+02
1.040000000000000000e+02
1.140000000000000000e+02
8.100000000000000000e+01
8.700000000000000000e+01
7.000000000000000000e+01
8.200000000000000000e+01
4.200000000000000000e+01
5.500000000000000000e+01
5.400000000000000000e+01
4.800000000000000000e+01
2.900000000000000000e+01
3.800000000000000000e+01
3.600000000000000000e+01
2.300000000000000000e+01
2.100000000000000000e+01
3.000000000000000000e+01
2.300000000000000000e+01
2.800000000000000000e+01
3.100000000000000000e+01
2.800000000000000000e+01
3.000000000000000000e+01
4.900000000000000000e+01
4.600000000000000000e+01
7.300000000000000000e+01
1.090000000000000000e+02
1.750000000000000000e+02
2.160000000000000000e+02
3.590000000000000000e+02
5.950000000000000000e+02
9.190000000000000000e+02
1.508000000000000000e+03
2.473000000000000000e+03
3.191000000000000000e+03
2.505000000000000000e+03
1.488000000000000000e+03
9.110000000000000000e+02
5.050000000000000000e+02
3.080000000000000000e+02
1.610000000000000000e+02
1.270000000000000000e+02
9.700000000000000000e+01
8.600000000000000000e+01
9.800000000000000000e+01
1.670000000000000000e+02
1.700000000000000000e+02
2.020000000000000000e+02
3.940000000000000000e+02
5.679000000000000000e+03
2.161000000000000000e+03
1.629000000000000000e+03
1.180000000000000000e+03
9.290000000000000000e+02
7.730000000000000000e+02
6.650000000000000000e+02
5.570000000000000000e+02
5.430000000000000000e+02
5.290000000000000000e+02
4.710000000000000000e+02
4.690000000000000000e+02
4.680000000000000000e+02
4.660000000000000000e+02
5.100000000000000000e+02
4.990000000000000000e+02
5.620000000000000000e+02
5.650000000000000000e+02
5.690000000000000000e+02
5.790000000000000000e+02
6.370000000000000000e+02
6.800000000000000000e+02
7.720000000000000000e+02
8.230000000000000000e+02
9.000000000000000000e+02
9.880000000000000000e+02
1.113000000000000000e+03
1.162000000000000000e+03
1.182000000000000000e+03
1.219000000000000000e+03
1.226000000000000000e+03
1.238000000000000000e+03
1.218000000000000000e+03
1.240000000000000000e+03
1.279000000000000000e+03
1.377000000000000000e+03
1.389000000000000000e+03
1.423000000000000000e+03
1.431000000000000000e+03
1.504000000000000000e+03
1.592000000000000000e+03
1.616000000000000000e+03
1.734000000000000000e+03
1.759000000000000000e+03
1.862000000000000000e+03
1.961000000000000000e+03
2.072000000000000000e+03
2.093000000000000000e+03
2.191000000000000000e+03
2.145000000000000000e+03
2.202000000000000000e+03
2.232000000000000000e+03
2.150000000000000000e+03
2.176000000000000000e+03
2.084000000000000000e+03
2.084000000000000000e+03
2.055000000000000000e+03
1.967000000000000000e+03
2.033000000000000000e+03
1.965000000000000000e+03
1.964000000000000000e+03
1.880000000000000000e+03
1.864000000000000000e+03
1.893000000000000000e+03
1.990000000000000000e+03
1.926000000000000000e+03
1.901000000000000000e+03
1.863000000000000000e+03
1.838000000000000000e+03
1.856000000000000000e+03
1.752000000000000000e+03
1.809000000000000000e+03
1.745000000000000000e+03
1.753000000000000000e+03
1.821000000000000000e+03
1.732000000000000000e+03
1.685000000000000000e+03
1.714000000000000000e+03
1.614000000000000000e+03
1.609000000000000000e+03
1.595000000000000000e+03
1.532000000000000000e+03
1.487000000000000000e+03
1.586000000000000000e+03
1.461000000000000000e+03
1.524000000000000000e+03
1.432000000000000000e+03
1.416000000000000000e+03
1.404000000000000000e+03
1.328000000000000000e+03
1.350000000000000000e+03
1.370000000000000000e+03
1.398000000000000000e+03
1.313000000000000000e+03
1.210000000000000000e+03
1.194000000000000000e+03
1.228000000000000000e+03
1.187000000000000000e+03
1.169000000000000000e+03
1.129000000000000000e+03
1.158000000000000000e+03
1.134000000000000000e+03
1.132000000000000000e+03
1.135000000000000000e+03
1.037000000000000000e+03
1.098000000000000000e+03
1.125000000000000000e+03
1.069000000000000000e+03
1.038000000000000000e+03
1.075000000000000000e+03
1.072000000000000000e+03
1.155000000000000000e+03
1.109000000000000000e+03
1.028000000000000000e+03
1.068000000000000000e+03
1.111000000000000000e+03
1.145000000000000000e+03
1.185000000000000000e+03
1.210000000000000000e+03
1.248000000000000000e+03
1.222000000000000000e+03
1.229000000000000000e+03
1.361000000000000000e+03
1.329000000000000000e+03
1.326000000000000000e+03
1.373000000000000000e+03
1.265000000000000000e+03
1.208000000000000000e+03
1.188000000000000000e+03
1.200000000000000000e+03
1.115000000000000000e+03
1.077000000000000000e+03
1.035000000000000000e+03
9.780000000000000000e+02
9.310000000000000000e+02
8.850000000000000000e+02
9.060000000000000000e+02
8.560000000000000000e+02
8.390000000000000000e+02
9.270000000000000000e+02
9.590000000000000000e+02
8.990000000000000000e+02
9.920000000000000000e+02
1.058000000000000000e+03
1.028000000000000000e+03
8.640000000000000000e+02
8.330000000000000000e+02
8.250000000000000000e+02
8.700000000000000000e+02
8.300000000000000000e+02
8.100000000000000000e+02
8.100000000000000000e+02
7.410000000000000000e+02
7.320000000000000000e+02
7.290000000000000000e+02
6.410000000000000000e+02
6.400000000000000000e+02
6.230000000000000000e+02
5.890000000000000000e+02
5.380000000000000000e+02
4.670000000000000000e+02
4.180000000000000000e+02
4.040000000000000000e+02
4.050000000000000000e+02
4.080000000000000000e+02
3.650000000000000000e+02
4.200000000000000000e+02
4.060000000000000000e+02
4.070000000000000000e+02
3.600000000000000000e+02
3.900000000000000000e+02
3.750000000000000000e+02
3.670000000000000000e+02
3.890000000000000000e+02
3.850000000000000000e+02
3.480000000000000000e+02
3.600000000000000000e+02
3.820000000000000000e+02
3.540000000000000000e+02
3.610000000000000000e+02
4.020000000000000000e+02
3.800000000000000000e+02
3.170000000000000000e+02
3.420000000000000000e+02
3.130000000000000000e+02
3.690000000000000000e+02
2.980000000000000000e+02
3.340000000000000000e+02
2.730000000000000000e+02
2.550000000000000000e+02
2.440000000000000000e+02
2.330000000000000000e+02
1.990000000000000000e+02
2.070000000000000000e+02
1.730000000000000000e+02
1.760000000000000000e+02
1.540000000000000000e+02
1.760000000000000000e+02
1.850000000000000000e+02
1.680000000000000000e+02
1.530000000000000000e+02
1.440000000000000000e+02
1.570000000000000000e+02
1.410000000000000000e+02
1.510000000000000000e+02
1.450000000000000000e+02
1.410000000000000000e+02
1.380000000000000000e+02
1.400000000000000000e+02
1.400000000000000000e+02
1.300000000000000000e+02
1.180000000000000000e+02
1.230000000000000000e+02
1.270000000000000000e+02
1.270000000000000000e+02
1.330000000000000000e+02
1.130000000000000000e+02
1.020000000000000000e+02
9.200000000000000000e+01
9.700000000000000000e+01
1.090000000000000000e+02
8.400000000000000000e+01
8.100000000000000000e+01
5.800000000000000000e+01
5.900000000000000000e+01
4.900000000000000000e+01
5.100000000000000000e+01
6.300000000000000000e+01
3.700000000000000000e+01
4.300000000000000000e+01
4.400000000000000000e+01
5.500000000000000000e+01
6.400000000000000000e+01
6.900000000000000000e+01
9.500000000000000000e+01
1.350000000000000000e+02
2.280000000000000000e+02
3.590000000000000000e+02
6.110000000000000000e+02
1.127000000000000000e+03
2.094000000000000000e+03
3.016000000000000000e+03
2.830000000000000000e+03
1.939000000000000000e+03
1.281000000000000000e+03
7.440000000000000000e+02
4.550000000000000000e+02
3.400000000000000000e+02
1.790000000000000000e+02
1.640000000000000000e+02
1.290000000000000000e+02
1.150000000000000000e+02
1.370000000000000000e+02
1.930000000000000000e+02
2.280000000000000000e+02
4.620000000000000000e+02
5.291000000000000000e+03
1.325000000000000000e+03
1.299000000000000000e+03
1.070000000000000000e+03
1.131000000000000000e+03
1.067000000000000000e+03
1.025000000000000000e+03
1.119000000000000000e+03
1.085000000000000000e+03
1.065000000000000000e+03
1.047000000000000000e+03
1.136000000000000000e+03
1.218000000000000000e+03
1.258000000000000000e+03
1.322000000000000000e+03
1.402000000000000000e+03
1.381000000000000000e+03
1.504000000000000000e+03
1.411000000000000000e+03
1.618000000000000000e+03
1.670000000000000000e+03
1.716000000000000000e+03
1.738000000000000000e+03
1.800000000000000000e+03
1.847000000000000000e+03
2.015000000000000000e+03
2.010000000000000000e+03
2.109000000000000000e+03
2.258000000000000000e+03
2.153000000000000000e+03
2.239000000000000000e+03
2.322000000000000000e+03
2.202000000000000000e+03
2.394000000000000000e+03
2.351000000000000000e+03
2.379000000000000000e+03
2.409000000000000000e+03
2.292000000000000000e+03
2.284000000000000000e+03
2.377000000000000000e+03
2.433000000000000000e+03
2.341000000000000000e+03
2.339000000000000000e+03
2.372000000000000000e+03
2.343000000000000000e+03
2.305000000000000000e+03
2.296000000000000000e+03
2.193000000000000000e+03
2.185000000000000000e+03
2.055000000000000000e+03
2.055000000000000000e+03
1.919000000000000000e+03
1.925000000000000000e+03
1.918000000000000000e+03
1.852000000000000000e+03
1.799000000000000000e+03
1.698000000000000000e+03
1.752000000000000000e+03
1.704000000000000000e+03
1.674000000000000000e+03
1.573000000000000000e+03
1.680000000000000000e+03
1.568000000000000000e+03
1.643000000000000000e+03
1.661000000000000000e+03
1.620000000000000000e+03
1.688000000000000000e+03
1.634000000000000000e+03
1.615000000000000000e+03
1.634000000000000000e+03
1.624000000000000000e+03
1.565000000000000000e+03
1.496000000000000000e+03
1.573000000000000000e+03
1.477000000000000000e+03
1.401000000000000000e+03
1.370000000000000000e+03
1.338000000000000000e+03
1.347000000000000000e+03
1.228000000000000000e+03
1.230000000000000000e+03
1.308000000000000000e+03
1.157000000000000000e+03
1.122000000000000000e+03
1.067000000000000000e+03
1.003000000000000000e+03
9.740000000000000000e+02
9.030000000000000000e+02
8.820000000000000000e+02
8.180000000000000000e+02
7.380000000000000000e+02
7.440000000000000000e+02
7.150000000000000000e+02
6.950000000000000000e+02
6.280000000000000000e+02
6.580000000000000000e+02
6.160000000000000000e+02
6.150000000000000000e+02
5.610000000000000000e+02
5.790000000000000000e+02
5.520000000000000000e+02
5.330000000000000000e+02
5.310000000000000000e+02
5.130000000000000000e+02
5.250000000000000000e+02
5.180000000000000000e+02
4.880000000000000000e+02
4.770000000000000000e+02
4.750000000000000000e+02
4.040000000000000000e+02
4.450000000000000000e+02
4.270000000000000000e+02
4.560000000000000000e+02
4.190000000000000000e+02
4.340000000000000000e+02
5.010000000000000000e+02
4.680000000000000000e+02
4.570000000000000000e+02
4.600000000000000000e+02
4.480000000000000000e+02
4.500000000000000000e+02
4.980000000000000000e+02
4.950000000000000000e+02
5.310000000000000000e+02
5.310000000000000000e+02
5.760000000000000000e+02
6.160000000000000000e+02
6.100000000000000000e+02
6.940000000000000000e+02
6.590000000000000000e+02
7.180000000000000000e+02
7.590000000000000000e+02
7.790000000000000000e+02
7.420000000000000000e+02
7.690000000000000000e+02
7.900000000000000000e+02
7.200000000000000000e+02
6.660000000000000000e+02
6.750000000000000000e+02
6.310000000000000000e+02
5.840000000000000000e+02
6.060000000000000000e+02
5.210000000000000000e+02
5.560000000000000000e+02
5.510000000000000000e+02
4.970000000000000000e+02
5.130000000000000000e+02
4.720000000000000000e+02
4.300000000000000000e+02
4.610000000000000000e+02
4.010000000000000000e+02
4.470000000000000000e+02
4.270000000000000000e+02
4.490000000000000000e+02
4.390000000000000000e+02
4.780000000000000000e+02
5.080000000000000000e+02
5.100000000000000000e+02
5.220000000000000000e+02
5.700000000000000000e+02
5.810000000000000000e+02
6.020000000000000000e+02
6.440000000000000000e+02
6.470000000000000000e+02
5.810000000000000000e+02
6.360000000000000000e+02
6.300000000000000000e+02
5.930000000000000000e+02
5.790000000000000000e+02
5.650000000000000000e+02
4.960000000000000000e+02
4.840000000000000000e+02
4.510000000000000000e+02
4.870000000000000000e+02
5.080000000000000000e+02
4.150000000000000000e+02
4.240000000000000000e+02
4.490000000000000000e+02
4.350000000000000000e+02
4.510000000000000000e+02
4.690000000000000000e+02
4.430000000000000000e+02
4.990000000000000000e+02
4.720000000000000000e+02
4.810000000000000000e+02
4.960000000000000000e+02
4.920000000000000000e+02
4.620000000000000000e+02
4.580000000000000000e+02
4.480000000000000000e+02
4.430000000000000000e+02
4.770000000000000000e+02
4.790000000000000000e+02
4.410000000000000000e+02
4.670000000000000000e+02
4.260000000000000000e+02
4.370000000000000000e+02
4.240000000000000000e+02
4.150000000000000000e+02
3.900000000000000000e+02
4.140000000000000000e+02
4.010000000000000000e+02
4.160000000000000000e+02
3.690000000000000000e+02
4.140000000000000000e+02
4.100000000000000000e+02
3.870000000000000000e+02
4.720000000000000000e+02
5.410000000000000000e+02
5.770000000000000000e+02
4.740000000000000000e+02
4.810000000000000000e+02
4.070000000000000000e+02
3.750000000000000000e+02
3.690000000000000000e+02
3.250000000000000000e+02
3.340000000000000000e+02
2.960000000000000000e+02
2.700000000000000000e+02
2.710000000000000000e+02
2.910000000000000000e+02
2.800000000000000000e+02
2.820000000000000000e+02
2.670000000000000000e+02
3.360000000000000000e+02
3.070000000000000000e+02
3.410000000000000000e+02
3.330000000000000000e+02
3.820000000000000000e+02
3.850000000000000000e+02
3.960000000000000000e+02
3.850000000000000000e+02
4.580000000000000000e+02
5.500000000000000000e+02
6.700000000000000000e+02
8.670000000000000000e+02
1.314000000000000000e+03
1.698000000000000000e+03
1.855000000000000000e+03
1.895000000000000000e+03
1.597000000000000000e+03
1.230000000000000000e+03
9.240000000000000000e+02
6.000000000000000000e+02
3.940000000000000000e+02
2.530000000000000000e+02
1.890000000000000000e+02
1.540000000000000000e+02
1.400000000000000000e+02
1.280000000000000000e+02
1.590000000000000000e+02
2.040000000000000000e+02
8.400000000000000000e+01
1.310000000000000000e+02
3.600000000000000000e+01
7.800000000000000000e+01
