7.210000000000000000e+02
6.260000000000000000e+02
9.460000000000000000e+02
1.192000000000000000e+03
1.029000000000000000e+03
9.180000000000000000e+02
9.240000000000000000e+02
1.179000000000000000e+03
1.943000000000000000e+03
1.332000000000000000e+03
1.496000000000000000e+03
1.594000000000000000e+03
1.410000000000000000e+03
1.503000000000000000e+03
1.218000000000000000e+03
9.460000000000000000e+02
1.008000000000000000e+03
1.063000000000000000e+03
9.160000000000000000e+02
9.350000000000000000e+02
8.000000000000000000e+02
7.980000000000000000e+02
8.440000000000000000e+02
8.690000000000000000e+02
8.870000000000000000e+02
8.250000000000000000e+02
8.170000000000000000e+02
8.330000000000000000e+02
8.560000000000000000e+02
8.150000000000000000e+02
8.070000000000000000e+02
8.580000000000000000e+02
9.160000000000000000e+02
9.610000000000000000e+02
9.870000000000000000e+02
9.470000000000000000e+02
9.040000000000000000e+02
8.920000000000000000e+02
9.040000000000000000e+02
8.670000000000000000e+02
9.610000000000000000e+02
1.044000000000000000e+03
1.094000000000000000e+03
1.094000000000000000e+03
1.198000000000000000e+03
1.395000000000000000e+03
1.493000000000000000e+03
1.442000000000000000e+03
1.332000000000000000e+03
1.291000000000000000e+03
1.224000000000000000e+03
1.171000000000000000e+03
1.133000000000000000e+03
1.087000000000000000e+03
9.920000000000000000e+02
1.022000000000000000e+03
1.016000000000000000e+03
9.750000000000000000e+02
1.070000000000000000e+03
1.133000000000000000e+03
1.152000000000000000e+03
1.168000000000000000e+03
1.119000000000000000e+03
1.070000000000000000e+03
1.119000000000000000e+03
9.820000000000000000e+02
1.023000000000000000e+03
9.920000000000000000e+02
9.560000000000000000e+02
1.013000000000000000e+03
9.620000000000000000e+02
9.840000000000000000e+02
9.350000000000000000e+02
8.960000000000000000e+02
9.200000000000000000e+02
8.440000000000000000e+02
7.470000000000000000e+02
7.840000000000000000e+02
7.640000000000000000e+02
7.530000000000000000e+02
7.380000000000000000e+02
7.000000000000000000e+02
7.260000000000000000e+02
6.810000000000000000e+02
6.770000000000000000e+02
6.760000000000000000e+02
7.390000000000000000e+02
7.900000000000000000e+02
7.900000000000000000e+02
7.630000000000000000e+02
7.450000000000000000e+02
7.460000000000000000e+02
7.060000000000000000e+02
7.220000000000000000e+02
7.330000000000000000e+02
7.000000000000000000e+02
7.840000000000000000e+02
7.890000000000000000e+02
7.940000000000000000e+02
7.220000000000000000e+02
7.400000000000000000e+02
8.080000000000000000e+02
7.140000000000000000e+02
6.660000000000000000e+02
6.990000000000000000e+02
6.840000000000000000e+02
7.600000000000000000e+02
7.330000000000000000e+02
7.120000000000000000e+02
7.580000000000000000e+02
7.430000000000000000e+02
6.740000000000000000e+02
6.510000000000000000e+02
7.340000000000000000e+02
6.700000000000000000e+02
6.780000000000000000e+02
7.180000000000000000e+02
7.190000000000000000e+02
7.520000000000000000e+02
7.990000000000000000e+02
7.830000000000000000e+02
8.030000000000000000e+02
6.870000000000000000e+02
6.240000000000000000e+02
5.840000000000000000e+02
5.660000000000000000e+02
5.630000000000000000e+02
5.220000000000000000e+02
5.370000000000000000e+02
5.330000000000000000e+02
5.270000000000000000e+02
5.220000000000000000e+02
5.600000000000000000e+02
5.870000000000000000e+02
5.690000000000000000e+02
5.900000000000000000e+02
5.690000000000000000e+02
5.760000000000000000e+02
5.990000000000000000e+02
5.830000000000000000e+02
5.570000000000000000e+02
6.100000000000000000e+02
6.210000000000000000e+02
6.600000000000000000e+02
6.560000000000000000e+02
6.590000000000000000e+02
6.240000000000000000e+02
6.160000000000000000e+02
6.420000000000000000e+02
6.700000000000000000e+02
7.070000000000000000e+02
7.510000000000000000e+02
7.180000000000000000e+02
7.640000000000000000e+02
8.580000000000000000e+02
9.500000000000000000e+02
9.190000000000000000e+02
1.012000000000000000e+03
1.120000000000000000e+03
1.203000000000000000e+03
1.130000000000000000e+03
1.343000000000000000e+03
1.375000000000000000e+03
1.613000000000000000e+03
1.702000000000000000e+03
1.923000000000000000e+03
2.295000000000000000e+03
2.583000000000000000e+03
2.917000000000000000e+03
3.204000000000000000e+03
3.211000000000000000e+03
3.191000000000000000e+03
3.283000000000000000e+03
3.276000000000000000e+03
3.526000000000000000e+03
3.742000000000000000e+03
3.721000000000000000e+03
3.799000000000000000e+03
3.672000000000000000e+03
3.287000000000000000e+03
3.037000000000000000e+03
2.592000000000000000e+03
2.266000000000000000e+03
1.971000000000000000e+03
1.714000000000000000e+03
1.430000000000000000e+03
1.265000000000000000e+03
1.159000000000000000e+03
1.120000000000000000e+03
1.064000000000000000e+03
1.041000000000000000e+03
8.870000000000000000e+02
8.160000000000000000e+02
8.210000000000000000e+02
8.530000000000000000e+02
7.930000000000000000e+02
8.470000000000000000e+02
8.220000000000000000e+02
8.400000000000000000e+02
8.030000000000000000e+02
7.940000000000000000e+02
7.540000000000000000e+02
7.560000000000000000e+02
6.890000000000000000e+02
6.140000000000000000e+02
6.390000000000000000e+02
7.760000000000000000e+02
7.140000000000000000e+02
7.970000000000000000e+02
6.000000000000000000e+02
4.910000000000000000e+02
4.440000000000000000e+02
3.830000000000000000e+02
3.390000000000000000e+02
2.820000000000000000e+02
2.790000000000000000e+02
2.640000000000000000e+02
2.370000000000000000e+02
2.480000000000000000e+02
2.540000000000000000e+02
2.590000000000000000e+02
2.730000000000000000e+02
2.750000000000000000e+02
3.700000000000000000e+02
4.170000000000000000e+02
8.890000000000000000e+02
7.000000000000000000e+02
1.097000000000000000e+03
5.600000000000000000e+02
5.210000000000000000e+02
5.850000000000000000e+02
4.880000000000000000e+02
3.210000000000000000e+02
2.430000000000000000e+02
1.760000000000000000e+02
1.550000000000000000e+02
1.410000000000000000e+02
1.290000000000000000e+02
1.660000000000000000e+02
1.580000000000000000e+02
1.200000000000000000e+02
1.500000000000000000e+02
1.740000000000000000e+02
1.590000000000000000e+02
1.680000000000000000e+02
1.480000000000000000e+02
1.300000000000000000e+02
1.300000000000000000e+02
1.150000000000000000e+02
8.200000000000000000e+01
7.600000000000000000e+01
6.200000000000000000e+01
4.300000000000000000e+01
3.600000000000000000e+01
5.400000000000000000e+01
1.720000000000000000e+02
4.520000000000000000e+02
5.450000000000000000e+02
9.020000000000000000e+02
1.074000000000000000e+03
9.420000000000000000e+02
8.040000000000000000e+02
8.470000000000000000e+02
1.183000000000000000e+03
1.682000000000000000e+03
1.069000000000000000e+03
1.060000000000000000e+03
1.374000000000000000e+03
1.060000000000000000e+03
1.260000000000000000e+03
9.310000000000000000e+02
9.090000000000000000e+02
9.040000000000000000e+02
8.490000000000000000e+02
7.460000000000000000e+02
6.640000000000000000e+02
6.180000000000000000e+02
6.180000000000000000e+02
6.060000000000000000e+02
6.240000000000000000e+02
6.640000000000000000e+02
6.950000000000000000e+02
5.980000000000000000e+02
6.700000000000000000e+02
7.180000000000000000e+02
6.700000000000000000e+02
8.170000000000000000e+02
7.460000000000000000e+02
7.590000000000000000e+02
6.950000000000000000e+02
7.560000000000000000e+02
7.250000000000000000e+02
7.390000000000000000e+02
6.710000000000000000e+02
6.880000000000000000e+02
7.430000000000000000e+02
7.340000000000000000e+02
7.600000000000000000e+02
7.620000000000000000e+02
6.660000000000000000e+02
7.310000000000000000e+02
7.500000000000000000e+02
8.360000000000000000e+02
8.970000000000000000e+02
9.750000000000000000e+02
9.870000000000000000e+02
9.850000000000000000e+02
1.054000000000000000e+03
1.135000000000000000e+03
1.061000000000000000e+03
9.910000000000000000e+02
9.310000000000000000e+02
9.510000000000000000e+02
8.930000000000000000e+02
9.120000000000000000e+02
8.320000000000000000e+02
7.570000000000000000e+02
7.400000000000000000e+02
7.650000000000000000e+02
6.760000000000000000e+02
6.870000000000000000e+02
6.620000000000000000e+02
6.500000000000000000e+02
6.290000000000000000e+02
6.840000000000000000e+02
6.390000000000000000e+02
6.400000000000000000e+02
6.010000000000000000e+02
6.280000000000000000e+02
6.750000000000000000e+02
6.710000000000000000e+02
6.600000000000000000e+02
6.400000000000000000e+02
6.190000000000000000e+02
6.410000000000000000e+02
5.890000000000000000e+02
6.270000000000000000e+02
6.410000000000000000e+02
6.410000000000000000e+02
7.800000000000000000e+02
7.450000000000000000e+02
6.340000000000000000e+02
6.020000000000000000e+02
5.930000000000000000e+02
6.030000000000000000e+02
5.560000000000000000e+02
6.320000000000000000e+02
6.590000000000000000e+02
7.490000000000000000e+02
7.600000000000000000e+02
7.700000000000000000e+02
8.580000000000000000e+02
8.730000000000000000e+02
8.720000000000000000e+02
8.620000000000000000e+02
8.620000000000000000e+02
9.490000000000000000e+02
1.010000000000000000e+03
1.127000000000000000e+03
1.056000000000000000e+03
1.112000000000000000e+03
1.112000000000000000e+03
1.022000000000000000e+03
9.740000000000000000e+02
9.810000000000000000e+02
9.520000000000000000e+02
9.390000000000000000e+02
1.046000000000000000e+03
9.810000000000000000e+02
9.800000000000000000e+02
1.059000000000000000e+03
1.018000000000000000e+03
1.056000000000000000e+03
1.078000000000000000e+03
1.023000000000000000e+03
9.950000000000000000e+02
1.060000000000000000e+03
1.048000000000000000e+03
1.058000000000000000e+03
1.060000000000000000e+03
1.103000000000000000e+03
1.103000000000000000e+03
1.118000000000000000e+03
1.137000000000000000e+03
1.125000000000000000e+03
1.139000000000000000e+03
1.151000000000000000e+03
1.174000000000000000e+03
1.183000000000000000e+03
1.198000000000000000e+03
1.262000000000000000e+03
1.236000000000000000e+03
1.229000000000000000e+03
1.181000000000000000e+03
1.115000000000000000e+03
1.151000000000000000e+03
1.112000000000000000e+03
1.150000000000000000e+03
1.139000000000000000e+03
1.142000000000000000e+03
1.099000000000000000e+03
1.024000000000000000e+03
1.054000000000000000e+03
1.088000000000000000e+03
1.085000000000000000e+03
1.189000000000000000e+03
1.129000000000000000e+03
1.107000000000000000e+03
1.134000000000000000e+03
1.109000000000000000e+03
1.140000000000000000e+03
1.109000000000000000e+03
1.231000000000000000e+03
1.179000000000000000e+03
1.251000000000000000e+03
1.320000000000000000e+03
1.332000000000000000e+03
1.458000000000000000e+03
1.500000000000000000e+03
1.662000000000000000e+03
1.800000000000000000e+03
2.007000000000000000e+03
2.289000000000000000e+03
2.566000000000000000e+03
2.770000000000000000e+03
2.879000000000000000e+03
2.849000000000000000e+03
2.891000000000000000e+03
2.756000000000000000e+03
2.898000000000000000e+03
3.049000000000000000e+03
3.346000000000000000e+03
3.524000000000000000e+03
3.574000000000000000e+03
3.631000000000000000e+03
3.386000000000000000e+03
3.022000000000000000e+03
2.545000000000000000e+03
2.124000000000000000e+03
1.860000000000000000e+03
1.508000000000000000e+03
1.280000000000000000e+03
1.064000000000000000e+03
9.360000000000000000e+02
9.400000000000000000e+02
9.140000000000000000e+02
8.180000000000000000e+02
6.400000000000000000e+02
5.320000000000000000e+02
4.760000000000000000e+02
4.900000000000000000e+02
5.460000000000000000e+02
6.170000000000000000e+02
6.860000000000000000e+02
7.100000000000000000e+02
6.470000000000000000e+02
5.180000000000000000e+02
6.170000000000000000e+02
5.830000000000000000e+02
6.710000000000000000e+02
4.350000000000000000e+02
3.350000000000000000e+02
2.810000000000000000e+02
2.570000000000000000e+02
2.940000000000000000e+02
2.990000000000000000e+02
3.140000000000000000e+02
3.230000000000000000e+02
3.050000000000000000e+02
2.870000000000000000e+02
2.750000000000000000e+02
2.800000000000000000e+02
2.820000000000000000e+02
3.280000000000000000e+02
3.460000000000000000e+02
4.700000000000000000e+02
5.440000000000000000e+02
6.290000000000000000e+02
1.051000000000000000e+03
1.042000000000000000e+03
8.190000000000000000e+02
7.190000000000000000e+02
7.970000000000000000e+02
7.920000000000000000e+02
5.790000000000000000e+02
4.760000000000000000e+02
3.770000000000000000e+02
3.370000000000000000e+02
3.280000000000000000e+02
2.750000000000000000e+02
3.000000000000000000e+02
3.110000000000000000e+02
2.600000000000000000e+02
1.940000000000000000e+02
1.900000000000000000e+02
1.870000000000000000e+02
1.280000000000000000e+02
1.250000000000000000e+02
1.220000000000000000e+02
1.540000000000000000e+02
1.700000000000000000e+02
1.880000000000000000e+02
2.290000000000000000e+02
2.350000000000000000e+02
2.900000000000000000e+02
3.290000000000000000e+02
3.010000000000000000e+02
2.930000000000000000e+02
1.780000000000000000e+02
1.510000000000000000e+02
1.040000000000000000e+02
1.900000000000000000e+02
1.810000000000000000e+02
1.280000000000000000e+02
2.940000000000000000e+02
4.440000000000000000e+02
5.800000000000000000e+02
6.220000000000000000e+02
8.070000000000000000e+02
9.620000000000000000e+02
1.539000000000000000e+03
9.440000000000000000e+02
1.002000000000000000e+03
1.076000000000000000e+03
9.170000000000000000e+02
9.570000000000000000e+02
8.610000000000000000e+02
1.104000000000000000e+03
7.280000000000000000e+02
9.770000000000000000e+02
7.850000000000000000e+02
7.110000000000000000e+02
7.350000000000000000e+02
7.600000000000000000e+02
6.600000000000000000e+02
5.640000000000000000e+02
5.260000000000000000e+02
5.090000000000000000e+02
4.780000000000000000e+02
4.650000000000000000e+02
4.690000000000000000e+02
4.700000000000000000e+02
4.700000000000000000e+02
4.800000000000000000e+02
4.910000000000000000e+02
5.280000000000000000e+02
5.320000000000000000e+02
5.280000000000000000e+02
5.180000000000000000e+02
6.090000000000000000e+02
5.750000000000000000e+02
6.310000000000000000e+02
5.990000000000000000e+02
6.800000000000000000e+02
6.280000000000000000e+02
6.300000000000000000e+02
6.400000000000000000e+02
6.380000000000000000e+02
6.520000000000000000e+02
6.720000000000000000e+02
6.660000000000000000e+02
6.770000000000000000e+02
6.880000000000000000e+02
6.840000000000000000e+02
6.850000000000000000e+02
6.120000000000000000e+02
6.610000000000000000e+02
6.840000000000000000e+02
7.590000000000000000e+02
7.550000000000000000e+02
8.270000000000000000e+02
8.800000000000000000e+02
9.110000000000000000e+02
1.022000000000000000e+03
1.049000000000000000e+03
1.030000000000000000e+03
9.970000000000000000e+02
9.450000000000000000e+02
9.660000000000000000e+02
8.600000000000000000e+02
7.640000000000000000e+02
7.800000000000000000e+02
7.280000000000000000e+02
6.660000000000000000e+02
6.760000000000000000e+02
6.870000000000000000e+02
6.350000000000000000e+02
6.590000000000000000e+02
6.320000000000000000e+02
5.920000000000000000e+02
6.300000000000000000e+02
5.610000000000000000e+02
5.960000000000000000e+02
6.410000000000000000e+02
6.860000000000000000e+02
6.560000000000000000e+02
6.290000000000000000e+02
6.260000000000000000e+02
6.160000000000000000e+02
6.250000000000000000e+02
6.520000000000000000e+02
6.200000000000000000e+02
5.990000000000000000e+02
6.640000000000000000e+02
6.380000000000000000e+02
6.300000000000000000e+02
6.560000000000000000e+02
6.820000000000000000e+02
6.820000000000000000e+02
7.090000000000000000e+02
7.260000000000000000e+02
7.480000000000000000e+02
7.870000000000000000e+02
7.820000000000000000e+02
8.340000000000000000e+02
9.270000000000000000e+02
8.670000000000000000e+02
8.760000000000000000e+02
9.440000000000000000e+02
9.800000000000000000e+02
9.800000000000000000e+02
1.059000000000000000e+03
1.091000000000000000e+03
1.055000000000000000e+03
1.134000000000000000e+03
1.154000000000000000e+03
1.213000000000000000e+03
1.264000000000000000e+03
1.257000000000000000e+03
1.224000000000000000e+03
1.276000000000000000e+03
1.190000000000000000e+03
1.333000000000000000e+03
1.310000000000000000e+03
1.235000000000000000e+03
1.267000000000000000e+03
1.353000000000000000e+03
1.318000000000000000e+03
1.293000000000000000e+03
1.367000000000000000e+03
1.394000000000000000e+03
1.454000000000000000e+03
1.499000000000000000e+03
1.460000000000000000e+03
1.495000000000000000e+03
1.491000000000000000e+03
1.393000000000000000e+03
1.329000000000000000e+03
1.371000000000000000e+03
1.290000000000000000e+03
1.346000000000000000e+03
1.382000000000000000e+03
1.355000000000000000e+03
1.458000000000000000e+03
1.436000000000000000e+03
1.405000000000000000e+03
1.402000000000000000e+03
1.376000000000000000e+03
1.311000000000000000e+03
1.295000000000000000e+03
1.269000000000000000e+03
1.300000000000000000e+03
1.213000000000000000e+03
1.249000000000000000e+03
1.197000000000000000e+03
1.109000000000000000e+03
1.078000000000000000e+03
1.221000000000000000e+03
1.149000000000000000e+03
1.082000000000000000e+03
1.225000000000000000e+03
1.203000000000000000e+03
1.267000000000000000e+03
1.235000000000000000e+03
1.277000000000000000e+03
1.377000000000000000e+03
1.386000000000000000e+03
1.506000000000000000e+03
1.719000000000000000e+03
1.823000000000000000e+03
1.892000000000000000e+03
2.075000000000000000e+03
2.123000000000000000e+03
2.248000000000000000e+03
2.329000000000000000e+03
2.550000000000000000e+03
2.647000000000000000e+03
2.795000000000000000e+03
2.905000000000000000e+03
3.107000000000000000e+03
3.259000000000000000e+03
3.190000000000000000e+03
3.194000000000000000e+03
2.990000000000000000e+03
2.906000000000000000e+03
2.655000000000000000e+03
2.234000000000000000e+03
1.857000000000000000e+03
1.441000000000000000e+03
1.182000000000000000e+03
1.008000000000000000e+03
8.520000000000000000e+02
7.020000000000000000e+02
6.240000000000000000e+02
6.510000000000000000e+02
8.110000000000000000e+02
9.340000000000000000e+02
9.520000000000000000e+02
9.090000000000000000e+02
9.480000000000000000e+02
6.590000000000000000e+02
5.620000000000000000e+02
4.000000000000000000e+02
3.540000000000000000e+02
3.080000000000000000e+02
2.760000000000000000e+02
3.010000000000000000e+02
3.100000000000000000e+02
2.990000000000000000e+02
3.350000000000000000e+02
3.950000000000000000e+02
3.610000000000000000e+02
4.040000000000000000e+02
3.830000000000000000e+02
4.690000000000000000e+02
5.360000000000000000e+02
6.370000000000000000e+02
7.600000000000000000e+02
7.280000000000000000e+02
1.133000000000000000e+03
9.080000000000000000e+02
8.720000000000000000e+02
8.380000000000000000e+02
5.760000000000000000e+02
6.900000000000000000e+02
6.030000000000000000e+02
7.190000000000000000e+02
6.250000000000000000e+02
5.780000000000000000e+02
5.230000000000000000e+02
4.430000000000000000e+02
3.550000000000000000e+02
3.060000000000000000e+02
2.530000000000000000e+02
2.660000000000000000e+02
3.120000000000000000e+02
2.900000000000000000e+02
2.860000000000000000e+02
2.830000000000000000e+02
2.810000000000000000e+02
2.870000000000000000e+02
3.440000000000000000e+02
3.270000000000000000e+02
3.600000000000000000e+02
4.040000000000000000e+02
3.630000000000000000e+02
3.710000000000000000e+02
4.180000000000000000e+02
4.270000000000000000e+02
4.500000000000000000e+02
4.580000000000000000e+02
4.440000000000000000e+02
3.850000000000000000e+02
3.560000000000000000e+02
3.740000000000000000e+02
4.350000000000000000e+02
3.670000000000000000e+02
1.441000000000000000e+03
