8.625000000000000000e+03
5.706000000000000000e+03
5.778000000000000000e+03
4.999000000000000000e+03
3.980000000000000000e+03
3.272000000000000000e+03
2.731000000000000000e+03
2.535000000000000000e+03
2.402000000000000000e+03
2.211000000000000000e+03
1.960000000000000000e+03
1.852000000000000000e+03
1.797000000000000000e+03
1.764000000000000000e+03
1.807000000000000000e+03
1.674000000000000000e+03
1.755000000000000000e+03
1.704000000000000000e+03
1.587000000000000000e+03
1.466000000000000000e+03
1.257000000000000000e+03
1.273000000000000000e+03
1.266000000000000000e+03
1.124000000000000000e+03
1.130000000000000000e+03
1.092000000000000000e+03
1.110000000000000000e+03
1.048000000000000000e+03
1.089000000000000000e+03
1.025000000000000000e+03
1.052000000000000000e+03
1.213000000000000000e+03
1.179000000000000000e+03
1.221000000000000000e+03
1.218000000000000000e+03
1.190000000000000000e+03
1.239000000000000000e+03
1.345000000000000000e+03
1.238000000000000000e+03
1.206000000000000000e+03
1.273000000000000000e+03
1.351000000000000000e+03
1.573000000000000000e+03
1.600000000000000000e+03
1.533000000000000000e+03
1.521000000000000000e+03
1.375000000000000000e+03
1.551000000000000000e+03
1.486000000000000000e+03
1.582000000000000000e+03
1.602000000000000000e+03
1.606000000000000000e+03
1.529000000000000000e+03
1.427000000000000000e+03
1.395000000000000000e+03
1.489000000000000000e+03
1.376000000000000000e+03
1.372000000000000000e+03
1.316000000000000000e+03
1.386000000000000000e+03
1.347000000000000000e+03
1.442000000000000000e+03
1.404000000000000000e+03
1.470000000000000000e+03
1.358000000000000000e+03
1.359000000000000000e+03
1.236000000000000000e+03
1.247000000000000000e+03
1.198000000000000000e+03
1.202000000000000000e+03
1.092000000000000000e+03
1.094000000000000000e+03
1.057000000000000000e+03
9.820000000000000000e+02
1.017000000000000000e+03
9.950000000000000000e+02
9.650000000000000000e+02
9.350000000000000000e+02
8.500000000000000000e+02
8.620000000000000000e+02
9.370000000000000000e+02
9.120000000000000000e+02
9.340000000000000000e+02
9.040000000000000000e+02
8.960000000000000000e+02
9.050000000000000000e+02
9.300000000000000000e+02
1.013000000000000000e+03
9.560000000000000000e+02
1.054000000000000000e+03
1.000000000000000000e+03
8.900000000000000000e+02
9.250000000000000000e+02
9.340000000000000000e+02
9.350000000000000000e+02
9.180000000000000000e+02
9.440000000000000000e+02
9.830000000000000000e+02
9.220000000000000000e+02
9.880000000000000000e+02
9.670000000000000000e+02
9.080000000000000000e+02
8.920000000000000000e+02
9.220000000000000000e+02
8.840000000000000000e+02
8.290000000000000000e+02
8.370000000000000000e+02
9.140000000000000000e+02
8.960000000000000000e+02
8.040000000000000000e+02
7.500000000000000000e+02
7.980000000000000000e+02
7.770000000000000000e+02
7.760000000000000000e+02
8.150000000000000000e+02
7.530000000000000000e+02
7.220000000000000000e+02
7.110000000000000000e+02
7.080000000000000000e+02
6.920000000000000000e+02
6.470000000000000000e+02
6.570000000000000000e+02
6.560000000000000000e+02
6.110000000000000000e+02
5.550000000000000000e+02
5.580000000000000000e+02
5.300000000000000000e+02
5.270000000000000000e+02
5.100000000000000000e+02
5.590000000000000000e+02
4.870000000000000000e+02
5.110000000000000000e+02
4.470000000000000000e+02
4.690000000000000000e+02
4.690000000000000000e+02
4.380000000000000000e+02
4.470000000000000000e+02
4.530000000000000000e+02
3.810000000000000000e+02
4.390000000000000000e+02
3.640000000000000000e+02
3.460000000000000000e+02
3.540000000000000000e+02
3.680000000000000000e+02
3.800000000000000000e+02
3.330000000000000000e+02
3.820000000000000000e+02
3.640000000000000000e+02
3.800000000000000000e+02
4.110000000000000000e+02
4.170000000000000000e+02
4.570000000000000000e+02
5.270000000000000000e+02
5.160000000000000000e+02
5.130000000000000000e+02
5.430000000000000000e+02
5.920000000000000000e+02
6.240000000000000000e+02
6.790000000000000000e+02
7.960000000000000000e+02
8.970000000000000000e+02
9.550000000000000000e+02
1.016000000000000000e+03
1.032000000000000000e+03
9.910000000000000000e+02
1.049000000000000000e+03
1.046000000000000000e+03
1.026000000000000000e+03
1.266000000000000000e+03
1.352000000000000000e+03
1.532000000000000000e+03
1.532000000000000000e+03
1.615000000000000000e+03
1.751000000000000000e+03
1.802000000000000000e+03
1.870000000000000000e+03
1.733000000000000000e+03
1.672000000000000000e+03
1.514000000000000000e+03
1.315000000000000000e+03
1.112000000000000000e+03
9.450000000000000000e+02
7.460000000000000000e+02
6.440000000000000000e+02
5.480000000000000000e+02
4.320000000000000000e+02
3.480000000000000000e+02
3.110000000000000000e+02
2.610000000000000000e+02
2.250000000000000000e+02
1.770000000000000000e+02
1.550000000000000000e+02
1.540000000000000000e+02
1.270000000000000000e+02
1.540000000000000000e+02
1.010000000000000000e+02
1.140000000000000000e+02
1.150000000000000000e+02
1.480000000000000000e+02
1.320000000000000000e+02
1.380000000000000000e+02
1.420000000000000000e+02
1.110000000000000000e+02
1.040000000000000000e+02
1.310000000000000000e+02
1.120000000000000000e+02
1.320000000000000000e+02
1.080000000000000000e+02
1.180000000000000000e+02
1.070000000000000000e+02
9.700000000000000000e+01
1.270000000000000000e+02
1.010000000000000000e+02
1.090000000000000000e+02
1.100000000000000000e+02
1.060000000000000000e+02
1.060000000000000000e+02
1.190000000000000000e+02
1.200000000000000000e+02
1.170000000000000000e+02
1.330000000000000000e+02
1.310000000000000000e+02
1.040000000000000000e+02
1.340000000000000000e+02
1.260000000000000000e+02
1.140000000000000000e+02
1.130000000000000000e+02
7.700000000000000000e+01
1.090000000000000000e+02
9.800000000000000000e+01
8.900000000000000000e+01
7.900000000000000000e+01
8.600000000000000000e+01
7.200000000000000000e+01
5.500000000000000000e+01
8.000000000000000000e+01
9.300000000000000000e+01
1.100000000000000000e+02
1.270000000000000000e+02
1.470000000000000000e+02
2.380000000000000000e+02
7.540000000000000000e+02
1.954000000000000000e+03
5.941000000000000000e+03
2.082000000000000000e+03
1.090000000000000000e+02
3.800000000000000000e+01
2.600000000000000000e+01
1.800000000000000000e+01
1.200000000000000000e+01
8.000000000000000000e+00
2.000000000000000000e+00
3.000000000000000000e+00
0.000000000000000000e+00
1.000000000000000000e+00
0.000000000000000000e+00
7.770000000000000000e+02
9.160000000000000000e+02
1.197000000000000000e+03
1.392000000000000000e+03
1.474000000000000000e+03
1.298000000000000000e+03
1.140000000000000000e+03
1.237000000000000000e+03
1.244000000000000000e+03
1.226000000000000000e+03
1.148000000000000000e+03
1.144000000000000000e+03
1.190000000000000000e+03
1.212000000000000000e+03
1.293000000000000000e+03
1.369000000000000000e+03
1.353000000000000000e+03
1.366000000000000000e+03
1.248000000000000000e+03
1.250000000000000000e+03
1.146000000000000000e+03
1.043000000000000000e+03
1.015000000000000000e+03
9.290000000000000000e+02
9.360000000000000000e+02
9.300000000000000000e+02
9.400000000000000000e+02
8.460000000000000000e+02
8.100000000000000000e+02
8.340000000000000000e+02
8.440000000000000000e+02
8.480000000000000000e+02
8.260000000000000000e+02
9.280000000000000000e+02
9.620000000000000000e+02
9.720000000000000000e+02
9.210000000000000000e+02
1.044000000000000000e+03
9.430000000000000000e+02
1.043000000000000000e+03
1.064000000000000000e+03
1.160000000000000000e+03
1.195000000000000000e+03
1.185000000000000000e+03
1.171000000000000000e+03
1.301000000000000000e+03
1.281000000000000000e+03
1.372000000000000000e+03
1.322000000000000000e+03
1.403000000000000000e+03
1.458000000000000000e+03
1.543000000000000000e+03
1.588000000000000000e+03
1.639000000000000000e+03
1.571000000000000000e+03
1.533000000000000000e+03
1.450000000000000000e+03
1.459000000000000000e+03
1.370000000000000000e+03
1.353000000000000000e+03
1.383000000000000000e+03
1.390000000000000000e+03
1.353000000000000000e+03
1.379000000000000000e+03
1.460000000000000000e+03
1.549000000000000000e+03
1.530000000000000000e+03
1.617000000000000000e+03
1.632000000000000000e+03
1.697000000000000000e+03
1.412000000000000000e+03
1.268000000000000000e+03
1.213000000000000000e+03
1.235000000000000000e+03
1.240000000000000000e+03
1.224000000000000000e+03
1.169000000000000000e+03
1.194000000000000000e+03
1.208000000000000000e+03
1.229000000000000000e+03
1.249000000000000000e+03
1.279000000000000000e+03
1.403000000000000000e+03
1.430000000000000000e+03
1.499000000000000000e+03
1.457000000000000000e+03
1.590000000000000000e+03
1.587000000000000000e+03
1.667000000000000000e+03
1.773000000000000000e+03
1.778000000000000000e+03
1.732000000000000000e+03
1.630000000000000000e+03
1.579000000000000000e+03
1.488000000000000000e+03
1.398000000000000000e+03
1.439000000000000000e+03
1.339000000000000000e+03
1.225000000000000000e+03
1.205000000000000000e+03
1.165000000000000000e+03
1.052000000000000000e+03
1.034000000000000000e+03
9.850000000000000000e+02
9.700000000000000000e+02
9.400000000000000000e+02
8.510000000000000000e+02
8.550000000000000000e+02
7.900000000000000000e+02
7.850000000000000000e+02
7.280000000000000000e+02
7.190000000000000000e+02
6.670000000000000000e+02
7.590000000000000000e+02
7.280000000000000000e+02
7.230000000000000000e+02
7.790000000000000000e+02
7.560000000000000000e+02
7.280000000000000000e+02
7.650000000000000000e+02
7.900000000000000000e+02
8.090000000000000000e+02
8.130000000000000000e+02
7.660000000000000000e+02
7.580000000000000000e+02
8.060000000000000000e+02
8.000000000000000000e+02
8.530000000000000000e+02
8.740000000000000000e+02
9.110000000000000000e+02
9.890000000000000000e+02
1.017000000000000000e+03
1.063000000000000000e+03
1.113000000000000000e+03
1.066000000000000000e+03
1.104000000000000000e+03
1.174000000000000000e+03
1.124000000000000000e+03
1.246000000000000000e+03
1.284000000000000000e+03
1.384000000000000000e+03
1.392000000000000000e+03
1.597000000000000000e+03
1.633000000000000000e+03
1.734000000000000000e+03
1.666000000000000000e+03
1.716000000000000000e+03
1.735000000000000000e+03
1.852000000000000000e+03
1.958000000000000000e+03
2.034000000000000000e+03
2.091000000000000000e+03
2.234000000000000000e+03
2.426000000000000000e+03
2.438000000000000000e+03
2.524000000000000000e+03
2.596000000000000000e+03
2.461000000000000000e+03
2.445000000000000000e+03
2.164000000000000000e+03
1.861000000000000000e+03
1.660000000000000000e+03
1.484000000000000000e+03
1.312000000000000000e+03
1.059000000000000000e+03
1.005000000000000000e+03
8.520000000000000000e+02
8.260000000000000000e+02
6.550000000000000000e+02
5.460000000000000000e+02
4.900000000000000000e+02
4.490000000000000000e+02
4.320000000000000000e+02
3.900000000000000000e+02
4.170000000000000000e+02
3.800000000000000000e+02
3.870000000000000000e+02
3.610000000000000000e+02
3.580000000000000000e+02
3.850000000000000000e+02
3.450000000000000000e+02
3.270000000000000000e+02
3.250000000000000000e+02
3.180000000000000000e+02
3.350000000000000000e+02
3.120000000000000000e+02
2.750000000000000000e+02
2.390000000000000000e+02
2.330000000000000000e+02
2.300000000000000000e+02
1.880000000000000000e+02
2.360000000000000000e+02
1.960000000000000000e+02
2.100000000000000000e+02
1.960000000000000000e+02
1.950000000000000000e+02
1.900000000000000000e+02
1.960000000000000000e+02
1.820000000000000000e+02
1.590000000000000000e+02
1.690000000000000000e+02
1.540000000000000000e+02
1.460000000000000000e+02
1.470000000000000000e+02
1.590000000000000000e+02
1.460000000000000000e+02
1.640000000000000000e+02
1.450000000000000000e+02
1.500000000000000000e+02
1.570000000000000000e+02
1.430000000000000000e+02
1.580000000000000000e+02
1.450000000000000000e+02
1.230000000000000000e+02
1.620000000000000000e+02
1.390000000000000000e+02
1.340000000000000000e+02
1.360000000000000000e+02
1.510000000000000000e+02
1.200000000000000000e+02
1.030000000000000000e+02
9.600000000000000000e+01
8.500000000000000000e+01
9.200000000000000000e+01
9.500000000000000000e+01
8.600000000000000000e+01
8.100000000000000000e+01
6.800000000000000000e+01
8.100000000000000000e+01
6.900000000000000000e+01
6.400000000000000000e+01
6.300000000000000000e+01
5.700000000000000000e+01
5.100000000000000000e+01
5.800000000000000000e+01
7.800000000000000000e+01
6.600000000000000000e+01
9.000000000000000000e+01
1.060000000000000000e+02
1.280000000000000000e+02
2.160000000000000000e+02
6.310000000000000000e+02
1.265000000000000000e+03
1.919000000000000000e+03
5.428000000000000000e+03
1.576000000000000000e+03
9.900000000000000000e+01
3.200000000000000000e+01
1.800000000000000000e+01
1.700000000000000000e+01
3.000000000000000000e+00
9.000000000000000000e+00
5.000000000000000000e+00
5.000000000000000000e+00
4.000000000000000000e+00
1.200000000000000000e+01
1.114000000000000000e+03
8.310000000000000000e+02
1.132000000000000000e+03
1.239000000000000000e+03
1.213000000000000000e+03
1.139000000000000000e+03
1.267000000000000000e+03
1.192000000000000000e+03
1.166000000000000000e+03
1.198000000000000000e+03
1.153000000000000000e+03
1.204000000000000000e+03
1.165000000000000000e+03
1.208000000000000000e+03
1.321000000000000000e+03
1.293000000000000000e+03
1.426000000000000000e+03
1.500000000000000000e+03
1.472000000000000000e+03
1.398000000000000000e+03
1.399000000000000000e+03
1.247000000000000000e+03
1.317000000000000000e+03
1.305000000000000000e+03
1.204000000000000000e+03
1.185000000000000000e+03
1.188000000000000000e+03
1.179000000000000000e+03
1.158000000000000000e+03
1.115000000000000000e+03
1.074000000000000000e+03
1.042000000000000000e+03
1.093000000000000000e+03
1.062000000000000000e+03
1.055000000000000000e+03
1.057000000000000000e+03
1.018000000000000000e+03
1.013000000000000000e+03
9.780000000000000000e+02
9.790000000000000000e+02
9.980000000000000000e+02
9.280000000000000000e+02
9.590000000000000000e+02
9.340000000000000000e+02
9.780000000000000000e+02
9.520000000000000000e+02
9.160000000000000000e+02
9.550000000000000000e+02
9.620000000000000000e+02
9.530000000000000000e+02
1.049000000000000000e+03
1.019000000000000000e+03
1.183000000000000000e+03
1.154000000000000000e+03
1.202000000000000000e+03
1.203000000000000000e+03
1.210000000000000000e+03
1.149000000000000000e+03
1.225000000000000000e+03
1.180000000000000000e+03
1.251000000000000000e+03
1.237000000000000000e+03
1.218000000000000000e+03
1.300000000000000000e+03
1.481000000000000000e+03
1.526000000000000000e+03
1.559000000000000000e+03
1.421000000000000000e+03
1.370000000000000000e+03
1.478000000000000000e+03
1.570000000000000000e+03
1.582000000000000000e+03
1.472000000000000000e+03
1.480000000000000000e+03
1.422000000000000000e+03
1.312000000000000000e+03
1.353000000000000000e+03
1.373000000000000000e+03
1.333000000000000000e+03
1.230000000000000000e+03
1.124000000000000000e+03
1.035000000000000000e+03
9.650000000000000000e+02
9.280000000000000000e+02
8.580000000000000000e+02
8.440000000000000000e+02
8.190000000000000000e+02
9.090000000000000000e+02
9.890000000000000000e+02
1.040000000000000000e+03
1.128000000000000000e+03
1.045000000000000000e+03
1.003000000000000000e+03
1.154000000000000000e+03
9.720000000000000000e+02
9.040000000000000000e+02
9.430000000000000000e+02
9.520000000000000000e+02
9.700000000000000000e+02
9.370000000000000000e+02
9.750000000000000000e+02
1.032000000000000000e+03
1.059000000000000000e+03
1.113000000000000000e+03
1.110000000000000000e+03
1.122000000000000000e+03
1.171000000000000000e+03
1.171000000000000000e+03
1.185000000000000000e+03
1.164000000000000000e+03
1.026000000000000000e+03
9.720000000000000000e+02
8.800000000000000000e+02
8.480000000000000000e+02
8.520000000000000000e+02
7.540000000000000000e+02
8.360000000000000000e+02
8.420000000000000000e+02
8.000000000000000000e+02
8.440000000000000000e+02
7.820000000000000000e+02
8.680000000000000000e+02
9.010000000000000000e+02
9.530000000000000000e+02
9.490000000000000000e+02
9.910000000000000000e+02
1.064000000000000000e+03
1.171000000000000000e+03
1.172000000000000000e+03
1.228000000000000000e+03
1.325000000000000000e+03
1.355000000000000000e+03
1.536000000000000000e+03
1.488000000000000000e+03
1.650000000000000000e+03
1.789000000000000000e+03
1.961000000000000000e+03
2.041000000000000000e+03
2.226000000000000000e+03
2.401000000000000000e+03
2.336000000000000000e+03
2.457000000000000000e+03
2.292000000000000000e+03
2.221000000000000000e+03
1.927000000000000000e+03
1.638000000000000000e+03
1.616000000000000000e+03
1.475000000000000000e+03
1.289000000000000000e+03
1.033000000000000000e+03
9.920000000000000000e+02
9.130000000000000000e+02
8.460000000000000000e+02
7.760000000000000000e+02
7.290000000000000000e+02
6.920000000000000000e+02
6.220000000000000000e+02
6.130000000000000000e+02
6.520000000000000000e+02
5.950000000000000000e+02
6.380000000000000000e+02
6.720000000000000000e+02
6.310000000000000000e+02
6.700000000000000000e+02
6.440000000000000000e+02
6.530000000000000000e+02
6.910000000000000000e+02
6.010000000000000000e+02
5.890000000000000000e+02
6.230000000000000000e+02
6.510000000000000000e+02
5.890000000000000000e+02
6.910000000000000000e+02
6.710000000000000000e+02
7.290000000000000000e+02
8.110000000000000000e+02
7.900000000000000000e+02
7.840000000000000000e+02
8.440000000000000000e+02
8.570000000000000000e+02
8.630000000000000000e+02
8.550000000000000000e+02
7.940000000000000000e+02
8.320000000000000000e+02
8.010000000000000000e+02
8.560000000000000000e+02
8.760000000000000000e+02
9.540000000000000000e+02
8.970000000000000000e+02
7.480000000000000000e+02
8.160000000000000000e+02
7.790000000000000000e+02
7.400000000000000000e+02
8.160000000000000000e+02
7.240000000000000000e+02
6.980000000000000000e+02
6.440000000000000000e+02
6.090000000000000000e+02
5.370000000000000000e+02
5.200000000000000000e+02
4.790000000000000000e+02
5.100000000000000000e+02
4.810000000000000000e+02
4.170000000000000000e+02
4.300000000000000000e+02
4.220000000000000000e+02
4.070000000000000000e+02
4.080000000000000000e+02
4.090000000000000000e+02
3.870000000000000000e+02
3.850000000000000000e+02
3.470000000000000000e+02
3.620000000000000000e+02
3.260000000000000000e+02
3.280000000000000000e+02
3.300000000000000000e+02
2.940000000000000000e+02
2.910000000000000000e+02
2.540000000000000000e+02
2.400000000000000000e+02
2.030000000000000000e+02
2.070000000000000000e+02
1.770000000000000000e+02
1.530000000000000000e+02
1.490000000000000000e+02
1.420000000000000000e+02
1.350000000000000000e+02
1.300000000000000000e+02
1.150000000000000000e+02
9.800000000000000000e+01
1.010000000000000000e+02
8.800000000000000000e+01
1.060000000000000000e+02
1.100000000000000000e+02
1.040000000000000000e+02
1.010000000000000000e+02
1.080000000000000000e+02
1.230000000000000000e+02
1.320000000000000000e+02
1.370000000000000000e+02
1.870000000000000000e+02
3.000000000000000000e+02
2.210000000000000000e+02
5.790000000000000000e+02
1.220000000000000000e+03
1.710000000000000000e+03
4.788000000000000000e+03
1.536000000000000000e+03
6.460000000000000000e+02
1.420000000000000000e+02
2.300000000000000000e+01
1.300000000000000000e+01
1.400000000000000000e+01
1.200000000000000000e+01
1.100000000000000000e+01
6.800000000000000000e+01
