5.750000000000000000e+02
8.950000000000000000e+02
2.085000000000000000e+03
3.312000000000000000e+03
2.372000000000000000e+03
1.945000000000000000e+03
1.860000000000000000e+03
1.700000000000000000e+03
1.430000000000000000e+03
1.515000000000000000e+03
1.458000000000000000e+03
1.524000000000000000e+03
1.588000000000000000e+03
1.264000000000000000e+03
1.097000000000000000e+03
9.590000000000000000e+02
9.390000000000000000e+02
8.980000000000000000e+02
8.210000000000000000e+02
9.480000000000000000e+02
1.017000000000000000e+03
1.129000000000000000e+03
1.095000000000000000e+03
1.006000000000000000e+03
1.144000000000000000e+03
1.196000000000000000e+03
1.236000000000000000e+03
1.360000000000000000e+03
1.503000000000000000e+03
1.502000000000000000e+03
1.749000000000000000e+03
1.775000000000000000e+03
2.006000000000000000e+03
2.064000000000000000e+03
2.226000000000000000e+03
2.510000000000000000e+03
2.765000000000000000e+03
2.986000000000000000e+03
3.366000000000000000e+03
3.837000000000000000e+03
4.330000000000000000e+03
4.618000000000000000e+03
5.301000000000000000e+03
6.848000000000000000e+03
5.330000000000000000e+03
4.945000000000000000e+03
4.108000000000000000e+03
3.761000000000000000e+03
3.691000000000000000e+03
3.674000000000000000e+03
3.725000000000000000e+03
3.866000000000000000e+03
4.270000000000000000e+03
4.499000000000000000e+03
4.866000000000000000e+03
6.401000000000000000e+03
5.754000000000000000e+03
5.526000000000000000e+03
4.979000000000000000e+03
4.111000000000000000e+03
2.848000000000000000e+03
2.257000000000000000e+03
1.672000000000000000e+03
1.585000000000000000e+03
1.603000000000000000e+03
1.801000000000000000e+03
1.791000000000000000e+03
1.782000000000000000e+03
1.464000000000000000e+03
1.171000000000000000e+03
9.070000000000000000e+02
7.480000000000000000e+02
6.990000000000000000e+02
6.190000000000000000e+02
6.550000000000000000e+02
5.510000000000000000e+02
5.370000000000000000e+02
4.710000000000000000e+02
4.770000000000000000e+02
4.180000000000000000e+02
4.480000000000000000e+02
4.750000000000000000e+02
4.840000000000000000e+02
5.330000000000000000e+02
5.400000000000000000e+02
6.160000000000000000e+02
6.700000000000000000e+02
8.250000000000000000e+02
7.830000000000000000e+02
9.990000000000000000e+02
9.350000000000000000e+02
1.231000000000000000e+03
1.356000000000000000e+03
1.355000000000000000e+03
1.512000000000000000e+03
1.380000000000000000e+03
1.296000000000000000e+03
1.257000000000000000e+03
9.680000000000000000e+02
1.017000000000000000e+03
9.970000000000000000e+02
7.270000000000000000e+02
6.520000000000000000e+02
6.080000000000000000e+02
6.620000000000000000e+02
6.580000000000000000e+02
6.130000000000000000e+02
6.260000000000000000e+02
6.130000000000000000e+02
5.990000000000000000e+02
5.120000000000000000e+02
5.330000000000000000e+02
5.510000000000000000e+02
5.280000000000000000e+02
4.860000000000000000e+02
4.330000000000000000e+02
5.090000000000000000e+02
4.830000000000000000e+02
4.030000000000000000e+02
5.510000000000000000e+02
5.870000000000000000e+02
6.180000000000000000e+02
6.700000000000000000e+02
6.670000000000000000e+02
6.300000000000000000e+02
7.030000000000000000e+02
8.200000000000000000e+02
8.410000000000000000e+02
7.320000000000000000e+02
6.980000000000000000e+02
5.950000000000000000e+02
6.250000000000000000e+02
5.680000000000000000e+02
5.990000000000000000e+02
5.570000000000000000e+02
5.030000000000000000e+02
4.840000000000000000e+02
4.540000000000000000e+02
4.220000000000000000e+02
3.920000000000000000e+02
3.520000000000000000e+02
3.150000000000000000e+02
3.610000000000000000e+02
3.310000000000000000e+02
3.230000000000000000e+02
2.990000000000000000e+02
2.740000000000000000e+02
2.720000000000000000e+02
2.480000000000000000e+02
2.370000000000000000e+02
2.930000000000000000e+02
2.670000000000000000e+02
2.220000000000000000e+02
2.450000000000000000e+02
2.790000000000000000e+02
2.590000000000000000e+02
2.330000000000000000e+02
2.450000000000000000e+02
2.750000000000000000e+02
1.840000000000000000e+02
2.500000000000000000e+02
2.130000000000000000e+02
2.680000000000000000e+02
2.430000000000000000e+02
2.640000000000000000e+02
2.440000000000000000e+02
2.390000000000000000e+02
2.290000000000000000e+02
2.730000000000000000e+02
2.380000000000000000e+02
2.800000000000000000e+02
2.220000000000000000e+02
2.520000000000000000e+02
2.610000000000000000e+02
2.930000000000000000e+02
3.760000000000000000e+02
1.190000000000000000e+02
9.700000000000000000e+01
7.200000000000000000e+01
7.800000000000000000e+01
4.300000000000000000e+01
5.400000000000000000e+01
5.300000000000000000e+01
4.200000000000000000e+01
4.700000000000000000e+01
5.600000000000000000e+01
4.900000000000000000e+01
3.100000000000000000e+01
3.400000000000000000e+01
2.400000000000000000e+01
2.500000000000000000e+01
2.700000000000000000e+01
1.900000000000000000e+01
3.500000000000000000e+01
1.600000000000000000e+01
2.200000000000000000e+01
2.500000000000000000e+01
1.800000000000000000e+01
2.200000000000000000e+01
2.700000000000000000e+01
1.700000000000000000e+01
2.500000000000000000e+01
1.700000000000000000e+01
1.900000000000000000e+01
2.200000000000000000e+01
3.000000000000000000e+01
3.000000000000000000e+01
3.200000000000000000e+01
5.500000000000000000e+01
6.400000000000000000e+01
7.900000000000000000e+01
8.900000000000000000e+01
8.400000000000000000e+01
9.800000000000000000e+01
1.010000000000000000e+02
8.000000000000000000e+01
5.300000000000000000e+01
3.900000000000000000e+01
2.900000000000000000e+01
2.200000000000000000e+01
1.600000000000000000e+01
1.300000000000000000e+01
1.500000000000000000e+01
1.200000000000000000e+01
1.500000000000000000e+01
9.000000000000000000e+00
1.100000000000000000e+01
9.000000000000000000e+00
4.000000000000000000e+00
1.500000000000000000e+01
7.000000000000000000e+00
6.000000000000000000e+00
7.000000000000000000e+00
7.000000000000000000e+00
1.200000000000000000e+01
1.500000000000000000e+01
6.000000000000000000e+00
1.300000000000000000e+01
7.000000000000000000e+00
5.000000000000000000e+00
5.000000000000000000e+00
1.100000000000000000e+01
5.000000000000000000e+00
1.400000000000000000e+01
1.300000000000000000e+01
1.600000000000000000e+01
1.200000000000000000e+01
2.400000000000000000e+01
1.400000000000000000e+01
2.200000000000000000e+01
1.900000000000000000e+01
1.600000000000000000e+01
1.400000000000000000e+01
9.000000000000000000e+00
1.200000000000000000e+01
6.000000000000000000e+00
2.620000000000000000e+02
2.370000000000000000e+02
5.180000000000000000e+02
1.381000000000000000e+03
3.354000000000000000e+03
2.168000000000000000e+03
1.859000000000000000e+03
1.865000000000000000e+03
1.676000000000000000e+03
1.514000000000000000e+03
1.656000000000000000e+03
1.920000000000000000e+03
1.904000000000000000e+03
1.394000000000000000e+03
1.255000000000000000e+03
1.249000000000000000e+03
1.194000000000000000e+03
1.191000000000000000e+03
1.125000000000000000e+03
1.087000000000000000e+03
1.137000000000000000e+03
1.226000000000000000e+03
1.166000000000000000e+03
1.204000000000000000e+03
1.232000000000000000e+03
1.283000000000000000e+03
1.397000000000000000e+03
1.429000000000000000e+03
1.546000000000000000e+03
1.722000000000000000e+03
1.851000000000000000e+03
2.222000000000000000e+03
2.214000000000000000e+03
2.419000000000000000e+03
2.877000000000000000e+03
3.124000000000000000e+03
3.706000000000000000e+03
3.884000000000000000e+03
4.268000000000000000e+03
4.386000000000000000e+03
4.222000000000000000e+03
4.279000000000000000e+03
4.033000000000000000e+03
3.919000000000000000e+03
3.916000000000000000e+03
3.824000000000000000e+03
3.791000000000000000e+03
3.611000000000000000e+03
3.507000000000000000e+03
3.523000000000000000e+03
3.400000000000000000e+03
3.050000000000000000e+03
2.932000000000000000e+03
2.762000000000000000e+03
2.625000000000000000e+03
2.548000000000000000e+03
2.455000000000000000e+03
2.206000000000000000e+03
2.287000000000000000e+03
2.242000000000000000e+03
3.567000000000000000e+03
3.069000000000000000e+03
2.386000000000000000e+03
2.320000000000000000e+03
1.982000000000000000e+03
1.913000000000000000e+03
1.724000000000000000e+03
1.359000000000000000e+03
1.514000000000000000e+03
1.738000000000000000e+03
1.926000000000000000e+03
1.730000000000000000e+03
2.119000000000000000e+03
3.174000000000000000e+03
3.179000000000000000e+03
2.442000000000000000e+03
3.245000000000000000e+03
1.937000000000000000e+03
1.871000000000000000e+03
1.539000000000000000e+03
1.516000000000000000e+03
1.457000000000000000e+03
1.121000000000000000e+03
9.950000000000000000e+02
1.098000000000000000e+03
1.515000000000000000e+03
1.456000000000000000e+03
1.523000000000000000e+03
1.199000000000000000e+03
9.040000000000000000e+02
8.040000000000000000e+02
6.200000000000000000e+02
6.060000000000000000e+02
5.950000000000000000e+02
5.540000000000000000e+02
5.400000000000000000e+02
6.180000000000000000e+02
6.540000000000000000e+02
6.530000000000000000e+02
8.850000000000000000e+02
1.032000000000000000e+03
6.720000000000000000e+02
4.460000000000000000e+02
3.490000000000000000e+02
2.990000000000000000e+02
2.650000000000000000e+02
2.550000000000000000e+02
2.720000000000000000e+02
2.280000000000000000e+02
2.400000000000000000e+02
2.860000000000000000e+02
3.460000000000000000e+02
5.620000000000000000e+02
4.550000000000000000e+02
3.670000000000000000e+02
3.140000000000000000e+02
2.560000000000000000e+02
3.090000000000000000e+02
3.170000000000000000e+02
2.580000000000000000e+02
2.540000000000000000e+02
2.770000000000000000e+02
2.100000000000000000e+02
2.570000000000000000e+02
1.890000000000000000e+02
2.060000000000000000e+02
1.940000000000000000e+02
2.450000000000000000e+02
1.950000000000000000e+02
1.960000000000000000e+02
2.240000000000000000e+02
3.190000000000000000e+02
3.250000000000000000e+02
2.990000000000000000e+02
3.380000000000000000e+02
3.210000000000000000e+02
3.530000000000000000e+02
3.460000000000000000e+02
3.900000000000000000e+02
3.760000000000000000e+02
3.580000000000000000e+02
3.740000000000000000e+02
3.540000000000000000e+02
4.000000000000000000e+02
4.310000000000000000e+02
4.080000000000000000e+02
4.650000000000000000e+02
5.360000000000000000e+02
5.760000000000000000e+02
6.270000000000000000e+02
6.240000000000000000e+02
6.850000000000000000e+02
6.760000000000000000e+02
8.930000000000000000e+02
7.370000000000000000e+02
6.790000000000000000e+02
5.940000000000000000e+02
5.480000000000000000e+02
5.390000000000000000e+02
4.840000000000000000e+02
4.900000000000000000e+02
4.800000000000000000e+02
4.290000000000000000e+02
4.090000000000000000e+02
3.510000000000000000e+02
3.120000000000000000e+02
2.910000000000000000e+02
3.000000000000000000e+02
3.300000000000000000e+02
3.050000000000000000e+02
3.050000000000000000e+02
2.650000000000000000e+02
2.710000000000000000e+02
2.230000000000000000e+02
2.180000000000000000e+02
2.390000000000000000e+02
2.140000000000000000e+02
2.360000000000000000e+02
2.440000000000000000e+02
2.620000000000000000e+02
2.710000000000000000e+02
2.710000000000000000e+02
2.680000000000000000e+02
2.170000000000000000e+02
2.550000000000000000e+02
2.420000000000000000e+02
2.410000000000000000e+02
2.320000000000000000e+02
2.240000000000000000e+02
2.190000000000000000e+02
2.210000000000000000e+02
2.110000000000000000e+02
2.600000000000000000e+02
2.520000000000000000e+02
3.010000000000000000e+02
2.840000000000000000e+02
2.750000000000000000e+02
2.690000000000000000e+02
2.590000000000000000e+02
3.640000000000000000e+02
3.130000000000000000e+02
1.190000000000000000e+02
8.400000000000000000e+01
7.300000000000000000e+01
5.200000000000000000e+01
6.500000000000000000e+01
6.400000000000000000e+01
6.000000000000000000e+01
4.800000000000000000e+01
3.800000000000000000e+01
3.900000000000000000e+01
5.400000000000000000e+01
6.300000000000000000e+01
7.100000000000000000e+01
8.200000000000000000e+01
8.400000000000000000e+01
1.040000000000000000e+02
9.900000000000000000e+01
8.800000000000000000e+01
8.500000000000000000e+01
7.800000000000000000e+01
5.300000000000000000e+01
5.000000000000000000e+01
3.100000000000000000e+01
2.400000000000000000e+01
1.700000000000000000e+01
1.800000000000000000e+01
1.600000000000000000e+01
1.900000000000000000e+01
9.000000000000000000e+00
1.600000000000000000e+01
1.600000000000000000e+01
5.000000000000000000e+00
1.400000000000000000e+01
8.000000000000000000e+00
1.300000000000000000e+01
1.100000000000000000e+01
9.000000000000000000e+00
6.000000000000000000e+00
9.000000000000000000e+00
7.000000000000000000e+00
9.000000000000000000e+00
1.300000000000000000e+01
7.000000000000000000e+00
1.000000000000000000e+01
1.200000000000000000e+01
8.000000000000000000e+00
1.000000000000000000e+01
1.000000000000000000e+01
1.000000000000000000e+01
1.700000000000000000e+01
1.200000000000000000e+01
2.200000000000000000e+01
2.600000000000000000e+01
2.900000000000000000e+01
7.000000000000000000e+01
2.580000000000000000e+02
2.130000000000000000e+02
5.530000000000000000e+02
1.286000000000000000e+03
1.198000000000000000e+03
9.850000000000000000e+02
1.886000000000000000e+03
1.125000000000000000e+03
1.400000000000000000e+03
1.427000000000000000e+03
1.549000000000000000e+03
1.743000000000000000e+03
1.809000000000000000e+03
1.453000000000000000e+03
1.473000000000000000e+03
1.505000000000000000e+03
1.575000000000000000e+03
1.522000000000000000e+03
1.395000000000000000e+03
1.325000000000000000e+03
1.421000000000000000e+03
1.433000000000000000e+03
1.365000000000000000e+03
1.392000000000000000e+03
1.502000000000000000e+03
1.517000000000000000e+03
1.593000000000000000e+03
1.806000000000000000e+03
1.983000000000000000e+03
2.384000000000000000e+03
2.460000000000000000e+03
2.593000000000000000e+03
2.769000000000000000e+03
3.203000000000000000e+03
3.408000000000000000e+03
3.707000000000000000e+03
4.023000000000000000e+03
4.413000000000000000e+03
4.279000000000000000e+03
4.434000000000000000e+03
4.315000000000000000e+03
4.036000000000000000e+03
3.914000000000000000e+03
3.951000000000000000e+03
3.920000000000000000e+03
3.871000000000000000e+03
3.580000000000000000e+03
3.530000000000000000e+03
3.224000000000000000e+03
2.984000000000000000e+03
2.632000000000000000e+03
2.525000000000000000e+03
2.341000000000000000e+03
2.472000000000000000e+03
2.274000000000000000e+03
2.242000000000000000e+03
2.315000000000000000e+03
2.158000000000000000e+03
1.893000000000000000e+03
1.877000000000000000e+03
1.851000000000000000e+03
1.644000000000000000e+03
1.447000000000000000e+03
1.300000000000000000e+03
1.399000000000000000e+03
1.194000000000000000e+03
1.062000000000000000e+03
9.040000000000000000e+02
8.170000000000000000e+02
7.770000000000000000e+02
7.340000000000000000e+02
7.880000000000000000e+02
8.830000000000000000e+02
9.820000000000000000e+02
1.170000000000000000e+03
1.239000000000000000e+03
1.686000000000000000e+03
1.285000000000000000e+03
2.233000000000000000e+03
1.283000000000000000e+03
1.656000000000000000e+03
2.261000000000000000e+03
2.372000000000000000e+03
2.835000000000000000e+03
2.541000000000000000e+03
2.610000000000000000e+03
1.799000000000000000e+03
1.960000000000000000e+03
1.556000000000000000e+03
1.699000000000000000e+03
1.869000000000000000e+03
1.970000000000000000e+03
2.122000000000000000e+03
2.058000000000000000e+03
1.644000000000000000e+03
1.353000000000000000e+03
1.072000000000000000e+03
1.322000000000000000e+03
8.130000000000000000e+02
8.130000000000000000e+02
8.580000000000000000e+02
6.510000000000000000e+02
6.650000000000000000e+02
6.950000000000000000e+02
8.990000000000000000e+02
7.930000000000000000e+02
5.070000000000000000e+02
3.370000000000000000e+02
2.650000000000000000e+02
2.170000000000000000e+02
2.140000000000000000e+02
1.850000000000000000e+02
1.800000000000000000e+02
1.710000000000000000e+02
1.860000000000000000e+02
1.590000000000000000e+02
1.710000000000000000e+02
1.550000000000000000e+02
1.590000000000000000e+02
1.370000000000000000e+02
1.610000000000000000e+02
1.660000000000000000e+02
1.300000000000000000e+02
1.300000000000000000e+02
1.430000000000000000e+02
1.290000000000000000e+02
1.020000000000000000e+02
1.110000000000000000e+02
1.000000000000000000e+02
1.040000000000000000e+02
1.180000000000000000e+02
1.020000000000000000e+02
1.240000000000000000e+02
1.110000000000000000e+02
1.550000000000000000e+02
1.260000000000000000e+02
1.450000000000000000e+02
1.370000000000000000e+02
1.900000000000000000e+02
3.060000000000000000e+02
3.990000000000000000e+02
3.230000000000000000e+02
3.310000000000000000e+02
2.260000000000000000e+02
2.380000000000000000e+02
2.150000000000000000e+02
2.500000000000000000e+02
2.440000000000000000e+02
2.370000000000000000e+02
2.120000000000000000e+02
2.540000000000000000e+02
1.890000000000000000e+02
1.870000000000000000e+02
2.080000000000000000e+02
2.230000000000000000e+02
2.070000000000000000e+02
2.230000000000000000e+02
2.450000000000000000e+02
2.760000000000000000e+02
2.990000000000000000e+02
3.610000000000000000e+02
2.750000000000000000e+02
2.800000000000000000e+02
3.000000000000000000e+02
3.170000000000000000e+02
3.470000000000000000e+02
3.600000000000000000e+02
3.120000000000000000e+02
3.560000000000000000e+02
4.310000000000000000e+02
4.500000000000000000e+02
4.410000000000000000e+02
4.210000000000000000e+02
4.930000000000000000e+02
4.700000000000000000e+02
4.580000000000000000e+02
6.130000000000000000e+02
5.740000000000000000e+02
6.920000000000000000e+02
6.610000000000000000e+02
7.390000000000000000e+02
8.340000000000000000e+02
8.510000000000000000e+02
7.190000000000000000e+02
5.130000000000000000e+02
5.570000000000000000e+02
4.680000000000000000e+02
4.100000000000000000e+02
4.700000000000000000e+02
3.980000000000000000e+02
3.390000000000000000e+02
3.370000000000000000e+02
2.830000000000000000e+02
2.670000000000000000e+02
2.900000000000000000e+02
2.530000000000000000e+02
2.390000000000000000e+02
2.620000000000000000e+02
2.690000000000000000e+02
2.860000000000000000e+02
2.540000000000000000e+02
2.830000000000000000e+02
2.410000000000000000e+02
2.310000000000000000e+02
2.760000000000000000e+02
2.820000000000000000e+02
3.100000000000000000e+02
2.490000000000000000e+02
2.700000000000000000e+02
2.240000000000000000e+02
2.360000000000000000e+02
2.210000000000000000e+02
2.140000000000000000e+02
2.120000000000000000e+02
1.830000000000000000e+02
2.100000000000000000e+02
1.940000000000000000e+02
2.090000000000000000e+02
2.230000000000000000e+02
2.550000000000000000e+02
2.400000000000000000e+02
2.590000000000000000e+02
2.710000000000000000e+02
2.280000000000000000e+02
2.360000000000000000e+02
2.140000000000000000e+02
1.960000000000000000e+02
2.140000000000000000e+02
3.020000000000000000e+02
2.580000000000000000e+02
2.950000000000000000e+02
1.730000000000000000e+02
1.420000000000000000e+02
1.270000000000000000e+02
1.060000000000000000e+02
1.020000000000000000e+02
9.500000000000000000e+01
7.700000000000000000e+01
5.200000000000000000e+01
3.600000000000000000e+01
3.000000000000000000e+01
2.300000000000000000e+01
2.400000000000000000e+01
1.500000000000000000e+01
1.500000000000000000e+01
1.600000000000000000e+01
1.300000000000000000e+01
1.300000000000000000e+01
1.700000000000000000e+01
1.300000000000000000e+01
1.300000000000000000e+01
1.600000000000000000e+01
1.700000000000000000e+01
2.100000000000000000e+01
1.800000000000000000e+01
1.380000000000000000e+02
