5.879000000000000000e+03
1.437000000000000000e+03
9.010000000000000000e+02
7.120000000000000000e+02
6.090000000000000000e+02
5.810000000000000000e+02
5.850000000000000000e+02
5.620000000000000000e+02
5.690000000000000000e+02
5.700000000000000000e+02
5.770000000000000000e+02
5.770000000000000000e+02
6.290000000000000000e+02
6.840000000000000000e+02
6.450000000000000000e+02
6.710000000000000000e+02
6.950000000000000000e+02
6.600000000000000000e+02
7.400000000000000000e+02
7.180000000000000000e+02
7.310000000000000000e+02
7.430000000000000000e+02
8.450000000000000000e+02
8.720000000000000000e+02
8.720000000000000000e+02
9.100000000000000000e+02
9.960000000000000000e+02
1.084000000000000000e+03
1.081000000000000000e+03
1.090000000000000000e+03
1.024000000000000000e+03
1.008000000000000000e+03
1.094000000000000000e+03
1.154000000000000000e+03
1.063000000000000000e+03
1.052000000000000000e+03
1.025000000000000000e+03
1.002000000000000000e+03
9.990000000000000000e+02
1.001000000000000000e+03
1.023000000000000000e+03
1.023000000000000000e+03
1.136000000000000000e+03
1.118000000000000000e+03
1.059000000000000000e+03
1.186000000000000000e+03
1.223000000000000000e+03
1.383000000000000000e+03
1.340000000000000000e+03
1.294000000000000000e+03
9.430000000000000000e+02
8.010000000000000000e+02
7.970000000000000000e+02
7.230000000000000000e+02
7.470000000000000000e+02
7.670000000000000000e+02
8.010000000000000000e+02
8.560000000000000000e+02
8.670000000000000000e+02
8.110000000000000000e+02
7.010000000000000000e+02
6.170000000000000000e+02
5.970000000000000000e+02
6.010000000000000000e+02
5.710000000000000000e+02
5.050000000000000000e+02
5.210000000000000000e+02
5.180000000000000000e+02
4.780000000000000000e+02
4.400000000000000000e+02
5.100000000000000000e+02
4.360000000000000000e+02
4.440000000000000000e+02
4.740000000000000000e+02
4.920000000000000000e+02
5.350000000000000000e+02
5.420000000000000000e+02
5.920000000000000000e+02
5.150000000000000000e+02
4.860000000000000000e+02
5.130000000000000000e+02
4.600000000000000000e+02
4.770000000000000000e+02
4.460000000000000000e+02
4.630000000000000000e+02
4.710000000000000000e+02
4.480000000000000000e+02
4.510000000000000000e+02
4.300000000000000000e+02
5.150000000000000000e+02
4.960000000000000000e+02
5.260000000000000000e+02
5.040000000000000000e+02
4.900000000000000000e+02
4.810000000000000000e+02
5.570000000000000000e+02
5.320000000000000000e+02
5.340000000000000000e+02
5.160000000000000000e+02
4.720000000000000000e+02
4.960000000000000000e+02
5.100000000000000000e+02
4.960000000000000000e+02
4.770000000000000000e+02
5.180000000000000000e+02
4.760000000000000000e+02
4.060000000000000000e+02
4.190000000000000000e+02
3.620000000000000000e+02
2.910000000000000000e+02
2.910000000000000000e+02
3.110000000000000000e+02
2.440000000000000000e+02
2.440000000000000000e+02
2.570000000000000000e+02
2.500000000000000000e+02
2.760000000000000000e+02
2.410000000000000000e+02
2.270000000000000000e+02
2.570000000000000000e+02
2.610000000000000000e+02
2.370000000000000000e+02
2.400000000000000000e+02
2.240000000000000000e+02
2.340000000000000000e+02
2.260000000000000000e+02
2.350000000000000000e+02
2.120000000000000000e+02
2.260000000000000000e+02
2.140000000000000000e+02
2.000000000000000000e+02
1.880000000000000000e+02
1.860000000000000000e+02
1.660000000000000000e+02
1.790000000000000000e+02
1.850000000000000000e+02
1.840000000000000000e+02
1.670000000000000000e+02
1.650000000000000000e+02
1.510000000000000000e+02
1.570000000000000000e+02
1.450000000000000000e+02
1.640000000000000000e+02
1.510000000000000000e+02
1.340000000000000000e+02
1.360000000000000000e+02
1.290000000000000000e+02
1.210000000000000000e+02
1.200000000000000000e+02
1.200000000000000000e+02
1.353000000000000000e+03
1.368000000000000000e+03
2.567000000000000000e+03
7.730000000000000000e+02
4.367000000000000000e+03
2.196000000000000000e+03
3.879000000000000000e+03
1.558000000000000000e+03
4.101000000000000000e+03
4.427000000000000000e+03
3.089000000000000000e+03
5.062000000000000000e+03
5.357000000000000000e+03
3.110000000000000000e+03
2.077000000000000000e+03
3.741000000000000000e+03
3.048000000000000000e+03
1.904000000000000000e+03
1.790000000000000000e+03
4.040000000000000000e+02
2.635000000000000000e+03
2.944000000000000000e+03
5.617000000000000000e+03
2.917000000000000000e+03
3.007000000000000000e+03
2.262000000000000000e+03
2.216000000000000000e+03
3.108000000000000000e+03
3.772000000000000000e+03
3.704000000000000000e+03
2.769000000000000000e+03
5.396000000000000000e+03
2.395000000000000000e+03
2.390000000000000000e+03
1.232000000000000000e+03
1.354000000000000000e+03
9.160000000000000000e+02
2.379000000000000000e+03
1.953000000000000000e+03
1.589000000000000000e+03
1.071000000000000000e+03
1.017000000000000000e+03
7.330000000000000000e+02
8.940000000000000000e+02
7.340000000000000000e+02
6.110000000000000000e+02
8.750000000000000000e+02
1.049000000000000000e+03
8.820000000000000000e+02
9.220000000000000000e+02
1.175000000000000000e+03
7.150000000000000000e+02
9.870000000000000000e+02
8.450000000000000000e+02
6.160000000000000000e+02
3.990000000000000000e+02
3.830000000000000000e+02
6.680000000000000000e+02
2.090000000000000000e+02
8.560000000000000000e+02
6.170000000000000000e+02
9.190000000000000000e+02
1.071000000000000000e+03
8.150000000000000000e+02
7.260000000000000000e+02
8.700000000000000000e+02
7.550000000000000000e+02
6.260000000000000000e+02
7.330000000000000000e+02
4.190000000000000000e+02
7.860000000000000000e+02
4.140000000000000000e+02
6.700000000000000000e+02
5.740000000000000000e+02
7.000000000000000000e+02
9.540000000000000000e+02
1.548000000000000000e+03
5.590000000000000000e+02
1.029000000000000000e+03
6.000000000000000000e+02
9.270000000000000000e+02
4.690000000000000000e+02
1.008000000000000000e+03
1.211000000000000000e+03
1.946000000000000000e+03
3.510000000000000000e+02
2.340000000000000000e+02
8.800000000000000000e+01
5.800000000000000000e+01
3.900000000000000000e+01
2.800000000000000000e+01
3.200000000000000000e+01
3.800000000000000000e+01
4.900000000000000000e+01
4.600000000000000000e+01
4.700000000000000000e+01
4.500000000000000000e+01
4.300000000000000000e+01
3.600000000000000000e+01
3.200000000000000000e+01
2.600000000000000000e+01
2.300000000000000000e+01
1.900000000000000000e+01
1.200000000000000000e+01
1.500000000000000000e+01
1.800000000000000000e+01
5.138000000000000000e+03
1.352000000000000000e+03
8.330000000000000000e+02
6.520000000000000000e+02
5.350000000000000000e+02
5.410000000000000000e+02
5.490000000000000000e+02
5.130000000000000000e+02
4.990000000000000000e+02
5.290000000000000000e+02
5.200000000000000000e+02
5.390000000000000000e+02
5.320000000000000000e+02
5.760000000000000000e+02
5.900000000000000000e+02
5.360000000000000000e+02
6.060000000000000000e+02
6.270000000000000000e+02
5.990000000000000000e+02
6.330000000000000000e+02
5.930000000000000000e+02
5.960000000000000000e+02
6.260000000000000000e+02
7.200000000000000000e+02
6.790000000000000000e+02
6.430000000000000000e+02
6.520000000000000000e+02
6.980000000000000000e+02
6.910000000000000000e+02
7.110000000000000000e+02
6.450000000000000000e+02
6.280000000000000000e+02
6.220000000000000000e+02
6.190000000000000000e+02
5.900000000000000000e+02
6.080000000000000000e+02
5.760000000000000000e+02
5.530000000000000000e+02
6.180000000000000000e+02
5.470000000000000000e+02
6.230000000000000000e+02
5.970000000000000000e+02
6.230000000000000000e+02
5.810000000000000000e+02
6.530000000000000000e+02
6.700000000000000000e+02
6.520000000000000000e+02
6.270000000000000000e+02
6.660000000000000000e+02
7.810000000000000000e+02
1.001000000000000000e+03
1.129000000000000000e+03
1.161000000000000000e+03
1.259000000000000000e+03
9.250000000000000000e+02
7.140000000000000000e+02
7.190000000000000000e+02
6.850000000000000000e+02
7.120000000000000000e+02
7.150000000000000000e+02
7.300000000000000000e+02
7.520000000000000000e+02
7.650000000000000000e+02
7.460000000000000000e+02
7.660000000000000000e+02
7.840000000000000000e+02
7.670000000000000000e+02
8.200000000000000000e+02
8.380000000000000000e+02
8.090000000000000000e+02
8.070000000000000000e+02
8.490000000000000000e+02
7.410000000000000000e+02
7.390000000000000000e+02
6.930000000000000000e+02
6.230000000000000000e+02
6.120000000000000000e+02
6.000000000000000000e+02
6.220000000000000000e+02
5.620000000000000000e+02
5.670000000000000000e+02
5.320000000000000000e+02
5.210000000000000000e+02
5.980000000000000000e+02
6.080000000000000000e+02
5.670000000000000000e+02
5.650000000000000000e+02
5.570000000000000000e+02
5.150000000000000000e+02
6.060000000000000000e+02
5.350000000000000000e+02
5.980000000000000000e+02
6.060000000000000000e+02
6.270000000000000000e+02
6.790000000000000000e+02
7.080000000000000000e+02
5.700000000000000000e+02
5.660000000000000000e+02
5.190000000000000000e+02
4.670000000000000000e+02
4.520000000000000000e+02
4.630000000000000000e+02
4.510000000000000000e+02
4.260000000000000000e+02
4.770000000000000000e+02
5.650000000000000000e+02
5.300000000000000000e+02
5.940000000000000000e+02
5.490000000000000000e+02
4.950000000000000000e+02
4.580000000000000000e+02
4.140000000000000000e+02
3.590000000000000000e+02
3.370000000000000000e+02
3.570000000000000000e+02
3.780000000000000000e+02
3.350000000000000000e+02
3.440000000000000000e+02
3.270000000000000000e+02
3.070000000000000000e+02
3.000000000000000000e+02
3.030000000000000000e+02
2.560000000000000000e+02
2.890000000000000000e+02
2.890000000000000000e+02
2.490000000000000000e+02
2.510000000000000000e+02
2.200000000000000000e+02
2.170000000000000000e+02
2.160000000000000000e+02
2.570000000000000000e+02
2.150000000000000000e+02
2.420000000000000000e+02
2.220000000000000000e+02
2.250000000000000000e+02
2.290000000000000000e+02
2.240000000000000000e+02
2.560000000000000000e+02
2.420000000000000000e+02
2.390000000000000000e+02
1.950000000000000000e+02
2.320000000000000000e+02
2.250000000000000000e+02
2.190000000000000000e+02
2.160000000000000000e+02
2.490000000000000000e+02
1.870000000000000000e+02
1.840000000000000000e+02
1.940000000000000000e+02
2.120000000000000000e+02
1.600000000000000000e+02
1.750000000000000000e+02
1.580000000000000000e+02
1.890000000000000000e+02
1.403000000000000000e+03
1.440000000000000000e+03
2.671000000000000000e+03
8.910000000000000000e+02
4.215000000000000000e+03
2.068000000000000000e+03
3.693000000000000000e+03
1.798000000000000000e+03
4.193000000000000000e+03
2.894000000000000000e+03
1.784000000000000000e+03
3.405000000000000000e+03
2.697000000000000000e+03
3.211000000000000000e+03
2.204000000000000000e+03
3.335000000000000000e+03
3.090000000000000000e+03
2.072000000000000000e+03
3.739000000000000000e+03
3.287000000000000000e+03
4.225000000000000000e+03
4.137000000000000000e+03
4.842000000000000000e+03
1.924000000000000000e+03
2.700000000000000000e+03
2.973000000000000000e+03
3.299000000000000000e+03
3.893000000000000000e+03
3.790000000000000000e+03
2.997000000000000000e+03
1.296000000000000000e+03
1.943000000000000000e+03
1.361000000000000000e+03
1.624000000000000000e+03
3.795000000000000000e+03
1.926000000000000000e+03
2.868000000000000000e+03
3.877000000000000000e+03
2.566000000000000000e+03
1.706000000000000000e+03
1.529000000000000000e+03
1.130000000000000000e+03
7.210000000000000000e+02
9.920000000000000000e+02
9.380000000000000000e+02
6.800000000000000000e+02
1.253000000000000000e+03
1.093000000000000000e+03
1.065000000000000000e+03
1.343000000000000000e+03
7.780000000000000000e+02
9.640000000000000000e+02
8.840000000000000000e+02
6.950000000000000000e+02
5.590000000000000000e+02
5.350000000000000000e+02
1.342000000000000000e+03
6.800000000000000000e+02
1.005000000000000000e+03
1.112000000000000000e+03
8.590000000000000000e+02
7.630000000000000000e+02
9.440000000000000000e+02
7.920000000000000000e+02
7.340000000000000000e+02
8.220000000000000000e+02
5.130000000000000000e+02
8.650000000000000000e+02
5.220000000000000000e+02
8.010000000000000000e+02
6.750000000000000000e+02
7.980000000000000000e+02
1.048000000000000000e+03
1.651000000000000000e+03
6.150000000000000000e+02
1.109000000000000000e+03
6.470000000000000000e+02
9.520000000000000000e+02
4.620000000000000000e+02
9.540000000000000000e+02
1.335000000000000000e+03
2.001000000000000000e+03
4.060000000000000000e+02
2.790000000000000000e+02
9.200000000000000000e+01
6.300000000000000000e+01
5.600000000000000000e+01
5.300000000000000000e+01
4.900000000000000000e+01
3.700000000000000000e+01
5.700000000000000000e+01
5.100000000000000000e+01
5.500000000000000000e+01
5.700000000000000000e+01
4.600000000000000000e+01
5.200000000000000000e+01
3.600000000000000000e+01
2.700000000000000000e+01
2.800000000000000000e+01
2.400000000000000000e+01
1.200000000000000000e+01
3.100000000000000000e+01
4.622000000000000000e+03
9.260000000000000000e+02
7.980000000000000000e+02
4.440000000000000000e+02
4.740000000000000000e+02
4.590000000000000000e+02
3.910000000000000000e+02
3.910000000000000000e+02
4.540000000000000000e+02
4.850000000000000000e+02
4.120000000000000000e+02
4.370000000000000000e+02
4.680000000000000000e+02
4.630000000000000000e+02
4.680000000000000000e+02
4.930000000000000000e+02
4.830000000000000000e+02
5.260000000000000000e+02
5.700000000000000000e+02
5.100000000000000000e+02
5.200000000000000000e+02
4.930000000000000000e+02
5.150000000000000000e+02
5.560000000000000000e+02
6.090000000000000000e+02
5.770000000000000000e+02
5.840000000000000000e+02
6.320000000000000000e+02
6.610000000000000000e+02
6.220000000000000000e+02
5.820000000000000000e+02
6.030000000000000000e+02
6.550000000000000000e+02
6.590000000000000000e+02
6.160000000000000000e+02
6.080000000000000000e+02
5.560000000000000000e+02
6.140000000000000000e+02
5.720000000000000000e+02
5.700000000000000000e+02
5.510000000000000000e+02
5.320000000000000000e+02
5.450000000000000000e+02
5.670000000000000000e+02
5.550000000000000000e+02
5.410000000000000000e+02
5.270000000000000000e+02
4.850000000000000000e+02
4.840000000000000000e+02
4.860000000000000000e+02
5.230000000000000000e+02
4.920000000000000000e+02
4.990000000000000000e+02
4.980000000000000000e+02
4.680000000000000000e+02
5.280000000000000000e+02
5.740000000000000000e+02
5.290000000000000000e+02
6.120000000000000000e+02
7.960000000000000000e+02
9.360000000000000000e+02
9.630000000000000000e+02
9.650000000000000000e+02
7.020000000000000000e+02
6.840000000000000000e+02
6.410000000000000000e+02
6.060000000000000000e+02
5.930000000000000000e+02
5.480000000000000000e+02
5.360000000000000000e+02
5.110000000000000000e+02
5.160000000000000000e+02
4.510000000000000000e+02
4.790000000000000000e+02
4.990000000000000000e+02
5.290000000000000000e+02
5.270000000000000000e+02
5.600000000000000000e+02
5.970000000000000000e+02
5.850000000000000000e+02
6.060000000000000000e+02
5.800000000000000000e+02
5.740000000000000000e+02
5.580000000000000000e+02
5.970000000000000000e+02
6.370000000000000000e+02
6.400000000000000000e+02
6.070000000000000000e+02
6.360000000000000000e+02
6.840000000000000000e+02
6.280000000000000000e+02
6.820000000000000000e+02
6.790000000000000000e+02
6.560000000000000000e+02
6.510000000000000000e+02
7.560000000000000000e+02
6.930000000000000000e+02
5.990000000000000000e+02
5.800000000000000000e+02
5.310000000000000000e+02
5.350000000000000000e+02
5.030000000000000000e+02
6.010000000000000000e+02
6.520000000000000000e+02
5.730000000000000000e+02
5.080000000000000000e+02
5.680000000000000000e+02
5.230000000000000000e+02
5.400000000000000000e+02
5.520000000000000000e+02
5.440000000000000000e+02
5.310000000000000000e+02
5.200000000000000000e+02
5.350000000000000000e+02
4.900000000000000000e+02
4.490000000000000000e+02
5.310000000000000000e+02
6.230000000000000000e+02
5.720000000000000000e+02
6.080000000000000000e+02
6.020000000000000000e+02
6.260000000000000000e+02
5.110000000000000000e+02
5.450000000000000000e+02
4.940000000000000000e+02
4.970000000000000000e+02
4.210000000000000000e+02
3.740000000000000000e+02
3.810000000000000000e+02
3.510000000000000000e+02
3.920000000000000000e+02
3.630000000000000000e+02
3.250000000000000000e+02
3.210000000000000000e+02
3.140000000000000000e+02
3.500000000000000000e+02
3.420000000000000000e+02
3.060000000000000000e+02
2.880000000000000000e+02
3.240000000000000000e+02
2.900000000000000000e+02
3.020000000000000000e+02
2.890000000000000000e+02
2.770000000000000000e+02
2.440000000000000000e+02
2.370000000000000000e+02
2.640000000000000000e+02
2.390000000000000000e+02
2.610000000000000000e+02
2.560000000000000000e+02
2.240000000000000000e+02
2.180000000000000000e+02
2.080000000000000000e+02
2.120000000000000000e+02
2.090000000000000000e+02
1.890000000000000000e+02
2.280000000000000000e+02
2.000000000000000000e+02
2.030000000000000000e+02
1.630000000000000000e+02
1.670000000000000000e+02
2.040000000000000000e+02
1.670000000000000000e+02
1.770000000000000000e+02
1.610000000000000000e+02
1.610000000000000000e+02
1.339000000000000000e+03
1.394000000000000000e+03
2.588000000000000000e+03
7.900000000000000000e+02
4.162000000000000000e+03
1.982000000000000000e+03
3.608000000000000000e+03
1.695000000000000000e+03
4.110000000000000000e+03
2.849000000000000000e+03
1.779000000000000000e+03
4.339000000000000000e+03
2.828000000000000000e+03
4.754000000000000000e+03
4.994000000000000000e+03
2.694000000000000000e+03
3.806000000000000000e+03
3.105000000000000000e+03
2.219000000000000000e+03
4.195000000000000000e+03
2.609000000000000000e+03
5.098000000000000000e+03
2.303000000000000000e+03
3.238000000000000000e+03
3.509000000000000000e+03
3.111000000000000000e+03
3.220000000000000000e+03
3.620000000000000000e+03
2.774000000000000000e+03
3.908000000000000000e+03
5.397000000000000000e+03
2.332000000000000000e+03
2.393000000000000000e+03
2.089000000000000000e+03
4.298000000000000000e+03
1.334000000000000000e+03
1.774000000000000000e+03
1.146000000000000000e+03
1.134000000000000000e+03
9.000000000000000000e+02
1.023000000000000000e+03
1.669000000000000000e+03
1.557000000000000000e+03
1.826000000000000000e+03
1.787000000000000000e+03
1.141000000000000000e+03
8.350000000000000000e+02
5.190000000000000000e+02
4.560000000000000000e+02
1.428000000000000000e+03
7.090000000000000000e+02
1.542000000000000000e+03
1.281000000000000000e+03
1.047000000000000000e+03
1.039000000000000000e+03
9.640000000000000000e+02
8.700000000000000000e+02
9.300000000000000000e+02
5.900000000000000000e+02
9.230000000000000000e+02
5.950000000000000000e+02
8.880000000000000000e+02
7.250000000000000000e+02
8.600000000000000000e+02
1.110000000000000000e+03
1.682000000000000000e+03
6.800000000000000000e+02
1.375000000000000000e+03
9.210000000000000000e+02
1.523000000000000000e+03
1.478000000000000000e+03
2.027000000000000000e+03
4.110000000000000000e+02
3.650000000000000000e+02
1.450000000000000000e+02
1.110000000000000000e+02
9.100000000000000000e+01
7.700000000000000000e+01
9.400000000000000000e+01
6.900000000000000000e+01
6.600000000000000000e+01
5.600000000000000000e+01
4.700000000000000000e+01
5.800000000000000000e+01
3.600000000000000000e+01
3.700000000000000000e+01
3.900000000000000000e+01
3.700000000000000000e+01
3.000000000000000000e+01
1.070000000000000000e+02
