6.930000000000000000e+02
9.920000000000000000e+02
2.650000000000000000e+03
1.078400000000000000e+04
1.546000000000000000e+03
1.050000000000000000e+03
1.132000000000000000e+03
9.950000000000000000e+02
9.720000000000000000e+02
1.027000000000000000e+03
1.078000000000000000e+03
1.121000000000000000e+03
1.065000000000000000e+03
1.174000000000000000e+03
1.273000000000000000e+03
1.304000000000000000e+03
1.325000000000000000e+03
1.388000000000000000e+03
1.575000000000000000e+03
1.584000000000000000e+03
1.599000000000000000e+03
1.632000000000000000e+03
1.591000000000000000e+03
1.439000000000000000e+03
1.529000000000000000e+03
1.432000000000000000e+03
1.354000000000000000e+03
1.315000000000000000e+03
1.307000000000000000e+03
1.246000000000000000e+03
1.235000000000000000e+03
1.238000000000000000e+03
1.126000000000000000e+03
1.062000000000000000e+03
1.095000000000000000e+03
1.095000000000000000e+03
1.097000000000000000e+03
1.047000000000000000e+03
1.051000000000000000e+03
1.003000000000000000e+03
1.072000000000000000e+03
1.080000000000000000e+03
1.031000000000000000e+03
1.152000000000000000e+03
1.139000000000000000e+03
1.089000000000000000e+03
1.206000000000000000e+03
1.201000000000000000e+03
1.134000000000000000e+03
1.099000000000000000e+03
1.071000000000000000e+03
1.015000000000000000e+03
1.018000000000000000e+03
9.630000000000000000e+02
1.012000000000000000e+03
1.066000000000000000e+03
1.058000000000000000e+03
1.043000000000000000e+03
9.500000000000000000e+02
1.001000000000000000e+03
1.044000000000000000e+03
9.890000000000000000e+02
1.152000000000000000e+03
1.459000000000000000e+03
1.755000000000000000e+03
1.880000000000000000e+03
2.058000000000000000e+03
1.790000000000000000e+03
1.951000000000000000e+03
1.891000000000000000e+03
1.952000000000000000e+03
1.882000000000000000e+03
1.857000000000000000e+03
2.115000000000000000e+03
2.231000000000000000e+03
2.201000000000000000e+03
2.006000000000000000e+03
1.918000000000000000e+03
1.754000000000000000e+03
1.618000000000000000e+03
1.545000000000000000e+03
1.481000000000000000e+03
1.310000000000000000e+03
1.209000000000000000e+03
1.081000000000000000e+03
9.300000000000000000e+02
8.790000000000000000e+02
7.230000000000000000e+02
6.880000000000000000e+02
6.100000000000000000e+02
6.520000000000000000e+02
6.310000000000000000e+02
6.250000000000000000e+02
7.200000000000000000e+02
6.970000000000000000e+02
6.410000000000000000e+02
6.230000000000000000e+02
6.340000000000000000e+02
6.520000000000000000e+02
6.670000000000000000e+02
6.520000000000000000e+02
5.730000000000000000e+02
5.650000000000000000e+02
5.530000000000000000e+02
6.400000000000000000e+02
6.360000000000000000e+02
7.490000000000000000e+02
7.430000000000000000e+02
9.240000000000000000e+02
8.100000000000000000e+02
8.900000000000000000e+02
1.007000000000000000e+03
7.840000000000000000e+02
7.590000000000000000e+02
7.890000000000000000e+02
9.750000000000000000e+02
1.172000000000000000e+03
9.370000000000000000e+02
9.250000000000000000e+02
1.188000000000000000e+03
9.830000000000000000e+02
9.660000000000000000e+02
9.520000000000000000e+02
9.010000000000000000e+02
1.094000000000000000e+03
1.187000000000000000e+03
9.020000000000000000e+02
5.490000000000000000e+02
5.070000000000000000e+02
5.130000000000000000e+02
5.300000000000000000e+02
5.220000000000000000e+02
4.970000000000000000e+02
4.710000000000000000e+02
4.400000000000000000e+02
5.060000000000000000e+02
4.830000000000000000e+02
4.070000000000000000e+02
4.330000000000000000e+02
3.990000000000000000e+02
4.090000000000000000e+02
4.060000000000000000e+02
4.300000000000000000e+02
3.650000000000000000e+02
4.170000000000000000e+02
4.120000000000000000e+02
3.880000000000000000e+02
3.790000000000000000e+02
4.730000000000000000e+02
3.980000000000000000e+02
3.650000000000000000e+02
4.110000000000000000e+02
4.290000000000000000e+02
4.480000000000000000e+02
4.480000000000000000e+02
5.000000000000000000e+02
4.830000000000000000e+02
4.810000000000000000e+02
4.890000000000000000e+02
4.940000000000000000e+02
4.540000000000000000e+02
4.840000000000000000e+02
4.970000000000000000e+02
4.520000000000000000e+02
4.500000000000000000e+02
4.020000000000000000e+02
4.450000000000000000e+02
4.230000000000000000e+02
4.130000000000000000e+02
4.350000000000000000e+02
4.550000000000000000e+02
4.300000000000000000e+02
4.030000000000000000e+02
4.660000000000000000e+02
4.480000000000000000e+02
4.360000000000000000e+02
3.900000000000000000e+02
4.140000000000000000e+02
3.840000000000000000e+02
3.340000000000000000e+02
3.650000000000000000e+02
3.480000000000000000e+02
3.960000000000000000e+02
2.790000000000000000e+02
3.470000000000000000e+02
3.050000000000000000e+02
3.140000000000000000e+02
3.250000000000000000e+02
3.340000000000000000e+02
3.730000000000000000e+02
3.660000000000000000e+02
3.210000000000000000e+02
3.400000000000000000e+02
3.890000000000000000e+02
3.870000000000000000e+02
3.600000000000000000e+02
4.630000000000000000e+02
5.080000000000000000e+02
6.540000000000000000e+02
6.910000000000000000e+02
7.500000000000000000e+02
6.990000000000000000e+02
5.850000000000000000e+02
5.950000000000000000e+02
6.520000000000000000e+02
6.940000000000000000e+02
7.420000000000000000e+02
8.180000000000000000e+02
8.580000000000000000e+02
9.920000000000000000e+02
9.030000000000000000e+02
7.900000000000000000e+02
8.060000000000000000e+02
8.220000000000000000e+02
1.107000000000000000e+03
9.650000000000000000e+02
7.320000000000000000e+02
7.460000000000000000e+02
7.270000000000000000e+02
6.600000000000000000e+02
6.870000000000000000e+02
7.180000000000000000e+02
7.530000000000000000e+02
7.810000000000000000e+02
7.990000000000000000e+02
7.960000000000000000e+02
7.790000000000000000e+02
8.190000000000000000e+02
7.810000000000000000e+02
8.040000000000000000e+02
7.860000000000000000e+02
7.560000000000000000e+02
8.320000000000000000e+02
8.420000000000000000e+02
8.180000000000000000e+02
7.800000000000000000e+02
7.900000000000000000e+02
7.830000000000000000e+02
7.520000000000000000e+02
7.490000000000000000e+02
7.290000000000000000e+02
6.600000000000000000e+02
6.960000000000000000e+02
7.170000000000000000e+02
7.460000000000000000e+02
7.900000000000000000e+02
8.210000000000000000e+02
8.470000000000000000e+02
8.200000000000000000e+02
7.900000000000000000e+02
7.560000000000000000e+02
8.260000000000000000e+02
1.071000000000000000e+03
1.454000000000000000e+03
2.290000000000000000e+03
5.999000000000000000e+03
1.985000000000000000e+03
1.240000000000000000e+03
2.898000000000000000e+03
1.104900000000000000e+04
1.543000000000000000e+03
1.054000000000000000e+03
1.067000000000000000e+03
8.980000000000000000e+02
8.820000000000000000e+02
9.510000000000000000e+02
1.076000000000000000e+03
1.134000000000000000e+03
1.146000000000000000e+03
1.246000000000000000e+03
1.336000000000000000e+03
1.373000000000000000e+03
1.577000000000000000e+03
1.663000000000000000e+03
1.668000000000000000e+03
1.787000000000000000e+03
2.017000000000000000e+03
2.029000000000000000e+03
2.061000000000000000e+03
2.031000000000000000e+03
2.144000000000000000e+03
1.960000000000000000e+03
1.889000000000000000e+03
1.685000000000000000e+03
1.849000000000000000e+03
1.802000000000000000e+03
1.858000000000000000e+03
1.715000000000000000e+03
1.625000000000000000e+03
1.517000000000000000e+03
1.467000000000000000e+03
1.411000000000000000e+03
1.391000000000000000e+03
1.324000000000000000e+03
1.343000000000000000e+03
1.228000000000000000e+03
1.258000000000000000e+03
1.191000000000000000e+03
1.203000000000000000e+03
1.250000000000000000e+03
1.225000000000000000e+03
1.190000000000000000e+03
1.233000000000000000e+03
1.264000000000000000e+03
1.266000000000000000e+03
1.195000000000000000e+03
1.099000000000000000e+03
1.140000000000000000e+03
1.165000000000000000e+03
1.107000000000000000e+03
1.195000000000000000e+03
1.254000000000000000e+03
1.325000000000000000e+03
1.253000000000000000e+03
1.277000000000000000e+03
1.246000000000000000e+03
1.316000000000000000e+03
1.390000000000000000e+03
1.379000000000000000e+03
1.495000000000000000e+03
1.517000000000000000e+03
1.537000000000000000e+03
1.795000000000000000e+03
1.923000000000000000e+03
2.295000000000000000e+03
2.626000000000000000e+03
2.574000000000000000e+03
2.066000000000000000e+03
1.898000000000000000e+03
1.827000000000000000e+03
1.791000000000000000e+03
1.910000000000000000e+03
1.986000000000000000e+03
1.995000000000000000e+03
2.411000000000000000e+03
2.877000000000000000e+03
3.047000000000000000e+03
2.664000000000000000e+03
2.519000000000000000e+03
2.450000000000000000e+03
2.597000000000000000e+03
2.753000000000000000e+03
3.068000000000000000e+03
2.995000000000000000e+03
1.999000000000000000e+03
1.420000000000000000e+03
1.078000000000000000e+03
1.049000000000000000e+03
1.058000000000000000e+03
1.072000000000000000e+03
9.860000000000000000e+02
1.016000000000000000e+03
1.058000000000000000e+03
1.017000000000000000e+03
8.920000000000000000e+02
8.790000000000000000e+02
8.040000000000000000e+02
7.880000000000000000e+02
8.000000000000000000e+02
6.710000000000000000e+02
6.630000000000000000e+02
6.640000000000000000e+02
7.730000000000000000e+02
7.640000000000000000e+02
7.230000000000000000e+02
7.230000000000000000e+02
9.250000000000000000e+02
8.800000000000000000e+02
1.014000000000000000e+03
9.790000000000000000e+02
1.137000000000000000e+03
1.208000000000000000e+03
8.790000000000000000e+02
9.050000000000000000e+02
7.970000000000000000e+02
9.080000000000000000e+02
9.550000000000000000e+02
8.960000000000000000e+02
1.044000000000000000e+03
1.244000000000000000e+03
9.780000000000000000e+02
8.870000000000000000e+02
9.360000000000000000e+02
8.720000000000000000e+02
8.870000000000000000e+02
8.320000000000000000e+02
5.440000000000000000e+02
4.660000000000000000e+02
4.030000000000000000e+02
3.590000000000000000e+02
3.580000000000000000e+02
3.510000000000000000e+02
3.580000000000000000e+02
3.630000000000000000e+02
3.400000000000000000e+02
3.210000000000000000e+02
3.340000000000000000e+02
3.250000000000000000e+02
3.650000000000000000e+02
3.590000000000000000e+02
3.220000000000000000e+02
3.480000000000000000e+02
3.650000000000000000e+02
3.370000000000000000e+02
3.440000000000000000e+02
3.500000000000000000e+02
3.010000000000000000e+02
3.340000000000000000e+02
3.360000000000000000e+02
3.210000000000000000e+02
3.080000000000000000e+02
3.170000000000000000e+02
3.370000000000000000e+02
2.650000000000000000e+02
2.940000000000000000e+02
2.670000000000000000e+02
2.900000000000000000e+02
2.870000000000000000e+02
2.810000000000000000e+02
2.920000000000000000e+02
2.710000000000000000e+02
2.740000000000000000e+02
2.530000000000000000e+02
2.990000000000000000e+02
3.190000000000000000e+02
3.020000000000000000e+02
3.030000000000000000e+02
2.970000000000000000e+02
3.050000000000000000e+02
3.290000000000000000e+02
3.190000000000000000e+02
3.490000000000000000e+02
3.360000000000000000e+02
3.110000000000000000e+02
2.860000000000000000e+02
2.400000000000000000e+02
2.250000000000000000e+02
2.250000000000000000e+02
2.180000000000000000e+02
1.910000000000000000e+02
2.050000000000000000e+02
1.520000000000000000e+02
1.810000000000000000e+02
1.910000000000000000e+02
2.010000000000000000e+02
1.740000000000000000e+02
1.800000000000000000e+02
2.150000000000000000e+02
2.210000000000000000e+02
2.220000000000000000e+02
2.390000000000000000e+02
2.510000000000000000e+02
2.580000000000000000e+02
3.140000000000000000e+02
3.280000000000000000e+02
3.880000000000000000e+02
4.860000000000000000e+02
5.910000000000000000e+02
5.780000000000000000e+02
5.920000000000000000e+02
5.810000000000000000e+02
5.180000000000000000e+02
4.710000000000000000e+02
3.770000000000000000e+02
3.770000000000000000e+02
3.690000000000000000e+02
3.740000000000000000e+02
3.840000000000000000e+02
3.720000000000000000e+02
4.130000000000000000e+02
3.780000000000000000e+02
3.680000000000000000e+02
3.550000000000000000e+02
3.870000000000000000e+02
3.690000000000000000e+02
3.860000000000000000e+02
3.670000000000000000e+02
4.010000000000000000e+02
3.890000000000000000e+02
3.650000000000000000e+02
3.360000000000000000e+02
3.620000000000000000e+02
3.280000000000000000e+02
2.820000000000000000e+02
2.970000000000000000e+02
3.290000000000000000e+02
3.350000000000000000e+02
3.640000000000000000e+02
3.750000000000000000e+02
3.660000000000000000e+02
4.640000000000000000e+02
6.020000000000000000e+02
6.360000000000000000e+02
7.750000000000000000e+02
6.650000000000000000e+02
7.180000000000000000e+02
6.340000000000000000e+02
8.160000000000000000e+02
6.790000000000000000e+02
3.780000000000000000e+02
3.800000000000000000e+02
2.670000000000000000e+02
2.360000000000000000e+02
2.110000000000000000e+02
1.820000000000000000e+02
1.390000000000000000e+02
1.480000000000000000e+02
1.220000000000000000e+02
1.190000000000000000e+02
9.800000000000000000e+01
5.300000000000000000e+01
1.260000000000000000e+02
1.886000000000000000e+03
1.416000000000000000e+03
2.820000000000000000e+03
1.099900000000000000e+04
1.480000000000000000e+03
1.131000000000000000e+03
1.036000000000000000e+03
9.740000000000000000e+02
9.930000000000000000e+02
1.030000000000000000e+03
1.060000000000000000e+03
1.083000000000000000e+03
1.095000000000000000e+03
1.193000000000000000e+03
1.374000000000000000e+03
1.359000000000000000e+03
1.404000000000000000e+03
1.438000000000000000e+03
1.556000000000000000e+03
1.671000000000000000e+03
1.836000000000000000e+03
1.868000000000000000e+03
1.916000000000000000e+03
1.880000000000000000e+03
1.840000000000000000e+03
1.770000000000000000e+03
1.716000000000000000e+03
1.667000000000000000e+03
1.697000000000000000e+03
1.706000000000000000e+03
1.616000000000000000e+03
1.550000000000000000e+03
1.496000000000000000e+03
1.437000000000000000e+03
1.392000000000000000e+03
1.408000000000000000e+03
1.377000000000000000e+03
1.344000000000000000e+03
1.211000000000000000e+03
1.211000000000000000e+03
1.303000000000000000e+03
1.239000000000000000e+03
1.183000000000000000e+03
1.187000000000000000e+03
1.148000000000000000e+03
1.162000000000000000e+03
1.244000000000000000e+03
1.282000000000000000e+03
1.257000000000000000e+03
1.283000000000000000e+03
1.328000000000000000e+03
1.154000000000000000e+03
1.188000000000000000e+03
1.137000000000000000e+03
1.202000000000000000e+03
1.219000000000000000e+03
1.193000000000000000e+03
1.323000000000000000e+03
1.280000000000000000e+03
1.348000000000000000e+03
1.316000000000000000e+03
1.388000000000000000e+03
1.285000000000000000e+03
1.312000000000000000e+03
1.330000000000000000e+03
1.353000000000000000e+03
1.457000000000000000e+03
1.634000000000000000e+03
1.682000000000000000e+03
1.681000000000000000e+03
1.934000000000000000e+03
2.116000000000000000e+03
2.433000000000000000e+03
2.565000000000000000e+03
2.047000000000000000e+03
1.805000000000000000e+03
1.796000000000000000e+03
1.919000000000000000e+03
1.940000000000000000e+03
2.168000000000000000e+03
2.072000000000000000e+03
2.007000000000000000e+03
2.427000000000000000e+03
2.989000000000000000e+03
3.384000000000000000e+03
2.700000000000000000e+03
2.313000000000000000e+03
2.062000000000000000e+03
1.875000000000000000e+03
1.764000000000000000e+03
1.600000000000000000e+03
1.403000000000000000e+03
1.281000000000000000e+03
1.238000000000000000e+03
1.209000000000000000e+03
1.291000000000000000e+03
1.286000000000000000e+03
1.287000000000000000e+03
1.287000000000000000e+03
1.384000000000000000e+03
1.326000000000000000e+03
1.127000000000000000e+03
1.159000000000000000e+03
1.205000000000000000e+03
1.289000000000000000e+03
1.361000000000000000e+03
1.229000000000000000e+03
1.301000000000000000e+03
1.467000000000000000e+03
1.550000000000000000e+03
1.472000000000000000e+03
1.299000000000000000e+03
1.275000000000000000e+03
1.317000000000000000e+03
1.316000000000000000e+03
1.068000000000000000e+03
7.640000000000000000e+02
7.240000000000000000e+02
7.610000000000000000e+02
6.860000000000000000e+02
6.580000000000000000e+02
6.300000000000000000e+02
5.740000000000000000e+02
5.820000000000000000e+02
5.820000000000000000e+02
5.600000000000000000e+02
5.340000000000000000e+02
5.210000000000000000e+02
5.230000000000000000e+02
4.990000000000000000e+02
4.590000000000000000e+02
4.960000000000000000e+02
4.510000000000000000e+02
4.660000000000000000e+02
4.550000000000000000e+02
4.330000000000000000e+02
4.220000000000000000e+02
4.450000000000000000e+02
4.470000000000000000e+02
3.800000000000000000e+02
4.160000000000000000e+02
3.800000000000000000e+02
3.600000000000000000e+02
3.980000000000000000e+02
3.740000000000000000e+02
3.360000000000000000e+02
3.550000000000000000e+02
3.320000000000000000e+02
3.230000000000000000e+02
3.420000000000000000e+02
2.840000000000000000e+02
3.360000000000000000e+02
2.900000000000000000e+02
3.000000000000000000e+02
3.300000000000000000e+02
3.030000000000000000e+02
3.000000000000000000e+02
3.290000000000000000e+02
3.390000000000000000e+02
2.980000000000000000e+02
2.790000000000000000e+02
3.230000000000000000e+02
3.030000000000000000e+02
3.150000000000000000e+02
3.270000000000000000e+02
3.110000000000000000e+02
3.210000000000000000e+02
2.950000000000000000e+02
3.400000000000000000e+02
3.050000000000000000e+02
3.640000000000000000e+02
3.350000000000000000e+02
3.100000000000000000e+02
3.140000000000000000e+02
3.460000000000000000e+02
3.510000000000000000e+02
3.650000000000000000e+02
3.330000000000000000e+02
3.210000000000000000e+02
2.860000000000000000e+02
2.760000000000000000e+02
3.000000000000000000e+02
2.640000000000000000e+02
2.530000000000000000e+02
2.390000000000000000e+02
2.200000000000000000e+02
2.310000000000000000e+02
2.400000000000000000e+02
1.960000000000000000e+02
2.040000000000000000e+02
1.790000000000000000e+02
2.080000000000000000e+02
2.370000000000000000e+02
2.540000000000000000e+02
3.010000000000000000e+02
4.190000000000000000e+02
5.240000000000000000e+02
7.050000000000000000e+02
5.890000000000000000e+02
5.580000000000000000e+02
4.810000000000000000e+02
4.380000000000000000e+02
4.250000000000000000e+02
3.380000000000000000e+02
3.480000000000000000e+02
3.630000000000000000e+02
3.800000000000000000e+02
3.540000000000000000e+02
3.530000000000000000e+02
2.920000000000000000e+02
2.990000000000000000e+02
2.420000000000000000e+02
2.830000000000000000e+02
2.650000000000000000e+02
2.510000000000000000e+02
2.880000000000000000e+02
2.630000000000000000e+02
2.540000000000000000e+02
3.320000000000000000e+02
3.030000000000000000e+02
3.200000000000000000e+02
3.360000000000000000e+02
3.620000000000000000e+02
3.710000000000000000e+02
3.970000000000000000e+02
4.040000000000000000e+02
3.760000000000000000e+02
3.550000000000000000e+02
3.710000000000000000e+02
3.400000000000000000e+02
3.230000000000000000e+02
2.880000000000000000e+02
3.340000000000000000e+02
3.020000000000000000e+02
2.970000000000000000e+02
3.100000000000000000e+02
3.580000000000000000e+02
3.250000000000000000e+02
3.100000000000000000e+02
2.930000000000000000e+02
2.730000000000000000e+02
3.240000000000000000e+02
3.360000000000000000e+02
3.430000000000000000e+02
3.270000000000000000e+02
3.350000000000000000e+02
3.720000000000000000e+02
4.600000000000000000e+02
4.920000000000000000e+02
5.970000000000000000e+02
8.050000000000000000e+02
8.750000000000000000e+02
9.010000000000000000e+02
6.380000000000000000e+02
2.220000000000000000e+02
3.810000000000000000e+02
