6.170000000000000000e+02
2.360000000000000000e+02
2.620000000000000000e+02
3.130000000000000000e+02
3.640000000000000000e+02
3.860000000000000000e+02
3.960000000000000000e+02
4.370000000000000000e+02
3.710000000000000000e+02
3.240000000000000000e+02
3.530000000000000000e+02
3.060000000000000000e+02
3.300000000000000000e+02
3.130000000000000000e+02
2.920000000000000000e+02
2.950000000000000000e+02
3.420000000000000000e+02
3.210000000000000000e+02
3.490000000000000000e+02
3.580000000000000000e+02
3.540000000000000000e+02
3.570000000000000000e+02
3.560000000000000000e+02
3.530000000000000000e+02
3.750000000000000000e+02
4.000000000000000000e+02
4.260000000000000000e+02
4.120000000000000000e+02
4.290000000000000000e+02
4.470000000000000000e+02
4.300000000000000000e+02
4.720000000000000000e+02
4.570000000000000000e+02
4.780000000000000000e+02
4.530000000000000000e+02
4.520000000000000000e+02
4.170000000000000000e+02
4.750000000000000000e+02
5.100000000000000000e+02
5.350000000000000000e+02
5.340000000000000000e+02
5.790000000000000000e+02
6.840000000000000000e+02
6.880000000000000000e+02
7.190000000000000000e+02
6.790000000000000000e+02
5.590000000000000000e+02
5.970000000000000000e+02
6.170000000000000000e+02
5.850000000000000000e+02
6.050000000000000000e+02
6.500000000000000000e+02
6.330000000000000000e+02
5.940000000000000000e+02
6.640000000000000000e+02
6.840000000000000000e+02
7.340000000000000000e+02
7.420000000000000000e+02
6.790000000000000000e+02
6.700000000000000000e+02
7.020000000000000000e+02
6.760000000000000000e+02
6.520000000000000000e+02
6.410000000000000000e+02
7.440000000000000000e+02
8.170000000000000000e+02
8.570000000000000000e+02
8.400000000000000000e+02
7.730000000000000000e+02
7.360000000000000000e+02
7.280000000000000000e+02
8.130000000000000000e+02
7.540000000000000000e+02
8.970000000000000000e+02
9.630000000000000000e+02
1.251000000000000000e+03
1.785000000000000000e+03
1.974000000000000000e+03
2.000000000000000000e+03
2.221000000000000000e+03
2.880000000000000000e+03
2.949000000000000000e+03
2.733000000000000000e+03
2.718000000000000000e+03
2.530000000000000000e+03
2.478000000000000000e+03
2.623000000000000000e+03
2.595000000000000000e+03
2.394000000000000000e+03
2.382000000000000000e+03
2.296000000000000000e+03
2.249000000000000000e+03
2.128000000000000000e+03
1.971000000000000000e+03
1.815000000000000000e+03
1.382000000000000000e+03
1.232000000000000000e+03
1.373000000000000000e+03
1.490000000000000000e+03
1.572000000000000000e+03
1.703000000000000000e+03
1.709000000000000000e+03
1.618000000000000000e+03
1.742000000000000000e+03
1.840000000000000000e+03
1.916000000000000000e+03
1.811000000000000000e+03
1.768000000000000000e+03
1.578000000000000000e+03
1.495000000000000000e+03
1.454000000000000000e+03
1.415000000000000000e+03
1.241000000000000000e+03
1.305000000000000000e+03
1.213000000000000000e+03
1.235000000000000000e+03
1.241000000000000000e+03
1.164000000000000000e+03
1.269000000000000000e+03
1.230000000000000000e+03
1.168000000000000000e+03
1.143000000000000000e+03
9.900000000000000000e+02
9.420000000000000000e+02
7.980000000000000000e+02
7.820000000000000000e+02
7.440000000000000000e+02
7.040000000000000000e+02
7.180000000000000000e+02
7.220000000000000000e+02
7.130000000000000000e+02
6.690000000000000000e+02
6.710000000000000000e+02
7.130000000000000000e+02
7.120000000000000000e+02
6.720000000000000000e+02
7.040000000000000000e+02
7.100000000000000000e+02
6.850000000000000000e+02
7.600000000000000000e+02
7.110000000000000000e+02
7.300000000000000000e+02
7.600000000000000000e+02
7.600000000000000000e+02
7.630000000000000000e+02
7.760000000000000000e+02
8.080000000000000000e+02
8.130000000000000000e+02
8.260000000000000000e+02
8.450000000000000000e+02
8.840000000000000000e+02
9.550000000000000000e+02
9.230000000000000000e+02
8.960000000000000000e+02
9.100000000000000000e+02
9.460000000000000000e+02
9.050000000000000000e+02
9.380000000000000000e+02
1.023000000000000000e+03
1.031000000000000000e+03
1.039000000000000000e+03
1.038000000000000000e+03
1.054000000000000000e+03
9.630000000000000000e+02
9.920000000000000000e+02
9.760000000000000000e+02
9.260000000000000000e+02
1.063000000000000000e+03
1.092000000000000000e+03
1.416000000000000000e+03
1.509000000000000000e+03
1.638000000000000000e+03
1.513000000000000000e+03
1.438000000000000000e+03
1.339000000000000000e+03
1.273000000000000000e+03
1.287000000000000000e+03
1.437000000000000000e+03
1.281000000000000000e+03
1.144000000000000000e+03
1.143000000000000000e+03
1.223000000000000000e+03
1.086000000000000000e+03
1.197000000000000000e+03
1.357000000000000000e+03
1.313000000000000000e+03
1.268000000000000000e+03
1.269000000000000000e+03
1.228000000000000000e+03
1.266000000000000000e+03
1.280000000000000000e+03
1.211000000000000000e+03
1.291000000000000000e+03
1.257000000000000000e+03
1.211000000000000000e+03
1.192000000000000000e+03
1.036000000000000000e+03
1.128000000000000000e+03
1.059000000000000000e+03
1.139000000000000000e+03
1.145000000000000000e+03
1.261000000000000000e+03
1.161000000000000000e+03
1.132000000000000000e+03
1.192000000000000000e+03
1.111000000000000000e+03
1.066000000000000000e+03
1.154000000000000000e+03
1.045000000000000000e+03
9.090000000000000000e+02
8.320000000000000000e+02
7.620000000000000000e+02
7.280000000000000000e+02
6.960000000000000000e+02
6.440000000000000000e+02
6.920000000000000000e+02
6.590000000000000000e+02
7.110000000000000000e+02
7.330000000000000000e+02
7.130000000000000000e+02
6.870000000000000000e+02
6.430000000000000000e+02
6.600000000000000000e+02
6.400000000000000000e+02
6.360000000000000000e+02
5.580000000000000000e+02
4.970000000000000000e+02
4.540000000000000000e+02
4.670000000000000000e+02
4.000000000000000000e+02
4.890000000000000000e+02
4.010000000000000000e+02
3.890000000000000000e+02
4.380000000000000000e+02
3.610000000000000000e+02
3.480000000000000000e+02
2.780000000000000000e+02
2.560000000000000000e+02
2.230000000000000000e+02
2.210000000000000000e+02
2.060000000000000000e+02
1.610000000000000000e+02
1.560000000000000000e+02
1.370000000000000000e+02
1.570000000000000000e+02
1.330000000000000000e+02
1.610000000000000000e+02
1.720000000000000000e+02
2.120000000000000000e+02
2.650000000000000000e+02
3.330000000000000000e+02
3.950000000000000000e+02
4.610000000000000000e+02
6.380000000000000000e+02
9.340000000000000000e+02
3.582000000000000000e+03
2.300000000000000000e+01
5.200000000000000000e+01
8.100000000000000000e+01
1.010000000000000000e+02
1.740000000000000000e+02
2.200000000000000000e+02
2.860000000000000000e+02
3.510000000000000000e+02
3.770000000000000000e+02
4.120000000000000000e+02
4.040000000000000000e+02
3.550000000000000000e+02
3.060000000000000000e+02
3.290000000000000000e+02
2.770000000000000000e+02
2.950000000000000000e+02
3.060000000000000000e+02
2.930000000000000000e+02
2.820000000000000000e+02
3.210000000000000000e+02
3.420000000000000000e+02
3.110000000000000000e+02
3.560000000000000000e+02
3.320000000000000000e+02
3.660000000000000000e+02
3.850000000000000000e+02
4.090000000000000000e+02
3.970000000000000000e+02
3.800000000000000000e+02
4.290000000000000000e+02
4.280000000000000000e+02
4.060000000000000000e+02
3.550000000000000000e+02
3.740000000000000000e+02
3.720000000000000000e+02
3.640000000000000000e+02
3.160000000000000000e+02
3.230000000000000000e+02
3.750000000000000000e+02
3.400000000000000000e+02
3.760000000000000000e+02
3.390000000000000000e+02
3.090000000000000000e+02
3.230000000000000000e+02
3.130000000000000000e+02
3.410000000000000000e+02
3.580000000000000000e+02
3.770000000000000000e+02
4.140000000000000000e+02
4.350000000000000000e+02
4.750000000000000000e+02
5.080000000000000000e+02
5.030000000000000000e+02
5.340000000000000000e+02
5.140000000000000000e+02
5.220000000000000000e+02
5.630000000000000000e+02
5.490000000000000000e+02
5.640000000000000000e+02
5.840000000000000000e+02
5.900000000000000000e+02
6.840000000000000000e+02
6.770000000000000000e+02
7.380000000000000000e+02
7.230000000000000000e+02
6.400000000000000000e+02
6.690000000000000000e+02
6.620000000000000000e+02
6.150000000000000000e+02
6.670000000000000000e+02
6.580000000000000000e+02
6.200000000000000000e+02
5.930000000000000000e+02
6.380000000000000000e+02
7.000000000000000000e+02
6.820000000000000000e+02
7.770000000000000000e+02
8.440000000000000000e+02
8.260000000000000000e+02
7.750000000000000000e+02
7.140000000000000000e+02
7.140000000000000000e+02
7.640000000000000000e+02
7.630000000000000000e+02
7.590000000000000000e+02
8.210000000000000000e+02
8.580000000000000000e+02
1.017000000000000000e+03
9.810000000000000000e+02
1.084000000000000000e+03
1.264000000000000000e+03
1.533000000000000000e+03
1.950000000000000000e+03
2.003000000000000000e+03
2.049000000000000000e+03
2.264000000000000000e+03
2.226000000000000000e+03
2.392000000000000000e+03
2.318000000000000000e+03
2.350000000000000000e+03
2.266000000000000000e+03
2.245000000000000000e+03
2.130000000000000000e+03
2.220000000000000000e+03
2.267000000000000000e+03
2.422000000000000000e+03
2.466000000000000000e+03
2.366000000000000000e+03
2.276000000000000000e+03
2.225000000000000000e+03
2.160000000000000000e+03
2.161000000000000000e+03
2.201000000000000000e+03
2.156000000000000000e+03
1.922000000000000000e+03
1.799000000000000000e+03
1.714000000000000000e+03
1.785000000000000000e+03
1.587000000000000000e+03
1.492000000000000000e+03
1.403000000000000000e+03
1.182000000000000000e+03
1.242000000000000000e+03
1.266000000000000000e+03
1.194000000000000000e+03
1.199000000000000000e+03
1.168000000000000000e+03
1.321000000000000000e+03
1.326000000000000000e+03
1.342000000000000000e+03
1.205000000000000000e+03
1.128000000000000000e+03
1.270000000000000000e+03
1.119000000000000000e+03
1.185000000000000000e+03
1.119000000000000000e+03
1.054000000000000000e+03
1.035000000000000000e+03
9.860000000000000000e+02
9.890000000000000000e+02
8.970000000000000000e+02
9.120000000000000000e+02
8.760000000000000000e+02
1.000000000000000000e+03
1.060000000000000000e+03
1.094000000000000000e+03
1.159000000000000000e+03
1.212000000000000000e+03
1.294000000000000000e+03
1.334000000000000000e+03
1.476000000000000000e+03
1.520000000000000000e+03
1.485000000000000000e+03
1.358000000000000000e+03
1.271000000000000000e+03
1.188000000000000000e+03
1.134000000000000000e+03
1.019000000000000000e+03
9.360000000000000000e+02
9.980000000000000000e+02
1.036000000000000000e+03
1.061000000000000000e+03
1.102000000000000000e+03
1.086000000000000000e+03
1.115000000000000000e+03
1.110000000000000000e+03
1.160000000000000000e+03
1.183000000000000000e+03
1.199000000000000000e+03
1.266000000000000000e+03
1.276000000000000000e+03
1.315000000000000000e+03
1.325000000000000000e+03
1.289000000000000000e+03
1.331000000000000000e+03
1.283000000000000000e+03
1.332000000000000000e+03
1.256000000000000000e+03
1.136000000000000000e+03
1.089000000000000000e+03
1.033000000000000000e+03
9.790000000000000000e+02
1.003000000000000000e+03
8.650000000000000000e+02
8.110000000000000000e+02
7.720000000000000000e+02
7.520000000000000000e+02
7.160000000000000000e+02
6.420000000000000000e+02
5.680000000000000000e+02
5.530000000000000000e+02
5.470000000000000000e+02
5.420000000000000000e+02
5.320000000000000000e+02
5.550000000000000000e+02
5.480000000000000000e+02
5.600000000000000000e+02
8.500000000000000000e+02
1.091000000000000000e+03
1.274000000000000000e+03
1.611000000000000000e+03
1.308000000000000000e+03
1.140000000000000000e+03
1.149000000000000000e+03
1.222000000000000000e+03
1.162000000000000000e+03
9.430000000000000000e+02
9.720000000000000000e+02
1.145000000000000000e+03
1.016000000000000000e+03
1.088000000000000000e+03
1.033000000000000000e+03
1.107000000000000000e+03
1.051000000000000000e+03
9.700000000000000000e+02
1.065000000000000000e+03
1.034000000000000000e+03
1.052000000000000000e+03
1.066000000000000000e+03
1.136000000000000000e+03
1.029000000000000000e+03
1.010000000000000000e+03
9.890000000000000000e+02
9.250000000000000000e+02
9.390000000000000000e+02
7.770000000000000000e+02
7.590000000000000000e+02
7.130000000000000000e+02
6.660000000000000000e+02
5.660000000000000000e+02
5.900000000000000000e+02
5.650000000000000000e+02
5.960000000000000000e+02
5.880000000000000000e+02
5.490000000000000000e+02
5.560000000000000000e+02
5.760000000000000000e+02
6.330000000000000000e+02
6.500000000000000000e+02
7.330000000000000000e+02
6.680000000000000000e+02
6.490000000000000000e+02
5.890000000000000000e+02
5.230000000000000000e+02
4.380000000000000000e+02
3.120000000000000000e+02
2.360000000000000000e+02
1.950000000000000000e+02
1.860000000000000000e+02
2.050000000000000000e+02
2.620000000000000000e+02
3.620000000000000000e+02
5.060000000000000000e+02
6.780000000000000000e+02
9.960000000000000000e+02
4.449000000000000000e+03
1.022000000000000000e+03
7.100000000000000000e+01
6.500000000000000000e+01
8.900000000000000000e+01
8.300000000000000000e+01
8.300000000000000000e+01
9.600000000000000000e+01
1.150000000000000000e+02
1.300000000000000000e+02
1.890000000000000000e+02
2.450000000000000000e+02
2.720000000000000000e+02
3.480000000000000000e+02
3.820000000000000000e+02
3.280000000000000000e+02
3.210000000000000000e+02
3.020000000000000000e+02
3.130000000000000000e+02
3.100000000000000000e+02
3.020000000000000000e+02
2.970000000000000000e+02
3.540000000000000000e+02
3.440000000000000000e+02
3.790000000000000000e+02
4.060000000000000000e+02
3.620000000000000000e+02
4.070000000000000000e+02
4.010000000000000000e+02
4.060000000000000000e+02
3.910000000000000000e+02
4.280000000000000000e+02
3.870000000000000000e+02
4.060000000000000000e+02
3.540000000000000000e+02
3.600000000000000000e+02
3.550000000000000000e+02
3.670000000000000000e+02
4.300000000000000000e+02
3.610000000000000000e+02
4.040000000000000000e+02
3.920000000000000000e+02
3.920000000000000000e+02
4.070000000000000000e+02
3.950000000000000000e+02
4.410000000000000000e+02
4.570000000000000000e+02
4.500000000000000000e+02
5.350000000000000000e+02
5.620000000000000000e+02
6.010000000000000000e+02
5.940000000000000000e+02
7.020000000000000000e+02
7.390000000000000000e+02
8.240000000000000000e+02
7.910000000000000000e+02
8.050000000000000000e+02
7.840000000000000000e+02
7.440000000000000000e+02
7.970000000000000000e+02
7.680000000000000000e+02
7.410000000000000000e+02
7.010000000000000000e+02
7.250000000000000000e+02
7.470000000000000000e+02
7.580000000000000000e+02
7.890000000000000000e+02
7.910000000000000000e+02
7.830000000000000000e+02
7.790000000000000000e+02
6.870000000000000000e+02
7.290000000000000000e+02
7.590000000000000000e+02
7.620000000000000000e+02
6.890000000000000000e+02
7.500000000000000000e+02
7.790000000000000000e+02
7.860000000000000000e+02
8.730000000000000000e+02
9.440000000000000000e+02
8.140000000000000000e+02
7.800000000000000000e+02
7.240000000000000000e+02
7.300000000000000000e+02
7.340000000000000000e+02
7.120000000000000000e+02
6.310000000000000000e+02
6.850000000000000000e+02
6.960000000000000000e+02
7.270000000000000000e+02
7.690000000000000000e+02
8.090000000000000000e+02
9.160000000000000000e+02
1.052000000000000000e+03
9.010000000000000000e+02
9.370000000000000000e+02
9.540000000000000000e+02
9.500000000000000000e+02
1.047000000000000000e+03
1.002000000000000000e+03
1.004000000000000000e+03
9.500000000000000000e+02
1.102000000000000000e+03
1.038000000000000000e+03
1.029000000000000000e+03
1.122000000000000000e+03
1.185000000000000000e+03
1.438000000000000000e+03
1.807000000000000000e+03
2.851000000000000000e+03
2.995000000000000000e+03
2.560000000000000000e+03
2.432000000000000000e+03
2.109000000000000000e+03
1.855000000000000000e+03
1.930000000000000000e+03
1.848000000000000000e+03
1.977000000000000000e+03
1.781000000000000000e+03
1.928000000000000000e+03
1.884000000000000000e+03
2.054000000000000000e+03
2.017000000000000000e+03
1.904000000000000000e+03
1.964000000000000000e+03
2.096000000000000000e+03
2.004000000000000000e+03
2.139000000000000000e+03
2.189000000000000000e+03
2.491000000000000000e+03
2.405000000000000000e+03
2.471000000000000000e+03
2.213000000000000000e+03
2.202000000000000000e+03
2.206000000000000000e+03
2.247000000000000000e+03
2.122000000000000000e+03
2.192000000000000000e+03
2.320000000000000000e+03
2.346000000000000000e+03
1.965000000000000000e+03
2.194000000000000000e+03
2.070000000000000000e+03
2.141000000000000000e+03
1.768000000000000000e+03
1.677000000000000000e+03
1.800000000000000000e+03
1.759000000000000000e+03
1.634000000000000000e+03
1.584000000000000000e+03
1.640000000000000000e+03
1.700000000000000000e+03
1.732000000000000000e+03
1.647000000000000000e+03
1.371000000000000000e+03
1.333000000000000000e+03
1.415000000000000000e+03
1.258000000000000000e+03
1.354000000000000000e+03
1.115000000000000000e+03
1.131000000000000000e+03
1.451000000000000000e+03
1.342000000000000000e+03
1.213000000000000000e+03
1.108000000000000000e+03
1.148000000000000000e+03
1.121000000000000000e+03
1.225000000000000000e+03
1.225000000000000000e+03
1.201000000000000000e+03
1.115000000000000000e+03
1.070000000000000000e+03
1.177000000000000000e+03
1.199000000000000000e+03
1.051000000000000000e+03
1.099000000000000000e+03
1.145000000000000000e+03
1.112000000000000000e+03
1.062000000000000000e+03
1.115000000000000000e+03
1.051000000000000000e+03
1.036000000000000000e+03
1.045000000000000000e+03
1.017000000000000000e+03
1.012000000000000000e+03
1.028000000000000000e+03
9.080000000000000000e+02
8.330000000000000000e+02
8.070000000000000000e+02
8.350000000000000000e+02
7.180000000000000000e+02
6.930000000000000000e+02
6.730000000000000000e+02
6.570000000000000000e+02
5.730000000000000000e+02
6.030000000000000000e+02
5.980000000000000000e+02
6.270000000000000000e+02
6.160000000000000000e+02
6.150000000000000000e+02
6.030000000000000000e+02
6.060000000000000000e+02
5.960000000000000000e+02
6.040000000000000000e+02
5.430000000000000000e+02
5.620000000000000000e+02
5.550000000000000000e+02
6.320000000000000000e+02
6.250000000000000000e+02
5.870000000000000000e+02
6.660000000000000000e+02
7.070000000000000000e+02
7.820000000000000000e+02
8.930000000000000000e+02
9.920000000000000000e+02
1.149000000000000000e+03
1.301000000000000000e+03
1.278000000000000000e+03
1.163000000000000000e+03
9.880000000000000000e+02
8.170000000000000000e+02
8.330000000000000000e+02
6.940000000000000000e+02
6.660000000000000000e+02
6.070000000000000000e+02
5.640000000000000000e+02
5.550000000000000000e+02
5.100000000000000000e+02
4.520000000000000000e+02
4.000000000000000000e+02
3.260000000000000000e+02
3.360000000000000000e+02
3.140000000000000000e+02
2.740000000000000000e+02
2.930000000000000000e+02
2.270000000000000000e+02
2.040000000000000000e+02
2.310000000000000000e+02
2.090000000000000000e+02
1.920000000000000000e+02
1.760000000000000000e+02
2.080000000000000000e+02
1.930000000000000000e+02
1.700000000000000000e+02
1.820000000000000000e+02
2.140000000000000000e+02
2.160000000000000000e+02
2.300000000000000000e+02
2.480000000000000000e+02
2.990000000000000000e+02
3.690000000000000000e+02
3.910000000000000000e+02
5.100000000000000000e+02
5.440000000000000000e+02
5.700000000000000000e+02
4.690000000000000000e+02
3.669000000000000000e+03
