2.477000000000000000e+03
1.059000000000000000e+03
1.041000000000000000e+03
1.214000000000000000e+03
1.188000000000000000e+03
1.298000000000000000e+03
1.462000000000000000e+03
1.688000000000000000e+03
1.925000000000000000e+03
2.173000000000000000e+03
2.614000000000000000e+03
2.992000000000000000e+03
3.051000000000000000e+03
3.331000000000000000e+03
3.303000000000000000e+03
3.386000000000000000e+03
3.522000000000000000e+03
3.336000000000000000e+03
3.205000000000000000e+03
2.900000000000000000e+03
2.687000000000000000e+03
2.578000000000000000e+03
2.578000000000000000e+03
2.552000000000000000e+03
2.520000000000000000e+03
2.540000000000000000e+03
2.424000000000000000e+03
2.318000000000000000e+03
2.385000000000000000e+03
2.368000000000000000e+03
2.364000000000000000e+03
2.393000000000000000e+03
2.345000000000000000e+03
2.476000000000000000e+03
2.292000000000000000e+03
2.281000000000000000e+03
2.301000000000000000e+03
2.177000000000000000e+03
2.232000000000000000e+03
2.243000000000000000e+03
2.102000000000000000e+03
2.239000000000000000e+03
2.037000000000000000e+03
2.033000000000000000e+03
1.959000000000000000e+03
2.011000000000000000e+03
1.990000000000000000e+03
1.917000000000000000e+03
1.838000000000000000e+03
1.864000000000000000e+03
1.760000000000000000e+03
1.792000000000000000e+03
1.778000000000000000e+03
1.748000000000000000e+03
1.746000000000000000e+03
1.720000000000000000e+03
1.629000000000000000e+03
1.557000000000000000e+03
1.627000000000000000e+03
1.575000000000000000e+03
1.603000000000000000e+03
1.672000000000000000e+03
1.520000000000000000e+03
1.491000000000000000e+03
1.557000000000000000e+03
1.484000000000000000e+03
1.483000000000000000e+03
1.442000000000000000e+03
1.401000000000000000e+03
1.474000000000000000e+03
1.456000000000000000e+03
1.424000000000000000e+03
1.485000000000000000e+03
1.371000000000000000e+03
1.406000000000000000e+03
1.376000000000000000e+03
1.311000000000000000e+03
1.322000000000000000e+03
1.468000000000000000e+03
1.320000000000000000e+03
1.403000000000000000e+03
1.390000000000000000e+03
1.372000000000000000e+03
1.318000000000000000e+03
1.350000000000000000e+03
1.269000000000000000e+03
1.341000000000000000e+03
1.190000000000000000e+03
1.262000000000000000e+03
1.290000000000000000e+03
1.174000000000000000e+03
1.230000000000000000e+03
1.240000000000000000e+03
1.206000000000000000e+03
1.093000000000000000e+03
1.150000000000000000e+03
1.119000000000000000e+03
1.050000000000000000e+03
1.089000000000000000e+03
1.020000000000000000e+03
9.890000000000000000e+02
9.460000000000000000e+02
9.580000000000000000e+02
9.760000000000000000e+02
9.160000000000000000e+02
9.230000000000000000e+02
8.990000000000000000e+02
9.140000000000000000e+02
8.610000000000000000e+02
8.680000000000000000e+02
8.580000000000000000e+02
8.100000000000000000e+02
8.230000000000000000e+02
8.110000000000000000e+02
7.790000000000000000e+02
8.240000000000000000e+02
8.000000000000000000e+02
7.810000000000000000e+02
7.230000000000000000e+02
7.460000000000000000e+02
7.530000000000000000e+02
7.240000000000000000e+02
7.200000000000000000e+02
7.190000000000000000e+02
7.240000000000000000e+02
6.450000000000000000e+02
6.690000000000000000e+02
6.680000000000000000e+02
6.860000000000000000e+02
5.820000000000000000e+02
6.470000000000000000e+02
5.810000000000000000e+02
6.010000000000000000e+02
6.130000000000000000e+02
6.050000000000000000e+02
5.540000000000000000e+02
5.410000000000000000e+02
5.760000000000000000e+02
5.580000000000000000e+02
5.780000000000000000e+02
4.840000000000000000e+02
4.940000000000000000e+02
5.450000000000000000e+02
4.740000000000000000e+02
5.220000000000000000e+02
5.270000000000000000e+02
4.960000000000000000e+02
4.950000000000000000e+02
4.530000000000000000e+02
4.060000000000000000e+02
4.520000000000000000e+02
4.960000000000000000e+02
4.350000000000000000e+02
4.110000000000000000e+02
4.050000000000000000e+02
4.340000000000000000e+02
4.660000000000000000e+02
4.320000000000000000e+02
4.430000000000000000e+02
3.850000000000000000e+02
4.140000000000000000e+02
3.820000000000000000e+02
3.760000000000000000e+02
3.620000000000000000e+02
3.660000000000000000e+02
3.660000000000000000e+02
3.200000000000000000e+02
3.230000000000000000e+02
3.100000000000000000e+02
2.920000000000000000e+02
3.000000000000000000e+02
3.020000000000000000e+02
3.190000000000000000e+02
2.970000000000000000e+02
2.970000000000000000e+02
2.810000000000000000e+02
2.820000000000000000e+02
2.650000000000000000e+02
2.750000000000000000e+02
2.840000000000000000e+02
2.890000000000000000e+02
2.650000000000000000e+02
2.570000000000000000e+02
2.310000000000000000e+02
2.490000000000000000e+02
2.890000000000000000e+02
2.490000000000000000e+02
2.730000000000000000e+02
2.620000000000000000e+02
2.510000000000000000e+02
2.410000000000000000e+02
2.500000000000000000e+02
2.560000000000000000e+02
2.650000000000000000e+02
2.500000000000000000e+02
2.330000000000000000e+02
2.030000000000000000e+02
1.630000000000000000e+02
1.850000000000000000e+02
2.140000000000000000e+02
1.570000000000000000e+02
1.670000000000000000e+02
1.630000000000000000e+02
1.410000000000000000e+02
1.380000000000000000e+02
1.430000000000000000e+02
1.170000000000000000e+02
1.070000000000000000e+02
1.130000000000000000e+02
9.900000000000000000e+01
1.050000000000000000e+02
8.600000000000000000e+01
9.400000000000000000e+01
8.100000000000000000e+01
6.800000000000000000e+01
7.700000000000000000e+01
8.800000000000000000e+01
7.100000000000000000e+01
7.000000000000000000e+01
7.800000000000000000e+01
7.200000000000000000e+01
6.200000000000000000e+01
6.100000000000000000e+01
6.700000000000000000e+01
5.500000000000000000e+01
5.800000000000000000e+01
6.100000000000000000e+01
6.200000000000000000e+01
5.200000000000000000e+01
4.600000000000000000e+01
5.400000000000000000e+01
4.500000000000000000e+01
5.200000000000000000e+01
4.600000000000000000e+01
5.100000000000000000e+01
3.400000000000000000e+01
3.300000000000000000e+01
3.700000000000000000e+01
3.000000000000000000e+01
3.500000000000000000e+01
2.700000000000000000e+01
2.600000000000000000e+01
3.200000000000000000e+01
3.300000000000000000e+01
3.800000000000000000e+01
3.600000000000000000e+01
2.700000000000000000e+01
2.900000000000000000e+01
2.800000000000000000e+01
1.800000000000000000e+01
2.300000000000000000e+01
1.200000000000000000e+01
1.700000000000000000e+01
2.500000000000000000e+01
3.200000000000000000e+01
1.660000000000000000e+02
1.269000000000000000e+03
8.230000000000000000e+02
1.179000000000000000e+03
1.128000000000000000e+03
1.152000000000000000e+03
1.252000000000000000e+03
1.292000000000000000e+03
1.544000000000000000e+03
1.601000000000000000e+03
1.864000000000000000e+03
2.168000000000000000e+03
2.595000000000000000e+03
2.867000000000000000e+03
3.426000000000000000e+03
3.818000000000000000e+03
3.603000000000000000e+03
4.068000000000000000e+03
3.774000000000000000e+03
3.939000000000000000e+03
3.737000000000000000e+03
3.936000000000000000e+03
3.945000000000000000e+03
4.046000000000000000e+03
3.906000000000000000e+03
3.802000000000000000e+03
3.422000000000000000e+03
3.306000000000000000e+03
3.172000000000000000e+03
3.097000000000000000e+03
3.053000000000000000e+03
3.050000000000000000e+03
3.034000000000000000e+03
2.929000000000000000e+03
3.090000000000000000e+03
2.922000000000000000e+03
2.860000000000000000e+03
2.729000000000000000e+03
2.556000000000000000e+03
2.547000000000000000e+03
2.532000000000000000e+03
2.472000000000000000e+03
2.325000000000000000e+03
2.421000000000000000e+03
2.278000000000000000e+03
2.159000000000000000e+03
2.226000000000000000e+03
2.127000000000000000e+03
2.049000000000000000e+03
2.037000000000000000e+03
2.031000000000000000e+03
1.886000000000000000e+03
1.805000000000000000e+03
1.811000000000000000e+03
1.725000000000000000e+03
1.684000000000000000e+03
1.612000000000000000e+03
1.599000000000000000e+03
1.676000000000000000e+03
1.566000000000000000e+03
1.619000000000000000e+03
1.542000000000000000e+03
1.477000000000000000e+03
1.471000000000000000e+03
1.500000000000000000e+03
1.497000000000000000e+03
1.555000000000000000e+03
1.536000000000000000e+03
1.518000000000000000e+03
1.510000000000000000e+03
1.427000000000000000e+03
1.372000000000000000e+03
1.381000000000000000e+03
1.403000000000000000e+03
1.337000000000000000e+03
1.243000000000000000e+03
1.262000000000000000e+03
1.269000000000000000e+03
1.173000000000000000e+03
1.169000000000000000e+03
1.232000000000000000e+03
1.194000000000000000e+03
1.193000000000000000e+03
1.156000000000000000e+03
1.123000000000000000e+03
1.107000000000000000e+03
1.045000000000000000e+03
1.050000000000000000e+03
1.031000000000000000e+03
1.039000000000000000e+03
9.960000000000000000e+02
9.710000000000000000e+02
9.660000000000000000e+02
9.010000000000000000e+02
9.270000000000000000e+02
9.120000000000000000e+02
9.250000000000000000e+02
8.680000000000000000e+02
9.410000000000000000e+02
8.470000000000000000e+02
8.510000000000000000e+02
8.150000000000000000e+02
8.750000000000000000e+02
8.410000000000000000e+02
8.250000000000000000e+02
7.770000000000000000e+02
7.720000000000000000e+02
7.730000000000000000e+02
7.500000000000000000e+02
7.390000000000000000e+02
7.530000000000000000e+02
7.150000000000000000e+02
6.810000000000000000e+02
7.080000000000000000e+02
7.150000000000000000e+02
7.050000000000000000e+02
6.640000000000000000e+02
6.810000000000000000e+02
6.760000000000000000e+02
6.390000000000000000e+02
6.510000000000000000e+02
6.140000000000000000e+02
6.030000000000000000e+02
5.750000000000000000e+02
5.890000000000000000e+02
5.470000000000000000e+02
5.720000000000000000e+02
5.450000000000000000e+02
5.170000000000000000e+02
5.160000000000000000e+02
5.370000000000000000e+02
5.190000000000000000e+02
5.120000000000000000e+02
4.720000000000000000e+02
4.730000000000000000e+02
4.490000000000000000e+02
4.630000000000000000e+02
4.460000000000000000e+02
4.160000000000000000e+02
4.380000000000000000e+02
4.340000000000000000e+02
4.140000000000000000e+02
4.140000000000000000e+02
3.970000000000000000e+02
3.890000000000000000e+02
3.750000000000000000e+02
4.030000000000000000e+02
3.620000000000000000e+02
3.490000000000000000e+02
3.460000000000000000e+02
3.610000000000000000e+02
3.200000000000000000e+02
3.420000000000000000e+02
3.260000000000000000e+02
3.030000000000000000e+02
3.410000000000000000e+02
3.390000000000000000e+02
2.810000000000000000e+02
2.950000000000000000e+02
2.800000000000000000e+02
3.060000000000000000e+02
2.620000000000000000e+02
2.680000000000000000e+02
2.710000000000000000e+02
2.540000000000000000e+02
2.600000000000000000e+02
2.430000000000000000e+02
2.560000000000000000e+02
2.690000000000000000e+02
2.620000000000000000e+02
2.400000000000000000e+02
2.770000000000000000e+02
2.170000000000000000e+02
2.380000000000000000e+02
2.300000000000000000e+02
2.260000000000000000e+02
1.950000000000000000e+02
2.030000000000000000e+02
1.850000000000000000e+02
2.100000000000000000e+02
1.830000000000000000e+02
2.100000000000000000e+02
2.060000000000000000e+02
1.530000000000000000e+02
1.670000000000000000e+02
1.550000000000000000e+02
1.770000000000000000e+02
1.850000000000000000e+02
1.410000000000000000e+02
1.720000000000000000e+02
1.270000000000000000e+02
1.350000000000000000e+02
1.450000000000000000e+02
1.450000000000000000e+02
1.430000000000000000e+02
1.330000000000000000e+02
1.190000000000000000e+02
1.010000000000000000e+02
1.090000000000000000e+02
9.700000000000000000e+01
1.010000000000000000e+02
9.500000000000000000e+01
1.150000000000000000e+02
9.700000000000000000e+01
9.200000000000000000e+01
6.900000000000000000e+01
7.500000000000000000e+01
7.700000000000000000e+01
8.000000000000000000e+01
7.500000000000000000e+01
7.800000000000000000e+01
6.700000000000000000e+01
6.900000000000000000e+01
6.300000000000000000e+01
5.100000000000000000e+01
6.000000000000000000e+01
4.700000000000000000e+01
5.700000000000000000e+01
4.200000000000000000e+01
5.200000000000000000e+01
4.600000000000000000e+01
5.000000000000000000e+01
4.400000000000000000e+01
4.100000000000000000e+01
4.200000000000000000e+01
4.100000000000000000e+01
3.600000000000000000e+01
3.100000000000000000e+01
4.300000000000000000e+01
3.200000000000000000e+01
3.200000000000000000e+01
2.900000000000000000e+01
3.400000000000000000e+01
2.700000000000000000e+01
2.000000000000000000e+01
2.500000000000000000e+01
1.900000000000000000e+01
2.100000000000000000e+01
1.400000000000000000e+01
1.700000000000000000e+01
2.500000000000000000e+01
1.500000000000000000e+01
1.900000000000000000e+01
2.600000000000000000e+01
1.300000000000000000e+01
1.400000000000000000e+01
2.300000000000000000e+01
1.300000000000000000e+01
1.500000000000000000e+01
8.000000000000000000e+00
2.200000000000000000e+01
1.200000000000000000e+01
1.100000000000000000e+01
1.200000000000000000e+01
1.600000000000000000e+01
2.900000000000000000e+01
5.900000000000000000e+01
1.286000000000000000e+03
3.380000000000000000e+02
4.960000000000000000e+02
4.640000000000000000e+02
7.680000000000000000e+02
8.180000000000000000e+02
1.045000000000000000e+03
1.183000000000000000e+03
1.208000000000000000e+03
1.286000000000000000e+03
1.367000000000000000e+03
1.520000000000000000e+03
1.744000000000000000e+03
2.188000000000000000e+03
2.472000000000000000e+03
2.900000000000000000e+03
3.335000000000000000e+03
3.390000000000000000e+03
3.691000000000000000e+03
3.913000000000000000e+03
3.890000000000000000e+03
3.990000000000000000e+03
3.822000000000000000e+03
3.800000000000000000e+03
3.746000000000000000e+03
3.872000000000000000e+03
4.133000000000000000e+03
4.289000000000000000e+03
3.959000000000000000e+03
4.006000000000000000e+03
3.884000000000000000e+03
3.772000000000000000e+03
3.659000000000000000e+03
3.395000000000000000e+03
3.402000000000000000e+03
3.384000000000000000e+03
3.485000000000000000e+03
3.330000000000000000e+03
3.329000000000000000e+03
3.185000000000000000e+03
3.128000000000000000e+03
2.990000000000000000e+03
2.992000000000000000e+03
2.888000000000000000e+03
2.811000000000000000e+03
2.697000000000000000e+03
2.665000000000000000e+03
2.557000000000000000e+03
2.400000000000000000e+03
2.347000000000000000e+03
2.157000000000000000e+03
2.201000000000000000e+03
2.062000000000000000e+03
2.141000000000000000e+03
2.006000000000000000e+03
1.826000000000000000e+03
1.900000000000000000e+03
1.813000000000000000e+03
1.764000000000000000e+03
1.662000000000000000e+03
1.653000000000000000e+03
1.615000000000000000e+03
1.557000000000000000e+03
1.560000000000000000e+03
1.551000000000000000e+03
1.486000000000000000e+03
1.436000000000000000e+03
1.360000000000000000e+03
1.389000000000000000e+03
1.355000000000000000e+03
1.389000000000000000e+03
1.353000000000000000e+03
1.378000000000000000e+03
1.312000000000000000e+03
1.251000000000000000e+03
1.232000000000000000e+03
1.220000000000000000e+03
1.162000000000000000e+03
1.187000000000000000e+03
1.183000000000000000e+03
1.169000000000000000e+03
1.111000000000000000e+03
1.101000000000000000e+03
1.127000000000000000e+03
1.051000000000000000e+03
1.051000000000000000e+03
9.930000000000000000e+02
1.001000000000000000e+03
9.930000000000000000e+02
9.270000000000000000e+02
9.110000000000000000e+02
9.180000000000000000e+02
9.360000000000000000e+02
8.440000000000000000e+02
8.950000000000000000e+02
8.340000000000000000e+02
8.150000000000000000e+02
8.320000000000000000e+02
8.080000000000000000e+02
8.390000000000000000e+02
8.030000000000000000e+02
7.840000000000000000e+02
7.880000000000000000e+02
7.780000000000000000e+02
7.960000000000000000e+02
7.260000000000000000e+02
7.090000000000000000e+02
6.950000000000000000e+02
7.230000000000000000e+02
6.260000000000000000e+02
6.140000000000000000e+02
6.470000000000000000e+02
6.200000000000000000e+02
6.070000000000000000e+02
6.340000000000000000e+02
5.870000000000000000e+02
5.770000000000000000e+02
5.630000000000000000e+02
5.670000000000000000e+02
5.300000000000000000e+02
5.340000000000000000e+02
5.370000000000000000e+02
4.970000000000000000e+02
4.960000000000000000e+02
4.610000000000000000e+02
4.650000000000000000e+02
4.520000000000000000e+02
4.600000000000000000e+02
4.530000000000000000e+02
4.300000000000000000e+02
4.320000000000000000e+02
4.350000000000000000e+02
4.170000000000000000e+02
3.990000000000000000e+02
3.890000000000000000e+02
4.060000000000000000e+02
3.490000000000000000e+02
3.500000000000000000e+02
3.490000000000000000e+02
3.370000000000000000e+02
3.430000000000000000e+02
3.510000000000000000e+02
3.580000000000000000e+02
2.880000000000000000e+02
3.430000000000000000e+02
2.950000000000000000e+02
2.710000000000000000e+02
2.830000000000000000e+02
3.130000000000000000e+02
2.840000000000000000e+02
2.980000000000000000e+02
2.900000000000000000e+02
2.770000000000000000e+02
2.900000000000000000e+02
2.530000000000000000e+02
2.460000000000000000e+02
2.510000000000000000e+02
2.470000000000000000e+02
2.370000000000000000e+02
2.320000000000000000e+02
2.420000000000000000e+02
2.300000000000000000e+02
2.330000000000000000e+02
2.180000000000000000e+02
2.080000000000000000e+02
2.280000000000000000e+02
2.140000000000000000e+02
1.970000000000000000e+02
2.010000000000000000e+02
2.160000000000000000e+02
1.980000000000000000e+02
2.100000000000000000e+02
1.980000000000000000e+02
1.900000000000000000e+02
2.020000000000000000e+02
1.770000000000000000e+02
1.670000000000000000e+02
2.060000000000000000e+02
1.870000000000000000e+02
1.410000000000000000e+02
1.490000000000000000e+02
1.600000000000000000e+02
1.610000000000000000e+02
1.410000000000000000e+02
1.430000000000000000e+02
1.530000000000000000e+02
1.490000000000000000e+02
1.330000000000000000e+02
1.290000000000000000e+02
1.090000000000000000e+02
1.460000000000000000e+02
1.060000000000000000e+02
9.300000000000000000e+01
1.080000000000000000e+02
1.150000000000000000e+02
1.120000000000000000e+02
9.500000000000000000e+01
7.600000000000000000e+01
1.100000000000000000e+02
9.300000000000000000e+01
8.200000000000000000e+01
8.200000000000000000e+01
8.800000000000000000e+01
8.600000000000000000e+01
9.600000000000000000e+01
8.200000000000000000e+01
7.900000000000000000e+01
6.100000000000000000e+01
6.700000000000000000e+01
5.700000000000000000e+01
6.300000000000000000e+01
6.400000000000000000e+01
5.500000000000000000e+01
4.000000000000000000e+01
5.700000000000000000e+01
4.700000000000000000e+01
4.900000000000000000e+01
4.300000000000000000e+01
5.900000000000000000e+01
3.900000000000000000e+01
4.300000000000000000e+01
3.400000000000000000e+01
3.800000000000000000e+01
3.500000000000000000e+01
2.400000000000000000e+01
4.100000000000000000e+01
3.100000000000000000e+01
3.800000000000000000e+01
2.800000000000000000e+01
3.200000000000000000e+01
3.100000000000000000e+01
3.500000000000000000e+01
3.200000000000000000e+01
1.600000000000000000e+01
2.100000000000000000e+01
2.600000000000000000e+01
2.400000000000000000e+01
2.300000000000000000e+01
1.900000000000000000e+01
1.300000000000000000e+01
9.000000000000000000e+00
1.200000000000000000e+01
2.100000000000000000e+01
1.700000000000000000e+01
1.800000000000000000e+01
1.000000000000000000e+01
1.400000000000000000e+01
8.000000000000000000e+00
1.800000000000000000e+01
1.100000000000000000e+01
1.600000000000000000e+01
1.100000000000000000e+01
9.000000000000000000e+00
1.000000000000000000e+01
5.000000000000000000e+00
7.900000000000000000e+01
