3.200000000000000000e+01
2.700000000000000000e+01
2.400000000000000000e+01
4.300000000000000000e+01
6.000000000000000000e+01
8.400000000000000000e+01
1.140000000000000000e+02
2.040000000000000000e+02
2.480000000000000000e+02
3.830000000000000000e+02
5.590000000000000000e+02
7.310000000000000000e+02
8.990000000000000000e+02
1.184000000000000000e+03
1.309000000000000000e+03
1.464000000000000000e+03
1.704000000000000000e+03
1.741000000000000000e+03
1.861000000000000000e+03
1.858000000000000000e+03
1.875000000000000000e+03
1.994000000000000000e+03
1.986000000000000000e+03
1.916000000000000000e+03
1.977000000000000000e+03
2.043000000000000000e+03
2.020000000000000000e+03
1.959000000000000000e+03
2.017000000000000000e+03
1.841000000000000000e+03
1.746000000000000000e+03
1.594000000000000000e+03
1.455000000000000000e+03
1.470000000000000000e+03
1.390000000000000000e+03
1.255000000000000000e+03
1.181000000000000000e+03
1.108000000000000000e+03
1.151000000000000000e+03
1.059000000000000000e+03
1.064000000000000000e+03
1.067000000000000000e+03
1.033000000000000000e+03
8.810000000000000000e+02
8.670000000000000000e+02
8.580000000000000000e+02
7.870000000000000000e+02
7.770000000000000000e+02
7.490000000000000000e+02
6.840000000000000000e+02
5.990000000000000000e+02
6.190000000000000000e+02
6.410000000000000000e+02
6.540000000000000000e+02
5.530000000000000000e+02
5.750000000000000000e+02
5.430000000000000000e+02
4.420000000000000000e+02
4.480000000000000000e+02
5.090000000000000000e+02
5.100000000000000000e+02
5.110000000000000000e+02
5.040000000000000000e+02
4.650000000000000000e+02
4.490000000000000000e+02
4.730000000000000000e+02
4.720000000000000000e+02
4.530000000000000000e+02
4.220000000000000000e+02
4.290000000000000000e+02
4.050000000000000000e+02
4.620000000000000000e+02
5.120000000000000000e+02
4.260000000000000000e+02
4.690000000000000000e+02
4.280000000000000000e+02
4.730000000000000000e+02
4.350000000000000000e+02
4.620000000000000000e+02
4.440000000000000000e+02
4.300000000000000000e+02
4.420000000000000000e+02
3.980000000000000000e+02
3.890000000000000000e+02
4.230000000000000000e+02
4.100000000000000000e+02
4.070000000000000000e+02
3.910000000000000000e+02
4.670000000000000000e+02
4.810000000000000000e+02
4.640000000000000000e+02
4.580000000000000000e+02
4.550000000000000000e+02
4.410000000000000000e+02
4.870000000000000000e+02
4.710000000000000000e+02
4.730000000000000000e+02
4.130000000000000000e+02
4.720000000000000000e+02
4.880000000000000000e+02
4.510000000000000000e+02
4.270000000000000000e+02
4.470000000000000000e+02
4.590000000000000000e+02
4.470000000000000000e+02
4.490000000000000000e+02
4.820000000000000000e+02
4.900000000000000000e+02
4.750000000000000000e+02
4.910000000000000000e+02
4.610000000000000000e+02
5.330000000000000000e+02
5.490000000000000000e+02
5.640000000000000000e+02
6.230000000000000000e+02
6.520000000000000000e+02
6.140000000000000000e+02
6.520000000000000000e+02
7.260000000000000000e+02
7.070000000000000000e+02
6.780000000000000000e+02
7.420000000000000000e+02
7.490000000000000000e+02
7.330000000000000000e+02
7.930000000000000000e+02
8.430000000000000000e+02
8.540000000000000000e+02
8.680000000000000000e+02
9.100000000000000000e+02
8.860000000000000000e+02
8.770000000000000000e+02
8.460000000000000000e+02
8.570000000000000000e+02
8.760000000000000000e+02
8.700000000000000000e+02
8.010000000000000000e+02
8.760000000000000000e+02
9.210000000000000000e+02
9.230000000000000000e+02
8.890000000000000000e+02
9.840000000000000000e+02
9.790000000000000000e+02
1.041000000000000000e+03
1.119000000000000000e+03
1.159000000000000000e+03
1.152000000000000000e+03
1.220000000000000000e+03
1.241000000000000000e+03
1.243000000000000000e+03
1.099000000000000000e+03
1.179000000000000000e+03
1.164000000000000000e+03
1.329000000000000000e+03
1.368000000000000000e+03
1.470000000000000000e+03
1.621000000000000000e+03
1.639000000000000000e+03
1.876000000000000000e+03
2.001000000000000000e+03
2.122000000000000000e+03
2.191000000000000000e+03
2.362000000000000000e+03
2.510000000000000000e+03
2.679000000000000000e+03
2.875000000000000000e+03
2.858000000000000000e+03
2.959000000000000000e+03
2.769000000000000000e+03
2.520000000000000000e+03
2.224000000000000000e+03
2.135000000000000000e+03
1.955000000000000000e+03
1.615000000000000000e+03
1.644000000000000000e+03
1.669000000000000000e+03
1.686000000000000000e+03
1.688000000000000000e+03
1.731000000000000000e+03
1.721000000000000000e+03
1.864000000000000000e+03
1.779000000000000000e+03
1.790000000000000000e+03
1.722000000000000000e+03
1.799000000000000000e+03
1.839000000000000000e+03
1.771000000000000000e+03
1.717000000000000000e+03
1.586000000000000000e+03
1.514000000000000000e+03
1.358000000000000000e+03
1.232000000000000000e+03
1.080000000000000000e+03
9.320000000000000000e+02
9.320000000000000000e+02
8.500000000000000000e+02
8.010000000000000000e+02
7.660000000000000000e+02
7.490000000000000000e+02
7.260000000000000000e+02
6.760000000000000000e+02
5.900000000000000000e+02
6.160000000000000000e+02
5.620000000000000000e+02
5.570000000000000000e+02
5.220000000000000000e+02
5.200000000000000000e+02
4.850000000000000000e+02
5.320000000000000000e+02
4.830000000000000000e+02
4.050000000000000000e+02
3.890000000000000000e+02
3.630000000000000000e+02
3.220000000000000000e+02
2.940000000000000000e+02
2.420000000000000000e+02
2.590000000000000000e+02
2.460000000000000000e+02
4.130000000000000000e+02
5.560000000000000000e+02
6.180000000000000000e+02
1.005000000000000000e+03
1.082000000000000000e+03
8.700000000000000000e+02
6.830000000000000000e+02
4.410000000000000000e+02
6.100000000000000000e+02
5.590000000000000000e+02
6.330000000000000000e+02
7.260000000000000000e+02
6.070000000000000000e+02
4.970000000000000000e+02
4.240000000000000000e+02
3.860000000000000000e+02
5.000000000000000000e+02
4.990000000000000000e+02
6.490000000000000000e+02
8.060000000000000000e+02
1.671000000000000000e+03
1.069000000000000000e+03
1.140000000000000000e+03
1.046000000000000000e+03
1.482000000000000000e+03
1.531000000000000000e+03
1.721000000000000000e+03
1.267000000000000000e+03
8.180000000000000000e+02
4.450000000000000000e+02
4.180000000000000000e+02
4.760000000000000000e+02
4.950000000000000000e+02
5.450000000000000000e+02
5.970000000000000000e+02
4.930000000000000000e+02
5.280000000000000000e+02
3.270000000000000000e+02
2.290000000000000000e+02
4.000000000000000000e+00
3.000000000000000000e+00
5.000000000000000000e+00
1.200000000000000000e+01
2.000000000000000000e+01
2.100000000000000000e+01
3.100000000000000000e+01
7.700000000000000000e+01
1.560000000000000000e+02
2.100000000000000000e+02
3.090000000000000000e+02
4.590000000000000000e+02
5.390000000000000000e+02
7.060000000000000000e+02
8.890000000000000000e+02
9.150000000000000000e+02
1.210000000000000000e+03
1.445000000000000000e+03
1.643000000000000000e+03
1.768000000000000000e+03
1.926000000000000000e+03
2.132000000000000000e+03
2.286000000000000000e+03
2.361000000000000000e+03
2.195000000000000000e+03
2.215000000000000000e+03
2.139000000000000000e+03
2.095000000000000000e+03
2.056000000000000000e+03
1.963000000000000000e+03
1.982000000000000000e+03
1.783000000000000000e+03
1.532000000000000000e+03
1.384000000000000000e+03
1.335000000000000000e+03
1.420000000000000000e+03
1.356000000000000000e+03
1.316000000000000000e+03
1.300000000000000000e+03
1.184000000000000000e+03
1.194000000000000000e+03
1.142000000000000000e+03
9.600000000000000000e+02
8.870000000000000000e+02
9.170000000000000000e+02
8.460000000000000000e+02
8.170000000000000000e+02
8.140000000000000000e+02
8.190000000000000000e+02
7.760000000000000000e+02
8.100000000000000000e+02
8.190000000000000000e+02
8.370000000000000000e+02
8.550000000000000000e+02
7.890000000000000000e+02
7.430000000000000000e+02
7.330000000000000000e+02
7.300000000000000000e+02
6.360000000000000000e+02
6.170000000000000000e+02
6.090000000000000000e+02
5.570000000000000000e+02
5.920000000000000000e+02
6.020000000000000000e+02
5.350000000000000000e+02
5.570000000000000000e+02
5.160000000000000000e+02
4.380000000000000000e+02
4.770000000000000000e+02
5.020000000000000000e+02
4.650000000000000000e+02
4.410000000000000000e+02
4.460000000000000000e+02
4.410000000000000000e+02
4.930000000000000000e+02
4.220000000000000000e+02
4.080000000000000000e+02
4.200000000000000000e+02
4.350000000000000000e+02
3.710000000000000000e+02
4.370000000000000000e+02
4.360000000000000000e+02
4.240000000000000000e+02
4.160000000000000000e+02
4.230000000000000000e+02
3.890000000000000000e+02
4.220000000000000000e+02
4.140000000000000000e+02
4.420000000000000000e+02
4.100000000000000000e+02
4.230000000000000000e+02
4.610000000000000000e+02
4.240000000000000000e+02
4.720000000000000000e+02
4.680000000000000000e+02
5.250000000000000000e+02
5.670000000000000000e+02
6.170000000000000000e+02
5.660000000000000000e+02
5.930000000000000000e+02
6.320000000000000000e+02
6.190000000000000000e+02
6.070000000000000000e+02
6.210000000000000000e+02
5.680000000000000000e+02
6.840000000000000000e+02
6.340000000000000000e+02
6.740000000000000000e+02
7.140000000000000000e+02
7.170000000000000000e+02
7.630000000000000000e+02
7.670000000000000000e+02
8.170000000000000000e+02
7.560000000000000000e+02
8.900000000000000000e+02
9.340000000000000000e+02
9.460000000000000000e+02
9.160000000000000000e+02
9.920000000000000000e+02
9.690000000000000000e+02
9.990000000000000000e+02
1.108000000000000000e+03
1.086000000000000000e+03
1.080000000000000000e+03
1.106000000000000000e+03
1.135000000000000000e+03
1.089000000000000000e+03
1.062000000000000000e+03
1.061000000000000000e+03
1.081000000000000000e+03
1.053000000000000000e+03
1.027000000000000000e+03
1.064000000000000000e+03
1.131000000000000000e+03
1.123000000000000000e+03
1.174000000000000000e+03
1.260000000000000000e+03
1.411000000000000000e+03
1.406000000000000000e+03
1.547000000000000000e+03
1.651000000000000000e+03
1.790000000000000000e+03
1.929000000000000000e+03
2.154000000000000000e+03
2.256000000000000000e+03
2.552000000000000000e+03
2.692000000000000000e+03
2.891000000000000000e+03
3.092000000000000000e+03
3.179000000000000000e+03
3.179000000000000000e+03
3.150000000000000000e+03
2.911000000000000000e+03
2.661000000000000000e+03
2.378000000000000000e+03
2.097000000000000000e+03
1.828000000000000000e+03
1.824000000000000000e+03
1.748000000000000000e+03
1.735000000000000000e+03
1.585000000000000000e+03
1.592000000000000000e+03
1.394000000000000000e+03
1.332000000000000000e+03
1.287000000000000000e+03
1.168000000000000000e+03
1.099000000000000000e+03
1.013000000000000000e+03
9.090000000000000000e+02
9.320000000000000000e+02
9.370000000000000000e+02
9.320000000000000000e+02
9.280000000000000000e+02
9.140000000000000000e+02
9.260000000000000000e+02
8.560000000000000000e+02
7.600000000000000000e+02
7.510000000000000000e+02
6.910000000000000000e+02
7.220000000000000000e+02
7.270000000000000000e+02
6.410000000000000000e+02
6.930000000000000000e+02
6.560000000000000000e+02
6.280000000000000000e+02
6.330000000000000000e+02
5.630000000000000000e+02
5.380000000000000000e+02
5.510000000000000000e+02
5.530000000000000000e+02
5.480000000000000000e+02
5.980000000000000000e+02
6.380000000000000000e+02
6.990000000000000000e+02
6.820000000000000000e+02
7.110000000000000000e+02
6.340000000000000000e+02
5.320000000000000000e+02
5.560000000000000000e+02
5.750000000000000000e+02
5.050000000000000000e+02
5.580000000000000000e+02
5.110000000000000000e+02
4.570000000000000000e+02
4.660000000000000000e+02
5.300000000000000000e+02
4.360000000000000000e+02
4.590000000000000000e+02
4.820000000000000000e+02
4.850000000000000000e+02
4.730000000000000000e+02
4.410000000000000000e+02
4.440000000000000000e+02
4.000000000000000000e+02
3.760000000000000000e+02
3.540000000000000000e+02
2.850000000000000000e+02
2.990000000000000000e+02
2.920000000000000000e+02
2.770000000000000000e+02
3.100000000000000000e+02
3.150000000000000000e+02
4.590000000000000000e+02
6.990000000000000000e+02
6.240000000000000000e+02
9.110000000000000000e+02
8.920000000000000000e+02
8.780000000000000000e+02
9.720000000000000000e+02
7.850000000000000000e+02
8.320000000000000000e+02
6.670000000000000000e+02
5.110000000000000000e+02
4.140000000000000000e+02
4.310000000000000000e+02
4.500000000000000000e+02
3.940000000000000000e+02
4.060000000000000000e+02
3.720000000000000000e+02
4.120000000000000000e+02
4.760000000000000000e+02
6.510000000000000000e+02
7.080000000000000000e+02
9.990000000000000000e+02
1.158000000000000000e+03
2.038000000000000000e+03
1.318000000000000000e+03
1.766000000000000000e+03
2.189000000000000000e+03
2.207000000000000000e+03
1.537000000000000000e+03
9.660000000000000000e+02
7.350000000000000000e+02
6.270000000000000000e+02
5.620000000000000000e+02
6.160000000000000000e+02
1.300000000000000000e+01
7.000000000000000000e+00
1.000000000000000000e+01
1.600000000000000000e+01
1.700000000000000000e+01
3.800000000000000000e+01
5.800000000000000000e+01
6.900000000000000000e+01
1.280000000000000000e+02
1.750000000000000000e+02
1.940000000000000000e+02
3.010000000000000000e+02
3.840000000000000000e+02
4.440000000000000000e+02
5.430000000000000000e+02
6.590000000000000000e+02
8.970000000000000000e+02
9.910000000000000000e+02
1.173000000000000000e+03
1.470000000000000000e+03
1.621000000000000000e+03
1.714000000000000000e+03
1.935000000000000000e+03
1.985000000000000000e+03
2.290000000000000000e+03
2.104000000000000000e+03
2.145000000000000000e+03
2.310000000000000000e+03
2.076000000000000000e+03
2.122000000000000000e+03
1.924000000000000000e+03
1.902000000000000000e+03
1.838000000000000000e+03
1.727000000000000000e+03
1.732000000000000000e+03
1.674000000000000000e+03
1.776000000000000000e+03
1.734000000000000000e+03
1.581000000000000000e+03
1.601000000000000000e+03
1.430000000000000000e+03
1.345000000000000000e+03
1.363000000000000000e+03
1.250000000000000000e+03
1.191000000000000000e+03
1.132000000000000000e+03
1.054000000000000000e+03
1.039000000000000000e+03
1.059000000000000000e+03
9.110000000000000000e+02
8.210000000000000000e+02
8.000000000000000000e+02
7.740000000000000000e+02
7.470000000000000000e+02
7.200000000000000000e+02
6.710000000000000000e+02
6.770000000000000000e+02
6.040000000000000000e+02
5.920000000000000000e+02
5.450000000000000000e+02
6.100000000000000000e+02
6.090000000000000000e+02
5.560000000000000000e+02
5.220000000000000000e+02
5.100000000000000000e+02
4.840000000000000000e+02
5.120000000000000000e+02
5.070000000000000000e+02
4.660000000000000000e+02
5.020000000000000000e+02
4.780000000000000000e+02
4.800000000000000000e+02
4.630000000000000000e+02
4.830000000000000000e+02
5.000000000000000000e+02
5.780000000000000000e+02
5.910000000000000000e+02
5.840000000000000000e+02
5.990000000000000000e+02
6.800000000000000000e+02
6.760000000000000000e+02
7.320000000000000000e+02
7.200000000000000000e+02
6.950000000000000000e+02
7.880000000000000000e+02
7.820000000000000000e+02
8.170000000000000000e+02
8.110000000000000000e+02
7.790000000000000000e+02
7.610000000000000000e+02
8.420000000000000000e+02
7.410000000000000000e+02
7.280000000000000000e+02
7.550000000000000000e+02
7.880000000000000000e+02
8.200000000000000000e+02
8.100000000000000000e+02
8.600000000000000000e+02
8.730000000000000000e+02
8.530000000000000000e+02
9.020000000000000000e+02
9.410000000000000000e+02
8.830000000000000000e+02
1.011000000000000000e+03
1.017000000000000000e+03
1.093000000000000000e+03
1.106000000000000000e+03
1.132000000000000000e+03
1.213000000000000000e+03
1.239000000000000000e+03
1.239000000000000000e+03
1.201000000000000000e+03
1.251000000000000000e+03
1.296000000000000000e+03
1.232000000000000000e+03
1.171000000000000000e+03
1.351000000000000000e+03
1.377000000000000000e+03
1.361000000000000000e+03
1.445000000000000000e+03
1.503000000000000000e+03
1.479000000000000000e+03
1.591000000000000000e+03
1.692000000000000000e+03
1.716000000000000000e+03
1.833000000000000000e+03
1.887000000000000000e+03
2.011000000000000000e+03
2.152000000000000000e+03
2.186000000000000000e+03
2.238000000000000000e+03
2.425000000000000000e+03
2.295000000000000000e+03
2.481000000000000000e+03
2.544000000000000000e+03
2.524000000000000000e+03
2.578000000000000000e+03
2.431000000000000000e+03
2.231000000000000000e+03
2.041000000000000000e+03
1.757000000000000000e+03
1.677000000000000000e+03
1.489000000000000000e+03
1.314000000000000000e+03
1.114000000000000000e+03
9.970000000000000000e+02
9.270000000000000000e+02
8.610000000000000000e+02
7.680000000000000000e+02
7.540000000000000000e+02
6.810000000000000000e+02
7.250000000000000000e+02
7.560000000000000000e+02
7.170000000000000000e+02
6.350000000000000000e+02
7.120000000000000000e+02
6.630000000000000000e+02
7.250000000000000000e+02
6.910000000000000000e+02
7.270000000000000000e+02
7.370000000000000000e+02
7.550000000000000000e+02
6.820000000000000000e+02
7.240000000000000000e+02
6.780000000000000000e+02
6.230000000000000000e+02
6.020000000000000000e+02
5.600000000000000000e+02
6.220000000000000000e+02
5.910000000000000000e+02
5.530000000000000000e+02
5.390000000000000000e+02
5.710000000000000000e+02
5.240000000000000000e+02
5.280000000000000000e+02
5.030000000000000000e+02
4.630000000000000000e+02
5.410000000000000000e+02
5.110000000000000000e+02
5.260000000000000000e+02
4.440000000000000000e+02
5.570000000000000000e+02
5.030000000000000000e+02
5.010000000000000000e+02
5.250000000000000000e+02
5.360000000000000000e+02
6.260000000000000000e+02
6.680000000000000000e+02
5.590000000000000000e+02
5.830000000000000000e+02
5.310000000000000000e+02
5.010000000000000000e+02
5.080000000000000000e+02
4.130000000000000000e+02
4.550000000000000000e+02
4.090000000000000000e+02
4.250000000000000000e+02
4.100000000000000000e+02
4.750000000000000000e+02
4.640000000000000000e+02
5.500000000000000000e+02
5.990000000000000000e+02
5.840000000000000000e+02
6.540000000000000000e+02
6.370000000000000000e+02
6.660000000000000000e+02
6.400000000000000000e+02
6.380000000000000000e+02
6.290000000000000000e+02
6.100000000000000000e+02
6.240000000000000000e+02
6.410000000000000000e+02
6.540000000000000000e+02
5.530000000000000000e+02
5.070000000000000000e+02
4.410000000000000000e+02
4.280000000000000000e+02
4.430000000000000000e+02
4.200000000000000000e+02
4.190000000000000000e+02
4.120000000000000000e+02
3.970000000000000000e+02
3.890000000000000000e+02
3.620000000000000000e+02
3.040000000000000000e+02
3.420000000000000000e+02
3.580000000000000000e+02
4.580000000000000000e+02
5.000000000000000000e+02
4.450000000000000000e+02
5.380000000000000000e+02
4.250000000000000000e+02
4.240000000000000000e+02
4.510000000000000000e+02
4.280000000000000000e+02
9.210000000000000000e+02
1.142000000000000000e+03
1.125000000000000000e+03
7.130000000000000000e+02
5.670000000000000000e+02
7.510000000000000000e+02
6.820000000000000000e+02
7.750000000000000000e+02
8.380000000000000000e+02
9.600000000000000000e+02
1.033000000000000000e+03
1.262000000000000000e+03
1.366000000000000000e+03
2.497000000000000000e+03
1.647000000000000000e+03
1.933000000000000000e+03
1.972000000000000000e+03
2.447000000000000000e+03
1.835000000000000000e+03
9.740000000000000000e+02
6.270000000000000000e+02
