0.000000000000000000e+00
1.000000000000000000e+00
1.000000000000000000e+00
1.000000000000000000e+00
1.000000000000000000e+00
4.000000000000000000e+00
7.000000000000000000e+00
2.700000000000000000e+01
6.900000000000000000e+01
1.750000000000000000e+02
5.030000000000000000e+02
1.100000000000000000e+03
1.830000000000000000e+03
2.167000000000000000e+03
1.902000000000000000e+03
1.756000000000000000e+03
1.634000000000000000e+03
1.562000000000000000e+03
1.586000000000000000e+03
1.456000000000000000e+03
1.363000000000000000e+03
1.290000000000000000e+03
1.325000000000000000e+03
1.367000000000000000e+03
1.178000000000000000e+03
1.125000000000000000e+03
1.062000000000000000e+03
9.440000000000000000e+02
8.790000000000000000e+02
9.130000000000000000e+02
8.840000000000000000e+02
8.360000000000000000e+02
8.350000000000000000e+02
8.590000000000000000e+02
8.180000000000000000e+02
7.430000000000000000e+02
7.140000000000000000e+02
8.140000000000000000e+02
7.500000000000000000e+02
7.280000000000000000e+02
7.440000000000000000e+02
8.460000000000000000e+02
9.110000000000000000e+02
1.002000000000000000e+03
1.093000000000000000e+03
1.049000000000000000e+03
1.009000000000000000e+03
8.350000000000000000e+02
7.810000000000000000e+02
6.710000000000000000e+02
6.050000000000000000e+02
6.080000000000000000e+02
5.600000000000000000e+02
6.240000000000000000e+02
6.150000000000000000e+02
5.800000000000000000e+02
6.260000000000000000e+02
6.490000000000000000e+02
6.690000000000000000e+02
6.830000000000000000e+02
6.610000000000000000e+02
6.580000000000000000e+02
6.380000000000000000e+02
6.860000000000000000e+02
6.610000000000000000e+02
7.110000000000000000e+02
6.520000000000000000e+02
7.150000000000000000e+02
7.430000000000000000e+02
7.190000000000000000e+02
7.410000000000000000e+02
9.200000000000000000e+02
1.091000000000000000e+03
1.115000000000000000e+03
1.113000000000000000e+03
1.130000000000000000e+03
1.123000000000000000e+03
1.242000000000000000e+03
1.161000000000000000e+03
1.146000000000000000e+03
1.134000000000000000e+03
1.144000000000000000e+03
1.262000000000000000e+03
1.329000000000000000e+03
1.360000000000000000e+03
1.324000000000000000e+03
1.344000000000000000e+03
1.350000000000000000e+03
1.381000000000000000e+03
1.378000000000000000e+03
1.360000000000000000e+03
1.523000000000000000e+03
1.546000000000000000e+03
1.659000000000000000e+03
1.748000000000000000e+03
1.699000000000000000e+03
1.854000000000000000e+03
1.825000000000000000e+03
1.898000000000000000e+03
1.840000000000000000e+03
1.884000000000000000e+03
1.852000000000000000e+03
1.688000000000000000e+03
1.587000000000000000e+03
1.561000000000000000e+03
1.357000000000000000e+03
1.222000000000000000e+03
1.081000000000000000e+03
9.920000000000000000e+02
9.730000000000000000e+02
8.970000000000000000e+02
8.550000000000000000e+02
7.860000000000000000e+02
8.230000000000000000e+02
8.230000000000000000e+02
7.350000000000000000e+02
6.750000000000000000e+02
7.120000000000000000e+02
6.610000000000000000e+02
7.890000000000000000e+02
7.070000000000000000e+02
7.520000000000000000e+02
7.520000000000000000e+02
7.490000000000000000e+02
7.110000000000000000e+02
8.080000000000000000e+02
7.880000000000000000e+02
7.820000000000000000e+02
7.360000000000000000e+02
7.340000000000000000e+02
7.110000000000000000e+02
6.980000000000000000e+02
6.990000000000000000e+02
6.570000000000000000e+02
6.750000000000000000e+02
6.880000000000000000e+02
7.420000000000000000e+02
6.570000000000000000e+02
6.910000000000000000e+02
7.310000000000000000e+02
7.040000000000000000e+02
7.320000000000000000e+02
6.740000000000000000e+02
7.160000000000000000e+02
7.360000000000000000e+02
8.300000000000000000e+02
9.730000000000000000e+02
1.059000000000000000e+03
1.023000000000000000e+03
1.017000000000000000e+03
9.120000000000000000e+02
9.770000000000000000e+02
1.011000000000000000e+03
9.790000000000000000e+02
9.000000000000000000e+02
7.300000000000000000e+02
7.330000000000000000e+02
7.210000000000000000e+02
7.310000000000000000e+02
7.120000000000000000e+02
5.210000000000000000e+02
5.090000000000000000e+02
4.580000000000000000e+02
4.750000000000000000e+02
4.180000000000000000e+02
4.580000000000000000e+02
4.220000000000000000e+02
3.820000000000000000e+02
3.680000000000000000e+02
3.470000000000000000e+02
4.110000000000000000e+02
4.520000000000000000e+02
4.660000000000000000e+02
4.320000000000000000e+02
4.450000000000000000e+02
4.340000000000000000e+02
5.270000000000000000e+02
5.900000000000000000e+02
5.670000000000000000e+02
6.620000000000000000e+02
7.390000000000000000e+02
6.980000000000000000e+02
8.590000000000000000e+02
1.002000000000000000e+03
1.023000000000000000e+03
1.307000000000000000e+03
1.152000000000000000e+03
1.393000000000000000e+03
1.451000000000000000e+03
1.623000000000000000e+03
1.838000000000000000e+03
1.969000000000000000e+03
1.566000000000000000e+03
1.847000000000000000e+03
1.966000000000000000e+03
1.862000000000000000e+03
1.617000000000000000e+03
1.430000000000000000e+03
1.411000000000000000e+03
1.403000000000000000e+03
1.458000000000000000e+03
1.435000000000000000e+03
1.520000000000000000e+03
1.534000000000000000e+03
1.907000000000000000e+03
2.011000000000000000e+03
1.641000000000000000e+03
1.498000000000000000e+03
1.140000000000000000e+03
1.034000000000000000e+03
9.110000000000000000e+02
8.490000000000000000e+02
7.670000000000000000e+02
7.720000000000000000e+02
6.510000000000000000e+02
6.960000000000000000e+02
7.620000000000000000e+02
6.460000000000000000e+02
7.150000000000000000e+02
5.700000000000000000e+02
5.690000000000000000e+02
5.600000000000000000e+02
5.820000000000000000e+02
4.620000000000000000e+02
4.290000000000000000e+02
4.410000000000000000e+02
4.290000000000000000e+02
4.160000000000000000e+02
3.980000000000000000e+02
3.760000000000000000e+02
4.150000000000000000e+02
4.440000000000000000e+02
4.070000000000000000e+02
4.350000000000000000e+02
3.920000000000000000e+02
3.410000000000000000e+02
3.390000000000000000e+02
4.100000000000000000e+02
3.070000000000000000e+02
3.290000000000000000e+02
3.620000000000000000e+02
3.160000000000000000e+02
3.640000000000000000e+02
2.970000000000000000e+02
2.770000000000000000e+02
3.480000000000000000e+02
3.000000000000000000e+02
2.910000000000000000e+02
3.500000000000000000e+02
2.740000000000000000e+02
3.320000000000000000e+02
2.620000000000000000e+02
3.910000000000000000e+02
8.370000000000000000e+02
2.157000000000000000e+03
1.310000000000000000e+04
0.000000000000000000e+00
0.000000000000000000e+00
2.000000000000000000e+00
0.000000000000000000e+00
0.000000000000000000e+00
0.000000000000000000e+00
3.000000000000000000e+00
5.000000000000000000e+00
1.300000000000000000e+01
4.500000000000000000e+01
1.350000000000000000e+02
4.300000000000000000e+02
1.010000000000000000e+03
1.724000000000000000e+03
2.080000000000000000e+03
1.904000000000000000e+03
1.781000000000000000e+03
1.682000000000000000e+03
1.577000000000000000e+03
1.443000000000000000e+03
1.439000000000000000e+03
1.356000000000000000e+03
1.308000000000000000e+03
1.336000000000000000e+03
1.291000000000000000e+03
1.209000000000000000e+03
1.209000000000000000e+03
1.081000000000000000e+03
1.007000000000000000e+03
1.007000000000000000e+03
9.510000000000000000e+02
9.580000000000000000e+02
9.040000000000000000e+02
8.990000000000000000e+02
8.150000000000000000e+02
8.730000000000000000e+02
8.080000000000000000e+02
8.220000000000000000e+02
7.780000000000000000e+02
7.580000000000000000e+02
7.820000000000000000e+02
8.100000000000000000e+02
8.850000000000000000e+02
9.140000000000000000e+02
1.003000000000000000e+03
1.102000000000000000e+03
1.080000000000000000e+03
9.400000000000000000e+02
8.240000000000000000e+02
7.860000000000000000e+02
6.390000000000000000e+02
6.720000000000000000e+02
5.510000000000000000e+02
5.740000000000000000e+02
5.790000000000000000e+02
5.920000000000000000e+02
6.250000000000000000e+02
5.790000000000000000e+02
6.410000000000000000e+02
6.880000000000000000e+02
6.900000000000000000e+02
6.420000000000000000e+02
6.500000000000000000e+02
5.900000000000000000e+02
6.860000000000000000e+02
6.570000000000000000e+02
6.460000000000000000e+02
5.980000000000000000e+02
6.330000000000000000e+02
6.240000000000000000e+02
6.380000000000000000e+02
6.960000000000000000e+02
7.680000000000000000e+02
7.630000000000000000e+02
9.220000000000000000e+02
1.021000000000000000e+03
1.058000000000000000e+03
1.170000000000000000e+03
1.277000000000000000e+03
1.318000000000000000e+03
1.236000000000000000e+03
1.331000000000000000e+03
1.237000000000000000e+03
1.208000000000000000e+03
1.194000000000000000e+03
1.186000000000000000e+03
1.259000000000000000e+03
1.224000000000000000e+03
1.291000000000000000e+03
1.272000000000000000e+03
1.256000000000000000e+03
1.251000000000000000e+03
1.407000000000000000e+03
1.573000000000000000e+03
1.636000000000000000e+03
1.710000000000000000e+03
1.812000000000000000e+03
1.927000000000000000e+03
1.849000000000000000e+03
1.904000000000000000e+03
1.928000000000000000e+03
1.934000000000000000e+03
1.893000000000000000e+03
1.795000000000000000e+03
1.735000000000000000e+03
1.712000000000000000e+03
1.509000000000000000e+03
1.304000000000000000e+03
1.240000000000000000e+03
1.110000000000000000e+03
1.063000000000000000e+03
9.470000000000000000e+02
9.400000000000000000e+02
9.590000000000000000e+02
8.740000000000000000e+02
9.040000000000000000e+02
9.190000000000000000e+02
8.530000000000000000e+02
8.970000000000000000e+02
8.750000000000000000e+02
8.520000000000000000e+02
8.740000000000000000e+02
8.470000000000000000e+02
8.000000000000000000e+02
7.870000000000000000e+02
8.380000000000000000e+02
8.130000000000000000e+02
7.600000000000000000e+02
7.370000000000000000e+02
6.880000000000000000e+02
7.090000000000000000e+02
6.840000000000000000e+02
6.330000000000000000e+02
6.150000000000000000e+02
6.560000000000000000e+02
6.290000000000000000e+02
6.410000000000000000e+02
5.960000000000000000e+02
6.160000000000000000e+02
6.750000000000000000e+02
6.670000000000000000e+02
6.970000000000000000e+02
5.920000000000000000e+02
5.530000000000000000e+02
5.790000000000000000e+02
5.530000000000000000e+02
5.300000000000000000e+02
5.220000000000000000e+02
5.670000000000000000e+02
5.280000000000000000e+02
4.730000000000000000e+02
5.440000000000000000e+02
4.970000000000000000e+02
5.200000000000000000e+02
6.050000000000000000e+02
6.040000000000000000e+02
7.260000000000000000e+02
7.900000000000000000e+02
9.700000000000000000e+02
9.200000000000000000e+02
8.260000000000000000e+02
7.530000000000000000e+02
7.840000000000000000e+02
7.410000000000000000e+02
7.450000000000000000e+02
7.260000000000000000e+02
6.710000000000000000e+02
6.160000000000000000e+02
6.230000000000000000e+02
6.690000000000000000e+02
6.920000000000000000e+02
7.310000000000000000e+02
8.180000000000000000e+02
9.190000000000000000e+02
9.260000000000000000e+02
8.290000000000000000e+02
9.280000000000000000e+02
9.040000000000000000e+02
9.080000000000000000e+02
9.590000000000000000e+02
9.720000000000000000e+02
1.214000000000000000e+03
1.120000000000000000e+03
1.377000000000000000e+03
1.384000000000000000e+03
1.493000000000000000e+03
1.360000000000000000e+03
1.295000000000000000e+03
1.274000000000000000e+03
1.570000000000000000e+03
1.707000000000000000e+03
1.856000000000000000e+03
1.764000000000000000e+03
1.905000000000000000e+03
1.760000000000000000e+03
1.761000000000000000e+03
1.691000000000000000e+03
1.656000000000000000e+03
1.922000000000000000e+03
1.979000000000000000e+03
2.312000000000000000e+03
2.294000000000000000e+03
1.853000000000000000e+03
1.654000000000000000e+03
1.454000000000000000e+03
1.027000000000000000e+03
9.350000000000000000e+02
7.880000000000000000e+02
7.190000000000000000e+02
8.050000000000000000e+02
8.750000000000000000e+02
7.680000000000000000e+02
6.720000000000000000e+02
7.310000000000000000e+02
7.450000000000000000e+02
8.210000000000000000e+02
7.410000000000000000e+02
6.630000000000000000e+02
6.920000000000000000e+02
5.820000000000000000e+02
5.280000000000000000e+02
5.600000000000000000e+02
4.300000000000000000e+02
4.530000000000000000e+02
3.990000000000000000e+02
4.860000000000000000e+02
4.420000000000000000e+02
3.660000000000000000e+02
4.160000000000000000e+02
3.810000000000000000e+02
3.950000000000000000e+02
3.600000000000000000e+02
3.110000000000000000e+02
3.040000000000000000e+02
3.170000000000000000e+02
3.600000000000000000e+02
2.640000000000000000e+02
3.000000000000000000e+02
2.830000000000000000e+02
2.640000000000000000e+02
2.630000000000000000e+02
2.140000000000000000e+02
2.000000000000000000e+02
1.950000000000000000e+02
1.620000000000000000e+02
1.330000000000000000e+02
1.050000000000000000e+02
9.600000000000000000e+01
8.300000000000000000e+01
7.500000000000000000e+01
5.200000000000000000e+01
8.000000000000000000e+01
2.230000000000000000e+02
7.330000000000000000e+02
1.773000000000000000e+03
1.303800000000000000e+04
0.000000000000000000e+00
0.000000000000000000e+00
1.000000000000000000e+00
0.000000000000000000e+00
4.000000000000000000e+00
2.000000000000000000e+00
1.000000000000000000e+00
7.000000000000000000e+00
1.600000000000000000e+01
2.600000000000000000e+01
5.800000000000000000e+01
1.340000000000000000e+02
3.110000000000000000e+02
6.460000000000000000e+02
1.170000000000000000e+03
1.740000000000000000e+03
1.954000000000000000e+03
1.771000000000000000e+03
1.661000000000000000e+03
1.593000000000000000e+03
1.591000000000000000e+03
1.532000000000000000e+03
1.476000000000000000e+03
1.398000000000000000e+03
1.423000000000000000e+03
1.393000000000000000e+03
1.371000000000000000e+03
1.284000000000000000e+03
1.178000000000000000e+03
1.096000000000000000e+03
1.082000000000000000e+03
1.024000000000000000e+03
9.910000000000000000e+02
1.044000000000000000e+03
9.800000000000000000e+02
1.012000000000000000e+03
8.810000000000000000e+02
8.680000000000000000e+02
8.150000000000000000e+02
8.170000000000000000e+02
7.870000000000000000e+02
8.180000000000000000e+02
8.160000000000000000e+02
9.280000000000000000e+02
9.160000000000000000e+02
9.730000000000000000e+02
1.004000000000000000e+03
9.750000000000000000e+02
9.100000000000000000e+02
8.400000000000000000e+02
7.730000000000000000e+02
7.040000000000000000e+02
6.440000000000000000e+02
6.710000000000000000e+02
6.490000000000000000e+02
5.730000000000000000e+02
6.070000000000000000e+02
6.180000000000000000e+02
6.090000000000000000e+02
5.940000000000000000e+02
6.010000000000000000e+02
5.930000000000000000e+02
6.640000000000000000e+02
6.380000000000000000e+02
6.930000000000000000e+02
6.610000000000000000e+02
5.920000000000000000e+02
5.490000000000000000e+02
6.050000000000000000e+02
5.630000000000000000e+02
6.850000000000000000e+02
5.980000000000000000e+02
6.130000000000000000e+02
6.380000000000000000e+02
6.880000000000000000e+02
7.300000000000000000e+02
7.650000000000000000e+02
8.100000000000000000e+02
8.890000000000000000e+02
1.000000000000000000e+03
1.142000000000000000e+03
1.100000000000000000e+03
1.290000000000000000e+03
1.230000000000000000e+03
1.260000000000000000e+03
1.224000000000000000e+03
1.233000000000000000e+03
1.279000000000000000e+03
1.298000000000000000e+03
1.206000000000000000e+03
1.277000000000000000e+03
1.357000000000000000e+03
1.291000000000000000e+03
1.297000000000000000e+03
1.326000000000000000e+03
1.473000000000000000e+03
1.662000000000000000e+03
1.833000000000000000e+03
1.771000000000000000e+03
1.863000000000000000e+03
1.817000000000000000e+03
1.755000000000000000e+03
1.701000000000000000e+03
1.797000000000000000e+03
1.693000000000000000e+03
1.815000000000000000e+03
1.710000000000000000e+03
1.788000000000000000e+03
1.826000000000000000e+03
1.640000000000000000e+03
1.525000000000000000e+03
1.284000000000000000e+03
1.203000000000000000e+03
1.092000000000000000e+03
1.048000000000000000e+03
1.065000000000000000e+03
1.020000000000000000e+03
1.019000000000000000e+03
1.019000000000000000e+03
9.280000000000000000e+02
8.890000000000000000e+02
9.040000000000000000e+02
8.750000000000000000e+02
8.660000000000000000e+02
9.090000000000000000e+02
8.360000000000000000e+02
8.360000000000000000e+02
7.510000000000000000e+02
7.700000000000000000e+02
6.780000000000000000e+02
7.310000000000000000e+02
6.910000000000000000e+02
5.940000000000000000e+02
6.320000000000000000e+02
6.370000000000000000e+02
6.200000000000000000e+02
5.780000000000000000e+02
5.340000000000000000e+02
5.940000000000000000e+02
6.420000000000000000e+02
6.440000000000000000e+02
6.560000000000000000e+02
6.560000000000000000e+02
5.910000000000000000e+02
5.360000000000000000e+02
5.770000000000000000e+02
5.630000000000000000e+02
5.500000000000000000e+02
4.800000000000000000e+02
4.550000000000000000e+02
4.320000000000000000e+02
4.010000000000000000e+02
4.430000000000000000e+02
4.010000000000000000e+02
4.330000000000000000e+02
3.900000000000000000e+02
3.860000000000000000e+02
4.120000000000000000e+02
3.620000000000000000e+02
4.320000000000000000e+02
4.380000000000000000e+02
4.450000000000000000e+02
4.370000000000000000e+02
4.720000000000000000e+02
4.720000000000000000e+02
5.700000000000000000e+02
7.310000000000000000e+02
1.008000000000000000e+03
1.181000000000000000e+03
1.203000000000000000e+03
1.060000000000000000e+03
1.051000000000000000e+03
1.108000000000000000e+03
1.154000000000000000e+03
1.114000000000000000e+03
1.276000000000000000e+03
1.454000000000000000e+03
1.454000000000000000e+03
1.556000000000000000e+03
1.472000000000000000e+03
1.599000000000000000e+03
1.351000000000000000e+03
1.463000000000000000e+03
1.522000000000000000e+03
1.502000000000000000e+03
1.571000000000000000e+03
1.668000000000000000e+03
1.727000000000000000e+03
1.800000000000000000e+03
1.868000000000000000e+03
1.855000000000000000e+03
1.841000000000000000e+03
1.887000000000000000e+03
2.065000000000000000e+03
1.840000000000000000e+03
2.063000000000000000e+03
1.950000000000000000e+03
1.955000000000000000e+03
2.434000000000000000e+03
2.578000000000000000e+03
2.170000000000000000e+03
1.730000000000000000e+03
1.128000000000000000e+03
9.440000000000000000e+02
7.970000000000000000e+02
8.750000000000000000e+02
8.030000000000000000e+02
8.770000000000000000e+02
8.510000000000000000e+02
7.930000000000000000e+02
8.300000000000000000e+02
9.520000000000000000e+02
8.570000000000000000e+02
8.950000000000000000e+02
7.990000000000000000e+02
7.360000000000000000e+02
5.040000000000000000e+02
6.180000000000000000e+02
5.790000000000000000e+02
5.820000000000000000e+02
5.300000000000000000e+02
5.190000000000000000e+02
5.100000000000000000e+02
4.450000000000000000e+02
3.950000000000000000e+02
3.760000000000000000e+02
3.490000000000000000e+02
3.430000000000000000e+02
3.220000000000000000e+02
2.750000000000000000e+02
3.190000000000000000e+02
2.460000000000000000e+02
2.500000000000000000e+02
1.460000000000000000e+02
1.320000000000000000e+02
8.000000000000000000e+01
6.900000000000000000e+01
7.200000000000000000e+01
4.300000000000000000e+01
6.200000000000000000e+01
6.700000000000000000e+01
4.200000000000000000e+01
6.900000000000000000e+01
3.900000000000000000e+01
3.100000000000000000e+01
2.800000000000000000e+01
3.700000000000000000e+01
5.200000000000000000e+01
9.900000000000000000e+01
1.140000000000000000e+02
1.010000000000000000e+02
2.310000000000000000e+02
5.010000000000000000e+02
7.920000000000000000e+02
1.390000000000000000e+03
1.255000000000000000e+04
