9.035000000000000000e+03
3.449000000000000000e+03
4.094000000000000000e+03
4.767000000000000000e+03
5.360000000000000000e+03
5.624000000000000000e+03
5.580000000000000000e+03
5.054000000000000000e+03
4.673000000000000000e+03
4.602000000000000000e+03
4.236000000000000000e+03
4.163000000000000000e+03
3.457000000000000000e+03
2.669000000000000000e+03
2.289000000000000000e+03
2.067000000000000000e+03
1.910000000000000000e+03
1.656000000000000000e+03
1.607000000000000000e+03
1.500000000000000000e+03
1.550000000000000000e+03
1.583000000000000000e+03
1.504000000000000000e+03
1.606000000000000000e+03
1.723000000000000000e+03
1.737000000000000000e+03
1.759000000000000000e+03
1.675000000000000000e+03
1.559000000000000000e+03
1.588000000000000000e+03
1.782000000000000000e+03
1.914000000000000000e+03
2.141000000000000000e+03
2.121000000000000000e+03
1.819000000000000000e+03
1.707000000000000000e+03
1.658000000000000000e+03
1.479000000000000000e+03
1.344000000000000000e+03
1.426000000000000000e+03
1.494000000000000000e+03
1.624000000000000000e+03
1.700000000000000000e+03
1.760000000000000000e+03
1.911000000000000000e+03
1.879000000000000000e+03
1.942000000000000000e+03
1.980000000000000000e+03
1.975000000000000000e+03
1.948000000000000000e+03
1.871000000000000000e+03
1.869000000000000000e+03
1.760000000000000000e+03
1.518000000000000000e+03
1.407000000000000000e+03
1.262000000000000000e+03
1.092000000000000000e+03
1.139000000000000000e+03
1.099000000000000000e+03
1.058000000000000000e+03
1.024000000000000000e+03
1.130000000000000000e+03
1.069000000000000000e+03
1.043000000000000000e+03
1.022000000000000000e+03
1.076000000000000000e+03
1.013000000000000000e+03
1.084000000000000000e+03
1.065000000000000000e+03
1.067000000000000000e+03
1.098000000000000000e+03
1.075000000000000000e+03
9.850000000000000000e+02
1.049000000000000000e+03
1.067000000000000000e+03
1.047000000000000000e+03
9.630000000000000000e+02
9.250000000000000000e+02
9.170000000000000000e+02
9.300000000000000000e+02
9.120000000000000000e+02
9.340000000000000000e+02
8.940000000000000000e+02
9.440000000000000000e+02
8.920000000000000000e+02
8.850000000000000000e+02
9.210000000000000000e+02
9.130000000000000000e+02
8.530000000000000000e+02
8.590000000000000000e+02
8.550000000000000000e+02
8.130000000000000000e+02
8.390000000000000000e+02
7.680000000000000000e+02
8.160000000000000000e+02
7.950000000000000000e+02
8.180000000000000000e+02
8.110000000000000000e+02
8.160000000000000000e+02
8.740000000000000000e+02
8.930000000000000000e+02
8.690000000000000000e+02
8.690000000000000000e+02
8.350000000000000000e+02
8.210000000000000000e+02
8.650000000000000000e+02
8.520000000000000000e+02
8.100000000000000000e+02
8.330000000000000000e+02
7.150000000000000000e+02
7.690000000000000000e+02
7.590000000000000000e+02
7.130000000000000000e+02
6.100000000000000000e+02
6.250000000000000000e+02
5.380000000000000000e+02
5.650000000000000000e+02
5.740000000000000000e+02
5.030000000000000000e+02
4.860000000000000000e+02
4.850000000000000000e+02
4.510000000000000000e+02
4.710000000000000000e+02
4.490000000000000000e+02
4.560000000000000000e+02
4.730000000000000000e+02
4.670000000000000000e+02
5.080000000000000000e+02
5.170000000000000000e+02
4.520000000000000000e+02
4.780000000000000000e+02
4.690000000000000000e+02
4.640000000000000000e+02
4.760000000000000000e+02
4.400000000000000000e+02
4.690000000000000000e+02
5.490000000000000000e+02
5.120000000000000000e+02
5.430000000000000000e+02
5.430000000000000000e+02
5.640000000000000000e+02
5.930000000000000000e+02
5.950000000000000000e+02
6.050000000000000000e+02
6.530000000000000000e+02
6.730000000000000000e+02
6.080000000000000000e+02
7.040000000000000000e+02
6.690000000000000000e+02
7.080000000000000000e+02
7.660000000000000000e+02
7.680000000000000000e+02
8.010000000000000000e+02
8.050000000000000000e+02
9.020000000000000000e+02
1.099000000000000000e+03
1.116000000000000000e+03
1.118000000000000000e+03
1.072000000000000000e+03
1.000000000000000000e+03
9.590000000000000000e+02
8.410000000000000000e+02
7.180000000000000000e+02
6.360000000000000000e+02
5.690000000000000000e+02
4.910000000000000000e+02
5.240000000000000000e+02
4.670000000000000000e+02
5.060000000000000000e+02
5.170000000000000000e+02
4.790000000000000000e+02
4.500000000000000000e+02
4.620000000000000000e+02
4.110000000000000000e+02
3.880000000000000000e+02
4.110000000000000000e+02
3.560000000000000000e+02
3.030000000000000000e+02
3.310000000000000000e+02
2.830000000000000000e+02
2.820000000000000000e+02
3.070000000000000000e+02
2.360000000000000000e+02
2.380000000000000000e+02
2.070000000000000000e+02
1.800000000000000000e+02
1.910000000000000000e+02
1.870000000000000000e+02
2.060000000000000000e+02
2.010000000000000000e+02
1.680000000000000000e+02
1.530000000000000000e+02
1.580000000000000000e+02
1.950000000000000000e+02
1.830000000000000000e+02
1.520000000000000000e+02
1.440000000000000000e+02
1.180000000000000000e+02
1.250000000000000000e+02
1.520000000000000000e+02
1.390000000000000000e+02
1.660000000000000000e+02
1.640000000000000000e+02
1.580000000000000000e+02
1.740000000000000000e+02
1.790000000000000000e+02
2.080000000000000000e+02
2.050000000000000000e+02
2.680000000000000000e+02
2.850000000000000000e+02
3.300000000000000000e+02
1.760000000000000000e+02
1.110000000000000000e+02
5.100000000000000000e+01
4.800000000000000000e+01
5.000000000000000000e+01
5.400000000000000000e+01
4.500000000000000000e+01
4.300000000000000000e+01
5.700000000000000000e+01
4.900000000000000000e+01
3.500000000000000000e+01
4.900000000000000000e+01
3.900000000000000000e+01
3.500000000000000000e+01
3.400000000000000000e+01
5.500000000000000000e+01
5.000000000000000000e+01
4.000000000000000000e+01
4.800000000000000000e+01
4.400000000000000000e+01
3.200000000000000000e+01
5.400000000000000000e+01
3.700000000000000000e+01
3.700000000000000000e+01
4.600000000000000000e+01
3.400000000000000000e+01
4.600000000000000000e+01
4.200000000000000000e+01
3.200000000000000000e+01
4.400000000000000000e+01
4.800000000000000000e+01
3.600000000000000000e+01
4.500000000000000000e+01
4.200000000000000000e+01
4.900000000000000000e+01
5.300000000000000000e+01
5.300000000000000000e+01
6.600000000000000000e+01
6.700000000000000000e+01
5.000000000000000000e+01
7.300000000000000000e+01
5.400000000000000000e+01
3.000000000000000000e+01
2.900000000000000000e+01
1.600000000000000000e+01
3.100000000000000000e+01
8.700000000000000000e+01
2.800000000000000000e+02
6.780000000000000000e+02
9.440000000000000000e+02
9.370000000000000000e+02
1.034000000000000000e+03
1.168000000000000000e+03
1.480000000000000000e+03
2.153000000000000000e+03
2.901000000000000000e+03
2.839000000000000000e+03
2.122000000000000000e+03
1.776000000000000000e+03
1.706000000000000000e+03
1.982000000000000000e+03
2.372000000000000000e+03
2.139000000000000000e+03
1.524000000000000000e+03
1.421000000000000000e+03
1.490000000000000000e+03
1.463000000000000000e+03
1.440000000000000000e+03
1.342000000000000000e+03
1.228000000000000000e+03
1.272000000000000000e+03
1.188000000000000000e+03
1.165000000000000000e+03
1.231000000000000000e+03
1.496000000000000000e+03
1.688000000000000000e+03
1.893000000000000000e+03
2.090000000000000000e+03
2.115000000000000000e+03
1.955000000000000000e+03
1.838000000000000000e+03
1.889000000000000000e+03
1.877000000000000000e+03
1.771000000000000000e+03
1.851000000000000000e+03
2.080000000000000000e+03
2.186000000000000000e+03
2.156000000000000000e+03
2.074000000000000000e+03
2.154000000000000000e+03
2.179000000000000000e+03
2.072000000000000000e+03
2.117000000000000000e+03
2.213000000000000000e+03
2.203000000000000000e+03
2.289000000000000000e+03
2.328000000000000000e+03
2.266000000000000000e+03
2.323000000000000000e+03
2.251000000000000000e+03
2.171000000000000000e+03
2.159000000000000000e+03
2.286000000000000000e+03
2.120000000000000000e+03
2.142000000000000000e+03
2.180000000000000000e+03
2.233000000000000000e+03
2.185000000000000000e+03
2.093000000000000000e+03
1.982000000000000000e+03
1.839000000000000000e+03
1.757000000000000000e+03
1.699000000000000000e+03
1.698000000000000000e+03
1.583000000000000000e+03
1.594000000000000000e+03
1.534000000000000000e+03
1.551000000000000000e+03
1.386000000000000000e+03
1.443000000000000000e+03
1.497000000000000000e+03
1.421000000000000000e+03
1.362000000000000000e+03
1.364000000000000000e+03
1.333000000000000000e+03
1.346000000000000000e+03
1.318000000000000000e+03
1.250000000000000000e+03
1.240000000000000000e+03
1.196000000000000000e+03
1.199000000000000000e+03
1.206000000000000000e+03
1.250000000000000000e+03
1.198000000000000000e+03
1.133000000000000000e+03
1.164000000000000000e+03
1.208000000000000000e+03
1.143000000000000000e+03
1.183000000000000000e+03
1.083000000000000000e+03
1.088000000000000000e+03
1.118000000000000000e+03
1.107000000000000000e+03
1.043000000000000000e+03
1.098000000000000000e+03
1.041000000000000000e+03
1.113000000000000000e+03
1.096000000000000000e+03
1.044000000000000000e+03
9.860000000000000000e+02
9.700000000000000000e+02
9.560000000000000000e+02
9.060000000000000000e+02
9.450000000000000000e+02
9.070000000000000000e+02
8.940000000000000000e+02
8.840000000000000000e+02
9.350000000000000000e+02
9.400000000000000000e+02
9.540000000000000000e+02
9.790000000000000000e+02
9.530000000000000000e+02
9.580000000000000000e+02
9.630000000000000000e+02
9.330000000000000000e+02
9.230000000000000000e+02
9.210000000000000000e+02
8.500000000000000000e+02
8.570000000000000000e+02
8.710000000000000000e+02
8.150000000000000000e+02
7.470000000000000000e+02
6.670000000000000000e+02
6.880000000000000000e+02
5.780000000000000000e+02
5.570000000000000000e+02
5.420000000000000000e+02
5.150000000000000000e+02
4.840000000000000000e+02
4.860000000000000000e+02
4.740000000000000000e+02
5.180000000000000000e+02
4.600000000000000000e+02
4.610000000000000000e+02
5.200000000000000000e+02
5.240000000000000000e+02
5.360000000000000000e+02
5.760000000000000000e+02
6.100000000000000000e+02
5.810000000000000000e+02
5.250000000000000000e+02
6.120000000000000000e+02
5.470000000000000000e+02
5.750000000000000000e+02
5.590000000000000000e+02
5.870000000000000000e+02
5.770000000000000000e+02
5.840000000000000000e+02
6.370000000000000000e+02
6.340000000000000000e+02
6.880000000000000000e+02
6.190000000000000000e+02
6.840000000000000000e+02
6.610000000000000000e+02
7.320000000000000000e+02
7.720000000000000000e+02
8.760000000000000000e+02
9.490000000000000000e+02
9.790000000000000000e+02
8.830000000000000000e+02
8.490000000000000000e+02
7.620000000000000000e+02
7.860000000000000000e+02
8.520000000000000000e+02
8.630000000000000000e+02
7.930000000000000000e+02
7.470000000000000000e+02
8.170000000000000000e+02
8.050000000000000000e+02
7.050000000000000000e+02
7.450000000000000000e+02
5.830000000000000000e+02
5.330000000000000000e+02
5.260000000000000000e+02
4.810000000000000000e+02
4.780000000000000000e+02
5.210000000000000000e+02
5.510000000000000000e+02
5.510000000000000000e+02
6.490000000000000000e+02
6.690000000000000000e+02
6.380000000000000000e+02
5.460000000000000000e+02
5.610000000000000000e+02
4.490000000000000000e+02
3.670000000000000000e+02
3.590000000000000000e+02
3.550000000000000000e+02
3.700000000000000000e+02
3.860000000000000000e+02
3.840000000000000000e+02
3.450000000000000000e+02
3.030000000000000000e+02
2.540000000000000000e+02
2.420000000000000000e+02
2.650000000000000000e+02
2.180000000000000000e+02
1.970000000000000000e+02
1.920000000000000000e+02
1.920000000000000000e+02
2.050000000000000000e+02
2.210000000000000000e+02
2.450000000000000000e+02
2.570000000000000000e+02
2.850000000000000000e+02
2.940000000000000000e+02
2.900000000000000000e+02
2.350000000000000000e+02
2.300000000000000000e+02
2.320000000000000000e+02
2.260000000000000000e+02
2.750000000000000000e+02
2.950000000000000000e+02
3.720000000000000000e+02
2.470000000000000000e+02
1.560000000000000000e+02
9.700000000000000000e+01
7.800000000000000000e+01
7.800000000000000000e+01
7.600000000000000000e+01
8.600000000000000000e+01
7.600000000000000000e+01
6.700000000000000000e+01
7.000000000000000000e+01
7.100000000000000000e+01
7.400000000000000000e+01
7.700000000000000000e+01
5.600000000000000000e+01
6.000000000000000000e+01
6.700000000000000000e+01
7.200000000000000000e+01
6.200000000000000000e+01
4.900000000000000000e+01
5.600000000000000000e+01
5.800000000000000000e+01
7.200000000000000000e+01
7.100000000000000000e+01
6.600000000000000000e+01
6.500000000000000000e+01
7.100000000000000000e+01
8.500000000000000000e+01
6.300000000000000000e+01
7.900000000000000000e+01
8.700000000000000000e+01
8.400000000000000000e+01
1.290000000000000000e+02
1.070000000000000000e+02
1.460000000000000000e+02
1.480000000000000000e+02
1.320000000000000000e+02
5.830000000000000000e+02
1.280000000000000000e+02
1.100000000000000000e+01
1.700000000000000000e+01
2.300000000000000000e+01
2.500000000000000000e+01
4.200000000000000000e+01
6.500000000000000000e+01
2.680000000000000000e+02
6.220000000000000000e+02
7.160000000000000000e+02
7.300000000000000000e+02
8.210000000000000000e+02
1.148000000000000000e+03
1.333000000000000000e+03
1.675000000000000000e+03
2.090000000000000000e+03
2.581000000000000000e+03
2.509000000000000000e+03
1.806000000000000000e+03
1.740000000000000000e+03
1.771000000000000000e+03
1.808000000000000000e+03
2.183000000000000000e+03
2.140000000000000000e+03
1.648000000000000000e+03
1.391000000000000000e+03
1.204000000000000000e+03
1.192000000000000000e+03
1.145000000000000000e+03
1.291000000000000000e+03
1.323000000000000000e+03
1.314000000000000000e+03
1.265000000000000000e+03
1.272000000000000000e+03
1.341000000000000000e+03
1.290000000000000000e+03
1.343000000000000000e+03
1.471000000000000000e+03
1.449000000000000000e+03
1.413000000000000000e+03
1.320000000000000000e+03
1.381000000000000000e+03
1.461000000000000000e+03
1.345000000000000000e+03
1.302000000000000000e+03
1.312000000000000000e+03
1.333000000000000000e+03
1.459000000000000000e+03
1.631000000000000000e+03
1.660000000000000000e+03
1.802000000000000000e+03
2.121000000000000000e+03
1.997000000000000000e+03
1.947000000000000000e+03
1.961000000000000000e+03
1.931000000000000000e+03
2.021000000000000000e+03
2.200000000000000000e+03
2.252000000000000000e+03
2.133000000000000000e+03
2.121000000000000000e+03
1.963000000000000000e+03
2.000000000000000000e+03
2.118000000000000000e+03
2.146000000000000000e+03
2.200000000000000000e+03
2.264000000000000000e+03
2.206000000000000000e+03
2.163000000000000000e+03
2.013000000000000000e+03
1.886000000000000000e+03
1.785000000000000000e+03
1.513000000000000000e+03
1.476000000000000000e+03
1.398000000000000000e+03
1.322000000000000000e+03
1.238000000000000000e+03
1.287000000000000000e+03
1.346000000000000000e+03
1.285000000000000000e+03
1.331000000000000000e+03
1.278000000000000000e+03
1.375000000000000000e+03
1.432000000000000000e+03
1.364000000000000000e+03
1.321000000000000000e+03
1.282000000000000000e+03
1.300000000000000000e+03
1.328000000000000000e+03
1.290000000000000000e+03
1.299000000000000000e+03
1.256000000000000000e+03
1.247000000000000000e+03
1.302000000000000000e+03
1.311000000000000000e+03
1.295000000000000000e+03
1.397000000000000000e+03
1.332000000000000000e+03
1.314000000000000000e+03
1.375000000000000000e+03
1.421000000000000000e+03
1.352000000000000000e+03
1.454000000000000000e+03
1.410000000000000000e+03
1.444000000000000000e+03
1.518000000000000000e+03
1.487000000000000000e+03
1.458000000000000000e+03
1.434000000000000000e+03
1.380000000000000000e+03
1.439000000000000000e+03
1.282000000000000000e+03
1.247000000000000000e+03
1.163000000000000000e+03
1.208000000000000000e+03
1.159000000000000000e+03
1.183000000000000000e+03
1.195000000000000000e+03
1.138000000000000000e+03
1.188000000000000000e+03
1.134000000000000000e+03
1.198000000000000000e+03
1.102000000000000000e+03
1.173000000000000000e+03
1.159000000000000000e+03
1.116000000000000000e+03
1.095000000000000000e+03
1.096000000000000000e+03
1.076000000000000000e+03
1.065000000000000000e+03
1.040000000000000000e+03
1.040000000000000000e+03
9.820000000000000000e+02
9.430000000000000000e+02
9.080000000000000000e+02
8.870000000000000000e+02
8.580000000000000000e+02
8.170000000000000000e+02
7.600000000000000000e+02
7.490000000000000000e+02
7.200000000000000000e+02
6.840000000000000000e+02
7.230000000000000000e+02
7.540000000000000000e+02
7.210000000000000000e+02
7.180000000000000000e+02
7.310000000000000000e+02
7.830000000000000000e+02
8.220000000000000000e+02
7.600000000000000000e+02
7.730000000000000000e+02
7.810000000000000000e+02
7.280000000000000000e+02
8.780000000000000000e+02
9.620000000000000000e+02
1.082000000000000000e+03
9.660000000000000000e+02
9.280000000000000000e+02
8.720000000000000000e+02
8.840000000000000000e+02
9.070000000000000000e+02
8.340000000000000000e+02
7.940000000000000000e+02
7.340000000000000000e+02
6.960000000000000000e+02
7.510000000000000000e+02
7.300000000000000000e+02
8.180000000000000000e+02
8.040000000000000000e+02
8.560000000000000000e+02
8.350000000000000000e+02
7.350000000000000000e+02
7.290000000000000000e+02
6.860000000000000000e+02
6.190000000000000000e+02
6.530000000000000000e+02
5.910000000000000000e+02
5.790000000000000000e+02
5.910000000000000000e+02
5.440000000000000000e+02
5.350000000000000000e+02
5.010000000000000000e+02
4.320000000000000000e+02
4.130000000000000000e+02
4.280000000000000000e+02
4.840000000000000000e+02
4.430000000000000000e+02
4.580000000000000000e+02
5.070000000000000000e+02
4.940000000000000000e+02
4.830000000000000000e+02
4.940000000000000000e+02
5.500000000000000000e+02
5.220000000000000000e+02
5.030000000000000000e+02
5.020000000000000000e+02
4.350000000000000000e+02
4.560000000000000000e+02
4.720000000000000000e+02
4.470000000000000000e+02
4.420000000000000000e+02
4.160000000000000000e+02
3.480000000000000000e+02
3.620000000000000000e+02
3.370000000000000000e+02
3.590000000000000000e+02
3.770000000000000000e+02
4.930000000000000000e+02
3.100000000000000000e+02
2.110000000000000000e+02
1.250000000000000000e+02
1.060000000000000000e+02
9.700000000000000000e+01
1.160000000000000000e+02
9.700000000000000000e+01
7.600000000000000000e+01
8.700000000000000000e+01
9.200000000000000000e+01
8.600000000000000000e+01
6.200000000000000000e+01
7.600000000000000000e+01
7.300000000000000000e+01
9.000000000000000000e+01
5.800000000000000000e+01
7.500000000000000000e+01
8.100000000000000000e+01
7.800000000000000000e+01
8.200000000000000000e+01
7.600000000000000000e+01
6.600000000000000000e+01
8.600000000000000000e+01
6.100000000000000000e+01
7.000000000000000000e+01
7.300000000000000000e+01
7.300000000000000000e+01
7.700000000000000000e+01
7.800000000000000000e+01
8.300000000000000000e+01
7.400000000000000000e+01
6.400000000000000000e+01
7.000000000000000000e+01
6.400000000000000000e+01
7.100000000000000000e+01
7.700000000000000000e+01
5.900000000000000000e+01
6.700000000000000000e+01
9.600000000000000000e+01
9.200000000000000000e+01
1.050000000000000000e+02
1.040000000000000000e+02
1.240000000000000000e+02
1.240000000000000000e+02
1.410000000000000000e+02
1.480000000000000000e+02
1.380000000000000000e+02
1.022000000000000000e+03
