3.790000000000000000e+02
2.440000000000000000e+02
2.790000000000000000e+02
2.820000000000000000e+02
2.660000000000000000e+02
2.280000000000000000e+02
2.200000000000000000e+02
1.930000000000000000e+02
2.190000000000000000e+02
2.350000000000000000e+02
2.040000000000000000e+02
2.720000000000000000e+02
2.280000000000000000e+02
2.600000000000000000e+02
3.200000000000000000e+02
3.200000000000000000e+02
3.430000000000000000e+02
4.630000000000000000e+02
5.820000000000000000e+02
5.670000000000000000e+02
7.150000000000000000e+02
7.660000000000000000e+02
9.420000000000000000e+02
1.026000000000000000e+03
1.147000000000000000e+03
1.229000000000000000e+03
1.348000000000000000e+03
1.460000000000000000e+03
1.573000000000000000e+03
1.570000000000000000e+03
1.695000000000000000e+03
1.784000000000000000e+03
1.780000000000000000e+03
1.752000000000000000e+03
1.852000000000000000e+03
1.822000000000000000e+03
1.802000000000000000e+03
1.731000000000000000e+03
1.903000000000000000e+03
1.877000000000000000e+03
1.808000000000000000e+03
1.761000000000000000e+03
1.826000000000000000e+03
1.875000000000000000e+03
1.948000000000000000e+03
1.833000000000000000e+03
1.780000000000000000e+03
1.831000000000000000e+03
1.827000000000000000e+03
1.845000000000000000e+03
1.787000000000000000e+03
1.868000000000000000e+03
1.816000000000000000e+03
1.807000000000000000e+03
1.826000000000000000e+03
1.799000000000000000e+03
1.791000000000000000e+03
1.769000000000000000e+03
1.772000000000000000e+03
1.676000000000000000e+03
1.649000000000000000e+03
1.641000000000000000e+03
1.536000000000000000e+03
1.625000000000000000e+03
1.507000000000000000e+03
1.543000000000000000e+03
1.412000000000000000e+03
1.491000000000000000e+03
1.437000000000000000e+03
1.378000000000000000e+03
1.312000000000000000e+03
1.296000000000000000e+03
1.243000000000000000e+03
1.148000000000000000e+03
1.174000000000000000e+03
1.129000000000000000e+03
1.105000000000000000e+03
1.044000000000000000e+03
1.031000000000000000e+03
1.012000000000000000e+03
9.740000000000000000e+02
8.820000000000000000e+02
9.300000000000000000e+02
8.960000000000000000e+02
8.380000000000000000e+02
8.080000000000000000e+02
7.730000000000000000e+02
7.870000000000000000e+02
7.720000000000000000e+02
8.080000000000000000e+02
7.550000000000000000e+02
7.320000000000000000e+02
7.180000000000000000e+02
6.910000000000000000e+02
7.070000000000000000e+02
6.900000000000000000e+02
7.040000000000000000e+02
6.500000000000000000e+02
6.490000000000000000e+02
6.380000000000000000e+02
6.200000000000000000e+02
6.270000000000000000e+02
6.270000000000000000e+02
6.560000000000000000e+02
5.690000000000000000e+02
5.930000000000000000e+02
6.100000000000000000e+02
5.400000000000000000e+02
6.090000000000000000e+02
5.840000000000000000e+02
5.520000000000000000e+02
5.480000000000000000e+02
5.510000000000000000e+02
4.950000000000000000e+02
5.210000000000000000e+02
4.880000000000000000e+02
4.790000000000000000e+02
5.050000000000000000e+02
4.940000000000000000e+02
4.610000000000000000e+02
4.700000000000000000e+02
4.450000000000000000e+02
4.680000000000000000e+02
4.930000000000000000e+02
4.430000000000000000e+02
5.130000000000000000e+02
4.460000000000000000e+02
5.650000000000000000e+02
5.900000000000000000e+02
5.510000000000000000e+02
5.850000000000000000e+02
6.740000000000000000e+02
6.370000000000000000e+02
6.600000000000000000e+02
6.930000000000000000e+02
6.900000000000000000e+02
6.750000000000000000e+02
7.000000000000000000e+02
7.750000000000000000e+02
7.650000000000000000e+02
8.030000000000000000e+02
8.300000000000000000e+02
8.570000000000000000e+02
8.730000000000000000e+02
8.420000000000000000e+02
8.780000000000000000e+02
8.690000000000000000e+02
9.210000000000000000e+02
8.120000000000000000e+02
8.610000000000000000e+02
8.020000000000000000e+02
8.720000000000000000e+02
8.340000000000000000e+02
8.090000000000000000e+02
7.920000000000000000e+02
8.370000000000000000e+02
8.560000000000000000e+02
8.300000000000000000e+02
7.400000000000000000e+02
7.310000000000000000e+02
7.110000000000000000e+02
6.930000000000000000e+02
6.520000000000000000e+02
6.610000000000000000e+02
5.830000000000000000e+02
6.220000000000000000e+02
6.050000000000000000e+02
5.570000000000000000e+02
5.500000000000000000e+02
5.190000000000000000e+02
5.220000000000000000e+02
4.180000000000000000e+02
4.610000000000000000e+02
4.010000000000000000e+02
3.850000000000000000e+02
3.700000000000000000e+02
3.490000000000000000e+02
3.080000000000000000e+02
2.930000000000000000e+02
3.390000000000000000e+02
3.460000000000000000e+02
3.500000000000000000e+02
3.280000000000000000e+02
3.350000000000000000e+02
4.280000000000000000e+02
5.340000000000000000e+02
5.720000000000000000e+02
5.960000000000000000e+02
6.270000000000000000e+02
7.150000000000000000e+02
7.490000000000000000e+02
8.390000000000000000e+02
8.640000000000000000e+02
9.660000000000000000e+02
1.057000000000000000e+03
1.068000000000000000e+03
1.291000000000000000e+03
1.409000000000000000e+03
1.516000000000000000e+03
1.773000000000000000e+03
1.928000000000000000e+03
2.358000000000000000e+03
2.756000000000000000e+03
3.071000000000000000e+03
3.275000000000000000e+03
3.489000000000000000e+03
3.436000000000000000e+03
3.185000000000000000e+03
2.814000000000000000e+03
2.450000000000000000e+03
2.028000000000000000e+03
1.596000000000000000e+03
1.287000000000000000e+03
9.400000000000000000e+02
7.050000000000000000e+02
5.300000000000000000e+02
4.070000000000000000e+02
3.010000000000000000e+02
2.300000000000000000e+02
1.800000000000000000e+02
1.230000000000000000e+02
1.010000000000000000e+02
1.030000000000000000e+02
1.050000000000000000e+02
1.150000000000000000e+02
9.000000000000000000e+01
1.000000000000000000e+02
1.180000000000000000e+02
1.070000000000000000e+02
1.090000000000000000e+02
1.190000000000000000e+02
1.260000000000000000e+02
1.190000000000000000e+02
1.340000000000000000e+02
1.040000000000000000e+02
1.170000000000000000e+02
1.550000000000000000e+02
1.450000000000000000e+02
1.280000000000000000e+02
1.480000000000000000e+02
1.550000000000000000e+02
1.770000000000000000e+02
1.720000000000000000e+02
1.620000000000000000e+02
1.800000000000000000e+02
1.730000000000000000e+02
1.870000000000000000e+02
1.830000000000000000e+02
2.040000000000000000e+02
2.270000000000000000e+02
2.500000000000000000e+02
2.660000000000000000e+02
3.990000000000000000e+02
4.690000000000000000e+02
9.870000000000000000e+02
1.626100000000000000e+04
2.820000000000000000e+02
2.030000000000000000e+02
2.800000000000000000e+02
3.110000000000000000e+02
3.230000000000000000e+02
3.060000000000000000e+02
2.520000000000000000e+02
2.290000000000000000e+02
2.320000000000000000e+02
2.330000000000000000e+02
2.250000000000000000e+02
2.210000000000000000e+02
2.180000000000000000e+02
2.270000000000000000e+02
2.090000000000000000e+02
2.010000000000000000e+02
1.810000000000000000e+02
1.790000000000000000e+02
1.550000000000000000e+02
1.420000000000000000e+02
1.570000000000000000e+02
1.380000000000000000e+02
1.520000000000000000e+02
1.630000000000000000e+02
1.740000000000000000e+02
2.050000000000000000e+02
2.250000000000000000e+02
2.670000000000000000e+02
3.630000000000000000e+02
3.670000000000000000e+02
4.490000000000000000e+02
4.990000000000000000e+02
5.460000000000000000e+02
6.500000000000000000e+02
6.580000000000000000e+02
7.610000000000000000e+02
8.010000000000000000e+02
9.840000000000000000e+02
1.001000000000000000e+03
1.085000000000000000e+03
1.215000000000000000e+03
1.246000000000000000e+03
1.312000000000000000e+03
1.233000000000000000e+03
1.456000000000000000e+03
1.388000000000000000e+03
1.459000000000000000e+03
1.477000000000000000e+03
1.558000000000000000e+03
1.585000000000000000e+03
1.519000000000000000e+03
1.645000000000000000e+03
1.661000000000000000e+03
1.702000000000000000e+03
1.705000000000000000e+03
1.745000000000000000e+03
1.722000000000000000e+03
1.684000000000000000e+03
1.815000000000000000e+03
1.856000000000000000e+03
1.889000000000000000e+03
1.813000000000000000e+03
1.851000000000000000e+03
1.881000000000000000e+03
1.869000000000000000e+03
1.869000000000000000e+03
1.912000000000000000e+03
1.861000000000000000e+03
1.929000000000000000e+03
1.921000000000000000e+03
1.924000000000000000e+03
1.911000000000000000e+03
1.927000000000000000e+03
1.839000000000000000e+03
1.838000000000000000e+03
1.808000000000000000e+03
1.870000000000000000e+03
1.815000000000000000e+03
1.862000000000000000e+03
1.715000000000000000e+03
1.715000000000000000e+03
1.728000000000000000e+03
1.710000000000000000e+03
1.698000000000000000e+03
1.642000000000000000e+03
1.658000000000000000e+03
1.670000000000000000e+03
1.589000000000000000e+03
1.579000000000000000e+03
1.542000000000000000e+03
1.491000000000000000e+03
1.431000000000000000e+03
1.498000000000000000e+03
1.443000000000000000e+03
1.312000000000000000e+03
1.339000000000000000e+03
1.271000000000000000e+03
1.230000000000000000e+03
1.237000000000000000e+03
1.209000000000000000e+03
1.126000000000000000e+03
1.088000000000000000e+03
1.017000000000000000e+03
1.016000000000000000e+03
9.510000000000000000e+02
8.740000000000000000e+02
8.220000000000000000e+02
7.920000000000000000e+02
7.600000000000000000e+02
6.840000000000000000e+02
6.690000000000000000e+02
6.540000000000000000e+02
5.770000000000000000e+02
5.300000000000000000e+02
4.540000000000000000e+02
4.690000000000000000e+02
4.740000000000000000e+02
4.390000000000000000e+02
4.160000000000000000e+02
3.950000000000000000e+02
3.610000000000000000e+02
3.500000000000000000e+02
3.600000000000000000e+02
3.790000000000000000e+02
3.160000000000000000e+02
3.660000000000000000e+02
3.380000000000000000e+02
3.440000000000000000e+02
3.650000000000000000e+02
3.480000000000000000e+02
3.810000000000000000e+02
3.860000000000000000e+02
3.540000000000000000e+02
3.990000000000000000e+02
3.520000000000000000e+02
3.950000000000000000e+02
4.150000000000000000e+02
4.440000000000000000e+02
4.770000000000000000e+02
5.170000000000000000e+02
5.800000000000000000e+02
6.110000000000000000e+02
6.100000000000000000e+02
6.900000000000000000e+02
7.500000000000000000e+02
7.360000000000000000e+02
7.810000000000000000e+02
7.630000000000000000e+02
8.640000000000000000e+02
9.580000000000000000e+02
1.033000000000000000e+03
1.110000000000000000e+03
1.213000000000000000e+03
1.264000000000000000e+03
1.268000000000000000e+03
1.232000000000000000e+03
1.276000000000000000e+03
1.282000000000000000e+03
1.298000000000000000e+03
1.143000000000000000e+03
1.198000000000000000e+03
1.174000000000000000e+03
1.154000000000000000e+03
1.008000000000000000e+03
9.600000000000000000e+02
9.380000000000000000e+02
8.570000000000000000e+02
7.800000000000000000e+02
8.020000000000000000e+02
6.160000000000000000e+02
6.030000000000000000e+02
5.730000000000000000e+02
5.060000000000000000e+02
4.800000000000000000e+02
4.240000000000000000e+02
4.070000000000000000e+02
3.430000000000000000e+02
3.630000000000000000e+02
3.710000000000000000e+02
3.880000000000000000e+02
4.350000000000000000e+02
4.400000000000000000e+02
4.750000000000000000e+02
5.450000000000000000e+02
5.840000000000000000e+02
5.630000000000000000e+02
5.750000000000000000e+02
6.080000000000000000e+02
6.970000000000000000e+02
6.760000000000000000e+02
8.540000000000000000e+02
9.260000000000000000e+02
1.010000000000000000e+03
1.068000000000000000e+03
1.167000000000000000e+03
1.281000000000000000e+03
1.321000000000000000e+03
1.433000000000000000e+03
1.689000000000000000e+03
2.007000000000000000e+03
2.198000000000000000e+03
2.634000000000000000e+03
2.964000000000000000e+03
3.251000000000000000e+03
3.286000000000000000e+03
3.145000000000000000e+03
2.929000000000000000e+03
2.599000000000000000e+03
2.319000000000000000e+03
2.096000000000000000e+03
1.751000000000000000e+03
1.329000000000000000e+03
1.124000000000000000e+03
8.320000000000000000e+02
5.100000000000000000e+02
3.120000000000000000e+02
2.140000000000000000e+02
1.370000000000000000e+02
1.060000000000000000e+02
7.800000000000000000e+01
8.200000000000000000e+01
6.600000000000000000e+01
7.200000000000000000e+01
7.600000000000000000e+01
8.900000000000000000e+01
9.400000000000000000e+01
7.900000000000000000e+01
7.300000000000000000e+01
7.200000000000000000e+01
7.600000000000000000e+01
7.700000000000000000e+01
8.200000000000000000e+01
8.400000000000000000e+01
8.700000000000000000e+01
6.800000000000000000e+01
7.300000000000000000e+01
7.300000000000000000e+01
7.900000000000000000e+01
6.700000000000000000e+01
6.700000000000000000e+01
7.800000000000000000e+01
7.600000000000000000e+01
7.700000000000000000e+01
6.900000000000000000e+01
6.700000000000000000e+01
9.000000000000000000e+01
7.900000000000000000e+01
8.900000000000000000e+01
7.700000000000000000e+01
9.400000000000000000e+01
1.170000000000000000e+02
1.620000000000000000e+02
2.280000000000000000e+02
4.100000000000000000e+02
6.800000000000000000e+02
1.610900000000000000e+04
3.860000000000000000e+02
3.800000000000000000e+01
7.200000000000000000e+01
8.900000000000000000e+01
1.560000000000000000e+02
1.880000000000000000e+02
2.890000000000000000e+02
2.990000000000000000e+02
3.370000000000000000e+02
3.310000000000000000e+02
3.260000000000000000e+02
2.920000000000000000e+02
2.670000000000000000e+02
2.520000000000000000e+02
2.660000000000000000e+02
2.660000000000000000e+02
2.520000000000000000e+02
2.420000000000000000e+02
2.250000000000000000e+02
2.240000000000000000e+02
2.080000000000000000e+02
2.310000000000000000e+02
2.080000000000000000e+02
1.940000000000000000e+02
2.100000000000000000e+02
1.680000000000000000e+02
1.750000000000000000e+02
2.140000000000000000e+02
2.130000000000000000e+02
1.910000000000000000e+02
2.280000000000000000e+02
2.800000000000000000e+02
2.600000000000000000e+02
2.820000000000000000e+02
3.600000000000000000e+02
4.680000000000000000e+02
5.310000000000000000e+02
7.140000000000000000e+02
8.000000000000000000e+02
1.084000000000000000e+03
1.135000000000000000e+03
1.264000000000000000e+03
1.512000000000000000e+03
1.540000000000000000e+03
1.810000000000000000e+03
1.897000000000000000e+03
2.123000000000000000e+03
2.326000000000000000e+03
2.428000000000000000e+03
2.464000000000000000e+03
2.619000000000000000e+03
2.651000000000000000e+03
2.660000000000000000e+03
2.730000000000000000e+03
2.745000000000000000e+03
2.798000000000000000e+03
2.787000000000000000e+03
2.767000000000000000e+03
2.888000000000000000e+03
2.924000000000000000e+03
3.049000000000000000e+03
2.940000000000000000e+03
3.156000000000000000e+03
3.076000000000000000e+03
3.225000000000000000e+03
3.215000000000000000e+03
3.186000000000000000e+03
3.084000000000000000e+03
3.105000000000000000e+03
3.084000000000000000e+03
3.031000000000000000e+03
3.043000000000000000e+03
2.882000000000000000e+03
2.877000000000000000e+03
2.773000000000000000e+03
2.605000000000000000e+03
2.663000000000000000e+03
2.439000000000000000e+03
2.336000000000000000e+03
2.187000000000000000e+03
2.059000000000000000e+03
1.951000000000000000e+03
1.900000000000000000e+03
1.822000000000000000e+03
1.663000000000000000e+03
1.651000000000000000e+03
1.543000000000000000e+03
1.449000000000000000e+03
1.406000000000000000e+03
1.332000000000000000e+03
1.331000000000000000e+03
1.314000000000000000e+03
1.131000000000000000e+03
1.126000000000000000e+03
1.122000000000000000e+03
1.085000000000000000e+03
1.053000000000000000e+03
1.008000000000000000e+03
9.840000000000000000e+02
8.700000000000000000e+02
8.800000000000000000e+02
8.910000000000000000e+02
8.870000000000000000e+02
8.260000000000000000e+02
8.280000000000000000e+02
8.000000000000000000e+02
7.490000000000000000e+02
7.390000000000000000e+02
7.510000000000000000e+02
7.350000000000000000e+02
6.780000000000000000e+02
6.790000000000000000e+02
6.120000000000000000e+02
6.070000000000000000e+02
6.030000000000000000e+02
5.930000000000000000e+02
5.390000000000000000e+02
5.270000000000000000e+02
5.590000000000000000e+02
4.980000000000000000e+02
4.790000000000000000e+02
4.360000000000000000e+02
4.550000000000000000e+02
4.130000000000000000e+02
4.120000000000000000e+02
3.480000000000000000e+02
3.750000000000000000e+02
3.870000000000000000e+02
3.230000000000000000e+02
3.090000000000000000e+02
2.730000000000000000e+02
2.430000000000000000e+02
2.330000000000000000e+02
2.670000000000000000e+02
2.310000000000000000e+02
2.060000000000000000e+02
2.180000000000000000e+02
2.130000000000000000e+02
2.050000000000000000e+02
1.810000000000000000e+02
2.000000000000000000e+02
1.520000000000000000e+02
1.490000000000000000e+02
1.680000000000000000e+02
1.680000000000000000e+02
1.650000000000000000e+02
1.610000000000000000e+02
1.580000000000000000e+02
1.650000000000000000e+02
1.340000000000000000e+02
1.460000000000000000e+02
1.710000000000000000e+02
1.270000000000000000e+02
1.510000000000000000e+02
1.400000000000000000e+02
9.400000000000000000e+01
1.300000000000000000e+02
1.480000000000000000e+02
1.390000000000000000e+02
1.310000000000000000e+02
1.340000000000000000e+02
1.330000000000000000e+02
1.210000000000000000e+02
1.240000000000000000e+02
1.380000000000000000e+02
1.350000000000000000e+02
1.240000000000000000e+02
1.410000000000000000e+02
1.160000000000000000e+02
1.270000000000000000e+02
1.560000000000000000e+02
1.330000000000000000e+02
1.390000000000000000e+02
1.430000000000000000e+02
1.420000000000000000e+02
1.630000000000000000e+02
1.490000000000000000e+02
1.520000000000000000e+02
1.660000000000000000e+02
1.820000000000000000e+02
1.830000000000000000e+02
2.030000000000000000e+02
1.920000000000000000e+02
2.650000000000000000e+02
2.970000000000000000e+02
3.270000000000000000e+02
3.570000000000000000e+02
4.080000000000000000e+02
4.990000000000000000e+02
5.190000000000000000e+02
5.300000000000000000e+02
5.550000000000000000e+02
6.370000000000000000e+02
7.220000000000000000e+02
7.600000000000000000e+02
7.970000000000000000e+02
8.890000000000000000e+02
1.096000000000000000e+03
1.227000000000000000e+03
1.450000000000000000e+03
1.631000000000000000e+03
1.861000000000000000e+03
2.122000000000000000e+03
2.619000000000000000e+03
2.878000000000000000e+03
3.202000000000000000e+03
3.318000000000000000e+03
3.375000000000000000e+03
3.132000000000000000e+03
2.826000000000000000e+03
2.462000000000000000e+03
2.299000000000000000e+03
1.998000000000000000e+03
1.531000000000000000e+03
1.085000000000000000e+03
6.910000000000000000e+02
4.270000000000000000e+02
2.570000000000000000e+02
1.570000000000000000e+02
1.270000000000000000e+02
1.030000000000000000e+02
9.500000000000000000e+01
9.500000000000000000e+01
9.200000000000000000e+01
7.100000000000000000e+01
8.500000000000000000e+01
9.600000000000000000e+01
8.700000000000000000e+01
8.500000000000000000e+01
9.800000000000000000e+01
7.600000000000000000e+01
9.000000000000000000e+01
7.300000000000000000e+01
7.100000000000000000e+01
6.700000000000000000e+01
7.900000000000000000e+01
7.700000000000000000e+01
7.000000000000000000e+01
8.600000000000000000e+01
8.600000000000000000e+01
7.500000000000000000e+01
8.300000000000000000e+01
7.700000000000000000e+01
6.800000000000000000e+01
6.500000000000000000e+01
8.700000000000000000e+01
8.200000000000000000e+01
9.300000000000000000e+01
1.060000000000000000e+02
1.310000000000000000e+02
1.530000000000000000e+02
2.130000000000000000e+02
2.900000000000000000e+02
6.560000000000000000e+02
4.960000000000000000e+02
1.608900000000000000e+04
