1.100000000000000000e+01
2.000000000000000000e+00
7.000000000000000000e+00
3.000000000000000000e+00
1.300000000000000000e+01
2.200000000000000000e+01
4.800000000000000000e+01
8.800000000000000000e+01
1.390000000000000000e+02
2.970000000000000000e+02
5.650000000000000000e+02
1.267000000000000000e+03
2.069000000000000000e+03
2.430000000000000000e+03
2.654000000000000000e+03
3.155000000000000000e+03
3.821000000000000000e+03
4.505000000000000000e+03
4.880000000000000000e+03
5.342000000000000000e+03
5.558000000000000000e+03
5.998000000000000000e+03
6.479000000000000000e+03
6.928000000000000000e+03
7.439000000000000000e+03
8.253000000000000000e+03
8.255000000000000000e+03
8.000000000000000000e+03
7.522000000000000000e+03
7.804000000000000000e+03
8.172000000000000000e+03
8.343000000000000000e+03
8.955000000000000000e+03
9.969000000000000000e+03
1.126500000000000000e+04
1.135400000000000000e+04
1.076400000000000000e+04
1.047400000000000000e+04
1.010900000000000000e+04
9.880000000000000000e+03
9.776000000000000000e+03
9.891000000000000000e+03
9.738000000000000000e+03
9.306000000000000000e+03
9.083000000000000000e+03
8.725000000000000000e+03
8.326000000000000000e+03
7.987000000000000000e+03
7.853000000000000000e+03
8.152000000000000000e+03
8.092000000000000000e+03
8.339000000000000000e+03
8.010000000000000000e+03
7.686000000000000000e+03
7.635000000000000000e+03
7.346000000000000000e+03
7.221000000000000000e+03
6.934000000000000000e+03
6.634000000000000000e+03
6.499000000000000000e+03
6.691000000000000000e+03
6.679000000000000000e+03
6.795000000000000000e+03
7.432000000000000000e+03
7.808000000000000000e+03
8.351000000000000000e+03
8.838000000000000000e+03
9.636000000000000000e+03
9.793000000000000000e+03
9.540000000000000000e+03
9.466000000000000000e+03
9.485000000000000000e+03
9.605000000000000000e+03
9.082000000000000000e+03
9.042000000000000000e+03
8.895000000000000000e+03
9.040000000000000000e+03
8.883000000000000000e+03
8.065000000000000000e+03
8.013000000000000000e+03
7.691000000000000000e+03
7.516000000000000000e+03
7.072000000000000000e+03
7.224000000000000000e+03
7.486000000000000000e+03
6.921000000000000000e+03
6.331000000000000000e+03
5.872000000000000000e+03
5.289000000000000000e+03
4.973000000000000000e+03
4.653000000000000000e+03
4.592000000000000000e+03
4.488000000000000000e+03
4.414000000000000000e+03
4.554000000000000000e+03
4.735000000000000000e+03
4.747000000000000000e+03
4.597000000000000000e+03
4.400000000000000000e+03
4.218000000000000000e+03
4.308000000000000000e+03
4.497000000000000000e+03
4.597000000000000000e+03
4.789000000000000000e+03
4.906000000000000000e+03
5.047000000000000000e+03
5.272000000000000000e+03
5.392000000000000000e+03
5.032000000000000000e+03
5.263000000000000000e+03
5.382000000000000000e+03
5.293000000000000000e+03
5.486000000000000000e+03
5.627000000000000000e+03
5.946000000000000000e+03
5.968000000000000000e+03
6.161000000000000000e+03
6.305000000000000000e+03
6.199000000000000000e+03
6.251000000000000000e+03
6.075000000000000000e+03
5.951000000000000000e+03
5.915000000000000000e+03
5.518000000000000000e+03
5.322000000000000000e+03
4.844000000000000000e+03
4.662000000000000000e+03
4.458000000000000000e+03
4.268000000000000000e+03
4.117000000000000000e+03
3.956000000000000000e+03
3.678000000000000000e+03
3.775000000000000000e+03
3.804000000000000000e+03
3.729000000000000000e+03
3.969000000000000000e+03
4.223000000000000000e+03
4.069000000000000000e+03
3.890000000000000000e+03
3.455000000000000000e+03
3.005000000000000000e+03
2.839000000000000000e+03
2.700000000000000000e+03
2.523000000000000000e+03
2.489000000000000000e+03
2.288000000000000000e+03
2.137000000000000000e+03
2.235000000000000000e+03
2.080000000000000000e+03
1.984000000000000000e+03
1.863000000000000000e+03
1.912000000000000000e+03
1.881000000000000000e+03
2.166000000000000000e+03
2.508000000000000000e+03
2.481000000000000000e+03
2.208000000000000000e+03
2.178000000000000000e+03
2.160000000000000000e+03
2.142000000000000000e+03
2.098000000000000000e+03
2.398000000000000000e+03
2.357000000000000000e+03
2.331000000000000000e+03
2.705000000000000000e+03
2.922000000000000000e+03
3.174000000000000000e+03
3.534000000000000000e+03
3.742000000000000000e+03
3.999000000000000000e+03
4.238000000000000000e+03
4.300000000000000000e+03
4.264000000000000000e+03
4.448000000000000000e+03
3.840000000000000000e+03
3.522000000000000000e+03
4.024000000000000000e+03
3.610000000000000000e+03
3.434000000000000000e+03
3.678000000000000000e+03
3.953000000000000000e+03
4.163000000000000000e+03
4.221000000000000000e+03
4.042000000000000000e+03
3.706000000000000000e+03
3.592000000000000000e+03
3.490000000000000000e+03
3.557000000000000000e+03
3.682000000000000000e+03
3.657000000000000000e+03
3.705000000000000000e+03
3.734000000000000000e+03
3.589000000000000000e+03
3.613000000000000000e+03
3.317000000000000000e+03
3.298000000000000000e+03
3.204000000000000000e+03
3.075000000000000000e+03
3.073000000000000000e+03
2.993000000000000000e+03
3.005000000000000000e+03
3.217000000000000000e+03
3.316000000000000000e+03
3.164000000000000000e+03
2.902000000000000000e+03
2.482000000000000000e+03
2.028000000000000000e+03
1.883000000000000000e+03
2.002000000000000000e+03
2.492000000000000000e+03
2.616000000000000000e+03
2.417000000000000000e+03
2.856000000000000000e+03
3.355000000000000000e+03
2.780000000000000000e+03
2.149000000000000000e+03
2.168000000000000000e+03
2.191000000000000000e+03
2.414000000000000000e+03
3.397000000000000000e+03
3.600000000000000000e+03
3.465000000000000000e+03
3.212000000000000000e+03
3.950000000000000000e+03
3.840000000000000000e+03
4.919000000000000000e+03
5.579000000000000000e+03
4.878000000000000000e+03
3.900000000000000000e+03
4.027000000000000000e+03
4.627000000000000000e+03
4.347000000000000000e+03
3.479000000000000000e+03
3.458000000000000000e+03
3.046000000000000000e+03
3.456000000000000000e+03
3.890000000000000000e+03
4.045000000000000000e+03
5.373000000000000000e+03
5.060000000000000000e+03
6.114000000000000000e+03
8.055000000000000000e+03
8.282000000000000000e+03
7.235000000000000000e+03
7.816000000000000000e+03
7.409000000000000000e+03
9.205000000000000000e+03
9.458000000000000000e+03
9.282000000000000000e+03
1.231600000000000000e+04
1.492100000000000000e+04
3.097800000000000000e+04
6.225600000000000000e+04
3.793900000000000000e+04
3.227200000000000000e+04
6.903300000000000000e+04
3.600000000000000000e+01
4.000000000000000000e+01
7.300000000000000000e+01
1.100000000000000000e+02
1.470000000000000000e+02
2.000000000000000000e+02
3.530000000000000000e+02
6.050000000000000000e+02
1.183000000000000000e+03
2.067000000000000000e+03
2.824000000000000000e+03
3.004000000000000000e+03
2.956000000000000000e+03
3.252000000000000000e+03
3.938000000000000000e+03
4.745000000000000000e+03
5.089000000000000000e+03
6.065000000000000000e+03
7.075000000000000000e+03
8.833000000000000000e+03
9.857000000000000000e+03
9.578000000000000000e+03
9.214000000000000000e+03
8.647000000000000000e+03
8.390000000000000000e+03
8.833000000000000000e+03
9.396000000000000000e+03
9.905000000000000000e+03
1.053900000000000000e+04
1.082300000000000000e+04
1.103500000000000000e+04
1.150500000000000000e+04
1.196000000000000000e+04
1.251700000000000000e+04
1.342700000000000000e+04
1.407600000000000000e+04
1.418300000000000000e+04
1.309600000000000000e+04
1.164900000000000000e+04
1.085600000000000000e+04
1.022200000000000000e+04
9.304000000000000000e+03
8.576000000000000000e+03
8.211000000000000000e+03
7.910000000000000000e+03
7.508000000000000000e+03
7.587000000000000000e+03
7.432000000000000000e+03
7.347000000000000000e+03
7.157000000000000000e+03
7.001000000000000000e+03
6.777000000000000000e+03
6.842000000000000000e+03
6.918000000000000000e+03
7.441000000000000000e+03
7.328000000000000000e+03
7.472000000000000000e+03
7.369000000000000000e+03
7.764000000000000000e+03
7.651000000000000000e+03
7.354000000000000000e+03
6.993000000000000000e+03
6.587000000000000000e+03
6.415000000000000000e+03
6.636000000000000000e+03
7.365000000000000000e+03
7.694000000000000000e+03
7.936000000000000000e+03
8.312000000000000000e+03
8.726000000000000000e+03
8.593000000000000000e+03
8.721000000000000000e+03
8.751000000000000000e+03
9.424000000000000000e+03
9.553000000000000000e+03
9.253000000000000000e+03
8.996000000000000000e+03
8.757000000000000000e+03
8.501000000000000000e+03
7.913000000000000000e+03
7.588000000000000000e+03
7.459000000000000000e+03
7.218000000000000000e+03
7.093000000000000000e+03
6.696000000000000000e+03
6.336000000000000000e+03
6.094000000000000000e+03
5.855000000000000000e+03
5.564000000000000000e+03
5.372000000000000000e+03
5.401000000000000000e+03
5.424000000000000000e+03
5.593000000000000000e+03
5.719000000000000000e+03
5.371000000000000000e+03
5.522000000000000000e+03
5.494000000000000000e+03
5.548000000000000000e+03
5.476000000000000000e+03
5.566000000000000000e+03
5.660000000000000000e+03
5.925000000000000000e+03
6.059000000000000000e+03
6.105000000000000000e+03
6.329000000000000000e+03
6.342000000000000000e+03
6.122000000000000000e+03
6.055000000000000000e+03
5.787000000000000000e+03
5.552000000000000000e+03
5.640000000000000000e+03
5.364000000000000000e+03
5.142000000000000000e+03
5.008000000000000000e+03
4.769000000000000000e+03
4.688000000000000000e+03
4.363000000000000000e+03
3.940000000000000000e+03
3.835000000000000000e+03
3.724000000000000000e+03
3.469000000000000000e+03
3.482000000000000000e+03
3.498000000000000000e+03
3.672000000000000000e+03
4.170000000000000000e+03
3.919000000000000000e+03
3.519000000000000000e+03
3.300000000000000000e+03
3.201000000000000000e+03
3.064000000000000000e+03
3.110000000000000000e+03
2.963000000000000000e+03
2.824000000000000000e+03
2.795000000000000000e+03
2.781000000000000000e+03
2.576000000000000000e+03
2.545000000000000000e+03
2.636000000000000000e+03
2.606000000000000000e+03
2.752000000000000000e+03
2.727000000000000000e+03
2.655000000000000000e+03
2.604000000000000000e+03
2.543000000000000000e+03
2.214000000000000000e+03
2.146000000000000000e+03
2.243000000000000000e+03
2.380000000000000000e+03
2.473000000000000000e+03
2.737000000000000000e+03
2.512000000000000000e+03
2.515000000000000000e+03
3.028000000000000000e+03
3.535000000000000000e+03
3.514000000000000000e+03
3.494000000000000000e+03
3.717000000000000000e+03
3.951000000000000000e+03
3.821000000000000000e+03
3.343000000000000000e+03
3.353000000000000000e+03
3.390000000000000000e+03
3.611000000000000000e+03
4.049000000000000000e+03
3.656000000000000000e+03
3.567000000000000000e+03
3.636000000000000000e+03
3.796000000000000000e+03
4.156000000000000000e+03
4.083000000000000000e+03
3.887000000000000000e+03
3.491000000000000000e+03
3.365000000000000000e+03
3.459000000000000000e+03
3.486000000000000000e+03
3.426000000000000000e+03
3.256000000000000000e+03
3.158000000000000000e+03
3.252000000000000000e+03
2.995000000000000000e+03
2.989000000000000000e+03
3.015000000000000000e+03
2.921000000000000000e+03
2.796000000000000000e+03
2.741000000000000000e+03
2.930000000000000000e+03
2.965000000000000000e+03
2.915000000000000000e+03
3.163000000000000000e+03
3.205000000000000000e+03
3.189000000000000000e+03
3.243000000000000000e+03
2.903000000000000000e+03
2.742000000000000000e+03
2.547000000000000000e+03
2.172000000000000000e+03
2.107000000000000000e+03
2.024000000000000000e+03
2.073000000000000000e+03
2.417000000000000000e+03
2.259000000000000000e+03
2.281000000000000000e+03
2.479000000000000000e+03
2.218000000000000000e+03
3.012000000000000000e+03
3.384000000000000000e+03
2.666000000000000000e+03
2.471000000000000000e+03
2.306000000000000000e+03
2.622000000000000000e+03
3.356000000000000000e+03
2.597000000000000000e+03
2.098000000000000000e+03
2.013000000000000000e+03
3.973000000000000000e+03
3.179000000000000000e+03
2.899000000000000000e+03
2.209000000000000000e+03
2.417000000000000000e+03
2.711000000000000000e+03
2.588000000000000000e+03
2.685000000000000000e+03
3.875000000000000000e+03
3.887000000000000000e+03
3.498000000000000000e+03
2.683000000000000000e+03
2.708000000000000000e+03
2.302000000000000000e+03
2.405000000000000000e+03
2.491000000000000000e+03
1.792000000000000000e+03
1.588000000000000000e+03
1.302000000000000000e+03
1.021000000000000000e+03
1.166000000000000000e+03
2.149000000000000000e+03
2.654000000000000000e+03
3.286000000000000000e+03
3.884000000000000000e+03
4.141000000000000000e+03
4.975000000000000000e+03
5.660000000000000000e+03
5.609000000000000000e+03
5.423000000000000000e+03
6.764000000000000000e+03
1.579300000000000000e+04
1.434800000000000000e+04
1.356300000000000000e+04
1.207800000000000000e+04
1.756800000000000000e+04
4.934000000000000000e+04
6.305200000000000000e+04
4.746400000000000000e+04
5.607300000000000000e+04
1.245200000000000000e+04
2.244000000000000000e+03
2.300000000000000000e+01
1.000000000000000000e+00
1.300000000000000000e+01
2.100000000000000000e+01
4.300000000000000000e+01
5.800000000000000000e+01
7.700000000000000000e+01
1.070000000000000000e+02
1.870000000000000000e+02
4.070000000000000000e+02
7.010000000000000000e+02
1.052000000000000000e+03
1.433000000000000000e+03
1.869000000000000000e+03
2.087000000000000000e+03
2.205000000000000000e+03
2.584000000000000000e+03
2.888000000000000000e+03
3.262000000000000000e+03
4.117000000000000000e+03
5.082000000000000000e+03
5.810000000000000000e+03
6.349000000000000000e+03
7.118000000000000000e+03
8.203000000000000000e+03
8.855000000000000000e+03
9.369000000000000000e+03
8.513000000000000000e+03
8.113000000000000000e+03
8.053000000000000000e+03
8.602000000000000000e+03
8.995000000000000000e+03
9.048000000000000000e+03
9.355000000000000000e+03
9.589000000000000000e+03
1.009500000000000000e+04
1.032700000000000000e+04
1.064200000000000000e+04
1.136300000000000000e+04
1.158600000000000000e+04
1.186100000000000000e+04
1.156600000000000000e+04
1.081300000000000000e+04
1.010000000000000000e+04
9.390000000000000000e+03
8.809000000000000000e+03
8.337000000000000000e+03
8.085000000000000000e+03
7.775000000000000000e+03
7.574000000000000000e+03
7.643000000000000000e+03
7.457000000000000000e+03
7.422000000000000000e+03
7.461000000000000000e+03
7.507000000000000000e+03
7.829000000000000000e+03
8.031000000000000000e+03
7.822000000000000000e+03
8.333000000000000000e+03
8.670000000000000000e+03
8.826000000000000000e+03
8.910000000000000000e+03
8.713000000000000000e+03
8.360000000000000000e+03
8.308000000000000000e+03
8.208000000000000000e+03
8.226000000000000000e+03
8.077000000000000000e+03
8.200000000000000000e+03
8.408000000000000000e+03
8.292000000000000000e+03
8.473000000000000000e+03
8.419000000000000000e+03
8.682000000000000000e+03
8.994000000000000000e+03
9.414000000000000000e+03
9.298000000000000000e+03
9.252000000000000000e+03
9.232000000000000000e+03
8.922000000000000000e+03
8.744000000000000000e+03
8.827000000000000000e+03
8.779000000000000000e+03
9.455000000000000000e+03
9.926000000000000000e+03
1.016400000000000000e+04
1.004900000000000000e+04
9.525000000000000000e+03
9.440000000000000000e+03
9.592000000000000000e+03
9.329000000000000000e+03
9.264000000000000000e+03
9.091000000000000000e+03
8.688000000000000000e+03
8.420000000000000000e+03
8.150000000000000000e+03
7.754000000000000000e+03
7.265000000000000000e+03
7.032000000000000000e+03
6.774000000000000000e+03
6.423000000000000000e+03
6.162000000000000000e+03
6.080000000000000000e+03
5.658000000000000000e+03
5.431000000000000000e+03
5.275000000000000000e+03
5.155000000000000000e+03
5.458000000000000000e+03
5.143000000000000000e+03
4.759000000000000000e+03
4.663000000000000000e+03
4.482000000000000000e+03
4.139000000000000000e+03
3.884000000000000000e+03
3.703000000000000000e+03
3.636000000000000000e+03
3.607000000000000000e+03
3.530000000000000000e+03
3.354000000000000000e+03
3.322000000000000000e+03
3.237000000000000000e+03
3.419000000000000000e+03
3.512000000000000000e+03
3.750000000000000000e+03
3.686000000000000000e+03
3.703000000000000000e+03
3.505000000000000000e+03
3.406000000000000000e+03
3.220000000000000000e+03
3.056000000000000000e+03
2.802000000000000000e+03
2.675000000000000000e+03
2.557000000000000000e+03
2.398000000000000000e+03
2.241000000000000000e+03
2.462000000000000000e+03
2.639000000000000000e+03
2.728000000000000000e+03
2.635000000000000000e+03
2.542000000000000000e+03
2.449000000000000000e+03
2.486000000000000000e+03
2.683000000000000000e+03
2.687000000000000000e+03
3.110000000000000000e+03
3.529000000000000000e+03
4.129000000000000000e+03
4.131000000000000000e+03
4.111000000000000000e+03
3.444000000000000000e+03
3.420000000000000000e+03
3.597000000000000000e+03
3.440000000000000000e+03
3.470000000000000000e+03
3.196000000000000000e+03
3.202000000000000000e+03
3.038000000000000000e+03
3.208000000000000000e+03
3.106000000000000000e+03
3.223000000000000000e+03
3.426000000000000000e+03
3.693000000000000000e+03
3.741000000000000000e+03
3.466000000000000000e+03
3.254000000000000000e+03
3.159000000000000000e+03
3.317000000000000000e+03
3.216000000000000000e+03
3.284000000000000000e+03
3.284000000000000000e+03
3.249000000000000000e+03
3.146000000000000000e+03
3.529000000000000000e+03
3.875000000000000000e+03
4.100000000000000000e+03
4.296000000000000000e+03
4.370000000000000000e+03
4.223000000000000000e+03
3.942000000000000000e+03
3.736000000000000000e+03
3.421000000000000000e+03
3.699000000000000000e+03
3.435000000000000000e+03
3.396000000000000000e+03
3.188000000000000000e+03
3.228000000000000000e+03
2.855000000000000000e+03
2.915000000000000000e+03
3.103000000000000000e+03
2.815000000000000000e+03
2.836000000000000000e+03
2.763000000000000000e+03
2.883000000000000000e+03
3.305000000000000000e+03
3.575000000000000000e+03
3.112000000000000000e+03
2.913000000000000000e+03
2.215000000000000000e+03
2.251000000000000000e+03
2.550000000000000000e+03
3.224000000000000000e+03
3.440000000000000000e+03
2.779000000000000000e+03
2.278000000000000000e+03
3.241000000000000000e+03
3.999000000000000000e+03
3.041000000000000000e+03
2.947000000000000000e+03
2.706000000000000000e+03
2.392000000000000000e+03
2.030000000000000000e+03
1.735000000000000000e+03
1.922000000000000000e+03
1.998000000000000000e+03
2.206000000000000000e+03
2.179000000000000000e+03
2.267000000000000000e+03
2.444000000000000000e+03
2.970000000000000000e+03
2.704000000000000000e+03
2.070000000000000000e+03
2.126000000000000000e+03
1.805000000000000000e+03
1.440000000000000000e+03
1.460000000000000000e+03
1.308000000000000000e+03
1.383000000000000000e+03
1.583000000000000000e+03
1.370000000000000000e+03
1.656000000000000000e+03
1.619000000000000000e+03
1.244000000000000000e+03
1.272000000000000000e+03
1.328000000000000000e+03
1.362000000000000000e+03
1.895000000000000000e+03
2.525000000000000000e+03
3.176000000000000000e+03
3.705000000000000000e+03
4.089000000000000000e+03
3.512000000000000000e+03
3.370000000000000000e+03
3.513000000000000000e+03
3.924000000000000000e+03
4.304000000000000000e+03
4.730000000000000000e+03
5.397000000000000000e+03
5.657000000000000000e+03
9.655000000000000000e+03
1.314400000000000000e+04
1.088800000000000000e+04
2.115800000000000000e+04
1.621000000000000000e+04
2.058100000000000000e+04
2.301300000000000000e+04
1.873970000000000000e+05
