4.420000000000000000e+02
4.520000000000000000e+02
1.190000000000000000e+03
1.210000000000000000e+03
1.559000000000000000e+03
1.562000000000000000e+03
1.869000000000000000e+03
2.302000000000000000e+03
2.190000000000000000e+03
2.316000000000000000e+03
2.377000000000000000e+03
2.265000000000000000e+03
2.164000000000000000e+03
2.231000000000000000e+03
2.065000000000000000e+03
1.887000000000000000e+03
1.946000000000000000e+03
1.930000000000000000e+03
1.906000000000000000e+03
1.793000000000000000e+03
1.731000000000000000e+03
1.627000000000000000e+03
1.519000000000000000e+03
1.556000000000000000e+03
1.516000000000000000e+03
1.509000000000000000e+03
1.471000000000000000e+03
1.543000000000000000e+03
1.620000000000000000e+03
1.717000000000000000e+03
1.894000000000000000e+03
2.062000000000000000e+03
2.123000000000000000e+03
2.116000000000000000e+03
2.075000000000000000e+03
2.107000000000000000e+03
2.001000000000000000e+03
1.968000000000000000e+03
1.980000000000000000e+03
2.033000000000000000e+03
2.079000000000000000e+03
2.129000000000000000e+03
2.177000000000000000e+03
2.385000000000000000e+03
2.164000000000000000e+03
2.147000000000000000e+03
1.919000000000000000e+03
1.902000000000000000e+03
1.738000000000000000e+03
1.862000000000000000e+03
1.859000000000000000e+03
1.915000000000000000e+03
2.011000000000000000e+03
2.165000000000000000e+03
2.291000000000000000e+03
2.387000000000000000e+03
2.339000000000000000e+03
2.316000000000000000e+03
2.341000000000000000e+03
2.384000000000000000e+03
2.412000000000000000e+03
2.442000000000000000e+03
2.216000000000000000e+03
2.119000000000000000e+03
2.073000000000000000e+03
1.889000000000000000e+03
1.734000000000000000e+03
1.718000000000000000e+03
1.740000000000000000e+03
1.796000000000000000e+03
1.790000000000000000e+03
1.787000000000000000e+03
1.713000000000000000e+03
1.667000000000000000e+03
1.655000000000000000e+03
1.825000000000000000e+03
1.602000000000000000e+03
1.587000000000000000e+03
1.491000000000000000e+03
1.476000000000000000e+03
1.459000000000000000e+03
1.329000000000000000e+03
1.344000000000000000e+03
1.282000000000000000e+03
1.226000000000000000e+03
1.205000000000000000e+03
1.256000000000000000e+03
1.200000000000000000e+03
1.254000000000000000e+03
1.186000000000000000e+03
1.164000000000000000e+03
1.122000000000000000e+03
1.100000000000000000e+03
1.159000000000000000e+03
1.142000000000000000e+03
1.207000000000000000e+03
1.092000000000000000e+03
1.234000000000000000e+03
1.201000000000000000e+03
1.261000000000000000e+03
1.198000000000000000e+03
1.098000000000000000e+03
1.139000000000000000e+03
1.098000000000000000e+03
1.060000000000000000e+03
9.700000000000000000e+02
1.040000000000000000e+03
9.670000000000000000e+02
1.018000000000000000e+03
9.570000000000000000e+02
9.460000000000000000e+02
9.950000000000000000e+02
9.840000000000000000e+02
1.008000000000000000e+03
9.710000000000000000e+02
9.920000000000000000e+02
1.064000000000000000e+03
1.006000000000000000e+03
9.610000000000000000e+02
9.830000000000000000e+02
1.057000000000000000e+03
1.087000000000000000e+03
1.122000000000000000e+03
1.117000000000000000e+03
1.141000000000000000e+03
1.187000000000000000e+03
1.234000000000000000e+03
1.216000000000000000e+03
1.159000000000000000e+03
1.216000000000000000e+03
1.294000000000000000e+03
1.277000000000000000e+03
1.353000000000000000e+03
1.452000000000000000e+03
1.521000000000000000e+03
1.487000000000000000e+03
1.477000000000000000e+03
1.364000000000000000e+03
1.186000000000000000e+03
1.250000000000000000e+03
1.154000000000000000e+03
1.193000000000000000e+03
1.078000000000000000e+03
1.159000000000000000e+03
1.103000000000000000e+03
1.012000000000000000e+03
1.099000000000000000e+03
1.133000000000000000e+03
1.074000000000000000e+03
1.128000000000000000e+03
1.019000000000000000e+03
1.010000000000000000e+03
9.550000000000000000e+02
9.850000000000000000e+02
9.910000000000000000e+02
9.500000000000000000e+02
1.023000000000000000e+03
1.080000000000000000e+03
1.072000000000000000e+03
1.121000000000000000e+03
1.124000000000000000e+03
1.167000000000000000e+03
1.211000000000000000e+03
1.202000000000000000e+03
1.236000000000000000e+03
1.359000000000000000e+03
1.342000000000000000e+03
1.356000000000000000e+03
1.432000000000000000e+03
1.517000000000000000e+03
1.680000000000000000e+03
1.745000000000000000e+03
1.821000000000000000e+03
1.756000000000000000e+03
1.710000000000000000e+03
1.695000000000000000e+03
1.670000000000000000e+03
1.779000000000000000e+03
1.957000000000000000e+03
1.945000000000000000e+03
1.810000000000000000e+03
1.727000000000000000e+03
1.697000000000000000e+03
2.069000000000000000e+03
1.951000000000000000e+03
1.840000000000000000e+03
1.839000000000000000e+03
1.782000000000000000e+03
1.754000000000000000e+03
1.754000000000000000e+03
1.635000000000000000e+03
1.650000000000000000e+03
1.567000000000000000e+03
1.581000000000000000e+03
1.611000000000000000e+03
1.538000000000000000e+03
1.705000000000000000e+03
1.746000000000000000e+03
1.697000000000000000e+03
1.675000000000000000e+03
1.663000000000000000e+03
1.636000000000000000e+03
1.578000000000000000e+03
1.595000000000000000e+03
1.705000000000000000e+03
1.769000000000000000e+03
1.746000000000000000e+03
1.775000000000000000e+03
1.764000000000000000e+03
1.838000000000000000e+03
1.673000000000000000e+03
1.695000000000000000e+03
1.689000000000000000e+03
1.650000000000000000e+03
1.722000000000000000e+03
1.709000000000000000e+03
1.808000000000000000e+03
1.789000000000000000e+03
1.999000000000000000e+03
2.077000000000000000e+03
2.048000000000000000e+03
2.158000000000000000e+03
2.354000000000000000e+03
2.481000000000000000e+03
2.538000000000000000e+03
2.552000000000000000e+03
2.149000000000000000e+03
1.962000000000000000e+03
1.867000000000000000e+03
2.054000000000000000e+03
2.370000000000000000e+03
2.421000000000000000e+03
2.349000000000000000e+03
2.405000000000000000e+03
2.515000000000000000e+03
2.694000000000000000e+03
2.758000000000000000e+03
3.394000000000000000e+03
4.886000000000000000e+03
4.195000000000000000e+03
4.685000000000000000e+03
4.117000000000000000e+03
3.952000000000000000e+03
4.160000000000000000e+03
4.651000000000000000e+03
4.346000000000000000e+03
4.553000000000000000e+03
5.763000000000000000e+03
7.344000000000000000e+03
8.252000000000000000e+03
9.577000000000000000e+03
1.975200000000000000e+04
9.176000000000000000e+03
4.723480000000000000e+05
1.601000000000000000e+03
8.810000000000000000e+02
4.610000000000000000e+02
4.540000000000000000e+02
1.217000000000000000e+03
1.217000000000000000e+03
1.604000000000000000e+03
1.674000000000000000e+03
2.009000000000000000e+03
2.295000000000000000e+03
2.034000000000000000e+03
2.022000000000000000e+03
2.307000000000000000e+03
2.463000000000000000e+03
2.350000000000000000e+03
2.220000000000000000e+03
2.281000000000000000e+03
2.328000000000000000e+03
2.049000000000000000e+03
1.878000000000000000e+03
1.808000000000000000e+03
1.745000000000000000e+03
1.625000000000000000e+03
1.495000000000000000e+03
1.487000000000000000e+03
1.559000000000000000e+03
1.565000000000000000e+03
1.520000000000000000e+03
1.582000000000000000e+03
1.490000000000000000e+03
1.633000000000000000e+03
1.694000000000000000e+03
1.963000000000000000e+03
2.174000000000000000e+03
2.080000000000000000e+03
2.001000000000000000e+03
2.060000000000000000e+03
2.046000000000000000e+03
2.049000000000000000e+03
2.026000000000000000e+03
2.058000000000000000e+03
2.101000000000000000e+03
1.984000000000000000e+03
2.152000000000000000e+03
2.318000000000000000e+03
2.450000000000000000e+03
2.228000000000000000e+03
2.045000000000000000e+03
1.992000000000000000e+03
1.884000000000000000e+03
1.838000000000000000e+03
1.797000000000000000e+03
1.798000000000000000e+03
1.861000000000000000e+03
1.886000000000000000e+03
2.126000000000000000e+03
2.168000000000000000e+03
2.260000000000000000e+03
2.041000000000000000e+03
2.214000000000000000e+03
2.176000000000000000e+03
2.254000000000000000e+03
2.398000000000000000e+03
2.515000000000000000e+03
2.690000000000000000e+03
2.577000000000000000e+03
2.350000000000000000e+03
2.022000000000000000e+03
1.819000000000000000e+03
1.754000000000000000e+03
1.761000000000000000e+03
1.685000000000000000e+03
1.648000000000000000e+03
1.489000000000000000e+03
1.453000000000000000e+03
1.398000000000000000e+03
1.498000000000000000e+03
1.538000000000000000e+03
1.522000000000000000e+03
1.563000000000000000e+03
1.462000000000000000e+03
1.447000000000000000e+03
1.424000000000000000e+03
1.373000000000000000e+03
1.321000000000000000e+03
1.269000000000000000e+03
1.183000000000000000e+03
1.117000000000000000e+03
1.179000000000000000e+03
1.188000000000000000e+03
1.164000000000000000e+03
1.176000000000000000e+03
1.256000000000000000e+03
1.298000000000000000e+03
1.398000000000000000e+03
1.227000000000000000e+03
1.279000000000000000e+03
1.222000000000000000e+03
1.242000000000000000e+03
1.235000000000000000e+03
1.319000000000000000e+03
1.241000000000000000e+03
1.308000000000000000e+03
1.304000000000000000e+03
1.306000000000000000e+03
1.372000000000000000e+03
1.232000000000000000e+03
1.155000000000000000e+03
1.137000000000000000e+03
1.100000000000000000e+03
1.080000000000000000e+03
1.062000000000000000e+03
1.071000000000000000e+03
1.109000000000000000e+03
1.121000000000000000e+03
1.187000000000000000e+03
1.240000000000000000e+03
1.254000000000000000e+03
1.290000000000000000e+03
1.289000000000000000e+03
1.277000000000000000e+03
1.261000000000000000e+03
1.216000000000000000e+03
1.140000000000000000e+03
1.199000000000000000e+03
1.297000000000000000e+03
1.392000000000000000e+03
1.557000000000000000e+03
1.629000000000000000e+03
1.643000000000000000e+03
1.644000000000000000e+03
1.567000000000000000e+03
1.435000000000000000e+03
1.433000000000000000e+03
1.363000000000000000e+03
1.374000000000000000e+03
1.304000000000000000e+03
1.291000000000000000e+03
1.295000000000000000e+03
1.360000000000000000e+03
1.364000000000000000e+03
1.447000000000000000e+03
1.475000000000000000e+03
1.573000000000000000e+03
1.625000000000000000e+03
1.725000000000000000e+03
1.526000000000000000e+03
1.359000000000000000e+03
1.449000000000000000e+03
1.456000000000000000e+03
1.368000000000000000e+03
1.272000000000000000e+03
1.256000000000000000e+03
1.192000000000000000e+03
1.048000000000000000e+03
1.113000000000000000e+03
1.128000000000000000e+03
1.114000000000000000e+03
1.129000000000000000e+03
1.164000000000000000e+03
1.154000000000000000e+03
1.190000000000000000e+03
1.180000000000000000e+03
1.016000000000000000e+03
1.108000000000000000e+03
1.016000000000000000e+03
9.900000000000000000e+02
1.004000000000000000e+03
1.026000000000000000e+03
1.043000000000000000e+03
1.046000000000000000e+03
1.122000000000000000e+03
1.136000000000000000e+03
1.222000000000000000e+03
1.223000000000000000e+03
1.223000000000000000e+03
1.231000000000000000e+03
1.336000000000000000e+03
1.322000000000000000e+03
1.391000000000000000e+03
1.397000000000000000e+03
1.400000000000000000e+03
1.454000000000000000e+03
1.446000000000000000e+03
1.412000000000000000e+03
1.559000000000000000e+03
1.849000000000000000e+03
1.775000000000000000e+03
1.687000000000000000e+03
1.702000000000000000e+03
1.618000000000000000e+03
1.565000000000000000e+03
1.494000000000000000e+03
1.502000000000000000e+03
1.440000000000000000e+03
1.477000000000000000e+03
1.452000000000000000e+03
1.612000000000000000e+03
1.458000000000000000e+03
1.490000000000000000e+03
1.488000000000000000e+03
1.512000000000000000e+03
1.488000000000000000e+03
1.501000000000000000e+03
1.534000000000000000e+03
1.595000000000000000e+03
1.575000000000000000e+03
1.569000000000000000e+03
1.650000000000000000e+03
1.689000000000000000e+03
1.669000000000000000e+03
1.601000000000000000e+03
1.611000000000000000e+03
1.686000000000000000e+03
1.631000000000000000e+03
1.704000000000000000e+03
1.685000000000000000e+03
1.726000000000000000e+03
1.721000000000000000e+03
1.748000000000000000e+03
1.916000000000000000e+03
1.926000000000000000e+03
2.185000000000000000e+03
2.128000000000000000e+03
2.164000000000000000e+03
2.241000000000000000e+03
2.484000000000000000e+03
2.634000000000000000e+03
2.368000000000000000e+03
1.991000000000000000e+03
1.799000000000000000e+03
1.914000000000000000e+03
2.067000000000000000e+03
2.645000000000000000e+03
2.801000000000000000e+03
2.727000000000000000e+03
2.698000000000000000e+03
3.007000000000000000e+03
3.334000000000000000e+03
4.734000000000000000e+03
3.667000000000000000e+03
4.706000000000000000e+03
4.516000000000000000e+03
3.614000000000000000e+03
3.453000000000000000e+03
3.440000000000000000e+03
3.652000000000000000e+03
3.924000000000000000e+03
3.883000000000000000e+03
4.568000000000000000e+03
5.535000000000000000e+03
7.095000000000000000e+03
8.009000000000000000e+03
2.721900000000000000e+04
9.793000000000000000e+03
4.725580000000000000e+05
1.387000000000000000e+03
1.194000000000000000e+03
7.320000000000000000e+02
4.880000000000000000e+02
1.149000000000000000e+03
1.169000000000000000e+03
1.450000000000000000e+03
1.527000000000000000e+03
1.737000000000000000e+03
1.883000000000000000e+03
1.666000000000000000e+03
1.685000000000000000e+03
1.645000000000000000e+03
1.609000000000000000e+03
1.633000000000000000e+03
1.639000000000000000e+03
1.603000000000000000e+03
1.463000000000000000e+03
1.392000000000000000e+03
1.403000000000000000e+03
1.216000000000000000e+03
1.197000000000000000e+03
1.201000000000000000e+03
1.226000000000000000e+03
1.109000000000000000e+03
1.127000000000000000e+03
1.110000000000000000e+03
1.085000000000000000e+03
1.072000000000000000e+03
1.149000000000000000e+03
1.205000000000000000e+03
1.178000000000000000e+03
1.190000000000000000e+03
1.288000000000000000e+03
1.322000000000000000e+03
1.487000000000000000e+03
1.469000000000000000e+03
1.501000000000000000e+03
1.572000000000000000e+03
1.673000000000000000e+03
1.817000000000000000e+03
1.899000000000000000e+03
1.955000000000000000e+03
2.018000000000000000e+03
2.098000000000000000e+03
2.348000000000000000e+03
2.141000000000000000e+03
1.994000000000000000e+03
1.909000000000000000e+03
1.823000000000000000e+03
1.787000000000000000e+03
1.757000000000000000e+03
1.739000000000000000e+03
1.807000000000000000e+03
1.693000000000000000e+03
1.658000000000000000e+03
1.748000000000000000e+03
1.885000000000000000e+03
1.900000000000000000e+03
1.912000000000000000e+03
2.024000000000000000e+03
2.198000000000000000e+03
2.091000000000000000e+03
1.994000000000000000e+03
2.107000000000000000e+03
2.204000000000000000e+03
2.183000000000000000e+03
2.120000000000000000e+03
2.201000000000000000e+03
2.398000000000000000e+03
2.220000000000000000e+03
2.294000000000000000e+03
2.061000000000000000e+03
1.986000000000000000e+03
2.127000000000000000e+03
2.068000000000000000e+03
1.877000000000000000e+03
1.939000000000000000e+03
1.969000000000000000e+03
2.069000000000000000e+03
2.066000000000000000e+03
2.082000000000000000e+03
2.020000000000000000e+03
2.051000000000000000e+03
2.211000000000000000e+03
2.192000000000000000e+03
2.171000000000000000e+03
2.161000000000000000e+03
2.126000000000000000e+03
2.125000000000000000e+03
1.945000000000000000e+03
1.975000000000000000e+03
2.000000000000000000e+03
1.818000000000000000e+03
1.735000000000000000e+03
1.714000000000000000e+03
1.626000000000000000e+03
1.591000000000000000e+03
1.595000000000000000e+03
1.613000000000000000e+03
1.641000000000000000e+03
1.583000000000000000e+03
1.607000000000000000e+03
1.698000000000000000e+03
1.758000000000000000e+03
1.950000000000000000e+03
1.863000000000000000e+03
1.729000000000000000e+03
1.664000000000000000e+03
1.549000000000000000e+03
1.414000000000000000e+03
1.416000000000000000e+03
1.276000000000000000e+03
1.229000000000000000e+03
1.228000000000000000e+03
1.237000000000000000e+03
1.190000000000000000e+03
1.099000000000000000e+03
1.194000000000000000e+03
1.128000000000000000e+03
1.199000000000000000e+03
1.162000000000000000e+03
1.180000000000000000e+03
1.233000000000000000e+03
1.167000000000000000e+03
1.068000000000000000e+03
1.150000000000000000e+03
1.033000000000000000e+03
1.163000000000000000e+03
1.220000000000000000e+03
1.169000000000000000e+03
1.226000000000000000e+03
1.276000000000000000e+03
1.264000000000000000e+03
1.172000000000000000e+03
1.201000000000000000e+03
1.155000000000000000e+03
1.194000000000000000e+03
1.168000000000000000e+03
1.150000000000000000e+03
1.116000000000000000e+03
1.212000000000000000e+03
1.182000000000000000e+03
1.298000000000000000e+03
1.212000000000000000e+03
1.267000000000000000e+03
1.264000000000000000e+03
1.352000000000000000e+03
1.285000000000000000e+03
1.373000000000000000e+03
1.453000000000000000e+03
1.408000000000000000e+03
1.498000000000000000e+03
1.473000000000000000e+03
1.491000000000000000e+03
1.430000000000000000e+03
1.282000000000000000e+03
1.356000000000000000e+03
1.182000000000000000e+03
1.165000000000000000e+03
1.148000000000000000e+03
1.068000000000000000e+03
1.057000000000000000e+03
1.085000000000000000e+03
1.106000000000000000e+03
1.129000000000000000e+03
1.044000000000000000e+03
1.104000000000000000e+03
1.077000000000000000e+03
1.103000000000000000e+03
1.118000000000000000e+03
1.055000000000000000e+03
9.900000000000000000e+02
1.042000000000000000e+03
1.061000000000000000e+03
1.049000000000000000e+03
1.086000000000000000e+03
1.168000000000000000e+03
1.192000000000000000e+03
1.219000000000000000e+03
1.258000000000000000e+03
1.220000000000000000e+03
1.239000000000000000e+03
1.242000000000000000e+03
1.198000000000000000e+03
1.278000000000000000e+03
1.279000000000000000e+03
1.367000000000000000e+03
1.377000000000000000e+03
1.447000000000000000e+03
1.474000000000000000e+03
1.709000000000000000e+03
1.712000000000000000e+03
1.655000000000000000e+03
1.557000000000000000e+03
1.551000000000000000e+03
1.516000000000000000e+03
1.536000000000000000e+03
1.509000000000000000e+03
1.555000000000000000e+03
1.665000000000000000e+03
1.638000000000000000e+03
1.588000000000000000e+03
1.719000000000000000e+03
1.585000000000000000e+03
1.546000000000000000e+03
1.556000000000000000e+03
1.591000000000000000e+03
1.563000000000000000e+03
1.565000000000000000e+03
1.620000000000000000e+03
1.689000000000000000e+03
1.674000000000000000e+03
1.666000000000000000e+03
1.729000000000000000e+03
1.756000000000000000e+03
1.610000000000000000e+03
1.575000000000000000e+03
1.542000000000000000e+03
1.576000000000000000e+03
1.667000000000000000e+03
1.721000000000000000e+03
1.812000000000000000e+03
1.884000000000000000e+03
1.998000000000000000e+03
2.180000000000000000e+03
2.343000000000000000e+03
2.519000000000000000e+03
2.383000000000000000e+03
2.331000000000000000e+03
2.129000000000000000e+03
2.140000000000000000e+03
2.294000000000000000e+03
2.515000000000000000e+03
2.347000000000000000e+03
2.420000000000000000e+03
2.082000000000000000e+03
2.022000000000000000e+03
1.995000000000000000e+03
2.212000000000000000e+03
2.363000000000000000e+03
2.784000000000000000e+03
3.150000000000000000e+03
4.029000000000000000e+03
4.331000000000000000e+03
5.260000000000000000e+03
4.112000000000000000e+03
4.510000000000000000e+03
4.496000000000000000e+03
5.019000000000000000e+03
5.084000000000000000e+03
5.182000000000000000e+03
6.033000000000000000e+03
7.429000000000000000e+03
8.265000000000000000e+03
2.752800000000000000e+04
9.501000000000000000e+03
4.755100000000000000e+05
