7.091900000000000000e+04
7.404200000000000000e+04
8.745400000000000000e+04
8.156000000000000000e+04
7.197700000000000000e+04
5.659100000000000000e+04
4.643200000000000000e+04
3.821900000000000000e+04
3.423700000000000000e+04
2.946500000000000000e+04
2.892000000000000000e+04
2.844900000000000000e+04
2.878000000000000000e+04
2.903900000000000000e+04
2.642400000000000000e+04
2.380300000000000000e+04
2.253900000000000000e+04
2.182000000000000000e+04
2.079700000000000000e+04
2.006400000000000000e+04
1.999400000000000000e+04
2.017400000000000000e+04
2.014700000000000000e+04
2.143400000000000000e+04
2.175100000000000000e+04
2.191400000000000000e+04
2.242900000000000000e+04
2.318300000000000000e+04
2.318800000000000000e+04
2.451600000000000000e+04
2.620800000000000000e+04
2.736300000000000000e+04
2.880700000000000000e+04
2.968500000000000000e+04
3.220100000000000000e+04
3.438000000000000000e+04
3.567900000000000000e+04
3.526200000000000000e+04
3.556800000000000000e+04
3.673000000000000000e+04
3.919700000000000000e+04
4.061900000000000000e+04
4.269000000000000000e+04
4.269600000000000000e+04
3.960300000000000000e+04
3.689600000000000000e+04
3.375300000000000000e+04
3.259900000000000000e+04
3.210400000000000000e+04
3.227700000000000000e+04
3.258700000000000000e+04
3.228300000000000000e+04
3.234600000000000000e+04
3.272800000000000000e+04
3.124000000000000000e+04
3.070200000000000000e+04
3.051100000000000000e+04
3.059000000000000000e+04
3.048800000000000000e+04
3.026500000000000000e+04
3.087000000000000000e+04
3.015600000000000000e+04
3.232300000000000000e+04
3.309600000000000000e+04
3.411000000000000000e+04
3.499700000000000000e+04
3.445700000000000000e+04
3.736400000000000000e+04
4.066400000000000000e+04
4.139900000000000000e+04
3.901400000000000000e+04
3.704400000000000000e+04
3.656300000000000000e+04
3.521700000000000000e+04
3.265300000000000000e+04
3.127300000000000000e+04
2.979100000000000000e+04
2.886600000000000000e+04
2.817600000000000000e+04
2.866700000000000000e+04
2.971200000000000000e+04
3.306400000000000000e+04
3.413400000000000000e+04
3.531400000000000000e+04
3.552500000000000000e+04
3.411500000000000000e+04
3.301000000000000000e+04
3.253800000000000000e+04
3.139400000000000000e+04
3.162200000000000000e+04
3.054300000000000000e+04
3.013500000000000000e+04
3.036800000000000000e+04
3.067900000000000000e+04
3.166200000000000000e+04
3.130800000000000000e+04
3.180800000000000000e+04
3.293200000000000000e+04
3.425900000000000000e+04
3.510100000000000000e+04
3.720400000000000000e+04
3.942600000000000000e+04
4.269300000000000000e+04
4.538300000000000000e+04
4.805800000000000000e+04
4.913200000000000000e+04
5.258200000000000000e+04
5.375000000000000000e+04
5.743100000000000000e+04
6.247500000000000000e+04
7.149000000000000000e+04
7.844000000000000000e+04
8.628000000000000000e+04
9.157200000000000000e+04
9.531500000000000000e+04
9.144500000000000000e+04
8.190200000000000000e+04
8.531600000000000000e+04
9.825500000000000000e+04
1.040100000000000000e+05
1.032970000000000000e+05
8.850100000000000000e+04
7.824600000000000000e+04
6.567900000000000000e+04
5.500000000000000000e+04
5.267700000000000000e+04
5.279400000000000000e+04
5.748500000000000000e+04
6.060800000000000000e+04
6.349800000000000000e+04
6.223200000000000000e+04
5.849800000000000000e+04
5.514600000000000000e+04
5.362700000000000000e+04
4.881900000000000000e+04
4.765000000000000000e+04
4.909200000000000000e+04
5.085800000000000000e+04
5.170500000000000000e+04
5.180000000000000000e+04
5.013600000000000000e+04
5.067700000000000000e+04
5.076300000000000000e+04
5.238800000000000000e+04
5.484800000000000000e+04
5.802400000000000000e+04
5.943600000000000000e+04
6.365000000000000000e+04
6.655400000000000000e+04
6.682500000000000000e+04
6.599500000000000000e+04
6.398300000000000000e+04
6.385300000000000000e+04
6.140100000000000000e+04
6.052200000000000000e+04
5.939900000000000000e+04
5.785600000000000000e+04
5.753300000000000000e+04
5.505100000000000000e+04
5.489200000000000000e+04
5.462500000000000000e+04
5.656300000000000000e+04
5.920600000000000000e+04
6.501100000000000000e+04
7.516100000000000000e+04
8.256800000000000000e+04
8.225300000000000000e+04
8.370200000000000000e+04
8.338400000000000000e+04
7.592900000000000000e+04
6.901100000000000000e+04
6.770600000000000000e+04
6.334700000000000000e+04
6.066500000000000000e+04
5.935600000000000000e+04
5.519900000000000000e+04
5.383500000000000000e+04
5.376500000000000000e+04
5.528400000000000000e+04
5.421300000000000000e+04
5.517500000000000000e+04
5.901200000000000000e+04
6.278900000000000000e+04
7.031400000000000000e+04
7.702300000000000000e+04
8.394600000000000000e+04
8.586000000000000000e+04
8.080100000000000000e+04
7.738500000000000000e+04
7.127200000000000000e+04
6.949700000000000000e+04
7.040700000000000000e+04
7.049300000000000000e+04
7.338200000000000000e+04
7.430000000000000000e+04
7.910200000000000000e+04
8.124800000000000000e+04
8.626500000000000000e+04
8.877200000000000000e+04
9.061300000000000000e+04
8.890100000000000000e+04
8.914100000000000000e+04
9.445200000000000000e+04
1.000280000000000000e+05
1.042500000000000000e+05
1.060910000000000000e+05
1.066730000000000000e+05
1.099970000000000000e+05
1.110220000000000000e+05
1.081410000000000000e+05
1.017620000000000000e+05
9.401800000000000000e+04
8.594100000000000000e+04
7.568300000000000000e+04
6.795200000000000000e+04
5.795100000000000000e+04
5.085000000000000000e+04
4.655900000000000000e+04
4.383500000000000000e+04
3.916500000000000000e+04
3.675800000000000000e+04
3.266100000000000000e+04
3.226000000000000000e+04
3.214700000000000000e+04
2.961500000000000000e+04
2.539600000000000000e+04
1.905900000000000000e+04
1.553400000000000000e+04
1.559200000000000000e+04
1.337000000000000000e+04
1.130000000000000000e+04
9.545000000000000000e+03
9.513000000000000000e+03
9.909000000000000000e+03
9.714000000000000000e+03
1.399100000000000000e+04
9.899000000000000000e+03
9.907000000000000000e+03
6.602000000000000000e+03
6.454000000000000000e+03
9.068000000000000000e+03
9.213000000000000000e+03
4.606000000000000000e+03
4.735000000000000000e+03
5.003000000000000000e+03
4.688000000000000000e+03
5.982000000000000000e+03
4.875000000000000000e+03
5.102000000000000000e+03
5.678000000000000000e+03
5.973000000000000000e+03
7.931000000000000000e+03
9.608000000000000000e+03
9.126000000000000000e+03
2.819700000000000000e+04
7.550800000000000000e+04
4.371000000000000000e+04
5.595300000000000000e+04
9.740600000000000000e+04
7.870400000000000000e+04
6.971800000000000000e+04
6.628700000000000000e+04
5.639400000000000000e+04
4.715000000000000000e+04
4.021000000000000000e+04
3.523000000000000000e+04
3.219500000000000000e+04
2.993900000000000000e+04
2.887000000000000000e+04
2.831900000000000000e+04
2.796800000000000000e+04
2.618300000000000000e+04
2.512200000000000000e+04
2.546200000000000000e+04
2.635400000000000000e+04
2.795600000000000000e+04
2.898400000000000000e+04
2.980400000000000000e+04
3.134400000000000000e+04
3.279400000000000000e+04
3.410200000000000000e+04
3.548000000000000000e+04
3.550900000000000000e+04
3.453700000000000000e+04
3.334300000000000000e+04
3.345300000000000000e+04
3.436800000000000000e+04
3.823000000000000000e+04
4.073300000000000000e+04
4.157800000000000000e+04
4.053600000000000000e+04
4.023300000000000000e+04
4.242700000000000000e+04
4.518200000000000000e+04
4.635900000000000000e+04
4.837600000000000000e+04
4.805100000000000000e+04
4.523200000000000000e+04
4.086600000000000000e+04
3.855900000000000000e+04
3.851200000000000000e+04
3.835400000000000000e+04
3.802400000000000000e+04
3.717900000000000000e+04
3.594500000000000000e+04
3.566300000000000000e+04
3.591700000000000000e+04
3.670900000000000000e+04
3.742200000000000000e+04
3.727000000000000000e+04
3.792600000000000000e+04
3.955300000000000000e+04
4.206100000000000000e+04
4.641800000000000000e+04
5.221600000000000000e+04
5.458900000000000000e+04
5.241100000000000000e+04
4.597900000000000000e+04
4.397300000000000000e+04
4.118400000000000000e+04
3.860800000000000000e+04
3.779300000000000000e+04
3.770800000000000000e+04
4.062100000000000000e+04
4.426600000000000000e+04
4.353000000000000000e+04
4.185700000000000000e+04
4.075000000000000000e+04
3.939000000000000000e+04
3.790300000000000000e+04
3.580900000000000000e+04
3.501000000000000000e+04
3.312600000000000000e+04
3.219700000000000000e+04
3.349400000000000000e+04
3.401300000000000000e+04
3.481700000000000000e+04
3.655300000000000000e+04
3.811900000000000000e+04
3.987100000000000000e+04
4.291900000000000000e+04
4.496600000000000000e+04
4.924000000000000000e+04
5.497200000000000000e+04
6.050900000000000000e+04
6.584600000000000000e+04
7.277400000000000000e+04
8.122400000000000000e+04
9.341200000000000000e+04
9.822800000000000000e+04
1.002490000000000000e+05
1.009670000000000000e+05
9.821500000000000000e+04
9.987800000000000000e+04
8.843100000000000000e+04
7.696600000000000000e+04
7.117100000000000000e+04
6.735400000000000000e+04
7.093600000000000000e+04
8.965800000000000000e+04
9.938000000000000000e+04
9.859700000000000000e+04
8.123100000000000000e+04
6.632700000000000000e+04
5.509400000000000000e+04
5.076700000000000000e+04
5.117600000000000000e+04
5.009000000000000000e+04
4.719100000000000000e+04
4.577500000000000000e+04
4.850500000000000000e+04
5.080300000000000000e+04
4.949900000000000000e+04
4.786600000000000000e+04
4.563400000000000000e+04
4.034100000000000000e+04
3.770300000000000000e+04
3.666800000000000000e+04
3.749100000000000000e+04
3.722100000000000000e+04
3.676300000000000000e+04
3.704900000000000000e+04
3.736500000000000000e+04
3.746900000000000000e+04
3.903100000000000000e+04
3.995300000000000000e+04
4.149600000000000000e+04
4.153600000000000000e+04
4.048200000000000000e+04
3.997000000000000000e+04
3.953400000000000000e+04
4.020600000000000000e+04
4.264500000000000000e+04
4.482000000000000000e+04
4.630100000000000000e+04
4.951200000000000000e+04
5.350700000000000000e+04
5.605500000000000000e+04
6.094900000000000000e+04
6.473300000000000000e+04
7.227900000000000000e+04
7.978100000000000000e+04
8.347700000000000000e+04
8.092600000000000000e+04
7.850400000000000000e+04
7.575100000000000000e+04
7.605700000000000000e+04
7.567300000000000000e+04
7.100500000000000000e+04
7.055300000000000000e+04
6.996500000000000000e+04
7.396000000000000000e+04
7.853900000000000000e+04
8.330900000000000000e+04
8.368200000000000000e+04
8.572200000000000000e+04
8.883000000000000000e+04
9.569300000000000000e+04
9.936700000000000000e+04
1.056540000000000000e+05
1.083300000000000000e+05
1.106470000000000000e+05
1.091730000000000000e+05
1.086130000000000000e+05
1.085560000000000000e+05
1.112240000000000000e+05
1.104510000000000000e+05
1.135050000000000000e+05
1.145040000000000000e+05
1.156030000000000000e+05
1.196730000000000000e+05
1.274860000000000000e+05
1.417440000000000000e+05
1.527040000000000000e+05
1.523110000000000000e+05
1.522120000000000000e+05
1.421310000000000000e+05
1.299050000000000000e+05
1.149730000000000000e+05
9.077200000000000000e+04
7.082200000000000000e+04
5.427400000000000000e+04
4.270800000000000000e+04
3.523600000000000000e+04
3.045500000000000000e+04
2.702000000000000000e+04
2.546000000000000000e+04
2.245800000000000000e+04
2.061400000000000000e+04
1.947300000000000000e+04
2.015200000000000000e+04
1.878800000000000000e+04
1.948900000000000000e+04
2.064800000000000000e+04
1.961000000000000000e+04
1.974400000000000000e+04
2.004100000000000000e+04
1.863600000000000000e+04
1.927300000000000000e+04
1.848500000000000000e+04
1.819100000000000000e+04
1.994100000000000000e+04
2.116700000000000000e+04
2.293600000000000000e+04
2.213800000000000000e+04
2.410500000000000000e+04
2.433700000000000000e+04
2.150700000000000000e+04
2.002500000000000000e+04
1.901700000000000000e+04
1.690000000000000000e+04
1.577300000000000000e+04
1.520200000000000000e+04
1.364200000000000000e+04
1.326100000000000000e+04
1.425400000000000000e+04
1.586500000000000000e+04
1.501700000000000000e+04
1.276400000000000000e+04
1.240800000000000000e+04
1.209500000000000000e+04
1.097900000000000000e+04
1.258500000000000000e+04
1.275200000000000000e+04
1.182900000000000000e+04
9.228000000000000000e+03
8.818000000000000000e+03
7.426000000000000000e+03
6.904000000000000000e+03
6.372000000000000000e+03
6.045000000000000000e+03
5.928000000000000000e+03
5.816000000000000000e+03
5.661000000000000000e+03
5.491000000000000000e+03
5.357000000000000000e+03
5.317000000000000000e+03
5.272000000000000000e+03
5.106000000000000000e+03
5.058000000000000000e+03
5.070000000000000000e+03
5.237000000000000000e+03
5.351000000000000000e+03
5.317000000000000000e+03
5.518000000000000000e+03
5.886000000000000000e+03
6.487000000000000000e+03
7.425000000000000000e+03
8.642000000000000000e+03
1.107700000000000000e+04
2.132700000000000000e+04
1.197120000000000000e+05
6.738200000000000000e+04
6.584900000000000000e+04
6.843200000000000000e+04
5.087300000000000000e+04
4.209900000000000000e+04
3.614300000000000000e+04
3.273000000000000000e+04
3.180400000000000000e+04
3.090300000000000000e+04
3.120200000000000000e+04
3.040900000000000000e+04
3.043900000000000000e+04
3.149900000000000000e+04
3.347500000000000000e+04
3.617800000000000000e+04
3.877900000000000000e+04
4.246800000000000000e+04
4.519800000000000000e+04
4.855200000000000000e+04
4.903900000000000000e+04
5.007300000000000000e+04
4.942200000000000000e+04
5.107600000000000000e+04
5.354200000000000000e+04
5.893800000000000000e+04
6.536300000000000000e+04
6.486800000000000000e+04
5.989200000000000000e+04
5.249900000000000000e+04
4.847900000000000000e+04
4.951500000000000000e+04
5.142700000000000000e+04
5.711900000000000000e+04
5.883500000000000000e+04
5.990300000000000000e+04
5.884400000000000000e+04
5.473100000000000000e+04
5.125300000000000000e+04
4.975000000000000000e+04
5.152000000000000000e+04
5.296100000000000000e+04
5.586200000000000000e+04
5.780000000000000000e+04
6.258700000000000000e+04
6.563200000000000000e+04
6.726600000000000000e+04
6.430800000000000000e+04
5.996600000000000000e+04
5.573100000000000000e+04
4.698900000000000000e+04
4.219100000000000000e+04
4.026000000000000000e+04
3.956600000000000000e+04
3.945000000000000000e+04
3.880700000000000000e+04
3.936700000000000000e+04
3.849400000000000000e+04
3.875000000000000000e+04
3.953600000000000000e+04
3.941300000000000000e+04
4.208600000000000000e+04
4.433200000000000000e+04
4.631300000000000000e+04
4.706600000000000000e+04
4.855800000000000000e+04
5.302300000000000000e+04
5.887500000000000000e+04
6.492800000000000000e+04
6.893500000000000000e+04
7.084200000000000000e+04
7.268500000000000000e+04
7.866400000000000000e+04
9.147800000000000000e+04
9.959900000000000000e+04
9.791400000000000000e+04
9.008000000000000000e+04
8.014200000000000000e+04
7.885200000000000000e+04
7.131700000000000000e+04
6.640600000000000000e+04
6.972400000000000000e+04
7.381600000000000000e+04
8.692900000000000000e+04
9.838400000000000000e+04
9.513400000000000000e+04
8.400400000000000000e+04
7.331200000000000000e+04
5.808900000000000000e+04
5.009300000000000000e+04
4.689200000000000000e+04
4.464400000000000000e+04
4.182000000000000000e+04
4.107000000000000000e+04
4.258900000000000000e+04
4.345600000000000000e+04
4.288600000000000000e+04
4.216600000000000000e+04
4.352000000000000000e+04
4.773400000000000000e+04
5.196500000000000000e+04
4.854300000000000000e+04
4.891500000000000000e+04
4.888500000000000000e+04
5.153900000000000000e+04
5.161600000000000000e+04
5.436300000000000000e+04
5.561700000000000000e+04
5.644800000000000000e+04
5.779800000000000000e+04
5.740300000000000000e+04
5.548800000000000000e+04
5.190000000000000000e+04
4.958600000000000000e+04
4.738200000000000000e+04
4.773900000000000000e+04
4.838400000000000000e+04
4.920600000000000000e+04
5.208900000000000000e+04
5.379600000000000000e+04
5.594600000000000000e+04
5.967400000000000000e+04
6.503000000000000000e+04
6.934600000000000000e+04
7.385400000000000000e+04
7.905300000000000000e+04
8.220000000000000000e+04
8.637700000000000000e+04
8.702600000000000000e+04
8.806000000000000000e+04
8.690400000000000000e+04
8.746500000000000000e+04
9.109200000000000000e+04
9.595100000000000000e+04
1.009140000000000000e+05
1.108690000000000000e+05
1.182850000000000000e+05
1.209870000000000000e+05
1.264990000000000000e+05
1.341260000000000000e+05
1.411210000000000000e+05
1.448080000000000000e+05
1.523330000000000000e+05
1.590190000000000000e+05
1.614470000000000000e+05
1.625460000000000000e+05
1.526170000000000000e+05
1.333120000000000000e+05
1.079350000000000000e+05
8.980100000000000000e+04
7.625700000000000000e+04
6.863200000000000000e+04
6.421500000000000000e+04
5.793900000000000000e+04
5.017900000000000000e+04
4.666900000000000000e+04
4.557600000000000000e+04
4.403600000000000000e+04
4.342800000000000000e+04
4.292000000000000000e+04
3.937400000000000000e+04
3.775900000000000000e+04
3.687600000000000000e+04
3.533100000000000000e+04
3.323900000000000000e+04
3.348100000000000000e+04
4.057300000000000000e+04
4.258900000000000000e+04
4.351700000000000000e+04
4.463700000000000000e+04
4.919000000000000000e+04
5.101200000000000000e+04
4.136300000000000000e+04
3.724900000000000000e+04
3.103100000000000000e+04
2.415600000000000000e+04
2.127100000000000000e+04
1.892300000000000000e+04
1.709000000000000000e+04
1.759900000000000000e+04
1.768300000000000000e+04
1.937000000000000000e+04
2.335900000000000000e+04
2.357900000000000000e+04
2.418900000000000000e+04
2.590900000000000000e+04
2.487300000000000000e+04
2.505200000000000000e+04
2.390000000000000000e+04
2.430500000000000000e+04
2.666900000000000000e+04
2.747700000000000000e+04
3.157900000000000000e+04
3.018600000000000000e+04
3.051600000000000000e+04
3.228800000000000000e+04
2.981300000000000000e+04
2.885900000000000000e+04
2.766400000000000000e+04
2.544100000000000000e+04
2.330900000000000000e+04
2.016800000000000000e+04
1.839000000000000000e+04
1.781900000000000000e+04
1.642300000000000000e+04
1.606400000000000000e+04
1.553000000000000000e+04
1.358100000000000000e+04
1.315500000000000000e+04
1.300600000000000000e+04
1.223600000000000000e+04
1.297500000000000000e+04
1.187500000000000000e+04
1.134700000000000000e+04
1.372000000000000000e+04
1.140300000000000000e+04
1.163600000000000000e+04
9.766000000000000000e+03
9.769000000000000000e+03
8.833000000000000000e+03
8.360000000000000000e+03
8.392000000000000000e+03
8.245000000000000000e+03
8.229000000000000000e+03
8.409000000000000000e+03
8.896000000000000000e+03
9.190000000000000000e+03
9.434000000000000000e+03
9.617000000000000000e+03
9.946000000000000000e+03
1.056500000000000000e+04
1.169100000000000000e+04
9.880000000000000000e+03
9.306000000000000000e+03
9.559000000000000000e+03
8.850000000000000000e+03
8.264000000000000000e+03
8.413000000000000000e+03
8.512000000000000000e+03
9.652000000000000000e+03
9.364000000000000000e+03
8.563000000000000000e+03
8.307000000000000000e+03
8.338000000000000000e+03
9.499000000000000000e+03
9.432000000000000000e+03
9.435000000000000000e+03
1.009300000000000000e+04
9.343000000000000000e+03
1.042800000000000000e+04
9.473000000000000000e+03
1.157400000000000000e+04
1.240700000000000000e+04
1.259400000000000000e+04
3.522700000000000000e+04
1.962800000000000000e+04
8.877200000000000000e+04
