4.971000000000000000e+03
2.649000000000000000e+03
3.319000000000000000e+03
3.147000000000000000e+03
2.272000000000000000e+03
1.957000000000000000e+03
1.875000000000000000e+03
1.908000000000000000e+03
1.907000000000000000e+03
1.875000000000000000e+03
2.008000000000000000e+03
2.157000000000000000e+03
2.315000000000000000e+03
2.429000000000000000e+03
2.680000000000000000e+03
2.548000000000000000e+03
2.348000000000000000e+03
2.337000000000000000e+03
2.494000000000000000e+03
2.594000000000000000e+03
2.736000000000000000e+03
3.266000000000000000e+03
3.775000000000000000e+03
4.138000000000000000e+03
4.575000000000000000e+03
4.376000000000000000e+03
4.130000000000000000e+03
3.956000000000000000e+03
4.079000000000000000e+03
4.309000000000000000e+03
4.182000000000000000e+03
3.871000000000000000e+03
3.834000000000000000e+03
3.612000000000000000e+03
3.576000000000000000e+03
3.110000000000000000e+03
3.006000000000000000e+03
2.835000000000000000e+03
2.805000000000000000e+03
2.638000000000000000e+03
2.458000000000000000e+03
2.346000000000000000e+03
2.059000000000000000e+03
1.960000000000000000e+03
1.917000000000000000e+03
2.057000000000000000e+03
2.021000000000000000e+03
1.879000000000000000e+03
1.726000000000000000e+03
1.606000000000000000e+03
1.599000000000000000e+03
1.483000000000000000e+03
1.438000000000000000e+03
1.545000000000000000e+03
1.461000000000000000e+03
1.402000000000000000e+03
1.350000000000000000e+03
1.275000000000000000e+03
1.314000000000000000e+03
1.227000000000000000e+03
1.197000000000000000e+03
1.166000000000000000e+03
1.161000000000000000e+03
1.135000000000000000e+03
1.143000000000000000e+03
1.115000000000000000e+03
1.126000000000000000e+03
1.110000000000000000e+03
1.072000000000000000e+03
1.014000000000000000e+03
1.055000000000000000e+03
1.038000000000000000e+03
1.088000000000000000e+03
1.176000000000000000e+03
1.089000000000000000e+03
1.081000000000000000e+03
1.083000000000000000e+03
1.059000000000000000e+03
1.033000000000000000e+03
1.045000000000000000e+03
1.032000000000000000e+03
1.086000000000000000e+03
1.021000000000000000e+03
1.023000000000000000e+03
1.005000000000000000e+03
9.260000000000000000e+02
9.850000000000000000e+02
8.900000000000000000e+02
9.160000000000000000e+02
8.600000000000000000e+02
8.030000000000000000e+02
7.930000000000000000e+02
8.050000000000000000e+02
7.930000000000000000e+02
7.830000000000000000e+02
7.560000000000000000e+02
7.110000000000000000e+02
6.820000000000000000e+02
7.030000000000000000e+02
6.970000000000000000e+02
6.660000000000000000e+02
6.280000000000000000e+02
6.380000000000000000e+02
6.350000000000000000e+02
6.120000000000000000e+02
5.860000000000000000e+02
6.100000000000000000e+02
6.150000000000000000e+02
6.260000000000000000e+02
6.040000000000000000e+02
6.550000000000000000e+02
6.640000000000000000e+02
6.670000000000000000e+02
6.470000000000000000e+02
5.200000000000000000e+02
4.710000000000000000e+02
4.580000000000000000e+02
4.420000000000000000e+02
4.450000000000000000e+02
4.270000000000000000e+02
3.560000000000000000e+02
3.570000000000000000e+02
3.910000000000000000e+02
3.540000000000000000e+02
3.480000000000000000e+02
3.250000000000000000e+02
3.640000000000000000e+02
4.080000000000000000e+02
4.470000000000000000e+02
4.200000000000000000e+02
4.490000000000000000e+02
4.330000000000000000e+02
3.930000000000000000e+02
4.010000000000000000e+02
3.570000000000000000e+02
3.390000000000000000e+02
3.620000000000000000e+02
4.330000000000000000e+02
3.930000000000000000e+02
3.570000000000000000e+02
4.280000000000000000e+02
3.520000000000000000e+02
3.730000000000000000e+02
3.910000000000000000e+02
4.320000000000000000e+02
4.120000000000000000e+02
4.010000000000000000e+02
4.150000000000000000e+02
4.120000000000000000e+02
3.800000000000000000e+02
4.400000000000000000e+02
3.900000000000000000e+02
3.580000000000000000e+02
4.140000000000000000e+02
3.970000000000000000e+02
4.190000000000000000e+02
4.070000000000000000e+02
3.720000000000000000e+02
3.510000000000000000e+02
3.390000000000000000e+02
3.410000000000000000e+02
3.320000000000000000e+02
2.990000000000000000e+02
2.810000000000000000e+02
2.710000000000000000e+02
2.670000000000000000e+02
2.710000000000000000e+02
2.200000000000000000e+02
2.440000000000000000e+02
2.370000000000000000e+02
2.810000000000000000e+02
2.700000000000000000e+02
2.470000000000000000e+02
2.290000000000000000e+02
2.330000000000000000e+02
2.290000000000000000e+02
2.530000000000000000e+02
2.230000000000000000e+02
2.100000000000000000e+02
1.830000000000000000e+02
2.230000000000000000e+02
1.970000000000000000e+02
2.200000000000000000e+02
1.710000000000000000e+02
2.130000000000000000e+02
2.090000000000000000e+02
1.860000000000000000e+02
2.060000000000000000e+02
1.860000000000000000e+02
1.900000000000000000e+02
1.860000000000000000e+02
2.040000000000000000e+02
1.680000000000000000e+02
1.970000000000000000e+02
1.960000000000000000e+02
2.280000000000000000e+02
2.040000000000000000e+02
1.740000000000000000e+02
1.810000000000000000e+02
1.700000000000000000e+02
1.770000000000000000e+02
1.840000000000000000e+02
1.780000000000000000e+02
2.170000000000000000e+02
1.690000000000000000e+02
1.950000000000000000e+02
1.880000000000000000e+02
1.760000000000000000e+02
1.700000000000000000e+02
1.390000000000000000e+02
1.530000000000000000e+02
1.700000000000000000e+02
1.550000000000000000e+02
1.650000000000000000e+02
1.580000000000000000e+02
1.350000000000000000e+02
1.380000000000000000e+02
1.630000000000000000e+02
1.600000000000000000e+02
1.490000000000000000e+02
1.310000000000000000e+02
1.210000000000000000e+02
1.100000000000000000e+02
1.150000000000000000e+02
1.150000000000000000e+02
1.220000000000000000e+02
1.110000000000000000e+02
1.190000000000000000e+02
1.640000000000000000e+02
2.150000000000000000e+02
2.480000000000000000e+02
1.430000000000000000e+02
9.500000000000000000e+01
8.000000000000000000e+01
6.600000000000000000e+01
9.400000000000000000e+01
7.500000000000000000e+01
8.600000000000000000e+01
8.700000000000000000e+01
7.300000000000000000e+01
8.000000000000000000e+01
1.070000000000000000e+02
9.700000000000000000e+01
8.400000000000000000e+01
1.010000000000000000e+02
1.150000000000000000e+02
1.200000000000000000e+02
1.460000000000000000e+02
1.690000000000000000e+02
1.520000000000000000e+02
1.380000000000000000e+02
1.810000000000000000e+02
1.980000000000000000e+02
1.030000000000000000e+02
1.640000000000000000e+02
1.420000000000000000e+02
1.900000000000000000e+02
3.500000000000000000e+02
7.710000000000000000e+02
1.696000000000000000e+03
2.702000000000000000e+03
2.661000000000000000e+03
2.277000000000000000e+03
2.177000000000000000e+03
1.521000000000000000e+03
1.297000000000000000e+03
1.227000000000000000e+03
1.129000000000000000e+03
1.046000000000000000e+03
9.150000000000000000e+02
7.590000000000000000e+02
7.740000000000000000e+02
7.800000000000000000e+02
7.630000000000000000e+02
8.870000000000000000e+02
8.240000000000000000e+02
8.270000000000000000e+02
8.870000000000000000e+02
8.280000000000000000e+02
8.980000000000000000e+02
1.109000000000000000e+03
1.304000000000000000e+03
1.656000000000000000e+03
2.403000000000000000e+03
3.021000000000000000e+03
3.641000000000000000e+03
3.353000000000000000e+03
2.961000000000000000e+03
2.889000000000000000e+03
2.725000000000000000e+03
2.780000000000000000e+03
2.781000000000000000e+03
2.770000000000000000e+03
2.772000000000000000e+03
2.509000000000000000e+03
2.362000000000000000e+03
2.151000000000000000e+03
2.071000000000000000e+03
1.928000000000000000e+03
1.724000000000000000e+03
1.674000000000000000e+03
1.615000000000000000e+03
1.467000000000000000e+03
1.409000000000000000e+03
1.360000000000000000e+03
1.463000000000000000e+03
1.500000000000000000e+03
1.530000000000000000e+03
1.401000000000000000e+03
1.458000000000000000e+03
1.395000000000000000e+03
1.426000000000000000e+03
1.460000000000000000e+03
1.436000000000000000e+03
1.454000000000000000e+03
1.386000000000000000e+03
1.468000000000000000e+03
1.370000000000000000e+03
1.333000000000000000e+03
1.307000000000000000e+03
1.243000000000000000e+03
1.185000000000000000e+03
1.195000000000000000e+03
1.100000000000000000e+03
1.050000000000000000e+03
1.030000000000000000e+03
1.054000000000000000e+03
9.540000000000000000e+02
1.057000000000000000e+03
9.980000000000000000e+02
9.550000000000000000e+02
9.310000000000000000e+02
9.480000000000000000e+02
9.670000000000000000e+02
9.080000000000000000e+02
9.210000000000000000e+02
8.910000000000000000e+02
8.700000000000000000e+02
8.230000000000000000e+02
8.870000000000000000e+02
8.210000000000000000e+02
8.450000000000000000e+02
8.620000000000000000e+02
8.470000000000000000e+02
8.100000000000000000e+02
7.870000000000000000e+02
7.380000000000000000e+02
7.480000000000000000e+02
7.550000000000000000e+02
7.230000000000000000e+02
7.510000000000000000e+02
7.070000000000000000e+02
6.440000000000000000e+02
7.150000000000000000e+02
7.580000000000000000e+02
7.020000000000000000e+02
6.790000000000000000e+02
7.350000000000000000e+02
6.900000000000000000e+02
7.320000000000000000e+02
7.460000000000000000e+02
7.290000000000000000e+02
7.360000000000000000e+02
7.600000000000000000e+02
7.990000000000000000e+02
7.320000000000000000e+02
7.380000000000000000e+02
8.070000000000000000e+02
8.280000000000000000e+02
8.430000000000000000e+02
7.840000000000000000e+02
6.680000000000000000e+02
6.440000000000000000e+02
5.920000000000000000e+02
5.750000000000000000e+02
6.010000000000000000e+02
5.940000000000000000e+02
6.320000000000000000e+02
5.730000000000000000e+02
6.300000000000000000e+02
6.240000000000000000e+02
6.280000000000000000e+02
5.870000000000000000e+02
5.880000000000000000e+02
6.030000000000000000e+02
6.220000000000000000e+02
6.070000000000000000e+02
5.910000000000000000e+02
6.100000000000000000e+02
5.930000000000000000e+02
6.390000000000000000e+02
6.530000000000000000e+02
6.890000000000000000e+02
6.300000000000000000e+02
6.620000000000000000e+02
7.730000000000000000e+02
7.860000000000000000e+02
6.990000000000000000e+02
7.070000000000000000e+02
6.860000000000000000e+02
7.740000000000000000e+02
7.490000000000000000e+02
7.890000000000000000e+02
7.630000000000000000e+02
7.570000000000000000e+02
7.860000000000000000e+02
7.520000000000000000e+02
7.950000000000000000e+02
7.860000000000000000e+02
8.120000000000000000e+02
7.510000000000000000e+02
7.930000000000000000e+02
8.630000000000000000e+02
8.210000000000000000e+02
7.430000000000000000e+02
7.810000000000000000e+02
8.070000000000000000e+02
7.660000000000000000e+02
7.930000000000000000e+02
7.590000000000000000e+02
8.200000000000000000e+02
8.850000000000000000e+02
8.950000000000000000e+02
9.590000000000000000e+02
9.520000000000000000e+02
9.450000000000000000e+02
9.880000000000000000e+02
1.011000000000000000e+03
1.033000000000000000e+03
9.470000000000000000e+02
1.008000000000000000e+03
9.570000000000000000e+02
9.710000000000000000e+02
9.650000000000000000e+02
1.113000000000000000e+03
1.027000000000000000e+03
9.340000000000000000e+02
1.048000000000000000e+03
9.970000000000000000e+02
9.890000000000000000e+02
9.110000000000000000e+02
9.980000000000000000e+02
9.560000000000000000e+02
9.650000000000000000e+02
9.320000000000000000e+02
9.160000000000000000e+02
9.310000000000000000e+02
8.970000000000000000e+02
9.650000000000000000e+02
9.390000000000000000e+02
8.900000000000000000e+02
8.620000000000000000e+02
8.220000000000000000e+02
8.220000000000000000e+02
8.450000000000000000e+02
8.170000000000000000e+02
7.930000000000000000e+02
8.090000000000000000e+02
7.640000000000000000e+02
7.370000000000000000e+02
7.820000000000000000e+02
7.550000000000000000e+02
7.150000000000000000e+02
6.980000000000000000e+02
6.500000000000000000e+02
6.500000000000000000e+02
6.440000000000000000e+02
6.000000000000000000e+02
5.950000000000000000e+02
5.820000000000000000e+02
5.980000000000000000e+02
5.560000000000000000e+02
5.010000000000000000e+02
5.480000000000000000e+02
5.070000000000000000e+02
4.610000000000000000e+02
5.210000000000000000e+02
5.630000000000000000e+02
4.320000000000000000e+02
3.600000000000000000e+02
3.480000000000000000e+02
3.380000000000000000e+02
3.340000000000000000e+02
3.380000000000000000e+02
2.740000000000000000e+02
2.430000000000000000e+02
2.030000000000000000e+02
1.660000000000000000e+02
1.600000000000000000e+02
1.420000000000000000e+02
1.400000000000000000e+02
1.390000000000000000e+02
1.210000000000000000e+02
1.350000000000000000e+02
9.600000000000000000e+01
9.600000000000000000e+01
9.300000000000000000e+01
1.140000000000000000e+02
9.700000000000000000e+01
8.300000000000000000e+01
8.600000000000000000e+01
8.100000000000000000e+01
8.900000000000000000e+01
8.100000000000000000e+01
9.400000000000000000e+01
9.900000000000000000e+01
8.700000000000000000e+01
1.480000000000000000e+02
2.380000000000000000e+02
3.060000000000000000e+02
4.070000000000000000e+02
2.239000000000000000e+03
2.790000000000000000e+02
2.840000000000000000e+02
6.150000000000000000e+02
9.990000000000000000e+02
1.074000000000000000e+03
1.719000000000000000e+03
2.018000000000000000e+03
2.135000000000000000e+03
2.070000000000000000e+03
1.340000000000000000e+03
1.237000000000000000e+03
1.175000000000000000e+03
1.118000000000000000e+03
1.063000000000000000e+03
8.550000000000000000e+02
8.150000000000000000e+02
7.710000000000000000e+02
7.520000000000000000e+02
6.990000000000000000e+02
6.710000000000000000e+02
6.580000000000000000e+02
7.150000000000000000e+02
7.350000000000000000e+02
7.340000000000000000e+02
7.750000000000000000e+02
7.990000000000000000e+02
8.230000000000000000e+02
1.019000000000000000e+03
1.427000000000000000e+03
1.632000000000000000e+03
1.936000000000000000e+03
2.113000000000000000e+03
2.087000000000000000e+03
2.055000000000000000e+03
2.009000000000000000e+03
2.103000000000000000e+03
2.229000000000000000e+03
2.070000000000000000e+03
2.117000000000000000e+03
2.266000000000000000e+03
2.228000000000000000e+03
1.848000000000000000e+03
1.798000000000000000e+03
1.649000000000000000e+03
1.480000000000000000e+03
1.423000000000000000e+03
1.433000000000000000e+03
1.297000000000000000e+03
1.262000000000000000e+03
1.162000000000000000e+03
1.114000000000000000e+03
1.008000000000000000e+03
9.920000000000000000e+02
9.360000000000000000e+02
1.014000000000000000e+03
9.860000000000000000e+02
9.460000000000000000e+02
9.030000000000000000e+02
8.290000000000000000e+02
9.220000000000000000e+02
9.360000000000000000e+02
9.110000000000000000e+02
9.330000000000000000e+02
9.150000000000000000e+02
8.320000000000000000e+02
9.670000000000000000e+02
9.150000000000000000e+02
9.540000000000000000e+02
9.560000000000000000e+02
9.030000000000000000e+02
9.770000000000000000e+02
9.020000000000000000e+02
8.460000000000000000e+02
8.340000000000000000e+02
7.880000000000000000e+02
7.770000000000000000e+02
7.960000000000000000e+02
7.370000000000000000e+02
6.610000000000000000e+02
7.060000000000000000e+02
7.340000000000000000e+02
7.020000000000000000e+02
7.070000000000000000e+02
7.840000000000000000e+02
7.060000000000000000e+02
7.480000000000000000e+02
7.300000000000000000e+02
7.390000000000000000e+02
7.600000000000000000e+02
7.920000000000000000e+02
7.050000000000000000e+02
7.700000000000000000e+02
7.850000000000000000e+02
7.750000000000000000e+02
7.000000000000000000e+02
6.580000000000000000e+02
7.140000000000000000e+02
6.940000000000000000e+02
7.080000000000000000e+02
6.650000000000000000e+02
7.090000000000000000e+02
7.210000000000000000e+02
7.590000000000000000e+02
7.530000000000000000e+02
7.680000000000000000e+02
7.450000000000000000e+02
7.440000000000000000e+02
6.730000000000000000e+02
6.740000000000000000e+02
6.910000000000000000e+02
7.020000000000000000e+02
7.410000000000000000e+02
6.690000000000000000e+02
7.640000000000000000e+02
7.610000000000000000e+02
7.310000000000000000e+02
7.030000000000000000e+02
7.870000000000000000e+02
8.170000000000000000e+02
8.470000000000000000e+02
7.540000000000000000e+02
8.640000000000000000e+02
7.920000000000000000e+02
8.460000000000000000e+02
7.990000000000000000e+02
7.810000000000000000e+02
7.460000000000000000e+02
6.950000000000000000e+02
7.140000000000000000e+02
7.820000000000000000e+02
7.120000000000000000e+02
7.560000000000000000e+02
6.460000000000000000e+02
6.550000000000000000e+02
6.760000000000000000e+02
7.200000000000000000e+02
6.860000000000000000e+02
7.070000000000000000e+02
6.700000000000000000e+02
6.810000000000000000e+02
7.250000000000000000e+02
6.800000000000000000e+02
6.690000000000000000e+02
6.370000000000000000e+02
6.730000000000000000e+02
6.620000000000000000e+02
6.350000000000000000e+02
6.000000000000000000e+02
5.640000000000000000e+02
5.910000000000000000e+02
6.450000000000000000e+02
6.200000000000000000e+02
6.010000000000000000e+02
6.350000000000000000e+02
6.550000000000000000e+02
6.420000000000000000e+02
5.830000000000000000e+02
6.430000000000000000e+02
5.910000000000000000e+02
6.010000000000000000e+02
6.540000000000000000e+02
5.910000000000000000e+02
5.950000000000000000e+02
6.290000000000000000e+02
5.670000000000000000e+02
5.830000000000000000e+02
6.090000000000000000e+02
5.490000000000000000e+02
5.710000000000000000e+02
5.370000000000000000e+02
5.220000000000000000e+02
5.610000000000000000e+02
5.100000000000000000e+02
4.820000000000000000e+02
4.500000000000000000e+02
5.400000000000000000e+02
4.560000000000000000e+02
5.020000000000000000e+02
4.910000000000000000e+02
4.980000000000000000e+02
4.790000000000000000e+02
5.110000000000000000e+02
4.650000000000000000e+02
4.700000000000000000e+02
4.420000000000000000e+02
4.550000000000000000e+02
4.380000000000000000e+02
4.190000000000000000e+02
4.230000000000000000e+02
4.270000000000000000e+02
4.410000000000000000e+02
3.830000000000000000e+02
3.920000000000000000e+02
4.320000000000000000e+02
4.160000000000000000e+02
4.200000000000000000e+02
3.840000000000000000e+02
4.210000000000000000e+02
4.330000000000000000e+02
4.420000000000000000e+02
4.750000000000000000e+02
4.210000000000000000e+02
4.410000000000000000e+02
3.710000000000000000e+02
3.970000000000000000e+02
4.050000000000000000e+02
4.050000000000000000e+02
3.980000000000000000e+02
3.940000000000000000e+02
3.860000000000000000e+02
4.110000000000000000e+02
4.020000000000000000e+02
3.690000000000000000e+02
3.940000000000000000e+02
4.140000000000000000e+02
4.160000000000000000e+02
4.120000000000000000e+02
4.500000000000000000e+02
4.770000000000000000e+02
5.370000000000000000e+02
6.040000000000000000e+02
5.010000000000000000e+02
5.120000000000000000e+02
4.900000000000000000e+02
5.130000000000000000e+02
5.450000000000000000e+02
5.620000000000000000e+02
5.390000000000000000e+02
6.260000000000000000e+02
6.100000000000000000e+02
5.820000000000000000e+02
6.510000000000000000e+02
6.280000000000000000e+02
6.360000000000000000e+02
6.570000000000000000e+02
6.810000000000000000e+02
7.540000000000000000e+02
8.080000000000000000e+02
9.420000000000000000e+02
9.640000000000000000e+02
9.810000000000000000e+02
1.083000000000000000e+03
1.136000000000000000e+03
1.364000000000000000e+03
1.536000000000000000e+03
1.665000000000000000e+03
1.860000000000000000e+03
2.006000000000000000e+03
2.233000000000000000e+03
2.615000000000000000e+03
2.773000000000000000e+03
3.129000000000000000e+03
3.296000000000000000e+03
3.691000000000000000e+03
3.491000000000000000e+03
1.523500000000000000e+04
