1.552000000000000000e+03
1.679000000000000000e+03
1.406000000000000000e+03
1.286000000000000000e+03
9.150000000000000000e+02
7.400000000000000000e+02
5.700000000000000000e+02
4.990000000000000000e+02
5.380000000000000000e+02
4.570000000000000000e+02
4.550000000000000000e+02
4.440000000000000000e+02
4.410000000000000000e+02
4.250000000000000000e+02
3.640000000000000000e+02
3.400000000000000000e+02
3.030000000000000000e+02
3.130000000000000000e+02
3.450000000000000000e+02
3.190000000000000000e+02
2.820000000000000000e+02
2.750000000000000000e+02
2.920000000000000000e+02
2.490000000000000000e+02
2.780000000000000000e+02
2.540000000000000000e+02
2.690000000000000000e+02
2.560000000000000000e+02
2.790000000000000000e+02
2.720000000000000000e+02
2.960000000000000000e+02
2.860000000000000000e+02
3.350000000000000000e+02
2.990000000000000000e+02
3.300000000000000000e+02
3.260000000000000000e+02
3.170000000000000000e+02
3.490000000000000000e+02
3.490000000000000000e+02
3.860000000000000000e+02
3.720000000000000000e+02
3.890000000000000000e+02
3.700000000000000000e+02
4.060000000000000000e+02
4.360000000000000000e+02
5.070000000000000000e+02
6.450000000000000000e+02
7.180000000000000000e+02
8.680000000000000000e+02
8.750000000000000000e+02
8.850000000000000000e+02
1.022000000000000000e+03
1.127000000000000000e+03
1.280000000000000000e+03
1.338000000000000000e+03
1.503000000000000000e+03
1.670000000000000000e+03
1.857000000000000000e+03
2.110000000000000000e+03
2.215000000000000000e+03
2.339000000000000000e+03
2.556000000000000000e+03
2.742000000000000000e+03
2.879000000000000000e+03
2.813000000000000000e+03
2.858000000000000000e+03
2.911000000000000000e+03
2.766000000000000000e+03
2.707000000000000000e+03
2.606000000000000000e+03
2.448000000000000000e+03
2.291000000000000000e+03
2.287000000000000000e+03
2.223000000000000000e+03
2.087000000000000000e+03
1.980000000000000000e+03
1.908000000000000000e+03
1.776000000000000000e+03
1.720000000000000000e+03
1.703000000000000000e+03
1.635000000000000000e+03
1.501000000000000000e+03
1.502000000000000000e+03
1.429000000000000000e+03
1.419000000000000000e+03
1.381000000000000000e+03
1.362000000000000000e+03
1.304000000000000000e+03
1.293000000000000000e+03
1.230000000000000000e+03
1.115000000000000000e+03
1.131000000000000000e+03
1.070000000000000000e+03
9.980000000000000000e+02
1.012000000000000000e+03
9.540000000000000000e+02
1.011000000000000000e+03
1.008000000000000000e+03
9.200000000000000000e+02
9.610000000000000000e+02
9.270000000000000000e+02
9.520000000000000000e+02
9.290000000000000000e+02
9.500000000000000000e+02
8.990000000000000000e+02
9.190000000000000000e+02
1.008000000000000000e+03
9.750000000000000000e+02
1.026000000000000000e+03
1.011000000000000000e+03
1.075000000000000000e+03
1.074000000000000000e+03
1.089000000000000000e+03
1.141000000000000000e+03
1.240000000000000000e+03
1.337000000000000000e+03
1.388000000000000000e+03
1.405000000000000000e+03
1.426000000000000000e+03
1.543000000000000000e+03
1.622000000000000000e+03
1.714000000000000000e+03
1.775000000000000000e+03
1.811000000000000000e+03
1.897000000000000000e+03
2.011000000000000000e+03
2.122000000000000000e+03
2.196000000000000000e+03
2.264000000000000000e+03
2.295000000000000000e+03
2.398000000000000000e+03
2.466000000000000000e+03
2.466000000000000000e+03
2.474000000000000000e+03
2.534000000000000000e+03
2.529000000000000000e+03
2.691000000000000000e+03
2.712000000000000000e+03
2.668000000000000000e+03
2.703000000000000000e+03
2.714000000000000000e+03
2.782000000000000000e+03
2.729000000000000000e+03
2.789000000000000000e+03
2.664000000000000000e+03
2.704000000000000000e+03
2.598000000000000000e+03
2.417000000000000000e+03
2.279000000000000000e+03
2.005000000000000000e+03
1.738000000000000000e+03
1.460000000000000000e+03
1.275000000000000000e+03
9.950000000000000000e+02
7.980000000000000000e+02
6.760000000000000000e+02
5.880000000000000000e+02
5.150000000000000000e+02
4.740000000000000000e+02
4.690000000000000000e+02
4.740000000000000000e+02
4.500000000000000000e+02
4.780000000000000000e+02
4.720000000000000000e+02
4.470000000000000000e+02
4.900000000000000000e+02
4.170000000000000000e+02
4.600000000000000000e+02
4.050000000000000000e+02
4.490000000000000000e+02
4.420000000000000000e+02
3.890000000000000000e+02
3.840000000000000000e+02
3.790000000000000000e+02
3.370000000000000000e+02
3.460000000000000000e+02
2.970000000000000000e+02
2.700000000000000000e+02
3.040000000000000000e+02
2.790000000000000000e+02
2.680000000000000000e+02
2.770000000000000000e+02
2.570000000000000000e+02
2.570000000000000000e+02
2.740000000000000000e+02
2.400000000000000000e+02
2.400000000000000000e+02
2.070000000000000000e+02
1.940000000000000000e+02
2.240000000000000000e+02
1.980000000000000000e+02
2.200000000000000000e+02
2.410000000000000000e+02
2.480000000000000000e+02
2.380000000000000000e+02
2.410000000000000000e+02
2.250000000000000000e+02
1.920000000000000000e+02
1.790000000000000000e+02
1.700000000000000000e+02
1.530000000000000000e+02
1.510000000000000000e+02
1.280000000000000000e+02
1.280000000000000000e+02
1.370000000000000000e+02
1.540000000000000000e+02
1.690000000000000000e+02
1.450000000000000000e+02
1.670000000000000000e+02
1.660000000000000000e+02
1.800000000000000000e+02
1.750000000000000000e+02
1.640000000000000000e+02
1.690000000000000000e+02
1.790000000000000000e+02
1.880000000000000000e+02
1.760000000000000000e+02
2.240000000000000000e+02
1.960000000000000000e+02
2.210000000000000000e+02
2.810000000000000000e+02
2.230000000000000000e+02
2.390000000000000000e+02
2.550000000000000000e+02
2.900000000000000000e+02
2.780000000000000000e+02
3.320000000000000000e+02
3.230000000000000000e+02
3.210000000000000000e+02
3.720000000000000000e+02
3.890000000000000000e+02
3.900000000000000000e+02
4.250000000000000000e+02
3.690000000000000000e+02
3.730000000000000000e+02
3.360000000000000000e+02
2.820000000000000000e+02
2.840000000000000000e+02
2.470000000000000000e+02
2.730000000000000000e+02
2.500000000000000000e+02
2.790000000000000000e+02
2.900000000000000000e+02
2.490000000000000000e+02
3.690000000000000000e+02
4.200000000000000000e+02
3.380000000000000000e+02
2.800000000000000000e+02
2.660000000000000000e+02
2.050000000000000000e+02
1.720000000000000000e+02
1.500000000000000000e+02
1.330000000000000000e+02
8.900000000000000000e+01
6.100000000000000000e+01
1.080000000000000000e+02
1.600000000000000000e+02
2.670000000000000000e+02
6.870000000000000000e+02
1.201000000000000000e+03
1.852000000000000000e+03
1.469000000000000000e+03
1.006000000000000000e+03
6.520000000000000000e+02
4.570000000000000000e+02
3.600000000000000000e+02
3.890000000000000000e+02
3.800000000000000000e+02
3.860000000000000000e+02
3.730000000000000000e+02
3.940000000000000000e+02
3.720000000000000000e+02
3.720000000000000000e+02
3.470000000000000000e+02
3.600000000000000000e+02
3.400000000000000000e+02
4.290000000000000000e+02
4.620000000000000000e+02
5.310000000000000000e+02
5.490000000000000000e+02
6.160000000000000000e+02
7.670000000000000000e+02
1.037000000000000000e+03
1.230000000000000000e+03
1.430000000000000000e+03
1.588000000000000000e+03
1.908000000000000000e+03
2.187000000000000000e+03
2.602000000000000000e+03
2.856000000000000000e+03
3.151000000000000000e+03
3.239000000000000000e+03
3.333000000000000000e+03
3.483000000000000000e+03
3.688000000000000000e+03
3.672000000000000000e+03
3.339000000000000000e+03
3.236000000000000000e+03
3.160000000000000000e+03
3.018000000000000000e+03
2.655000000000000000e+03
2.568000000000000000e+03
2.390000000000000000e+03
2.303000000000000000e+03
2.091000000000000000e+03
1.947000000000000000e+03
1.905000000000000000e+03
1.848000000000000000e+03
1.786000000000000000e+03
1.723000000000000000e+03
1.579000000000000000e+03
1.460000000000000000e+03
1.365000000000000000e+03
1.309000000000000000e+03
1.160000000000000000e+03
1.196000000000000000e+03
1.178000000000000000e+03
1.124000000000000000e+03
1.163000000000000000e+03
1.148000000000000000e+03
1.130000000000000000e+03
1.132000000000000000e+03
1.136000000000000000e+03
1.057000000000000000e+03
1.020000000000000000e+03
9.450000000000000000e+02
9.970000000000000000e+02
8.950000000000000000e+02
8.790000000000000000e+02
8.640000000000000000e+02
8.650000000000000000e+02
8.460000000000000000e+02
8.210000000000000000e+02
8.400000000000000000e+02
8.530000000000000000e+02
8.170000000000000000e+02
8.270000000000000000e+02
8.150000000000000000e+02
8.590000000000000000e+02
7.960000000000000000e+02
7.720000000000000000e+02
7.620000000000000000e+02
7.500000000000000000e+02
8.610000000000000000e+02
8.030000000000000000e+02
8.540000000000000000e+02
8.410000000000000000e+02
8.740000000000000000e+02
8.550000000000000000e+02
9.040000000000000000e+02
9.630000000000000000e+02
9.630000000000000000e+02
9.900000000000000000e+02
1.007000000000000000e+03
1.035000000000000000e+03
1.082000000000000000e+03
1.228000000000000000e+03
1.128000000000000000e+03
1.290000000000000000e+03
1.365000000000000000e+03
1.392000000000000000e+03
1.454000000000000000e+03
1.467000000000000000e+03
1.538000000000000000e+03
1.468000000000000000e+03
1.599000000000000000e+03
1.643000000000000000e+03
1.792000000000000000e+03
1.867000000000000000e+03
2.042000000000000000e+03
2.018000000000000000e+03
2.013000000000000000e+03
2.087000000000000000e+03
2.254000000000000000e+03
2.270000000000000000e+03
2.211000000000000000e+03
2.325000000000000000e+03
2.397000000000000000e+03
2.265000000000000000e+03
2.222000000000000000e+03
2.164000000000000000e+03
2.146000000000000000e+03
1.954000000000000000e+03
2.046000000000000000e+03
1.934000000000000000e+03
1.810000000000000000e+03
1.803000000000000000e+03
1.744000000000000000e+03
1.666000000000000000e+03
1.594000000000000000e+03
1.540000000000000000e+03
1.607000000000000000e+03
1.709000000000000000e+03
1.614000000000000000e+03
1.555000000000000000e+03
1.367000000000000000e+03
1.283000000000000000e+03
1.201000000000000000e+03
1.039000000000000000e+03
1.050000000000000000e+03
1.031000000000000000e+03
9.600000000000000000e+02
8.610000000000000000e+02
7.750000000000000000e+02
6.990000000000000000e+02
6.260000000000000000e+02
5.730000000000000000e+02
5.290000000000000000e+02
5.430000000000000000e+02
4.480000000000000000e+02
4.180000000000000000e+02
3.680000000000000000e+02
3.390000000000000000e+02
3.170000000000000000e+02
3.670000000000000000e+02
3.440000000000000000e+02
3.590000000000000000e+02
3.620000000000000000e+02
3.430000000000000000e+02
3.340000000000000000e+02
3.040000000000000000e+02
3.330000000000000000e+02
3.010000000000000000e+02
2.800000000000000000e+02
3.000000000000000000e+02
2.920000000000000000e+02
2.930000000000000000e+02
2.780000000000000000e+02
2.800000000000000000e+02
2.510000000000000000e+02
2.790000000000000000e+02
2.340000000000000000e+02
2.790000000000000000e+02
2.720000000000000000e+02
2.810000000000000000e+02
2.440000000000000000e+02
2.390000000000000000e+02
2.650000000000000000e+02
2.370000000000000000e+02
2.210000000000000000e+02
2.250000000000000000e+02
2.600000000000000000e+02
2.280000000000000000e+02
2.660000000000000000e+02
3.040000000000000000e+02
2.900000000000000000e+02
2.360000000000000000e+02
2.330000000000000000e+02
2.160000000000000000e+02
2.130000000000000000e+02
2.430000000000000000e+02
2.030000000000000000e+02
2.280000000000000000e+02
2.580000000000000000e+02
2.800000000000000000e+02
2.890000000000000000e+02
2.530000000000000000e+02
2.360000000000000000e+02
1.960000000000000000e+02
1.620000000000000000e+02
1.640000000000000000e+02
1.540000000000000000e+02
1.710000000000000000e+02
1.640000000000000000e+02
1.820000000000000000e+02
1.890000000000000000e+02
1.790000000000000000e+02
2.020000000000000000e+02
1.910000000000000000e+02
1.740000000000000000e+02
1.850000000000000000e+02
1.950000000000000000e+02
1.840000000000000000e+02
2.080000000000000000e+02
2.200000000000000000e+02
2.100000000000000000e+02
2.400000000000000000e+02
2.510000000000000000e+02
2.380000000000000000e+02
2.720000000000000000e+02
2.560000000000000000e+02
2.920000000000000000e+02
3.080000000000000000e+02
3.210000000000000000e+02
3.340000000000000000e+02
3.460000000000000000e+02
4.350000000000000000e+02
4.210000000000000000e+02
4.740000000000000000e+02
5.180000000000000000e+02
4.430000000000000000e+02
3.750000000000000000e+02
3.470000000000000000e+02
2.630000000000000000e+02
2.810000000000000000e+02
2.660000000000000000e+02
2.740000000000000000e+02
2.640000000000000000e+02
3.070000000000000000e+02
4.290000000000000000e+02
4.000000000000000000e+02
3.410000000000000000e+02
2.660000000000000000e+02
1.690000000000000000e+02
1.450000000000000000e+02
2.060000000000000000e+02
1.310000000000000000e+02
1.450000000000000000e+02
1.110000000000000000e+02
1.020000000000000000e+02
4.900000000000000000e+01
2.600000000000000000e+01
8.000000000000000000e+00
7.000000000000000000e+00
8.000000000000000000e+00
7.000000000000000000e+00
5.000000000000000000e+00
3.200000000000000000e+01
2.600000000000000000e+01
7.900000000000000000e+01
1.160000000000000000e+02
1.620000000000000000e+02
3.300000000000000000e+02
5.500000000000000000e+02
8.820000000000000000e+02
1.575000000000000000e+03
1.216000000000000000e+03
1.105000000000000000e+03
1.031000000000000000e+03
1.043000000000000000e+03
9.490000000000000000e+02
7.830000000000000000e+02
7.150000000000000000e+02
7.870000000000000000e+02
8.490000000000000000e+02
9.850000000000000000e+02
1.174000000000000000e+03
1.339000000000000000e+03
1.720000000000000000e+03
2.152000000000000000e+03
2.834000000000000000e+03
3.371000000000000000e+03
4.053000000000000000e+03
4.519000000000000000e+03
4.936000000000000000e+03
5.154000000000000000e+03
5.372000000000000000e+03
5.163000000000000000e+03
4.806000000000000000e+03
4.853000000000000000e+03
4.201000000000000000e+03
3.825000000000000000e+03
3.395000000000000000e+03
3.098000000000000000e+03
2.794000000000000000e+03
2.583000000000000000e+03
2.447000000000000000e+03
2.307000000000000000e+03
2.037000000000000000e+03
1.973000000000000000e+03
1.935000000000000000e+03
1.771000000000000000e+03
1.606000000000000000e+03
1.483000000000000000e+03
1.446000000000000000e+03
1.355000000000000000e+03
1.325000000000000000e+03
1.207000000000000000e+03
1.198000000000000000e+03
1.115000000000000000e+03
1.131000000000000000e+03
1.058000000000000000e+03
1.048000000000000000e+03
9.830000000000000000e+02
9.330000000000000000e+02
8.780000000000000000e+02
8.150000000000000000e+02
8.780000000000000000e+02
8.130000000000000000e+02
8.130000000000000000e+02
7.190000000000000000e+02
7.480000000000000000e+02
7.400000000000000000e+02
6.760000000000000000e+02
6.960000000000000000e+02
6.250000000000000000e+02
6.380000000000000000e+02
5.970000000000000000e+02
6.170000000000000000e+02
5.970000000000000000e+02
6.150000000000000000e+02
6.490000000000000000e+02
6.140000000000000000e+02
6.240000000000000000e+02
6.450000000000000000e+02
6.420000000000000000e+02
7.010000000000000000e+02
6.520000000000000000e+02
7.520000000000000000e+02
7.000000000000000000e+02
7.810000000000000000e+02
8.560000000000000000e+02
8.440000000000000000e+02
8.610000000000000000e+02
9.460000000000000000e+02
9.720000000000000000e+02
1.030000000000000000e+03
1.111000000000000000e+03
1.177000000000000000e+03
1.339000000000000000e+03
1.397000000000000000e+03
1.388000000000000000e+03
1.533000000000000000e+03
1.524000000000000000e+03
1.744000000000000000e+03
1.780000000000000000e+03
1.750000000000000000e+03
1.953000000000000000e+03
2.000000000000000000e+03
2.148000000000000000e+03
2.133000000000000000e+03
2.350000000000000000e+03
2.295000000000000000e+03
2.376000000000000000e+03
2.321000000000000000e+03
2.331000000000000000e+03
2.274000000000000000e+03
2.283000000000000000e+03
2.093000000000000000e+03
1.920000000000000000e+03
1.815000000000000000e+03
1.699000000000000000e+03
1.629000000000000000e+03
1.583000000000000000e+03
1.381000000000000000e+03
1.381000000000000000e+03
1.281000000000000000e+03
1.249000000000000000e+03
1.112000000000000000e+03
1.051000000000000000e+03
1.148000000000000000e+03
1.056000000000000000e+03
1.075000000000000000e+03
1.045000000000000000e+03
9.780000000000000000e+02
8.600000000000000000e+02
7.500000000000000000e+02
7.160000000000000000e+02
7.170000000000000000e+02
6.390000000000000000e+02
5.770000000000000000e+02
5.490000000000000000e+02
4.600000000000000000e+02
3.890000000000000000e+02
3.810000000000000000e+02
4.420000000000000000e+02
4.980000000000000000e+02
5.210000000000000000e+02
5.420000000000000000e+02
4.700000000000000000e+02
4.790000000000000000e+02
4.800000000000000000e+02
4.440000000000000000e+02
5.140000000000000000e+02
5.160000000000000000e+02
5.970000000000000000e+02
6.110000000000000000e+02
5.550000000000000000e+02
5.450000000000000000e+02
5.130000000000000000e+02
4.750000000000000000e+02
4.300000000000000000e+02
3.850000000000000000e+02
3.540000000000000000e+02
3.010000000000000000e+02
2.690000000000000000e+02
2.580000000000000000e+02
2.620000000000000000e+02
2.810000000000000000e+02
2.740000000000000000e+02
2.660000000000000000e+02
2.780000000000000000e+02
2.850000000000000000e+02
2.910000000000000000e+02
2.570000000000000000e+02
2.230000000000000000e+02
2.650000000000000000e+02
2.890000000000000000e+02
2.540000000000000000e+02
2.880000000000000000e+02
2.820000000000000000e+02
2.630000000000000000e+02
2.570000000000000000e+02
2.780000000000000000e+02
2.670000000000000000e+02
2.650000000000000000e+02
2.650000000000000000e+02
2.440000000000000000e+02
2.490000000000000000e+02
2.180000000000000000e+02
2.460000000000000000e+02
2.420000000000000000e+02
2.450000000000000000e+02
2.260000000000000000e+02
2.380000000000000000e+02
2.470000000000000000e+02
2.600000000000000000e+02
2.930000000000000000e+02
2.740000000000000000e+02
2.700000000000000000e+02
2.510000000000000000e+02
2.090000000000000000e+02
2.780000000000000000e+02
2.480000000000000000e+02
2.850000000000000000e+02
3.230000000000000000e+02
2.600000000000000000e+02
2.360000000000000000e+02
2.230000000000000000e+02
2.070000000000000000e+02
1.730000000000000000e+02
1.830000000000000000e+02
1.880000000000000000e+02
1.530000000000000000e+02
1.530000000000000000e+02
1.680000000000000000e+02
1.940000000000000000e+02
1.970000000000000000e+02
2.000000000000000000e+02
1.960000000000000000e+02
2.270000000000000000e+02
2.230000000000000000e+02
1.990000000000000000e+02
2.040000000000000000e+02
2.530000000000000000e+02
2.470000000000000000e+02
2.510000000000000000e+02
2.430000000000000000e+02
2.480000000000000000e+02
2.710000000000000000e+02
2.710000000000000000e+02
2.900000000000000000e+02
3.060000000000000000e+02
3.510000000000000000e+02
3.520000000000000000e+02
3.700000000000000000e+02
4.480000000000000000e+02
4.520000000000000000e+02
4.810000000000000000e+02
5.130000000000000000e+02
4.000000000000000000e+02
3.650000000000000000e+02
3.220000000000000000e+02
3.380000000000000000e+02
2.830000000000000000e+02
2.870000000000000000e+02
3.060000000000000000e+02
3.130000000000000000e+02
3.560000000000000000e+02
3.430000000000000000e+02
2.810000000000000000e+02
2.720000000000000000e+02
2.310000000000000000e+02
2.240000000000000000e+02
1.860000000000000000e+02
1.610000000000000000e+02
1.350000000000000000e+02
4.060000000000000000e+02
