5.820000000000000000e+02
3.350000000000000000e+02
4.100000000000000000e+02
4.030000000000000000e+02
5.280000000000000000e+02
7.850000000000000000e+02
1.381000000000000000e+03
1.365000000000000000e+03
1.493000000000000000e+03
1.546000000000000000e+03
1.834000000000000000e+03
1.276000000000000000e+03
1.428000000000000000e+03
1.405000000000000000e+03
1.168000000000000000e+03
1.118000000000000000e+03
1.103000000000000000e+03
1.335000000000000000e+03
1.154000000000000000e+03
1.448000000000000000e+03
1.551000000000000000e+03
1.653000000000000000e+03
1.774000000000000000e+03
1.744000000000000000e+03
1.622000000000000000e+03
1.536000000000000000e+03
1.687000000000000000e+03
1.687000000000000000e+03
1.252000000000000000e+03
1.174000000000000000e+03
1.182000000000000000e+03
1.229000000000000000e+03
1.056000000000000000e+03
1.133000000000000000e+03
1.237000000000000000e+03
1.195000000000000000e+03
1.297000000000000000e+03
1.464000000000000000e+03
1.174000000000000000e+03
1.079000000000000000e+03
1.202000000000000000e+03
1.355000000000000000e+03
1.576000000000000000e+03
1.734000000000000000e+03
1.817000000000000000e+03
1.732000000000000000e+03
1.429000000000000000e+03
1.678000000000000000e+03
1.977000000000000000e+03
1.958000000000000000e+03
2.045000000000000000e+03
2.028000000000000000e+03
1.748000000000000000e+03
1.703000000000000000e+03
2.262000000000000000e+03
2.567000000000000000e+03
2.509000000000000000e+03
2.416000000000000000e+03
2.547000000000000000e+03
1.956000000000000000e+03
2.013000000000000000e+03
2.464000000000000000e+03
2.257000000000000000e+03
2.425000000000000000e+03
2.385000000000000000e+03
2.094000000000000000e+03
1.953000000000000000e+03
1.842000000000000000e+03
1.830000000000000000e+03
1.880000000000000000e+03
1.924000000000000000e+03
1.996000000000000000e+03
1.969000000000000000e+03
1.814000000000000000e+03
1.768000000000000000e+03
1.885000000000000000e+03
2.043000000000000000e+03
1.851000000000000000e+03
1.829000000000000000e+03
1.709000000000000000e+03
1.538000000000000000e+03
1.315000000000000000e+03
1.377000000000000000e+03
1.478000000000000000e+03
1.556000000000000000e+03
1.751000000000000000e+03
1.649000000000000000e+03
1.458000000000000000e+03
1.258000000000000000e+03
1.251000000000000000e+03
1.385000000000000000e+03
1.525000000000000000e+03
1.721000000000000000e+03
1.678000000000000000e+03
1.639000000000000000e+03
1.444000000000000000e+03
1.477000000000000000e+03
1.656000000000000000e+03
1.657000000000000000e+03
1.646000000000000000e+03
1.577000000000000000e+03
1.597000000000000000e+03
1.472000000000000000e+03
1.429000000000000000e+03
1.562000000000000000e+03
1.598000000000000000e+03
1.715000000000000000e+03
1.718000000000000000e+03
1.512000000000000000e+03
1.355000000000000000e+03
1.280000000000000000e+03
1.417000000000000000e+03
1.489000000000000000e+03
1.482000000000000000e+03
1.594000000000000000e+03
1.797000000000000000e+03
1.569000000000000000e+03
1.515000000000000000e+03
1.776000000000000000e+03
1.973000000000000000e+03
2.014000000000000000e+03
2.399000000000000000e+03
2.409000000000000000e+03
2.188000000000000000e+03
1.888000000000000000e+03
1.989000000000000000e+03
2.554000000000000000e+03
2.621000000000000000e+03
2.392000000000000000e+03
2.238000000000000000e+03
1.684000000000000000e+03
1.405000000000000000e+03
1.449000000000000000e+03
1.577000000000000000e+03
1.382000000000000000e+03
1.363000000000000000e+03
1.336000000000000000e+03
1.373000000000000000e+03
1.220000000000000000e+03
1.213000000000000000e+03
1.397000000000000000e+03
1.166000000000000000e+03
1.173000000000000000e+03
1.282000000000000000e+03
1.120000000000000000e+03
9.940000000000000000e+02
9.220000000000000000e+02
9.760000000000000000e+02
1.088000000000000000e+03
1.157000000000000000e+03
1.197000000000000000e+03
1.010000000000000000e+03
8.470000000000000000e+02
8.990000000000000000e+02
1.097000000000000000e+03
1.019000000000000000e+03
9.870000000000000000e+02
1.043000000000000000e+03
9.130000000000000000e+02
7.260000000000000000e+02
7.950000000000000000e+02
8.450000000000000000e+02
8.610000000000000000e+02
7.510000000000000000e+02
8.540000000000000000e+02
8.010000000000000000e+02
7.410000000000000000e+02
8.160000000000000000e+02
7.780000000000000000e+02
8.700000000000000000e+02
9.950000000000000000e+02
1.471000000000000000e+03
1.217000000000000000e+03
2.365000000000000000e+03
2.928000000000000000e+03
3.296000000000000000e+03
2.932000000000000000e+03
2.700000000000000000e+03
2.631000000000000000e+03
1.937000000000000000e+03
2.927000000000000000e+03
3.579000000000000000e+03
4.752000000000000000e+03
4.059000000000000000e+03
3.396000000000000000e+03
3.413000000000000000e+03
2.204000000000000000e+03
3.682000000000000000e+03
3.976000000000000000e+03
3.651000000000000000e+03
1.974000000000000000e+03
1.118000000000000000e+03
9.730000000000000000e+02
7.540000000000000000e+02
6.560000000000000000e+02
6.930000000000000000e+02
6.110000000000000000e+02
7.220000000000000000e+02
7.050000000000000000e+02
7.200000000000000000e+02
7.460000000000000000e+02
1.216000000000000000e+03
1.818000000000000000e+03
2.121000000000000000e+03
1.206000000000000000e+03
1.024000000000000000e+03
9.730000000000000000e+02
1.083000000000000000e+03
1.394000000000000000e+03
1.865000000000000000e+03
2.841000000000000000e+03
2.703000000000000000e+03
2.214000000000000000e+03
1.727000000000000000e+03
1.496000000000000000e+03
1.905000000000000000e+03
2.018000000000000000e+03
2.618000000000000000e+03
3.117000000000000000e+03
2.499000000000000000e+03
1.891000000000000000e+03
1.676000000000000000e+03
2.087000000000000000e+03
2.312000000000000000e+03
2.391000000000000000e+03
2.504000000000000000e+03
2.028000000000000000e+03
1.679000000000000000e+03
1.680000000000000000e+03
2.199000000000000000e+03
2.404000000000000000e+03
3.043000000000000000e+03
3.137000000000000000e+03
2.510000000000000000e+03
2.106000000000000000e+03
1.782000000000000000e+03
2.297000000000000000e+03
2.442000000000000000e+03
2.631000000000000000e+03
2.496000000000000000e+03
2.545000000000000000e+03
3.333000000000000000e+03
2.682000000000000000e+03
1.915000000000000000e+03
3.609000000000000000e+03
3.724000000000000000e+03
3.367000000000000000e+03
3.491000000000000000e+03
3.135000000000000000e+03
3.022000000000000000e+03
2.257000000000000000e+03
2.250000000000000000e+03
2.565000000000000000e+03
5.166000000000000000e+03
4.801000000000000000e+03
6.474410000000000000e+05
5.230000000000000000e+02
3.480000000000000000e+02
3.830000000000000000e+02
4.250000000000000000e+02
5.190000000000000000e+02
8.190000000000000000e+02
1.406000000000000000e+03
1.338000000000000000e+03
1.501000000000000000e+03
1.517000000000000000e+03
1.842000000000000000e+03
1.248000000000000000e+03
1.373000000000000000e+03
1.365000000000000000e+03
1.205000000000000000e+03
1.149000000000000000e+03
1.108000000000000000e+03
1.300000000000000000e+03
1.184000000000000000e+03
1.457000000000000000e+03
1.579000000000000000e+03
1.528000000000000000e+03
1.559000000000000000e+03
1.569000000000000000e+03
1.607000000000000000e+03
1.483000000000000000e+03
1.649000000000000000e+03
1.713000000000000000e+03
1.440000000000000000e+03
1.250000000000000000e+03
1.200000000000000000e+03
1.144000000000000000e+03
1.132000000000000000e+03
1.184000000000000000e+03
1.243000000000000000e+03
1.210000000000000000e+03
1.276000000000000000e+03
1.422000000000000000e+03
1.119000000000000000e+03
1.061000000000000000e+03
1.116000000000000000e+03
1.255000000000000000e+03
1.351000000000000000e+03
1.449000000000000000e+03
1.595000000000000000e+03
1.495000000000000000e+03
1.263000000000000000e+03
1.400000000000000000e+03
1.644000000000000000e+03
1.685000000000000000e+03
1.828000000000000000e+03
1.885000000000000000e+03
1.526000000000000000e+03
1.196000000000000000e+03
1.447000000000000000e+03
1.611000000000000000e+03
1.607000000000000000e+03
1.802000000000000000e+03
1.879000000000000000e+03
1.669000000000000000e+03
1.794000000000000000e+03
1.798000000000000000e+03
1.977000000000000000e+03
2.319000000000000000e+03
2.501000000000000000e+03
2.437000000000000000e+03
2.468000000000000000e+03
2.151000000000000000e+03
2.364000000000000000e+03
2.049000000000000000e+03
2.206000000000000000e+03
2.504000000000000000e+03
2.128000000000000000e+03
2.051000000000000000e+03
1.896000000000000000e+03
1.973000000000000000e+03
2.148000000000000000e+03
2.018000000000000000e+03
2.050000000000000000e+03
1.829000000000000000e+03
1.920000000000000000e+03
1.619000000000000000e+03
1.430000000000000000e+03
1.439000000000000000e+03
1.546000000000000000e+03
1.797000000000000000e+03
1.723000000000000000e+03
1.737000000000000000e+03
1.470000000000000000e+03
1.550000000000000000e+03
1.606000000000000000e+03
1.622000000000000000e+03
1.720000000000000000e+03
1.800000000000000000e+03
1.813000000000000000e+03
1.583000000000000000e+03
1.455000000000000000e+03
1.422000000000000000e+03
1.419000000000000000e+03
1.460000000000000000e+03
1.513000000000000000e+03
1.497000000000000000e+03
1.366000000000000000e+03
1.285000000000000000e+03
1.307000000000000000e+03
1.338000000000000000e+03
1.529000000000000000e+03
1.652000000000000000e+03
1.618000000000000000e+03
1.460000000000000000e+03
1.324000000000000000e+03
1.334000000000000000e+03
1.373000000000000000e+03
1.472000000000000000e+03
1.416000000000000000e+03
1.641000000000000000e+03
1.500000000000000000e+03
1.471000000000000000e+03
1.665000000000000000e+03
1.836000000000000000e+03
2.060000000000000000e+03
2.275000000000000000e+03
2.133000000000000000e+03
1.871000000000000000e+03
1.544000000000000000e+03
1.529000000000000000e+03
1.950000000000000000e+03
2.443000000000000000e+03
2.423000000000000000e+03
2.684000000000000000e+03
2.543000000000000000e+03
2.067000000000000000e+03
1.933000000000000000e+03
1.801000000000000000e+03
1.825000000000000000e+03
1.819000000000000000e+03
1.586000000000000000e+03
1.426000000000000000e+03
1.179000000000000000e+03
1.134000000000000000e+03
1.171000000000000000e+03
1.209000000000000000e+03
1.245000000000000000e+03
1.120000000000000000e+03
1.045000000000000000e+03
1.087000000000000000e+03
9.820000000000000000e+02
9.480000000000000000e+02
9.860000000000000000e+02
1.118000000000000000e+03
1.045000000000000000e+03
8.890000000000000000e+02
9.210000000000000000e+02
8.530000000000000000e+02
8.200000000000000000e+02
8.170000000000000000e+02
8.880000000000000000e+02
9.180000000000000000e+02
9.960000000000000000e+02
9.320000000000000000e+02
9.760000000000000000e+02
1.007000000000000000e+03
9.420000000000000000e+02
9.980000000000000000e+02
1.187000000000000000e+03
1.153000000000000000e+03
1.020000000000000000e+03
9.130000000000000000e+02
7.990000000000000000e+02
7.510000000000000000e+02
9.350000000000000000e+02
9.330000000000000000e+02
1.060000000000000000e+03
1.021000000000000000e+03
1.261000000000000000e+03
1.873000000000000000e+03
2.620000000000000000e+03
2.958000000000000000e+03
3.302000000000000000e+03
2.920000000000000000e+03
1.781000000000000000e+03
2.639000000000000000e+03
3.063000000000000000e+03
3.280000000000000000e+03
3.656000000000000000e+03
4.485000000000000000e+03
3.733000000000000000e+03
2.123000000000000000e+03
3.315000000000000000e+03
3.691000000000000000e+03
3.984000000000000000e+03
3.927000000000000000e+03
3.597000000000000000e+03
1.880000000000000000e+03
1.061000000000000000e+03
9.580000000000000000e+02
8.360000000000000000e+02
7.180000000000000000e+02
6.970000000000000000e+02
6.430000000000000000e+02
6.950000000000000000e+02
6.940000000000000000e+02
7.330000000000000000e+02
9.770000000000000000e+02
1.709000000000000000e+03
2.135000000000000000e+03
1.277000000000000000e+03
1.043000000000000000e+03
9.550000000000000000e+02
8.720000000000000000e+02
1.188000000000000000e+03
1.456000000000000000e+03
1.885000000000000000e+03
2.845000000000000000e+03
2.697000000000000000e+03
2.158000000000000000e+03
1.360000000000000000e+03
1.838000000000000000e+03
1.931000000000000000e+03
1.956000000000000000e+03
2.627000000000000000e+03
3.114000000000000000e+03
2.499000000000000000e+03
1.431000000000000000e+03
2.118000000000000000e+03
2.227000000000000000e+03
2.336000000000000000e+03
2.410000000000000000e+03
2.454000000000000000e+03
1.946000000000000000e+03
1.647000000000000000e+03
1.806000000000000000e+03
2.207000000000000000e+03
2.352000000000000000e+03
2.950000000000000000e+03
3.091000000000000000e+03
2.626000000000000000e+03
1.907000000000000000e+03
2.284000000000000000e+03
2.460000000000000000e+03
2.418000000000000000e+03
2.533000000000000000e+03
2.535000000000000000e+03
2.439000000000000000e+03
2.177000000000000000e+03
3.434000000000000000e+03
2.847000000000000000e+03
4.001000000000000000e+03
4.010000000000000000e+03
3.757000000000000000e+03
3.672000000000000000e+03
2.801000000000000000e+03
3.250000000000000000e+03
3.725000000000000000e+03
6.860000000000000000e+03
6.511810000000000000e+05
5.600000000000000000e+02
2.850000000000000000e+02
3.690000000000000000e+02
4.130000000000000000e+02
4.950000000000000000e+02
7.490000000000000000e+02
1.381000000000000000e+03
1.339000000000000000e+03
1.493000000000000000e+03
1.434000000000000000e+03
1.739000000000000000e+03
1.269000000000000000e+03
1.342000000000000000e+03
1.295000000000000000e+03
1.156000000000000000e+03
1.083000000000000000e+03
9.780000000000000000e+02
1.034000000000000000e+03
1.040000000000000000e+03
1.325000000000000000e+03
1.286000000000000000e+03
1.562000000000000000e+03
1.771000000000000000e+03
1.572000000000000000e+03
1.469000000000000000e+03
1.464000000000000000e+03
1.519000000000000000e+03
1.611000000000000000e+03
1.570000000000000000e+03
1.427000000000000000e+03
1.246000000000000000e+03
1.296000000000000000e+03
1.159000000000000000e+03
1.082000000000000000e+03
1.148000000000000000e+03
1.179000000000000000e+03
1.257000000000000000e+03
1.249000000000000000e+03
1.234000000000000000e+03
1.284000000000000000e+03
1.281000000000000000e+03
1.344000000000000000e+03
1.425000000000000000e+03
1.393000000000000000e+03
1.500000000000000000e+03
1.521000000000000000e+03
1.281000000000000000e+03
1.351000000000000000e+03
1.569000000000000000e+03
1.556000000000000000e+03
1.609000000000000000e+03
1.615000000000000000e+03
1.382000000000000000e+03
1.227000000000000000e+03
1.348000000000000000e+03
1.530000000000000000e+03
1.610000000000000000e+03
1.716000000000000000e+03
1.570000000000000000e+03
1.493000000000000000e+03
1.518000000000000000e+03
1.484000000000000000e+03
1.536000000000000000e+03
1.685000000000000000e+03
1.778000000000000000e+03
1.852000000000000000e+03
1.750000000000000000e+03
1.773000000000000000e+03
1.771000000000000000e+03
2.089000000000000000e+03
2.110000000000000000e+03
2.230000000000000000e+03
2.351000000000000000e+03
2.349000000000000000e+03
2.179000000000000000e+03
2.496000000000000000e+03
2.404000000000000000e+03
2.605000000000000000e+03
2.262000000000000000e+03
2.208000000000000000e+03
2.345000000000000000e+03
1.796000000000000000e+03
1.804000000000000000e+03
1.790000000000000000e+03
1.700000000000000000e+03
1.830000000000000000e+03
1.934000000000000000e+03
1.720000000000000000e+03
1.486000000000000000e+03
1.437000000000000000e+03
1.518000000000000000e+03
1.757000000000000000e+03
1.757000000000000000e+03
2.023000000000000000e+03
1.895000000000000000e+03
1.616000000000000000e+03
1.494000000000000000e+03
1.445000000000000000e+03
1.508000000000000000e+03
1.689000000000000000e+03
1.721000000000000000e+03
1.662000000000000000e+03
1.523000000000000000e+03
1.294000000000000000e+03
1.308000000000000000e+03
1.278000000000000000e+03
1.418000000000000000e+03
1.486000000000000000e+03
1.395000000000000000e+03
1.389000000000000000e+03
1.469000000000000000e+03
1.509000000000000000e+03
1.654000000000000000e+03
1.687000000000000000e+03
1.494000000000000000e+03
1.548000000000000000e+03
1.424000000000000000e+03
1.408000000000000000e+03
1.634000000000000000e+03
1.803000000000000000e+03
1.980000000000000000e+03
2.066000000000000000e+03
1.828000000000000000e+03
1.587000000000000000e+03
1.467000000000000000e+03
1.772000000000000000e+03
2.275000000000000000e+03
2.019000000000000000e+03
1.781000000000000000e+03
1.824000000000000000e+03
1.456000000000000000e+03
1.315000000000000000e+03
2.119000000000000000e+03
2.484000000000000000e+03
2.019000000000000000e+03
1.701000000000000000e+03
1.452000000000000000e+03
1.362000000000000000e+03
1.398000000000000000e+03
1.821000000000000000e+03
2.089000000000000000e+03
1.776000000000000000e+03
1.429000000000000000e+03
1.175000000000000000e+03
9.340000000000000000e+02
8.660000000000000000e+02
9.710000000000000000e+02
1.102000000000000000e+03
1.152000000000000000e+03
1.038000000000000000e+03
9.380000000000000000e+02
8.560000000000000000e+02
8.370000000000000000e+02
9.080000000000000000e+02
1.195000000000000000e+03
1.125000000000000000e+03
9.760000000000000000e+02
7.950000000000000000e+02
7.430000000000000000e+02
9.540000000000000000e+02
1.203000000000000000e+03
1.120000000000000000e+03
1.012000000000000000e+03
8.230000000000000000e+02
7.610000000000000000e+02
8.940000000000000000e+02
1.062000000000000000e+03
1.232000000000000000e+03
1.046000000000000000e+03
7.520000000000000000e+02
6.550000000000000000e+02
6.380000000000000000e+02
7.640000000000000000e+02
8.300000000000000000e+02
9.410000000000000000e+02
8.370000000000000000e+02
7.530000000000000000e+02
7.030000000000000000e+02
7.230000000000000000e+02
7.310000000000000000e+02
7.120000000000000000e+02
8.070000000000000000e+02
8.030000000000000000e+02
1.126000000000000000e+03
1.884000000000000000e+03
2.458000000000000000e+03
2.923000000000000000e+03
3.020000000000000000e+03
2.721000000000000000e+03
1.722000000000000000e+03
2.650000000000000000e+03
3.053000000000000000e+03
3.327000000000000000e+03
3.641000000000000000e+03
4.396000000000000000e+03
3.740000000000000000e+03
2.154000000000000000e+03
3.216000000000000000e+03
3.648000000000000000e+03
3.971000000000000000e+03
3.926000000000000000e+03
3.482000000000000000e+03
1.733000000000000000e+03
9.120000000000000000e+02
9.060000000000000000e+02
8.240000000000000000e+02
7.050000000000000000e+02
6.670000000000000000e+02
6.610000000000000000e+02
6.880000000000000000e+02
6.460000000000000000e+02
6.560000000000000000e+02
7.720000000000000000e+02
9.410000000000000000e+02
9.740000000000000000e+02
1.258000000000000000e+03
1.913000000000000000e+03
2.170000000000000000e+03
1.136000000000000000e+03
1.297000000000000000e+03
1.547000000000000000e+03
1.920000000000000000e+03
2.894000000000000000e+03
2.715000000000000000e+03
2.203000000000000000e+03
1.382000000000000000e+03
1.903000000000000000e+03
1.933000000000000000e+03
2.000000000000000000e+03
2.687000000000000000e+03
3.240000000000000000e+03
2.502000000000000000e+03
1.415000000000000000e+03
2.187000000000000000e+03
2.367000000000000000e+03
2.336000000000000000e+03
2.450000000000000000e+03
2.515000000000000000e+03
2.037000000000000000e+03
1.826000000000000000e+03
2.135000000000000000e+03
2.540000000000000000e+03
2.692000000000000000e+03
3.084000000000000000e+03
3.172000000000000000e+03
2.653000000000000000e+03
2.406000000000000000e+03
2.728000000000000000e+03
2.842000000000000000e+03
2.688000000000000000e+03
2.737000000000000000e+03
3.286000000000000000e+03
3.897000000000000000e+03
4.997000000000000000e+03
1.292000000000000000e+04
6.652140000000000000e+05
