1.717000000000000000e+03
5.160000000000000000e+02
3.300000000000000000e+02
4.540000000000000000e+02
4.000000000000000000e+02
3.460000000000000000e+02
4.250000000000000000e+02
4.290000000000000000e+02
4.300000000000000000e+02
3.820000000000000000e+02
4.390000000000000000e+02
3.870000000000000000e+02
4.010000000000000000e+02
4.000000000000000000e+02
3.350000000000000000e+02
3.830000000000000000e+02
3.530000000000000000e+02
4.010000000000000000e+02
3.620000000000000000e+02
3.470000000000000000e+02
3.530000000000000000e+02
3.490000000000000000e+02
3.500000000000000000e+02
3.390000000000000000e+02
3.350000000000000000e+02
3.590000000000000000e+02
3.380000000000000000e+02
3.650000000000000000e+02
3.880000000000000000e+02
4.060000000000000000e+02
3.690000000000000000e+02
4.010000000000000000e+02
4.170000000000000000e+02
3.730000000000000000e+02
3.910000000000000000e+02
4.110000000000000000e+02
3.940000000000000000e+02
4.330000000000000000e+02
4.580000000000000000e+02
4.530000000000000000e+02
4.840000000000000000e+02
4.670000000000000000e+02
4.780000000000000000e+02
4.850000000000000000e+02
5.020000000000000000e+02
5.160000000000000000e+02
5.270000000000000000e+02
5.350000000000000000e+02
4.910000000000000000e+02
5.140000000000000000e+02
5.110000000000000000e+02
5.250000000000000000e+02
5.270000000000000000e+02
4.920000000000000000e+02
5.050000000000000000e+02
5.560000000000000000e+02
5.760000000000000000e+02
5.680000000000000000e+02
5.600000000000000000e+02
5.380000000000000000e+02
5.820000000000000000e+02
5.860000000000000000e+02
5.890000000000000000e+02
5.780000000000000000e+02
6.010000000000000000e+02
6.010000000000000000e+02
5.680000000000000000e+02
5.910000000000000000e+02
6.410000000000000000e+02
5.990000000000000000e+02
6.650000000000000000e+02
6.540000000000000000e+02
6.450000000000000000e+02
6.760000000000000000e+02
6.310000000000000000e+02
6.500000000000000000e+02
6.690000000000000000e+02
6.800000000000000000e+02
7.640000000000000000e+02
7.030000000000000000e+02
7.100000000000000000e+02
7.180000000000000000e+02
7.250000000000000000e+02
7.810000000000000000e+02
7.820000000000000000e+02
7.520000000000000000e+02
9.130000000000000000e+02
8.960000000000000000e+02
9.440000000000000000e+02
9.770000000000000000e+02
1.020000000000000000e+03
1.031000000000000000e+03
1.038000000000000000e+03
1.057000000000000000e+03
1.192000000000000000e+03
1.313000000000000000e+03
1.259000000000000000e+03
1.229000000000000000e+03
1.254000000000000000e+03
1.354000000000000000e+03
1.455000000000000000e+03
1.491000000000000000e+03
1.591000000000000000e+03
1.691000000000000000e+03
1.584000000000000000e+03
1.834000000000000000e+03
1.870000000000000000e+03
1.759000000000000000e+03
1.800000000000000000e+03
1.717000000000000000e+03
1.716000000000000000e+03
1.656000000000000000e+03
1.677000000000000000e+03
1.681000000000000000e+03
1.636000000000000000e+03
1.735000000000000000e+03
1.643000000000000000e+03
1.764000000000000000e+03
1.567000000000000000e+03
1.648000000000000000e+03
1.716000000000000000e+03
1.699000000000000000e+03
1.588000000000000000e+03
1.682000000000000000e+03
1.698000000000000000e+03
1.752000000000000000e+03
1.750000000000000000e+03
1.687000000000000000e+03
1.767000000000000000e+03
1.642000000000000000e+03
1.658000000000000000e+03
1.618000000000000000e+03
1.632000000000000000e+03
1.554000000000000000e+03
1.550000000000000000e+03
1.529000000000000000e+03
1.543000000000000000e+03
1.510000000000000000e+03
1.501000000000000000e+03
1.498000000000000000e+03
1.470000000000000000e+03
1.463000000000000000e+03
1.523000000000000000e+03
1.485000000000000000e+03
1.521000000000000000e+03
1.444000000000000000e+03
1.461000000000000000e+03
1.372000000000000000e+03
1.436000000000000000e+03
1.440000000000000000e+03
1.397000000000000000e+03
1.313000000000000000e+03
1.313000000000000000e+03
1.340000000000000000e+03
1.291000000000000000e+03
1.290000000000000000e+03
1.318000000000000000e+03
1.328000000000000000e+03
1.323000000000000000e+03
1.309000000000000000e+03
1.326000000000000000e+03
1.277000000000000000e+03
1.262000000000000000e+03
1.257000000000000000e+03
1.196000000000000000e+03
1.275000000000000000e+03
1.232000000000000000e+03
1.211000000000000000e+03
1.160000000000000000e+03
1.151000000000000000e+03
1.190000000000000000e+03
1.176000000000000000e+03
1.122000000000000000e+03
1.131000000000000000e+03
1.067000000000000000e+03
1.070000000000000000e+03
1.049000000000000000e+03
1.119000000000000000e+03
1.057000000000000000e+03
1.087000000000000000e+03
1.085000000000000000e+03
1.131000000000000000e+03
1.159000000000000000e+03
1.180000000000000000e+03
1.185000000000000000e+03
1.115000000000000000e+03
9.980000000000000000e+02
9.280000000000000000e+02
1.026000000000000000e+03
9.480000000000000000e+02
9.000000000000000000e+02
7.830000000000000000e+02
7.940000000000000000e+02
7.520000000000000000e+02
7.630000000000000000e+02
7.560000000000000000e+02
7.230000000000000000e+02
7.290000000000000000e+02
7.420000000000000000e+02
7.610000000000000000e+02
7.710000000000000000e+02
8.300000000000000000e+02
8.530000000000000000e+02
8.670000000000000000e+02
9.130000000000000000e+02
8.820000000000000000e+02
9.220000000000000000e+02
1.051000000000000000e+03
1.090000000000000000e+03
1.211000000000000000e+03
1.242000000000000000e+03
1.333000000000000000e+03
1.415000000000000000e+03
1.755000000000000000e+03
1.585000000000000000e+03
1.566000000000000000e+03
1.184000000000000000e+03
1.006000000000000000e+03
8.380000000000000000e+02
7.800000000000000000e+02
7.920000000000000000e+02
8.830000000000000000e+02
9.830000000000000000e+02
1.012000000000000000e+03
1.335000000000000000e+03
1.223000000000000000e+03
1.573000000000000000e+03
1.458000000000000000e+03
1.823000000000000000e+03
1.509000000000000000e+03
1.473000000000000000e+03
1.540000000000000000e+03
1.885000000000000000e+03
3.138000000000000000e+03
1.868000000000000000e+03
5.300000000000000000e+03
1.173000000000000000e+03
2.902000000000000000e+03
5.048000000000000000e+03
3.665000000000000000e+03
7.492000000000000000e+03
9.830000000000000000e+02
2.415000000000000000e+03
8.310000000000000000e+02
7.140000000000000000e+02
5.990000000000000000e+02
6.410000000000000000e+02
6.440000000000000000e+02
6.740000000000000000e+02
7.670000000000000000e+02
9.900000000000000000e+02
1.161000000000000000e+03
1.941000000000000000e+03
9.820000000000000000e+02
8.490000000000000000e+02
2.047000000000000000e+03
3.639000000000000000e+03
9.390000000000000000e+02
8.240000000000000000e+02
7.730000000000000000e+02
7.860000000000000000e+02
6.740000000000000000e+02
6.200000000000000000e+02
6.000000000000000000e+02
6.320000000000000000e+02
6.740000000000000000e+02
6.120000000000000000e+02
5.800000000000000000e+02
6.060000000000000000e+02
6.590000000000000000e+02
6.070000000000000000e+02
6.230000000000000000e+02
6.020000000000000000e+02
5.850000000000000000e+02
5.910000000000000000e+02
5.810000000000000000e+02
5.890000000000000000e+02
6.420000000000000000e+02
6.150000000000000000e+02
6.400000000000000000e+02
5.890000000000000000e+02
6.930000000000000000e+02
7.000000000000000000e+02
7.050000000000000000e+02
7.200000000000000000e+02
7.110000000000000000e+02
6.690000000000000000e+02
7.610000000000000000e+02
8.190000000000000000e+02
8.240000000000000000e+02
8.340000000000000000e+02
8.090000000000000000e+02
8.110000000000000000e+02
9.060000000000000000e+02
9.320000000000000000e+02
8.780000000000000000e+02
8.810000000000000000e+02
9.940000000000000000e+02
9.980000000000000000e+02
9.810000000000000000e+02
9.690000000000000000e+02
9.910000000000000000e+02
9.460000000000000000e+02
1.004000000000000000e+03
1.102000000000000000e+03
1.134000000000000000e+03
1.342000000000000000e+03
1.278000000000000000e+03
1.402000000000000000e+03
1.528000000000000000e+03
1.578000000000000000e+03
1.600000000000000000e+03
1.673000000000000000e+03
1.730000000000000000e+03
1.800000000000000000e+03
1.787000000000000000e+03
1.835000000000000000e+03
1.800000000000000000e+03
1.743000000000000000e+03
1.639000000000000000e+03
1.640000000000000000e+03
1.464000000000000000e+03
1.445000000000000000e+03
1.406000000000000000e+03
1.310000000000000000e+03
1.313000000000000000e+03
1.178000000000000000e+03
1.168000000000000000e+03
1.101000000000000000e+03
1.079000000000000000e+03
1.105000000000000000e+03
1.105000000000000000e+03
1.084000000000000000e+03
1.035000000000000000e+03
1.082000000000000000e+03
1.005000000000000000e+03
9.720000000000000000e+02
9.710000000000000000e+02
1.007000000000000000e+03
9.330000000000000000e+02
9.830000000000000000e+02
9.670000000000000000e+02
1.033000000000000000e+03
1.005000000000000000e+03
1.022000000000000000e+03
1.027000000000000000e+03
1.071000000000000000e+03
1.091000000000000000e+03
1.050000000000000000e+03
1.130000000000000000e+03
1.139000000000000000e+03
1.195000000000000000e+03
1.343000000000000000e+03
1.279000000000000000e+03
1.346000000000000000e+03
1.396000000000000000e+03
1.327000000000000000e+03
1.315000000000000000e+03
1.240000000000000000e+03
1.310000000000000000e+03
1.311000000000000000e+03
1.290000000000000000e+03
1.307000000000000000e+03
1.267000000000000000e+03
1.264000000000000000e+03
1.369000000000000000e+03
1.328000000000000000e+03
1.259000000000000000e+03
1.310000000000000000e+03
1.291000000000000000e+03
1.393000000000000000e+03
1.402000000000000000e+03
1.434000000000000000e+03
1.415000000000000000e+03
1.384000000000000000e+03
1.421000000000000000e+03
1.363000000000000000e+03
1.369000000000000000e+03
1.419000000000000000e+03
1.412000000000000000e+03
1.404000000000000000e+03
1.444000000000000000e+03
1.397000000000000000e+03
1.435000000000000000e+03
1.503000000000000000e+03
1.420000000000000000e+03
1.435000000000000000e+03
1.397000000000000000e+03
1.471000000000000000e+03
1.452000000000000000e+03
1.463000000000000000e+03
1.364000000000000000e+03
1.371000000000000000e+03
1.338000000000000000e+03
1.384000000000000000e+03
1.289000000000000000e+03
1.246000000000000000e+03
1.309000000000000000e+03
1.213000000000000000e+03
1.213000000000000000e+03
1.205000000000000000e+03
1.199000000000000000e+03
1.137000000000000000e+03
1.100000000000000000e+03
1.032000000000000000e+03
1.059000000000000000e+03
1.080000000000000000e+03
1.007000000000000000e+03
8.730000000000000000e+02
8.630000000000000000e+02
7.730000000000000000e+02
7.640000000000000000e+02
7.610000000000000000e+02
7.830000000000000000e+02
6.730000000000000000e+02
6.300000000000000000e+02
6.310000000000000000e+02
5.780000000000000000e+02
6.210000000000000000e+02
5.980000000000000000e+02
6.040000000000000000e+02
5.600000000000000000e+02
5.910000000000000000e+02
5.770000000000000000e+02
5.530000000000000000e+02
5.880000000000000000e+02
5.460000000000000000e+02
5.580000000000000000e+02
5.360000000000000000e+02
5.790000000000000000e+02
6.110000000000000000e+02
6.340000000000000000e+02
5.990000000000000000e+02
7.850000000000000000e+02
7.700000000000000000e+02
7.620000000000000000e+02
7.710000000000000000e+02
8.110000000000000000e+02
7.220000000000000000e+02
6.910000000000000000e+02
7.380000000000000000e+02
6.770000000000000000e+02
6.190000000000000000e+02
6.610000000000000000e+02
6.280000000000000000e+02
6.730000000000000000e+02
6.700000000000000000e+02
6.210000000000000000e+02
5.530000000000000000e+02
5.680000000000000000e+02
5.280000000000000000e+02
5.270000000000000000e+02
5.090000000000000000e+02
5.130000000000000000e+02
5.200000000000000000e+02
5.580000000000000000e+02
5.200000000000000000e+02
5.780000000000000000e+02
5.620000000000000000e+02
5.980000000000000000e+02
6.430000000000000000e+02
7.110000000000000000e+02
7.110000000000000000e+02
6.830000000000000000e+02
7.080000000000000000e+02
8.260000000000000000e+02
8.590000000000000000e+02
8.730000000000000000e+02
1.015000000000000000e+03
1.176000000000000000e+03
1.201000000000000000e+03
1.093000000000000000e+03
1.066000000000000000e+03
1.056000000000000000e+03
1.212000000000000000e+03
9.740000000000000000e+02
9.130000000000000000e+02
8.060000000000000000e+02
8.300000000000000000e+02
7.450000000000000000e+02
6.770000000000000000e+02
8.000000000000000000e+02
8.150000000000000000e+02
9.060000000000000000e+02
8.270000000000000000e+02
1.053000000000000000e+03
1.056000000000000000e+03
1.319000000000000000e+03
1.809000000000000000e+03
2.073000000000000000e+03
2.162000000000000000e+03
2.133000000000000000e+03
2.980000000000000000e+03
8.198000000000000000e+03
6.837000000000000000e+03
1.305400000000000000e+04
1.595000000000000000e+03
9.350000000000000000e+02
2.586000000000000000e+03
8.850000000000000000e+02
6.320000000000000000e+02
3.460000000000000000e+02
2.380000000000000000e+02
2.020000000000000000e+02
1.730000000000000000e+02
1.610000000000000000e+02
3.550000000000000000e+02
4.240000000000000000e+02
1.094000000000000000e+03
2.050000000000000000e+02
1.140000000000000000e+02
3.020000000000000000e+02
4.941000000000000000e+03
8.720000000000000000e+02
1.184000000000000000e+03
9.710000000000000000e+02
1.285000000000000000e+03
1.237000000000000000e+03
1.143000000000000000e+03
1.228000000000000000e+03
1.257000000000000000e+03
1.285000000000000000e+03
1.311000000000000000e+03
1.320000000000000000e+03
1.333000000000000000e+03
1.408000000000000000e+03
1.384000000000000000e+03
1.457000000000000000e+03
1.488000000000000000e+03
1.668000000000000000e+03
1.629000000000000000e+03
1.628000000000000000e+03
1.687000000000000000e+03
1.701000000000000000e+03
1.784000000000000000e+03
1.877000000000000000e+03
1.937000000000000000e+03
1.969000000000000000e+03
2.064000000000000000e+03
1.921000000000000000e+03
1.823000000000000000e+03
1.714000000000000000e+03
1.596000000000000000e+03
1.595000000000000000e+03
1.454000000000000000e+03
1.337000000000000000e+03
1.406000000000000000e+03
1.348000000000000000e+03
1.304000000000000000e+03
1.261000000000000000e+03
1.277000000000000000e+03
1.203000000000000000e+03
1.237000000000000000e+03
1.242000000000000000e+03
1.311000000000000000e+03
1.266000000000000000e+03
1.297000000000000000e+03
1.310000000000000000e+03
1.346000000000000000e+03
1.317000000000000000e+03
1.270000000000000000e+03
1.295000000000000000e+03
1.259000000000000000e+03
1.232000000000000000e+03
1.222000000000000000e+03
1.192000000000000000e+03
1.179000000000000000e+03
1.217000000000000000e+03
1.094000000000000000e+03
1.158000000000000000e+03
1.179000000000000000e+03
1.105000000000000000e+03
1.071000000000000000e+03
1.099000000000000000e+03
1.132000000000000000e+03
1.095000000000000000e+03
1.086000000000000000e+03
1.148000000000000000e+03
1.128000000000000000e+03
1.143000000000000000e+03
1.305000000000000000e+03
1.294000000000000000e+03
1.373000000000000000e+03
1.351000000000000000e+03
1.361000000000000000e+03
1.256000000000000000e+03
1.290000000000000000e+03
1.299000000000000000e+03
1.326000000000000000e+03
1.333000000000000000e+03
1.322000000000000000e+03
1.337000000000000000e+03
1.392000000000000000e+03
1.440000000000000000e+03
1.379000000000000000e+03
1.389000000000000000e+03
1.427000000000000000e+03
1.552000000000000000e+03
1.563000000000000000e+03
1.601000000000000000e+03
1.523000000000000000e+03
1.454000000000000000e+03
1.430000000000000000e+03
1.581000000000000000e+03
1.497000000000000000e+03
1.495000000000000000e+03
1.466000000000000000e+03
1.401000000000000000e+03
1.345000000000000000e+03
1.351000000000000000e+03
1.400000000000000000e+03
1.385000000000000000e+03
1.337000000000000000e+03
1.308000000000000000e+03
1.356000000000000000e+03
1.328000000000000000e+03
1.305000000000000000e+03
1.276000000000000000e+03
1.227000000000000000e+03
1.237000000000000000e+03
1.247000000000000000e+03
1.306000000000000000e+03
1.285000000000000000e+03
1.134000000000000000e+03
1.170000000000000000e+03
1.149000000000000000e+03
1.174000000000000000e+03
1.131000000000000000e+03
1.179000000000000000e+03
1.183000000000000000e+03
1.144000000000000000e+03
1.197000000000000000e+03
1.128000000000000000e+03
1.049000000000000000e+03
1.053000000000000000e+03
9.740000000000000000e+02
9.260000000000000000e+02
9.490000000000000000e+02
9.250000000000000000e+02
9.310000000000000000e+02
9.130000000000000000e+02
8.010000000000000000e+02
8.610000000000000000e+02
8.140000000000000000e+02
8.730000000000000000e+02
8.180000000000000000e+02
8.190000000000000000e+02
7.670000000000000000e+02
6.900000000000000000e+02
6.730000000000000000e+02
6.770000000000000000e+02
5.700000000000000000e+02
5.320000000000000000e+02
5.060000000000000000e+02
4.720000000000000000e+02
4.600000000000000000e+02
4.270000000000000000e+02
4.570000000000000000e+02
4.610000000000000000e+02
4.030000000000000000e+02
4.000000000000000000e+02
3.770000000000000000e+02
3.840000000000000000e+02
3.480000000000000000e+02
3.490000000000000000e+02
3.140000000000000000e+02
3.240000000000000000e+02
3.460000000000000000e+02
3.270000000000000000e+02
3.590000000000000000e+02
3.590000000000000000e+02
4.100000000000000000e+02
3.440000000000000000e+02
3.760000000000000000e+02
4.190000000000000000e+02
3.900000000000000000e+02
4.130000000000000000e+02
3.900000000000000000e+02
3.680000000000000000e+02
3.880000000000000000e+02
3.690000000000000000e+02
4.440000000000000000e+02
4.200000000000000000e+02
4.170000000000000000e+02
5.140000000000000000e+02
5.790000000000000000e+02
5.270000000000000000e+02
5.780000000000000000e+02
5.680000000000000000e+02
5.310000000000000000e+02
6.010000000000000000e+02
4.930000000000000000e+02
5.050000000000000000e+02
4.670000000000000000e+02
4.540000000000000000e+02
5.200000000000000000e+02
4.740000000000000000e+02
5.510000000000000000e+02
5.350000000000000000e+02
4.830000000000000000e+02
4.670000000000000000e+02
4.540000000000000000e+02
4.340000000000000000e+02
3.920000000000000000e+02
4.260000000000000000e+02
4.000000000000000000e+02
4.150000000000000000e+02
3.710000000000000000e+02
3.880000000000000000e+02
3.910000000000000000e+02
3.750000000000000000e+02
3.930000000000000000e+02
3.910000000000000000e+02
4.150000000000000000e+02
4.080000000000000000e+02
3.850000000000000000e+02
3.690000000000000000e+02
4.260000000000000000e+02
4.320000000000000000e+02
4.350000000000000000e+02
4.570000000000000000e+02
4.530000000000000000e+02
4.570000000000000000e+02
5.840000000000000000e+02
6.240000000000000000e+02
7.860000000000000000e+02
7.700000000000000000e+02
8.160000000000000000e+02
8.870000000000000000e+02
1.026000000000000000e+03
1.036000000000000000e+03
9.530000000000000000e+02
9.250000000000000000e+02
8.110000000000000000e+02
8.730000000000000000e+02
7.440000000000000000e+02
7.210000000000000000e+02
7.230000000000000000e+02
7.670000000000000000e+02
7.880000000000000000e+02
7.330000000000000000e+02
1.006000000000000000e+03
8.950000000000000000e+02
1.072000000000000000e+03
1.215000000000000000e+03
1.117000000000000000e+03
1.628000000000000000e+03
1.880000000000000000e+03
2.329000000000000000e+03
1.933000000000000000e+03
2.341000000000000000e+03
2.454000000000000000e+03
4.524000000000000000e+03
3.187000000000000000e+03
1.221600000000000000e+04
3.917000000000000000e+03
7.771000000000000000e+03
8.370000000000000000e+02
5.230000000000000000e+02
4.000000000000000000e+02
3.930000000000000000e+02
2.430000000000000000e+02
4.220000000000000000e+02
2.970000000000000000e+02
8.280000000000000000e+02
1.200000000000000000e+02
2.770000000000000000e+02
3.220000000000000000e+02
