0.000000000000000000e+00
0.000000000000000000e+00
0.000000000000000000e+00
0.000000000000000000e+00
0.000000000000000000e+00
0.000000000000000000e+00
0.000000000000000000e+00
0.000000000000000000e+00
3.000000000000000000e+00
4.000000000000000000e+00
2.100000000000000000e+01
4.000000000000000000e+01
8.600000000000000000e+01
1.440000000000000000e+02
2.320000000000000000e+02
3.320000000000000000e+02
3.950000000000000000e+02
3.970000000000000000e+02
4.320000000000000000e+02
5.310000000000000000e+02
6.440000000000000000e+02
8.380000000000000000e+02
9.360000000000000000e+02
1.073000000000000000e+03
1.075000000000000000e+03
9.800000000000000000e+02
1.072000000000000000e+03
1.119000000000000000e+03
1.178000000000000000e+03
1.213000000000000000e+03
1.270000000000000000e+03
1.355000000000000000e+03
1.428000000000000000e+03
1.278000000000000000e+03
1.298000000000000000e+03
1.144000000000000000e+03
1.234000000000000000e+03
1.274000000000000000e+03
1.418000000000000000e+03
1.387000000000000000e+03
1.200000000000000000e+03
1.303000000000000000e+03
1.267000000000000000e+03
1.294000000000000000e+03
1.463000000000000000e+03
1.676000000000000000e+03
1.772000000000000000e+03
1.830000000000000000e+03
2.118000000000000000e+03
2.191000000000000000e+03
2.041000000000000000e+03
2.181000000000000000e+03
2.335000000000000000e+03
2.327000000000000000e+03
2.439000000000000000e+03
2.538000000000000000e+03
2.643000000000000000e+03
2.664000000000000000e+03
2.794000000000000000e+03
3.074000000000000000e+03
3.061000000000000000e+03
3.077000000000000000e+03
3.085000000000000000e+03
2.917000000000000000e+03
2.907000000000000000e+03
2.824000000000000000e+03
2.833000000000000000e+03
2.523000000000000000e+03
2.374000000000000000e+03
2.171000000000000000e+03
2.183000000000000000e+03
2.252000000000000000e+03
2.065000000000000000e+03
1.903000000000000000e+03
1.829000000000000000e+03
1.838000000000000000e+03
1.894000000000000000e+03
1.902000000000000000e+03
2.043000000000000000e+03
2.253000000000000000e+03
2.147000000000000000e+03
2.703000000000000000e+03
2.900000000000000000e+03
2.651000000000000000e+03
2.719000000000000000e+03
2.410000000000000000e+03
2.611000000000000000e+03
2.530000000000000000e+03
2.643000000000000000e+03
2.570000000000000000e+03
2.668000000000000000e+03
2.773000000000000000e+03
2.442000000000000000e+03
2.244000000000000000e+03
2.277000000000000000e+03
2.232000000000000000e+03
2.423000000000000000e+03
2.358000000000000000e+03
2.319000000000000000e+03
2.034000000000000000e+03
1.982000000000000000e+03
1.819000000000000000e+03
1.715000000000000000e+03
1.670000000000000000e+03
1.659000000000000000e+03
1.545000000000000000e+03
1.716000000000000000e+03
1.640000000000000000e+03
1.663000000000000000e+03
1.734000000000000000e+03
1.790000000000000000e+03
1.671000000000000000e+03
1.708000000000000000e+03
1.558000000000000000e+03
1.509000000000000000e+03
1.479000000000000000e+03
1.303000000000000000e+03
1.207000000000000000e+03
1.168000000000000000e+03
1.179000000000000000e+03
1.098000000000000000e+03
1.060000000000000000e+03
9.590000000000000000e+02
9.410000000000000000e+02
8.680000000000000000e+02
9.250000000000000000e+02
9.190000000000000000e+02
8.020000000000000000e+02
7.340000000000000000e+02
5.840000000000000000e+02
5.430000000000000000e+02
4.830000000000000000e+02
4.570000000000000000e+02
4.230000000000000000e+02
3.960000000000000000e+02
4.240000000000000000e+02
3.640000000000000000e+02
4.290000000000000000e+02
4.170000000000000000e+02
4.250000000000000000e+02
3.620000000000000000e+02
4.040000000000000000e+02
3.860000000000000000e+02
4.190000000000000000e+02
3.990000000000000000e+02
4.030000000000000000e+02
3.760000000000000000e+02
3.320000000000000000e+02
3.600000000000000000e+02
3.260000000000000000e+02
3.300000000000000000e+02
2.940000000000000000e+02
2.870000000000000000e+02
2.840000000000000000e+02
2.610000000000000000e+02
2.510000000000000000e+02
2.300000000000000000e+02
2.290000000000000000e+02
2.340000000000000000e+02
1.970000000000000000e+02
2.130000000000000000e+02
1.940000000000000000e+02
2.120000000000000000e+02
1.730000000000000000e+02
1.870000000000000000e+02
1.520000000000000000e+02
1.880000000000000000e+02
1.860000000000000000e+02
1.930000000000000000e+02
1.530000000000000000e+02
1.980000000000000000e+02
1.810000000000000000e+02
1.670000000000000000e+02
1.580000000000000000e+02
1.610000000000000000e+02
1.750000000000000000e+02
1.560000000000000000e+02
1.440000000000000000e+02
1.650000000000000000e+02
1.340000000000000000e+02
1.430000000000000000e+02
1.560000000000000000e+02
1.350000000000000000e+02
1.640000000000000000e+02
1.230000000000000000e+02
1.510000000000000000e+02
1.330000000000000000e+02
1.380000000000000000e+02
1.330000000000000000e+02
1.360000000000000000e+02
1.400000000000000000e+02
1.180000000000000000e+02
1.380000000000000000e+02
1.230000000000000000e+02
1.370000000000000000e+02
1.110000000000000000e+02
1.190000000000000000e+02
1.620000000000000000e+02
1.570000000000000000e+02
1.650000000000000000e+02
2.020000000000000000e+02
2.390000000000000000e+02
2.730000000000000000e+02
2.820000000000000000e+02
3.190000000000000000e+02
3.210000000000000000e+02
4.020000000000000000e+02
3.830000000000000000e+02
4.280000000000000000e+02
4.120000000000000000e+02
3.870000000000000000e+02
4.650000000000000000e+02
5.170000000000000000e+02
5.640000000000000000e+02
5.530000000000000000e+02
4.490000000000000000e+02
5.170000000000000000e+02
5.980000000000000000e+02
5.490000000000000000e+02
5.480000000000000000e+02
5.830000000000000000e+02
7.620000000000000000e+02
8.790000000000000000e+02
8.000000000000000000e+02
7.760000000000000000e+02
5.550000000000000000e+02
5.250000000000000000e+02
4.760000000000000000e+02
6.510000000000000000e+02
1.245000000000000000e+03
6.850000000000000000e+02
4.090000000000000000e+02
3.960000000000000000e+02
1.100000000000000000e+02
8.400000000000000000e+01
5.900000000000000000e+01
4.900000000000000000e+01
3.900000000000000000e+01
3.600000000000000000e+01
2.500000000000000000e+01
3.400000000000000000e+01
3.600000000000000000e+01
2.100000000000000000e+01
2.900000000000000000e+01
1.900000000000000000e+01
1.300000000000000000e+01
1.700000000000000000e+01
1.600000000000000000e+01
1.700000000000000000e+01
1.600000000000000000e+01
1.100000000000000000e+01
1.200000000000000000e+01
1.100000000000000000e+01
6.000000000000000000e+00
4.000000000000000000e+00
1.500000000000000000e+01
4.000000000000000000e+00
3.000000000000000000e+00
3.000000000000000000e+00
2.000000000000000000e+00
8.000000000000000000e+00
1.100000000000000000e+01
1.700000000000000000e+01
2.700000000000000000e+01
3.700000000000000000e+01
8.100000000000000000e+01
1.250000000000000000e+02
2.910000000000000000e+02
4.400000000000000000e+02
6.970000000000000000e+02
9.460000000000000000e+02
1.090000000000000000e+03
1.012000000000000000e+03
1.010000000000000000e+03
1.156000000000000000e+03
1.484000000000000000e+03
1.581000000000000000e+03
1.905000000000000000e+03
2.295000000000000000e+03
2.508000000000000000e+03
2.903000000000000000e+03
2.930000000000000000e+03
3.459000000000000000e+03
4.721000000000000000e+03
5.360000000000000000e+03
5.879000000000000000e+03
4.968000000000000000e+03
4.329000000000000000e+03
3.957000000000000000e+03
4.106000000000000000e+03
4.278000000000000000e+03
3.654000000000000000e+03
3.484000000000000000e+03
3.441000000000000000e+03
3.333000000000000000e+03
3.034000000000000000e+03
2.748000000000000000e+03
2.503000000000000000e+03
2.384000000000000000e+03
2.140000000000000000e+03
2.186000000000000000e+03
2.112000000000000000e+03
2.413000000000000000e+03
2.376000000000000000e+03
2.570000000000000000e+03
2.693000000000000000e+03
2.885000000000000000e+03
2.903000000000000000e+03
2.939000000000000000e+03
2.871000000000000000e+03
2.759000000000000000e+03
2.598000000000000000e+03
2.462000000000000000e+03
2.290000000000000000e+03
2.369000000000000000e+03
2.279000000000000000e+03
2.339000000000000000e+03
2.352000000000000000e+03
2.390000000000000000e+03
2.358000000000000000e+03
2.221000000000000000e+03
2.261000000000000000e+03
2.170000000000000000e+03
1.882000000000000000e+03
1.887000000000000000e+03
1.786000000000000000e+03
1.749000000000000000e+03
1.734000000000000000e+03
1.717000000000000000e+03
1.641000000000000000e+03
1.594000000000000000e+03
1.660000000000000000e+03
1.642000000000000000e+03
1.521000000000000000e+03
1.607000000000000000e+03
1.361000000000000000e+03
1.426000000000000000e+03
1.393000000000000000e+03
1.400000000000000000e+03
1.352000000000000000e+03
1.385000000000000000e+03
1.459000000000000000e+03
1.409000000000000000e+03
1.404000000000000000e+03
1.401000000000000000e+03
1.456000000000000000e+03
1.147000000000000000e+03
1.158000000000000000e+03
1.230000000000000000e+03
1.173000000000000000e+03
1.138000000000000000e+03
1.143000000000000000e+03
1.034000000000000000e+03
1.026000000000000000e+03
9.580000000000000000e+02
9.070000000000000000e+02
9.530000000000000000e+02
8.540000000000000000e+02
8.640000000000000000e+02
7.970000000000000000e+02
7.760000000000000000e+02
7.720000000000000000e+02
6.600000000000000000e+02
6.360000000000000000e+02
6.290000000000000000e+02
6.020000000000000000e+02
6.600000000000000000e+02
5.840000000000000000e+02
6.100000000000000000e+02
5.860000000000000000e+02
6.030000000000000000e+02
5.920000000000000000e+02
5.910000000000000000e+02
5.200000000000000000e+02
5.490000000000000000e+02
5.160000000000000000e+02
4.570000000000000000e+02
4.080000000000000000e+02
3.930000000000000000e+02
4.220000000000000000e+02
3.650000000000000000e+02
4.010000000000000000e+02
3.280000000000000000e+02
3.550000000000000000e+02
3.410000000000000000e+02
3.610000000000000000e+02
3.900000000000000000e+02
3.960000000000000000e+02
3.570000000000000000e+02
3.300000000000000000e+02
3.290000000000000000e+02
2.990000000000000000e+02
2.960000000000000000e+02
3.070000000000000000e+02
2.990000000000000000e+02
2.710000000000000000e+02
2.270000000000000000e+02
2.330000000000000000e+02
2.340000000000000000e+02
1.990000000000000000e+02
1.950000000000000000e+02
1.890000000000000000e+02
2.040000000000000000e+02
1.650000000000000000e+02
1.990000000000000000e+02
1.830000000000000000e+02
1.830000000000000000e+02
1.950000000000000000e+02
1.700000000000000000e+02
1.700000000000000000e+02
1.700000000000000000e+02
1.600000000000000000e+02
1.580000000000000000e+02
1.710000000000000000e+02
1.720000000000000000e+02
1.380000000000000000e+02
1.470000000000000000e+02
1.440000000000000000e+02
1.410000000000000000e+02
1.690000000000000000e+02
1.660000000000000000e+02
1.230000000000000000e+02
1.430000000000000000e+02
1.610000000000000000e+02
1.570000000000000000e+02
1.430000000000000000e+02
1.550000000000000000e+02
1.340000000000000000e+02
1.280000000000000000e+02
1.230000000000000000e+02
1.330000000000000000e+02
1.160000000000000000e+02
1.370000000000000000e+02
1.360000000000000000e+02
1.450000000000000000e+02
1.470000000000000000e+02
1.320000000000000000e+02
1.350000000000000000e+02
1.500000000000000000e+02
1.740000000000000000e+02
2.000000000000000000e+02
2.040000000000000000e+02
2.410000000000000000e+02
2.750000000000000000e+02
2.770000000000000000e+02
2.930000000000000000e+02
3.400000000000000000e+02
3.300000000000000000e+02
4.030000000000000000e+02
3.650000000000000000e+02
3.670000000000000000e+02
3.740000000000000000e+02
4.390000000000000000e+02
4.860000000000000000e+02
5.050000000000000000e+02
4.970000000000000000e+02
5.360000000000000000e+02
4.480000000000000000e+02
4.420000000000000000e+02
5.000000000000000000e+02
4.680000000000000000e+02
4.720000000000000000e+02
4.990000000000000000e+02
5.450000000000000000e+02
5.270000000000000000e+02
5.610000000000000000e+02
5.630000000000000000e+02
5.720000000000000000e+02
5.460000000000000000e+02
4.180000000000000000e+02
4.960000000000000000e+02
3.470000000000000000e+02
3.210000000000000000e+02
3.260000000000000000e+02
4.260000000000000000e+02
5.430000000000000000e+02
1.077000000000000000e+03
6.490000000000000000e+02
4.500000000000000000e+02
4.540000000000000000e+02
1.130000000000000000e+02
5.600000000000000000e+01
4.100000000000000000e+01
6.100000000000000000e+01
4.500000000000000000e+01
3.600000000000000000e+01
4.600000000000000000e+01
3.000000000000000000e+01
2.000000000000000000e+01
3.500000000000000000e+01
3.200000000000000000e+01
2.800000000000000000e+01
2.600000000000000000e+01
1.300000000000000000e+01
1.700000000000000000e+01
2.600000000000000000e+01
1.100000000000000000e+01
2.000000000000000000e+00
1.100000000000000000e+01
7.000000000000000000e+00
8.000000000000000000e+00
7.000000000000000000e+00
0.000000000000000000e+00
7.000000000000000000e+00
0.000000000000000000e+00
2.000000000000000000e+00
1.000000000000000000e+00
0.000000000000000000e+00
2.000000000000000000e+00
1.000000000000000000e+00
1.000000000000000000e+00
0.000000000000000000e+00
1.100000000000000000e+02
3.600000000000000000e+01
5.000000000000000000e+01
8.200000000000000000e+01
1.080000000000000000e+02
1.740000000000000000e+02
1.790000000000000000e+02
2.650000000000000000e+02
4.170000000000000000e+02
6.450000000000000000e+02
7.470000000000000000e+02
9.490000000000000000e+02
1.221000000000000000e+03
1.462000000000000000e+03
1.913000000000000000e+03
2.416000000000000000e+03
2.840000000000000000e+03
3.008000000000000000e+03
3.726000000000000000e+03
4.616000000000000000e+03
4.936000000000000000e+03
4.994000000000000000e+03
4.816000000000000000e+03
5.444000000000000000e+03
5.347000000000000000e+03
5.203000000000000000e+03
4.486000000000000000e+03
4.143000000000000000e+03
4.000000000000000000e+03
3.874000000000000000e+03
3.831000000000000000e+03
3.984000000000000000e+03
3.667000000000000000e+03
3.044000000000000000e+03
2.651000000000000000e+03
2.551000000000000000e+03
2.607000000000000000e+03
2.607000000000000000e+03
2.821000000000000000e+03
3.071000000000000000e+03
3.029000000000000000e+03
3.084000000000000000e+03
3.083000000000000000e+03
3.262000000000000000e+03
3.236000000000000000e+03
3.199000000000000000e+03
3.033000000000000000e+03
3.168000000000000000e+03
3.201000000000000000e+03
3.125000000000000000e+03
3.202000000000000000e+03
3.219000000000000000e+03
2.994000000000000000e+03
2.653000000000000000e+03
2.420000000000000000e+03
2.288000000000000000e+03
2.118000000000000000e+03
1.903000000000000000e+03
1.794000000000000000e+03
1.769000000000000000e+03
1.755000000000000000e+03
1.577000000000000000e+03
1.546000000000000000e+03
1.521000000000000000e+03
1.453000000000000000e+03
1.442000000000000000e+03
1.291000000000000000e+03
1.333000000000000000e+03
1.232000000000000000e+03
1.164000000000000000e+03
1.130000000000000000e+03
1.117000000000000000e+03
1.152000000000000000e+03
1.111000000000000000e+03
1.017000000000000000e+03
1.065000000000000000e+03
9.710000000000000000e+02
1.070000000000000000e+03
9.960000000000000000e+02
1.067000000000000000e+03
1.058000000000000000e+03
9.520000000000000000e+02
1.004000000000000000e+03
1.000000000000000000e+03
1.059000000000000000e+03
9.890000000000000000e+02
1.009000000000000000e+03
9.090000000000000000e+02
8.280000000000000000e+02
9.560000000000000000e+02
8.730000000000000000e+02
8.350000000000000000e+02
7.730000000000000000e+02
7.410000000000000000e+02
8.520000000000000000e+02
7.200000000000000000e+02
6.640000000000000000e+02
6.620000000000000000e+02
6.480000000000000000e+02
6.790000000000000000e+02
6.550000000000000000e+02
6.200000000000000000e+02
6.200000000000000000e+02
6.240000000000000000e+02
5.980000000000000000e+02
5.870000000000000000e+02
5.590000000000000000e+02
5.440000000000000000e+02
5.020000000000000000e+02
4.980000000000000000e+02
4.810000000000000000e+02
4.540000000000000000e+02
4.290000000000000000e+02
4.020000000000000000e+02
3.860000000000000000e+02
3.980000000000000000e+02
3.980000000000000000e+02
4.170000000000000000e+02
3.890000000000000000e+02
4.870000000000000000e+02
4.070000000000000000e+02
4.420000000000000000e+02
3.670000000000000000e+02
3.410000000000000000e+02
3.380000000000000000e+02
3.450000000000000000e+02
3.200000000000000000e+02
2.840000000000000000e+02
2.510000000000000000e+02
2.770000000000000000e+02
2.630000000000000000e+02
2.180000000000000000e+02
2.500000000000000000e+02
2.140000000000000000e+02
1.900000000000000000e+02
2.000000000000000000e+02
1.890000000000000000e+02
1.750000000000000000e+02
1.850000000000000000e+02
1.710000000000000000e+02
1.790000000000000000e+02
1.620000000000000000e+02
1.750000000000000000e+02
1.760000000000000000e+02
1.470000000000000000e+02
1.520000000000000000e+02
1.820000000000000000e+02
1.660000000000000000e+02
1.660000000000000000e+02
1.570000000000000000e+02
1.290000000000000000e+02
1.240000000000000000e+02
1.310000000000000000e+02
1.530000000000000000e+02
1.320000000000000000e+02
1.250000000000000000e+02
1.530000000000000000e+02
1.380000000000000000e+02
1.330000000000000000e+02
1.490000000000000000e+02
1.160000000000000000e+02
1.350000000000000000e+02
1.300000000000000000e+02
1.360000000000000000e+02
1.640000000000000000e+02
1.410000000000000000e+02
1.330000000000000000e+02
1.480000000000000000e+02
1.830000000000000000e+02
1.750000000000000000e+02
2.030000000000000000e+02
2.120000000000000000e+02
2.240000000000000000e+02
2.840000000000000000e+02
2.740000000000000000e+02
3.130000000000000000e+02
2.880000000000000000e+02
3.330000000000000000e+02
3.320000000000000000e+02
3.700000000000000000e+02
3.110000000000000000e+02
2.580000000000000000e+02
2.910000000000000000e+02
3.320000000000000000e+02
3.310000000000000000e+02
3.570000000000000000e+02
4.230000000000000000e+02
4.530000000000000000e+02
4.650000000000000000e+02
4.610000000000000000e+02
4.400000000000000000e+02
4.150000000000000000e+02
4.580000000000000000e+02
4.110000000000000000e+02
4.180000000000000000e+02
4.240000000000000000e+02
3.750000000000000000e+02
4.440000000000000000e+02
4.650000000000000000e+02
5.250000000000000000e+02
4.750000000000000000e+02
5.420000000000000000e+02
5.370000000000000000e+02
6.090000000000000000e+02
4.180000000000000000e+02
2.730000000000000000e+02
2.580000000000000000e+02
2.850000000000000000e+02
2.770000000000000000e+02
3.320000000000000000e+02
4.670000000000000000e+02
7.670000000000000000e+02
4.020000000000000000e+02
4.450000000000000000e+02
4.040000000000000000e+02
3.740000000000000000e+02
5.660000000000000000e+02
1.330000000000000000e+02
7.400000000000000000e+01
5.200000000000000000e+01
4.000000000000000000e+01
3.200000000000000000e+01
4.100000000000000000e+01
3.400000000000000000e+01
4.300000000000000000e+01
2.300000000000000000e+01
3.800000000000000000e+01
3.000000000000000000e+01
2.200000000000000000e+01
1.900000000000000000e+01
1.800000000000000000e+01
1.000000000000000000e+01
1.800000000000000000e+01
1.000000000000000000e+01
8.000000000000000000e+00
4.000000000000000000e+00
4.000000000000000000e+00
4.000000000000000000e+00
1.000000000000000000e+00
4.000000000000000000e+00
2.000000000000000000e+00
2.000000000000000000e+00
2.000000000000000000e+00
0.000000000000000000e+00
1.000000000000000000e+00
1.000000000000000000e+00
2.000000000000000000e+00
0.000000000000000000e+00
0.000000000000000000e+00
0.000000000000000000e+00
0.000000000000000000e+00
0.000000000000000000e+00
0.000000000000000000e+00
0.000000000000000000e+00
0.000000000000000000e+00
0.000000000000000000e+00
