2.710000000000000000e+02
3.000000000000000000e+02
4.200000000000000000e+02
5.880000000000000000e+02
5.330000000000000000e+02
5.570000000000000000e+02
5.230000000000000000e+02
4.730000000000000000e+02
4.970000000000000000e+02
4.820000000000000000e+02
5.020000000000000000e+02
5.300000000000000000e+02
6.080000000000000000e+02
6.410000000000000000e+02
7.930000000000000000e+02
8.250000000000000000e+02
8.370000000000000000e+02
7.390000000000000000e+02
7.720000000000000000e+02
8.460000000000000000e+02
9.160000000000000000e+02
1.504000000000000000e+03
1.304000000000000000e+03
1.222000000000000000e+03
1.200000000000000000e+03
1.040000000000000000e+03
1.044000000000000000e+03
1.041000000000000000e+03
1.119000000000000000e+03
1.083000000000000000e+03
1.084000000000000000e+03
1.043000000000000000e+03
1.095000000000000000e+03
1.037000000000000000e+03
1.020000000000000000e+03
8.950000000000000000e+02
8.440000000000000000e+02
8.000000000000000000e+02
8.150000000000000000e+02
8.070000000000000000e+02
7.590000000000000000e+02
7.340000000000000000e+02
7.940000000000000000e+02
7.900000000000000000e+02
8.090000000000000000e+02
8.560000000000000000e+02
8.100000000000000000e+02
8.330000000000000000e+02
7.800000000000000000e+02
8.490000000000000000e+02
9.460000000000000000e+02
9.450000000000000000e+02
9.180000000000000000e+02
1.023000000000000000e+03
1.060000000000000000e+03
1.088000000000000000e+03
1.091000000000000000e+03
1.214000000000000000e+03
1.210000000000000000e+03
1.431000000000000000e+03
1.401000000000000000e+03
1.483000000000000000e+03
1.516000000000000000e+03
1.637000000000000000e+03
1.615000000000000000e+03
1.775000000000000000e+03
1.709000000000000000e+03
1.785000000000000000e+03
1.840000000000000000e+03
1.563000000000000000e+03
1.578000000000000000e+03
1.518000000000000000e+03
1.509000000000000000e+03
1.522000000000000000e+03
1.414000000000000000e+03
1.420000000000000000e+03
1.235000000000000000e+03
1.383000000000000000e+03
1.130000000000000000e+03
1.199000000000000000e+03
1.254000000000000000e+03
1.277000000000000000e+03
1.287000000000000000e+03
1.179000000000000000e+03
1.129000000000000000e+03
1.094000000000000000e+03
1.123000000000000000e+03
1.093000000000000000e+03
9.750000000000000000e+02
9.580000000000000000e+02
8.860000000000000000e+02
9.220000000000000000e+02
9.390000000000000000e+02
9.050000000000000000e+02
9.000000000000000000e+02
1.003000000000000000e+03
9.990000000000000000e+02
9.980000000000000000e+02
1.058000000000000000e+03
1.135000000000000000e+03
1.147000000000000000e+03
1.222000000000000000e+03
1.231000000000000000e+03
1.178000000000000000e+03
1.154000000000000000e+03
1.042000000000000000e+03
1.083000000000000000e+03
1.122000000000000000e+03
1.139000000000000000e+03
1.063000000000000000e+03
1.055000000000000000e+03
9.550000000000000000e+02
1.005000000000000000e+03
1.020000000000000000e+03
1.034000000000000000e+03
9.740000000000000000e+02
9.540000000000000000e+02
9.870000000000000000e+02
9.380000000000000000e+02
1.002000000000000000e+03
1.076000000000000000e+03
1.101000000000000000e+03
1.202000000000000000e+03
1.216000000000000000e+03
1.402000000000000000e+03
1.451000000000000000e+03
1.599000000000000000e+03
1.893000000000000000e+03
1.905000000000000000e+03
2.391000000000000000e+03
2.930000000000000000e+03
2.754000000000000000e+03
3.301000000000000000e+03
2.812000000000000000e+03
2.260000000000000000e+03
2.005000000000000000e+03
1.909000000000000000e+03
1.611000000000000000e+03
1.582000000000000000e+03
1.385000000000000000e+03
1.255000000000000000e+03
1.095000000000000000e+03
1.075000000000000000e+03
1.041000000000000000e+03
8.930000000000000000e+02
9.770000000000000000e+02
9.800000000000000000e+02
9.000000000000000000e+02
9.420000000000000000e+02
9.300000000000000000e+02
9.800000000000000000e+02
1.126000000000000000e+03
1.066000000000000000e+03
1.099000000000000000e+03
1.168000000000000000e+03
1.212000000000000000e+03
1.321000000000000000e+03
1.208000000000000000e+03
1.166000000000000000e+03
1.184000000000000000e+03
1.294000000000000000e+03
1.330000000000000000e+03
1.255000000000000000e+03
1.114000000000000000e+03
1.123000000000000000e+03
1.083000000000000000e+03
1.007000000000000000e+03
8.680000000000000000e+02
9.110000000000000000e+02
9.130000000000000000e+02
9.420000000000000000e+02
7.730000000000000000e+02
7.380000000000000000e+02
7.480000000000000000e+02
7.190000000000000000e+02
7.440000000000000000e+02
7.810000000000000000e+02
7.220000000000000000e+02
6.810000000000000000e+02
6.860000000000000000e+02
5.470000000000000000e+02
4.720000000000000000e+02
4.550000000000000000e+02
4.020000000000000000e+02
3.580000000000000000e+02
3.720000000000000000e+02
3.410000000000000000e+02
3.470000000000000000e+02
4.040000000000000000e+02
4.350000000000000000e+02
4.170000000000000000e+02
4.840000000000000000e+02
5.780000000000000000e+02
7.750000000000000000e+02
5.640000000000000000e+02
6.340000000000000000e+02
4.980000000000000000e+02
5.910000000000000000e+02
5.200000000000000000e+02
6.350000000000000000e+02
5.330000000000000000e+02
5.440000000000000000e+02
7.130000000000000000e+02
8.160000000000000000e+02
8.050000000000000000e+02
1.159000000000000000e+03
1.195000000000000000e+03
1.132000000000000000e+03
1.249000000000000000e+03
9.510000000000000000e+02
6.980000000000000000e+02
6.960000000000000000e+02
7.710000000000000000e+02
7.250000000000000000e+02
7.020000000000000000e+02
9.200000000000000000e+02
8.750000000000000000e+02
7.850000000000000000e+02
7.110000000000000000e+02
6.840000000000000000e+02
7.780000000000000000e+02
7.170000000000000000e+02
9.660000000000000000e+02
9.780000000000000000e+02
1.028000000000000000e+03
1.396000000000000000e+03
8.530000000000000000e+02
6.410000000000000000e+02
4.190000000000000000e+02
3.070000000000000000e+02
3.430000000000000000e+02
3.000000000000000000e+02
3.150000000000000000e+02
2.990000000000000000e+02
3.410000000000000000e+02
2.640000000000000000e+02
2.570000000000000000e+02
2.610000000000000000e+02
2.160000000000000000e+02
1.370000000000000000e+02
7.600000000000000000e+01
8.500000000000000000e+01
3.400000000000000000e+01
4.200000000000000000e+01
3.200000000000000000e+01
3.500000000000000000e+01
3.600000000000000000e+01
3.300000000000000000e+01
4.200000000000000000e+01
3.500000000000000000e+01
1.900000000000000000e+01
3.600000000000000000e+01
2.700000000000000000e+01
1.900000000000000000e+01
2.100000000000000000e+01
4.300000000000000000e+01
3.010000000000000000e+02
2.880000000000000000e+02
4.010000000000000000e+02
4.630000000000000000e+02
5.120000000000000000e+02
5.520000000000000000e+02
3.890000000000000000e+02
3.980000000000000000e+02
3.580000000000000000e+02
3.740000000000000000e+02
3.630000000000000000e+02
3.850000000000000000e+02
4.140000000000000000e+02
4.570000000000000000e+02
4.540000000000000000e+02
4.780000000000000000e+02
5.480000000000000000e+02
5.420000000000000000e+02
5.380000000000000000e+02
5.950000000000000000e+02
6.990000000000000000e+02
8.310000000000000000e+02
1.449000000000000000e+03
1.074000000000000000e+03
1.415000000000000000e+03
1.349000000000000000e+03
1.296000000000000000e+03
1.070000000000000000e+03
1.126000000000000000e+03
1.156000000000000000e+03
1.148000000000000000e+03
1.167000000000000000e+03
1.180000000000000000e+03
1.144000000000000000e+03
1.100000000000000000e+03
9.610000000000000000e+02
9.170000000000000000e+02
8.730000000000000000e+02
8.040000000000000000e+02
8.050000000000000000e+02
7.320000000000000000e+02
7.230000000000000000e+02
6.790000000000000000e+02
6.960000000000000000e+02
6.470000000000000000e+02
7.130000000000000000e+02
7.000000000000000000e+02
7.200000000000000000e+02
7.580000000000000000e+02
6.940000000000000000e+02
7.410000000000000000e+02
8.220000000000000000e+02
7.260000000000000000e+02
7.680000000000000000e+02
8.510000000000000000e+02
8.430000000000000000e+02
8.560000000000000000e+02
9.590000000000000000e+02
1.037000000000000000e+03
1.021000000000000000e+03
1.011000000000000000e+03
1.048000000000000000e+03
1.024000000000000000e+03
9.750000000000000000e+02
1.009000000000000000e+03
1.010000000000000000e+03
1.038000000000000000e+03
1.021000000000000000e+03
1.039000000000000000e+03
1.063000000000000000e+03
1.080000000000000000e+03
1.059000000000000000e+03
9.020000000000000000e+02
8.950000000000000000e+02
9.350000000000000000e+02
8.340000000000000000e+02
8.460000000000000000e+02
8.430000000000000000e+02
7.690000000000000000e+02
7.940000000000000000e+02
8.150000000000000000e+02
8.740000000000000000e+02
8.150000000000000000e+02
8.110000000000000000e+02
8.460000000000000000e+02
7.950000000000000000e+02
8.570000000000000000e+02
8.550000000000000000e+02
9.360000000000000000e+02
9.650000000000000000e+02
9.550000000000000000e+02
1.020000000000000000e+03
9.490000000000000000e+02
9.330000000000000000e+02
9.300000000000000000e+02
9.770000000000000000e+02
8.470000000000000000e+02
8.540000000000000000e+02
8.950000000000000000e+02
8.660000000000000000e+02
8.470000000000000000e+02
9.200000000000000000e+02
8.660000000000000000e+02
8.740000000000000000e+02
8.400000000000000000e+02
8.470000000000000000e+02
8.310000000000000000e+02
9.800000000000000000e+02
9.280000000000000000e+02
8.220000000000000000e+02
9.310000000000000000e+02
8.320000000000000000e+02
9.240000000000000000e+02
9.370000000000000000e+02
1.041000000000000000e+03
1.012000000000000000e+03
1.018000000000000000e+03
1.039000000000000000e+03
1.100000000000000000e+03
1.141000000000000000e+03
1.194000000000000000e+03
1.269000000000000000e+03
1.281000000000000000e+03
1.352000000000000000e+03
1.500000000000000000e+03
1.467000000000000000e+03
1.484000000000000000e+03
1.625000000000000000e+03
1.654000000000000000e+03
1.490000000000000000e+03
1.500000000000000000e+03
1.504000000000000000e+03
1.379000000000000000e+03
1.473000000000000000e+03
1.398000000000000000e+03
1.440000000000000000e+03
1.625000000000000000e+03
1.670000000000000000e+03
1.918000000000000000e+03
2.167000000000000000e+03
2.231000000000000000e+03
2.202000000000000000e+03
2.194000000000000000e+03
2.270000000000000000e+03
2.077000000000000000e+03
1.993000000000000000e+03
1.821000000000000000e+03
1.823000000000000000e+03
1.597000000000000000e+03
1.477000000000000000e+03
1.407000000000000000e+03
1.386000000000000000e+03
1.419000000000000000e+03
1.468000000000000000e+03
1.422000000000000000e+03
1.584000000000000000e+03
1.615000000000000000e+03
1.737000000000000000e+03
1.690000000000000000e+03
1.785000000000000000e+03
1.847000000000000000e+03
1.663000000000000000e+03
1.648000000000000000e+03
1.466000000000000000e+03
1.452000000000000000e+03
1.446000000000000000e+03
1.395000000000000000e+03
1.189000000000000000e+03
1.136000000000000000e+03
9.420000000000000000e+02
8.920000000000000000e+02
7.820000000000000000e+02
6.790000000000000000e+02
6.670000000000000000e+02
6.050000000000000000e+02
5.560000000000000000e+02
5.100000000000000000e+02
4.900000000000000000e+02
4.640000000000000000e+02
5.650000000000000000e+02
4.900000000000000000e+02
5.850000000000000000e+02
6.410000000000000000e+02
6.360000000000000000e+02
7.080000000000000000e+02
7.450000000000000000e+02
7.850000000000000000e+02
8.960000000000000000e+02
1.066000000000000000e+03
1.250000000000000000e+03
1.438000000000000000e+03
1.470000000000000000e+03
1.586000000000000000e+03
1.590000000000000000e+03
1.546000000000000000e+03
1.392000000000000000e+03
1.554000000000000000e+03
1.390000000000000000e+03
2.378000000000000000e+03
2.404000000000000000e+03
2.363000000000000000e+03
1.369000000000000000e+03
5.750000000000000000e+02
5.530000000000000000e+02
5.320000000000000000e+02
4.790000000000000000e+02
5.100000000000000000e+02
8.470000000000000000e+02
9.860000000000000000e+02
9.030000000000000000e+02
1.095000000000000000e+03
1.569000000000000000e+03
1.146000000000000000e+03
7.880000000000000000e+02
7.880000000000000000e+02
6.970000000000000000e+02
7.550000000000000000e+02
4.970000000000000000e+02
6.200000000000000000e+02
6.570000000000000000e+02
7.150000000000000000e+02
6.810000000000000000e+02
6.030000000000000000e+02
7.710000000000000000e+02
9.040000000000000000e+02
1.194000000000000000e+03
6.730000000000000000e+02
1.225000000000000000e+03
9.560000000000000000e+02
4.840000000000000000e+02
2.990000000000000000e+02
2.710000000000000000e+02
1.790000000000000000e+02
1.420000000000000000e+02
7.000000000000000000e+01
4.900000000000000000e+01
5.400000000000000000e+01
4.700000000000000000e+01
4.500000000000000000e+01
4.900000000000000000e+01
2.800000000000000000e+01
4.500000000000000000e+01
3.200000000000000000e+01
4.300000000000000000e+01
4.100000000000000000e+01
4.100000000000000000e+01
3.000000000000000000e+01
4.000000000000000000e+01
4.200000000000000000e+01
2.400000000000000000e+01
4.400000000000000000e+01
3.300000000000000000e+01
2.700000000000000000e+01
2.900000000000000000e+01
2.400000000000000000e+01
2.500000000000000000e+01
2.370000000000000000e+02
1.980000000000000000e+02
3.050000000000000000e+02
4.000000000000000000e+02
5.770000000000000000e+02
4.790000000000000000e+02
3.210000000000000000e+02
3.030000000000000000e+02
2.640000000000000000e+02
3.200000000000000000e+02
3.600000000000000000e+02
3.320000000000000000e+02
3.620000000000000000e+02
3.170000000000000000e+02
3.910000000000000000e+02
3.870000000000000000e+02
4.800000000000000000e+02
5.310000000000000000e+02
5.780000000000000000e+02
6.320000000000000000e+02
6.000000000000000000e+02
6.370000000000000000e+02
8.280000000000000000e+02
1.203000000000000000e+03
1.808000000000000000e+03
1.488000000000000000e+03
1.580000000000000000e+03
1.339000000000000000e+03
1.231000000000000000e+03
1.086000000000000000e+03
1.089000000000000000e+03
1.099000000000000000e+03
1.093000000000000000e+03
1.166000000000000000e+03
1.159000000000000000e+03
1.112000000000000000e+03
1.031000000000000000e+03
8.970000000000000000e+02
8.780000000000000000e+02
8.360000000000000000e+02
7.040000000000000000e+02
8.160000000000000000e+02
7.120000000000000000e+02
7.300000000000000000e+02
6.930000000000000000e+02
7.210000000000000000e+02
6.940000000000000000e+02
7.550000000000000000e+02
7.890000000000000000e+02
7.360000000000000000e+02
7.700000000000000000e+02
7.180000000000000000e+02
7.590000000000000000e+02
7.610000000000000000e+02
7.750000000000000000e+02
7.300000000000000000e+02
7.580000000000000000e+02
8.900000000000000000e+02
7.810000000000000000e+02
8.630000000000000000e+02
8.580000000000000000e+02
9.120000000000000000e+02
8.870000000000000000e+02
8.440000000000000000e+02
8.510000000000000000e+02
8.240000000000000000e+02
9.270000000000000000e+02
9.220000000000000000e+02
9.100000000000000000e+02
9.160000000000000000e+02
9.370000000000000000e+02
9.900000000000000000e+02
1.105000000000000000e+03
1.104000000000000000e+03
1.082000000000000000e+03
1.010000000000000000e+03
1.007000000000000000e+03
8.790000000000000000e+02
8.770000000000000000e+02
8.230000000000000000e+02
7.740000000000000000e+02
8.630000000000000000e+02
8.230000000000000000e+02
8.150000000000000000e+02
7.980000000000000000e+02
8.290000000000000000e+02
9.300000000000000000e+02
9.030000000000000000e+02
9.260000000000000000e+02
9.310000000000000000e+02
1.088000000000000000e+03
1.168000000000000000e+03
1.331000000000000000e+03
1.061000000000000000e+03
1.108000000000000000e+03
1.103000000000000000e+03
1.050000000000000000e+03
1.009000000000000000e+03
9.780000000000000000e+02
9.130000000000000000e+02
8.990000000000000000e+02
8.080000000000000000e+02
8.750000000000000000e+02
8.930000000000000000e+02
8.920000000000000000e+02
8.260000000000000000e+02
8.850000000000000000e+02
8.850000000000000000e+02
8.540000000000000000e+02
9.000000000000000000e+02
8.480000000000000000e+02
8.070000000000000000e+02
8.810000000000000000e+02
7.460000000000000000e+02
7.580000000000000000e+02
7.610000000000000000e+02
8.130000000000000000e+02
7.310000000000000000e+02
8.490000000000000000e+02
8.600000000000000000e+02
9.120000000000000000e+02
8.830000000000000000e+02
8.560000000000000000e+02
8.590000000000000000e+02
8.800000000000000000e+02
8.810000000000000000e+02
8.700000000000000000e+02
8.440000000000000000e+02
8.740000000000000000e+02
8.020000000000000000e+02
8.360000000000000000e+02
8.600000000000000000e+02
8.880000000000000000e+02
8.660000000000000000e+02
8.850000000000000000e+02
8.270000000000000000e+02
9.330000000000000000e+02
9.850000000000000000e+02
1.117000000000000000e+03
1.142000000000000000e+03
1.255000000000000000e+03
1.474000000000000000e+03
1.696000000000000000e+03
1.981000000000000000e+03
2.072000000000000000e+03
2.217000000000000000e+03
2.369000000000000000e+03
2.250000000000000000e+03
2.389000000000000000e+03
2.246000000000000000e+03
2.222000000000000000e+03
2.342000000000000000e+03
2.266000000000000000e+03
2.273000000000000000e+03
2.111000000000000000e+03
2.122000000000000000e+03
2.097000000000000000e+03
2.135000000000000000e+03
1.930000000000000000e+03
1.976000000000000000e+03
1.979000000000000000e+03
1.882000000000000000e+03
1.962000000000000000e+03
1.771000000000000000e+03
1.698000000000000000e+03
1.466000000000000000e+03
1.278000000000000000e+03
1.129000000000000000e+03
1.072000000000000000e+03
8.490000000000000000e+02
7.930000000000000000e+02
6.720000000000000000e+02
6.490000000000000000e+02
5.530000000000000000e+02
5.690000000000000000e+02
6.430000000000000000e+02
6.380000000000000000e+02
5.890000000000000000e+02
5.340000000000000000e+02
5.280000000000000000e+02
4.670000000000000000e+02
4.020000000000000000e+02
4.210000000000000000e+02
4.600000000000000000e+02
4.920000000000000000e+02
5.390000000000000000e+02
5.900000000000000000e+02
6.110000000000000000e+02
7.750000000000000000e+02
9.270000000000000000e+02
1.071000000000000000e+03
7.730000000000000000e+02
7.630000000000000000e+02
8.020000000000000000e+02
8.560000000000000000e+02
8.040000000000000000e+02
7.850000000000000000e+02
8.290000000000000000e+02
8.340000000000000000e+02
8.440000000000000000e+02
8.840000000000000000e+02
1.310000000000000000e+03
1.270000000000000000e+03
1.506000000000000000e+03
1.591000000000000000e+03
1.465000000000000000e+03
1.224000000000000000e+03
1.112000000000000000e+03
1.094000000000000000e+03
8.980000000000000000e+02
1.074000000000000000e+03
1.050000000000000000e+03
1.060000000000000000e+03
8.090000000000000000e+02
9.220000000000000000e+02
1.115000000000000000e+03
1.067000000000000000e+03
1.374000000000000000e+03
1.024000000000000000e+03
1.137000000000000000e+03
1.209000000000000000e+03
1.296000000000000000e+03
1.363000000000000000e+03
1.188000000000000000e+03
1.052000000000000000e+03
9.970000000000000000e+02
8.310000000000000000e+02
1.064000000000000000e+03
7.670000000000000000e+02
8.980000000000000000e+02
9.360000000000000000e+02
8.310000000000000000e+02
9.060000000000000000e+02
9.830000000000000000e+02
6.890000000000000000e+02
1.270000000000000000e+03
7.950000000000000000e+02
9.390000000000000000e+02
6.600000000000000000e+02
6.640000000000000000e+02
7.210000000000000000e+02
8.050000000000000000e+02
1.035000000000000000e+03
1.850000000000000000e+02
5.100000000000000000e+01
3.600000000000000000e+01
3.500000000000000000e+01
3.200000000000000000e+01
2.300000000000000000e+01
2.500000000000000000e+01
1.300000000000000000e+01
1.600000000000000000e+01
9.000000000000000000e+00
9.000000000000000000e+00
1.200000000000000000e+01
2.100000000000000000e+01
