1.150000000000000000e+02
2.120000000000000000e+02
3.770000000000000000e+02
5.660000000000000000e+02
7.700000000000000000e+02
9.290000000000000000e+02
9.670000000000000000e+02
8.890000000000000000e+02
7.460000000000000000e+02
7.320000000000000000e+02
7.190000000000000000e+02
7.720000000000000000e+02
7.890000000000000000e+02
7.800000000000000000e+02
7.380000000000000000e+02
6.980000000000000000e+02
7.250000000000000000e+02
8.610000000000000000e+02
8.070000000000000000e+02
7.030000000000000000e+02
6.440000000000000000e+02
6.490000000000000000e+02
7.230000000000000000e+02
7.980000000000000000e+02
8.000000000000000000e+02
7.310000000000000000e+02
6.910000000000000000e+02
6.450000000000000000e+02
6.090000000000000000e+02
5.700000000000000000e+02
5.080000000000000000e+02
4.620000000000000000e+02
3.990000000000000000e+02
3.790000000000000000e+02
3.470000000000000000e+02
3.510000000000000000e+02
2.840000000000000000e+02
2.810000000000000000e+02
2.690000000000000000e+02
2.540000000000000000e+02
2.380000000000000000e+02
2.740000000000000000e+02
2.420000000000000000e+02
2.390000000000000000e+02
1.880000000000000000e+02
2.280000000000000000e+02
1.980000000000000000e+02
2.090000000000000000e+02
1.960000000000000000e+02
2.010000000000000000e+02
2.250000000000000000e+02
3.360000000000000000e+02
4.010000000000000000e+02
4.050000000000000000e+02
2.950000000000000000e+02
2.910000000000000000e+02
2.540000000000000000e+02
2.300000000000000000e+02
2.280000000000000000e+02
2.220000000000000000e+02
2.640000000000000000e+02
2.500000000000000000e+02
2.190000000000000000e+02
2.420000000000000000e+02
1.920000000000000000e+02
1.940000000000000000e+02
1.940000000000000000e+02
1.950000000000000000e+02
1.860000000000000000e+02
2.180000000000000000e+02
2.080000000000000000e+02
1.690000000000000000e+02
1.870000000000000000e+02
2.190000000000000000e+02
1.910000000000000000e+02
2.420000000000000000e+02
2.180000000000000000e+02
2.300000000000000000e+02
2.090000000000000000e+02
1.970000000000000000e+02
1.840000000000000000e+02
2.070000000000000000e+02
1.870000000000000000e+02
1.700000000000000000e+02
2.000000000000000000e+02
1.610000000000000000e+02
1.960000000000000000e+02
1.730000000000000000e+02
1.970000000000000000e+02
2.050000000000000000e+02
1.860000000000000000e+02
1.650000000000000000e+02
1.870000000000000000e+02
1.580000000000000000e+02
1.750000000000000000e+02
1.900000000000000000e+02
2.070000000000000000e+02
1.910000000000000000e+02
1.610000000000000000e+02
1.930000000000000000e+02
1.750000000000000000e+02
1.830000000000000000e+02
1.800000000000000000e+02
1.760000000000000000e+02
1.920000000000000000e+02
1.890000000000000000e+02
1.850000000000000000e+02
1.850000000000000000e+02
1.910000000000000000e+02
1.800000000000000000e+02
1.710000000000000000e+02
1.630000000000000000e+02
1.880000000000000000e+02
1.770000000000000000e+02
2.010000000000000000e+02
2.060000000000000000e+02
2.060000000000000000e+02
1.940000000000000000e+02
2.250000000000000000e+02
2.080000000000000000e+02
2.250000000000000000e+02
2.000000000000000000e+02
2.250000000000000000e+02
2.360000000000000000e+02
2.160000000000000000e+02
2.550000000000000000e+02
2.230000000000000000e+02
2.590000000000000000e+02
2.580000000000000000e+02
2.510000000000000000e+02
2.760000000000000000e+02
2.600000000000000000e+02
3.290000000000000000e+02
2.830000000000000000e+02
2.900000000000000000e+02
3.070000000000000000e+02
3.870000000000000000e+02
3.880000000000000000e+02
4.250000000000000000e+02
4.170000000000000000e+02
4.490000000000000000e+02
4.880000000000000000e+02
4.960000000000000000e+02
5.470000000000000000e+02
5.290000000000000000e+02
5.500000000000000000e+02
5.440000000000000000e+02
6.090000000000000000e+02
6.060000000000000000e+02
6.660000000000000000e+02
5.730000000000000000e+02
5.700000000000000000e+02
6.340000000000000000e+02
6.270000000000000000e+02
6.320000000000000000e+02
6.280000000000000000e+02
6.950000000000000000e+02
7.680000000000000000e+02
8.730000000000000000e+02
9.830000000000000000e+02
1.114000000000000000e+03
1.262000000000000000e+03
1.375000000000000000e+03
1.405000000000000000e+03
1.549000000000000000e+03
1.628000000000000000e+03
1.768000000000000000e+03
1.456000000000000000e+03
1.382000000000000000e+03
1.358000000000000000e+03
1.313000000000000000e+03
1.422000000000000000e+03
1.499000000000000000e+03
1.530000000000000000e+03
1.665000000000000000e+03
1.678000000000000000e+03
1.414000000000000000e+03
1.202000000000000000e+03
1.316000000000000000e+03
1.610000000000000000e+03
1.416000000000000000e+03
1.254000000000000000e+03
1.117000000000000000e+03
1.079000000000000000e+03
1.232000000000000000e+03
1.221000000000000000e+03
1.125000000000000000e+03
1.117000000000000000e+03
1.215000000000000000e+03
1.054000000000000000e+03
9.140000000000000000e+02
9.570000000000000000e+02
9.450000000000000000e+02
9.570000000000000000e+02
9.130000000000000000e+02
1.155000000000000000e+03
1.951000000000000000e+03
2.109000000000000000e+03
1.243000000000000000e+03
1.141000000000000000e+03
1.112000000000000000e+03
1.279000000000000000e+03
1.218000000000000000e+03
8.980000000000000000e+02
7.440000000000000000e+02
6.780000000000000000e+02
6.010000000000000000e+02
6.870000000000000000e+02
5.340000000000000000e+02
5.060000000000000000e+02
5.310000000000000000e+02
6.690000000000000000e+02
4.920000000000000000e+02
5.020000000000000000e+02
5.560000000000000000e+02
6.490000000000000000e+02
7.210000000000000000e+02
5.860000000000000000e+02
6.540000000000000000e+02
9.520000000000000000e+02
8.380000000000000000e+02
6.970000000000000000e+02
1.531000000000000000e+03
8.440000000000000000e+02
7.320000000000000000e+02
6.950000000000000000e+02
7.860000000000000000e+02
9.300000000000000000e+02
8.640000000000000000e+02
1.172000000000000000e+03
1.356000000000000000e+03
1.046000000000000000e+03
1.018000000000000000e+03
1.170000000000000000e+03
1.176000000000000000e+03
1.793000000000000000e+03
2.272000000000000000e+03
1.921000000000000000e+03
1.477000000000000000e+03
1.554000000000000000e+03
1.108000000000000000e+03
7.130000000000000000e+02
4.800000000000000000e+02
3.300000000000000000e+02
2.790000000000000000e+02
2.860000000000000000e+02
6.420000000000000000e+02
3.210000000000000000e+02
2.970000000000000000e+02
3.200000000000000000e+02
4.070000000000000000e+02
8.500000000000000000e+02
7.180000000000000000e+02
1.530000000000000000e+03
5.935000000000000000e+03
7.502400000000000000e+04
7.500000000000000000e+01
2.010000000000000000e+02
4.100000000000000000e+02
6.400000000000000000e+02
9.090000000000000000e+02
1.122000000000000000e+03
1.049000000000000000e+03
9.690000000000000000e+02
8.240000000000000000e+02
7.600000000000000000e+02
7.530000000000000000e+02
8.080000000000000000e+02
7.710000000000000000e+02
7.680000000000000000e+02
7.820000000000000000e+02
7.170000000000000000e+02
7.760000000000000000e+02
9.230000000000000000e+02
8.430000000000000000e+02
7.900000000000000000e+02
7.160000000000000000e+02
7.640000000000000000e+02
8.550000000000000000e+02
8.790000000000000000e+02
8.080000000000000000e+02
6.800000000000000000e+02
6.690000000000000000e+02
6.220000000000000000e+02
5.500000000000000000e+02
4.990000000000000000e+02
4.150000000000000000e+02
4.090000000000000000e+02
3.610000000000000000e+02
3.390000000000000000e+02
3.000000000000000000e+02
2.710000000000000000e+02
2.430000000000000000e+02
2.450000000000000000e+02
2.420000000000000000e+02
2.790000000000000000e+02
2.200000000000000000e+02
2.190000000000000000e+02
2.170000000000000000e+02
2.060000000000000000e+02
2.060000000000000000e+02
2.320000000000000000e+02
2.100000000000000000e+02
2.130000000000000000e+02
2.240000000000000000e+02
2.790000000000000000e+02
3.050000000000000000e+02
4.000000000000000000e+02
4.320000000000000000e+02
3.520000000000000000e+02
2.780000000000000000e+02
2.710000000000000000e+02
2.450000000000000000e+02
2.650000000000000000e+02
2.210000000000000000e+02
2.180000000000000000e+02
2.490000000000000000e+02
2.230000000000000000e+02
2.070000000000000000e+02
2.070000000000000000e+02
2.090000000000000000e+02
2.150000000000000000e+02
2.320000000000000000e+02
2.090000000000000000e+02
2.140000000000000000e+02
1.880000000000000000e+02
2.150000000000000000e+02
2.320000000000000000e+02
2.030000000000000000e+02
2.020000000000000000e+02
1.910000000000000000e+02
2.030000000000000000e+02
2.150000000000000000e+02
2.120000000000000000e+02
2.100000000000000000e+02
1.740000000000000000e+02
2.000000000000000000e+02
2.000000000000000000e+02
1.980000000000000000e+02
1.980000000000000000e+02
1.740000000000000000e+02
1.890000000000000000e+02
2.010000000000000000e+02
2.080000000000000000e+02
1.900000000000000000e+02
1.840000000000000000e+02
1.840000000000000000e+02
1.760000000000000000e+02
1.830000000000000000e+02
1.790000000000000000e+02
2.030000000000000000e+02
1.910000000000000000e+02
1.850000000000000000e+02
1.850000000000000000e+02
1.900000000000000000e+02
1.950000000000000000e+02
1.950000000000000000e+02
1.850000000000000000e+02
2.160000000000000000e+02
1.980000000000000000e+02
1.700000000000000000e+02
2.050000000000000000e+02
1.960000000000000000e+02
1.960000000000000000e+02
2.030000000000000000e+02
1.990000000000000000e+02
1.880000000000000000e+02
1.880000000000000000e+02
1.970000000000000000e+02
2.000000000000000000e+02
2.010000000000000000e+02
2.180000000000000000e+02
2.410000000000000000e+02
2.340000000000000000e+02
2.500000000000000000e+02
2.370000000000000000e+02
2.510000000000000000e+02
2.760000000000000000e+02
2.590000000000000000e+02
3.120000000000000000e+02
2.770000000000000000e+02
2.510000000000000000e+02
3.010000000000000000e+02
3.130000000000000000e+02
3.100000000000000000e+02
3.100000000000000000e+02
3.240000000000000000e+02
3.990000000000000000e+02
1.089000000000000000e+03
4.680000000000000000e+02
4.370000000000000000e+02
8.400000000000000000e+02
6.640000000000000000e+02
6.300000000000000000e+02
5.330000000000000000e+02
4.930000000000000000e+02
5.090000000000000000e+02
5.960000000000000000e+02
5.270000000000000000e+02
6.420000000000000000e+02
6.210000000000000000e+02
7.450000000000000000e+02
7.820000000000000000e+02
9.410000000000000000e+02
1.020000000000000000e+03
1.135000000000000000e+03
1.326000000000000000e+03
1.310000000000000000e+03
1.385000000000000000e+03
1.498000000000000000e+03
1.588000000000000000e+03
1.363000000000000000e+03
1.394000000000000000e+03
1.043000000000000000e+03
1.397000000000000000e+03
1.069000000000000000e+03
1.091000000000000000e+03
1.098000000000000000e+03
1.229000000000000000e+03
1.350000000000000000e+03
1.679000000000000000e+03
1.556000000000000000e+03
1.199000000000000000e+03
1.065000000000000000e+03
1.290000000000000000e+03
1.506000000000000000e+03
1.480000000000000000e+03
1.448000000000000000e+03
1.248000000000000000e+03
1.258000000000000000e+03
1.348000000000000000e+03
1.501000000000000000e+03
1.291000000000000000e+03
1.301000000000000000e+03
1.356000000000000000e+03
1.173000000000000000e+03
1.126000000000000000e+03
1.129000000000000000e+03
1.090000000000000000e+03
1.205000000000000000e+03
1.085000000000000000e+03
1.015000000000000000e+03
9.960000000000000000e+02
8.870000000000000000e+02
8.460000000000000000e+02
9.270000000000000000e+02
9.940000000000000000e+02
8.350000000000000000e+02
9.020000000000000000e+02
9.270000000000000000e+02
9.920000000000000000e+02
9.550000000000000000e+02
9.230000000000000000e+02
8.950000000000000000e+02
9.300000000000000000e+02
1.190000000000000000e+03
2.074000000000000000e+03
1.873000000000000000e+03
7.650000000000000000e+02
5.450000000000000000e+02
7.310000000000000000e+02
8.660000000000000000e+02
4.570000000000000000e+02
4.630000000000000000e+02
5.230000000000000000e+02
5.850000000000000000e+02
5.650000000000000000e+02
6.260000000000000000e+02
6.870000000000000000e+02
5.550000000000000000e+02
6.390000000000000000e+02
6.300000000000000000e+02
6.310000000000000000e+02
5.190000000000000000e+02
5.400000000000000000e+02
4.870000000000000000e+02
5.780000000000000000e+02
6.900000000000000000e+02
6.770000000000000000e+02
7.630000000000000000e+02
9.400000000000000000e+02
1.186000000000000000e+03
8.970000000000000000e+02
7.530000000000000000e+02
7.270000000000000000e+02
8.890000000000000000e+02
1.070000000000000000e+03
9.460000000000000000e+02
9.910000000000000000e+02
1.698000000000000000e+03
2.132000000000000000e+03
1.739000000000000000e+03
1.254000000000000000e+03
1.143000000000000000e+03
7.770000000000000000e+02
5.280000000000000000e+02
3.390000000000000000e+02
2.500000000000000000e+02
2.210000000000000000e+02
6.170000000000000000e+02
2.600000000000000000e+02
2.570000000000000000e+02
2.640000000000000000e+02
3.000000000000000000e+02
5.140000000000000000e+02
5.110000000000000000e+02
4.040000000000000000e+02
5.430000000000000000e+02
9.260000000000000000e+02
2.702000000000000000e+03
4.658000000000000000e+03
7.376200000000000000e+04
1.800000000000000000e+01
3.400000000000000000e+01
1.310000000000000000e+02
2.540000000000000000e+02
4.410000000000000000e+02
6.860000000000000000e+02
8.910000000000000000e+02
1.064000000000000000e+03
1.034000000000000000e+03
9.470000000000000000e+02
9.010000000000000000e+02
8.670000000000000000e+02
8.640000000000000000e+02
8.460000000000000000e+02
7.810000000000000000e+02
7.750000000000000000e+02
7.790000000000000000e+02
6.870000000000000000e+02
7.250000000000000000e+02
8.500000000000000000e+02
8.490000000000000000e+02
7.980000000000000000e+02
7.720000000000000000e+02
8.030000000000000000e+02
7.940000000000000000e+02
7.750000000000000000e+02
7.540000000000000000e+02
6.560000000000000000e+02
6.270000000000000000e+02
5.540000000000000000e+02
5.710000000000000000e+02
4.970000000000000000e+02
4.350000000000000000e+02
3.340000000000000000e+02
3.550000000000000000e+02
3.430000000000000000e+02
3.150000000000000000e+02
2.790000000000000000e+02
2.420000000000000000e+02
2.500000000000000000e+02
2.620000000000000000e+02
2.520000000000000000e+02
2.600000000000000000e+02
2.260000000000000000e+02
2.240000000000000000e+02
6.290000000000000000e+02
2.140000000000000000e+02
2.120000000000000000e+02
2.560000000000000000e+02
3.310000000000000000e+02
3.360000000000000000e+02
3.710000000000000000e+02
4.400000000000000000e+02
6.210000000000000000e+02
3.080000000000000000e+02
2.920000000000000000e+02
6.620000000000000000e+02
2.400000000000000000e+02
2.380000000000000000e+02
2.150000000000000000e+02
2.120000000000000000e+02
2.080000000000000000e+02
2.150000000000000000e+02
2.330000000000000000e+02
2.370000000000000000e+02
2.340000000000000000e+02
4.120000000000000000e+02
2.850000000000000000e+02
1.990000000000000000e+02
2.070000000000000000e+02
2.180000000000000000e+02
2.400000000000000000e+02
1.930000000000000000e+02
1.880000000000000000e+02
2.390000000000000000e+02
2.240000000000000000e+02
2.000000000000000000e+02
1.930000000000000000e+02
2.220000000000000000e+02
1.890000000000000000e+02
1.910000000000000000e+02
1.720000000000000000e+02
1.740000000000000000e+02
2.050000000000000000e+02
1.990000000000000000e+02
1.940000000000000000e+02
1.910000000000000000e+02
1.730000000000000000e+02
1.840000000000000000e+02
1.990000000000000000e+02
2.080000000000000000e+02
2.010000000000000000e+02
1.790000000000000000e+02
1.860000000000000000e+02
1.740000000000000000e+02
1.750000000000000000e+02
1.930000000000000000e+02
5.840000000000000000e+02
1.940000000000000000e+02
1.900000000000000000e+02
2.050000000000000000e+02
1.580000000000000000e+02
1.640000000000000000e+02
1.830000000000000000e+02
1.970000000000000000e+02
2.070000000000000000e+02
2.040000000000000000e+02
1.940000000000000000e+02
1.780000000000000000e+02
2.040000000000000000e+02
1.840000000000000000e+02
1.930000000000000000e+02
1.950000000000000000e+02
1.960000000000000000e+02
2.070000000000000000e+02
2.000000000000000000e+02
2.110000000000000000e+02
2.210000000000000000e+02
2.080000000000000000e+02
2.130000000000000000e+02
2.320000000000000000e+02
2.110000000000000000e+02
2.500000000000000000e+02
2.510000000000000000e+02
2.570000000000000000e+02
2.580000000000000000e+02
2.550000000000000000e+02
2.440000000000000000e+02
2.510000000000000000e+02
2.460000000000000000e+02
2.980000000000000000e+02
3.080000000000000000e+02
3.460000000000000000e+02
3.930000000000000000e+02
5.850000000000000000e+02
5.430000000000000000e+02
4.370000000000000000e+02
4.720000000000000000e+02
4.810000000000000000e+02
5.580000000000000000e+02
5.000000000000000000e+02
5.380000000000000000e+02
5.950000000000000000e+02
6.250000000000000000e+02
6.720000000000000000e+02
7.780000000000000000e+02
8.050000000000000000e+02
9.270000000000000000e+02
1.122000000000000000e+03
1.121000000000000000e+03
1.150000000000000000e+03
1.196000000000000000e+03
1.355000000000000000e+03
1.425000000000000000e+03
1.443000000000000000e+03
1.462000000000000000e+03
1.277000000000000000e+03
1.275000000000000000e+03
1.033000000000000000e+03
1.049000000000000000e+03
9.100000000000000000e+02
1.411000000000000000e+03
1.002000000000000000e+03
1.061000000000000000e+03
9.800000000000000000e+02
1.027000000000000000e+03
1.317000000000000000e+03
1.205000000000000000e+03
1.158000000000000000e+03
1.090000000000000000e+03
1.081000000000000000e+03
1.070000000000000000e+03
1.220000000000000000e+03
1.131000000000000000e+03
1.062000000000000000e+03
1.130000000000000000e+03
1.268000000000000000e+03
1.243000000000000000e+03
1.144000000000000000e+03
1.204000000000000000e+03
1.118000000000000000e+03
1.265000000000000000e+03
1.263000000000000000e+03
1.123000000000000000e+03
1.057000000000000000e+03
1.055000000000000000e+03
1.111000000000000000e+03
9.560000000000000000e+02
8.990000000000000000e+02
9.270000000000000000e+02
9.030000000000000000e+02
8.360000000000000000e+02
1.050000000000000000e+03
9.090000000000000000e+02
9.450000000000000000e+02
8.720000000000000000e+02
9.100000000000000000e+02
9.210000000000000000e+02
9.780000000000000000e+02
1.017000000000000000e+03
1.303000000000000000e+03
1.976000000000000000e+03
1.921000000000000000e+03
1.192000000000000000e+03
9.250000000000000000e+02
7.110000000000000000e+02
6.520000000000000000e+02
6.310000000000000000e+02
7.580000000000000000e+02
5.790000000000000000e+02
4.500000000000000000e+02
4.330000000000000000e+02
6.840000000000000000e+02
4.740000000000000000e+02
4.780000000000000000e+02
5.680000000000000000e+02
6.120000000000000000e+02
6.850000000000000000e+02
9.830000000000000000e+02
7.440000000000000000e+02
7.420000000000000000e+02
6.520000000000000000e+02
7.430000000000000000e+02
6.570000000000000000e+02
6.250000000000000000e+02
6.290000000000000000e+02
6.020000000000000000e+02
7.040000000000000000e+02
8.290000000000000000e+02
8.040000000000000000e+02
1.025000000000000000e+03
1.117000000000000000e+03
8.840000000000000000e+02
9.320000000000000000e+02
8.730000000000000000e+02
9.720000000000000000e+02
1.580000000000000000e+03
2.192000000000000000e+03
2.056000000000000000e+03
2.039000000000000000e+03
1.452000000000000000e+03
1.045000000000000000e+03
7.370000000000000000e+02
6.280000000000000000e+02
6.970000000000000000e+02
4.230000000000000000e+02
7.820000000000000000e+02
4.480000000000000000e+02
5.390000000000000000e+02
3.910000000000000000e+02
8.710000000000000000e+02
1.384000000000000000e+03
1.112000000000000000e+03
2.473000000000000000e+03
4.178000000000000000e+03
7.156800000000000000e+04
