2.910000000000000000e+02
2.070000000000000000e+02
2.660000000000000000e+02
4.050000000000000000e+02
7.760000000000000000e+02
9.170000000000000000e+02
1.110000000000000000e+03
1.514000000000000000e+03
2.042000000000000000e+03
2.022000000000000000e+03
2.160000000000000000e+03
1.824000000000000000e+03
1.444000000000000000e+03
1.249000000000000000e+03
1.159000000000000000e+03
1.023000000000000000e+03
8.430000000000000000e+02
7.910000000000000000e+02
6.810000000000000000e+02
6.330000000000000000e+02
5.520000000000000000e+02
5.540000000000000000e+02
5.370000000000000000e+02
4.440000000000000000e+02
4.810000000000000000e+02
4.920000000000000000e+02
4.910000000000000000e+02
5.460000000000000000e+02
5.820000000000000000e+02
5.880000000000000000e+02
6.560000000000000000e+02
7.620000000000000000e+02
7.830000000000000000e+02
9.250000000000000000e+02
1.080000000000000000e+03
1.330000000000000000e+03
1.448000000000000000e+03
1.523000000000000000e+03
1.669000000000000000e+03
1.698000000000000000e+03
1.614000000000000000e+03
1.587000000000000000e+03
1.671000000000000000e+03
1.571000000000000000e+03
1.513000000000000000e+03
1.482000000000000000e+03
1.548000000000000000e+03
1.484000000000000000e+03
1.516000000000000000e+03
1.525000000000000000e+03
1.555000000000000000e+03
1.542000000000000000e+03
1.473000000000000000e+03
1.436000000000000000e+03
1.390000000000000000e+03
1.384000000000000000e+03
1.352000000000000000e+03
1.264000000000000000e+03
1.189000000000000000e+03
1.152000000000000000e+03
1.045000000000000000e+03
1.082000000000000000e+03
9.920000000000000000e+02
9.550000000000000000e+02
8.650000000000000000e+02
8.990000000000000000e+02
8.420000000000000000e+02
7.350000000000000000e+02
8.040000000000000000e+02
7.280000000000000000e+02
7.830000000000000000e+02
7.050000000000000000e+02
7.220000000000000000e+02
7.610000000000000000e+02
7.090000000000000000e+02
6.890000000000000000e+02
6.580000000000000000e+02
6.990000000000000000e+02
6.870000000000000000e+02
7.180000000000000000e+02
7.020000000000000000e+02
7.400000000000000000e+02
7.210000000000000000e+02
7.490000000000000000e+02
7.210000000000000000e+02
7.750000000000000000e+02
7.540000000000000000e+02
7.760000000000000000e+02
7.700000000000000000e+02
6.940000000000000000e+02
7.900000000000000000e+02
7.830000000000000000e+02
8.030000000000000000e+02
7.620000000000000000e+02
8.160000000000000000e+02
7.750000000000000000e+02
7.510000000000000000e+02
7.720000000000000000e+02
8.460000000000000000e+02
7.820000000000000000e+02
7.930000000000000000e+02
7.540000000000000000e+02
7.530000000000000000e+02
7.100000000000000000e+02
6.300000000000000000e+02
6.000000000000000000e+02
6.100000000000000000e+02
5.890000000000000000e+02
5.740000000000000000e+02
5.400000000000000000e+02
5.600000000000000000e+02
5.640000000000000000e+02
5.210000000000000000e+02
5.160000000000000000e+02
5.420000000000000000e+02
4.890000000000000000e+02
5.350000000000000000e+02
5.140000000000000000e+02
5.190000000000000000e+02
4.490000000000000000e+02
5.160000000000000000e+02
5.670000000000000000e+02
4.750000000000000000e+02
4.800000000000000000e+02
4.660000000000000000e+02
4.450000000000000000e+02
4.810000000000000000e+02
4.930000000000000000e+02
4.470000000000000000e+02
4.390000000000000000e+02
5.100000000000000000e+02
5.060000000000000000e+02
5.280000000000000000e+02
6.910000000000000000e+02
7.270000000000000000e+02
8.470000000000000000e+02
1.264000000000000000e+03
1.581000000000000000e+03
1.805000000000000000e+03
2.380000000000000000e+03
2.301000000000000000e+03
2.074000000000000000e+03
2.056000000000000000e+03
1.705000000000000000e+03
1.709000000000000000e+03
2.248000000000000000e+03
2.613000000000000000e+03
2.196000000000000000e+03
2.664000000000000000e+03
2.631000000000000000e+03
2.677000000000000000e+03
2.107000000000000000e+03
2.552000000000000000e+03
2.976000000000000000e+03
2.689000000000000000e+03
3.155000000000000000e+03
3.036000000000000000e+03
2.996000000000000000e+03
3.828000000000000000e+03
3.884000000000000000e+03
3.643000000000000000e+03
3.559000000000000000e+03
3.331000000000000000e+03
3.315000000000000000e+03
3.601000000000000000e+03
4.053000000000000000e+03
3.870000000000000000e+03
3.337000000000000000e+03
3.181000000000000000e+03
2.760000000000000000e+03
2.750000000000000000e+03
2.218000000000000000e+03
2.326000000000000000e+03
2.004000000000000000e+03
2.135000000000000000e+03
1.894000000000000000e+03
1.635000000000000000e+03
2.103000000000000000e+03
3.034000000000000000e+03
1.501000000000000000e+03
7.020000000000000000e+02
5.690000000000000000e+02
4.470000000000000000e+02
3.240000000000000000e+02
2.710000000000000000e+02
2.210000000000000000e+02
1.610000000000000000e+02
1.420000000000000000e+02
1.180000000000000000e+02
1.090000000000000000e+02
1.080000000000000000e+02
8.800000000000000000e+01
9.900000000000000000e+01
9.800000000000000000e+01
1.000000000000000000e+02
5.900000000000000000e+01
3.400000000000000000e+01
2.900000000000000000e+01
2.800000000000000000e+01
1.900000000000000000e+01
2.000000000000000000e+01
2.100000000000000000e+01
2.000000000000000000e+01
2.400000000000000000e+01
2.500000000000000000e+01
1.800000000000000000e+01
1.100000000000000000e+01
1.500000000000000000e+01
2.500000000000000000e+01
1.800000000000000000e+01
1.400000000000000000e+01
2.100000000000000000e+01
2.100000000000000000e+01
1.300000000000000000e+01
2.400000000000000000e+01
2.100000000000000000e+01
1.500000000000000000e+01
2.000000000000000000e+01
1.400000000000000000e+01
2.100000000000000000e+01
2.000000000000000000e+01
2.100000000000000000e+01
1.400000000000000000e+01
2.200000000000000000e+01
1.800000000000000000e+01
2.200000000000000000e+01
2.000000000000000000e+01
1.400000000000000000e+01
1.900000000000000000e+01
1.300000000000000000e+01
2.200000000000000000e+01
2.100000000000000000e+01
1.800000000000000000e+01
2.100000000000000000e+01
1.900000000000000000e+01
1.700000000000000000e+01
2.500000000000000000e+01
1.700000000000000000e+01
1.900000000000000000e+01
1.500000000000000000e+01
2.500000000000000000e+01
2.300000000000000000e+01
3.500000000000000000e+01
2.100000000000000000e+01
2.500000000000000000e+01
2.200000000000000000e+01
2.100000000000000000e+01
2.800000000000000000e+01
2.500000000000000000e+01
2.600000000000000000e+01
5.000000000000000000e+01
3.200000000000000000e+01
4.600000000000000000e+01
6.400000000000000000e+01
1.020000000000000000e+02
1.080000000000000000e+02
8.700000000000000000e+01
1.010000000000000000e+02
1.970000000000000000e+02
3.450000000000000000e+02
6.520000000000000000e+02
7.620000000000000000e+02
9.080000000000000000e+02
1.136000000000000000e+03
1.517000000000000000e+03
1.348000000000000000e+03
1.192000000000000000e+03
1.120000000000000000e+03
1.055000000000000000e+03
1.011000000000000000e+03
8.950000000000000000e+02
8.490000000000000000e+02
7.690000000000000000e+02
6.610000000000000000e+02
6.170000000000000000e+02
4.890000000000000000e+02
4.550000000000000000e+02
4.130000000000000000e+02
3.820000000000000000e+02
3.300000000000000000e+02
3.360000000000000000e+02
2.970000000000000000e+02
3.260000000000000000e+02
2.860000000000000000e+02
2.850000000000000000e+02
3.290000000000000000e+02
3.410000000000000000e+02
5.310000000000000000e+02
7.530000000000000000e+02
9.850000000000000000e+02
8.560000000000000000e+02
8.170000000000000000e+02
7.710000000000000000e+02
6.970000000000000000e+02
5.300000000000000000e+02
4.710000000000000000e+02
4.620000000000000000e+02
4.830000000000000000e+02
4.780000000000000000e+02
5.140000000000000000e+02
5.210000000000000000e+02
5.630000000000000000e+02
5.980000000000000000e+02
5.380000000000000000e+02
5.590000000000000000e+02
5.150000000000000000e+02
5.400000000000000000e+02
5.440000000000000000e+02
5.170000000000000000e+02
5.240000000000000000e+02
5.160000000000000000e+02
5.100000000000000000e+02
5.520000000000000000e+02
5.310000000000000000e+02
4.830000000000000000e+02
4.350000000000000000e+02
4.400000000000000000e+02
4.310000000000000000e+02
4.240000000000000000e+02
4.730000000000000000e+02
4.270000000000000000e+02
4.630000000000000000e+02
4.580000000000000000e+02
4.330000000000000000e+02
4.930000000000000000e+02
4.760000000000000000e+02
5.340000000000000000e+02
5.750000000000000000e+02
6.090000000000000000e+02
6.670000000000000000e+02
6.970000000000000000e+02
7.620000000000000000e+02
8.180000000000000000e+02
8.610000000000000000e+02
9.340000000000000000e+02
1.063000000000000000e+03
1.179000000000000000e+03
1.264000000000000000e+03
1.421000000000000000e+03
1.587000000000000000e+03
1.649000000000000000e+03
1.721000000000000000e+03
1.685000000000000000e+03
1.608000000000000000e+03
1.642000000000000000e+03
1.733000000000000000e+03
1.706000000000000000e+03
1.641000000000000000e+03
1.643000000000000000e+03
1.669000000000000000e+03
1.610000000000000000e+03
1.605000000000000000e+03
1.648000000000000000e+03
1.602000000000000000e+03
1.631000000000000000e+03
1.487000000000000000e+03
1.441000000000000000e+03
1.364000000000000000e+03
1.285000000000000000e+03
1.207000000000000000e+03
1.103000000000000000e+03
1.032000000000000000e+03
9.950000000000000000e+02
9.570000000000000000e+02
9.020000000000000000e+02
9.350000000000000000e+02
8.680000000000000000e+02
8.460000000000000000e+02
8.480000000000000000e+02
8.820000000000000000e+02
8.500000000000000000e+02
8.140000000000000000e+02
8.510000000000000000e+02
8.580000000000000000e+02
8.400000000000000000e+02
7.800000000000000000e+02
8.040000000000000000e+02
7.910000000000000000e+02
7.990000000000000000e+02
8.060000000000000000e+02
7.850000000000000000e+02
7.570000000000000000e+02
8.270000000000000000e+02
8.520000000000000000e+02
8.060000000000000000e+02
8.320000000000000000e+02
8.610000000000000000e+02
8.330000000000000000e+02
8.600000000000000000e+02
9.010000000000000000e+02
9.430000000000000000e+02
9.150000000000000000e+02
1.036000000000000000e+03
1.032000000000000000e+03
1.066000000000000000e+03
1.171000000000000000e+03
1.158000000000000000e+03
1.247000000000000000e+03
1.282000000000000000e+03
1.298000000000000000e+03
1.411000000000000000e+03
1.524000000000000000e+03
1.539000000000000000e+03
1.682000000000000000e+03
1.888000000000000000e+03
1.898000000000000000e+03
1.987000000000000000e+03
2.204000000000000000e+03
2.256000000000000000e+03
2.247000000000000000e+03
2.381000000000000000e+03
2.353000000000000000e+03
2.312000000000000000e+03
2.504000000000000000e+03
2.356000000000000000e+03
2.449000000000000000e+03
2.201000000000000000e+03
2.244000000000000000e+03
2.145000000000000000e+03
2.075000000000000000e+03
1.978000000000000000e+03
1.729000000000000000e+03
1.581000000000000000e+03
1.413000000000000000e+03
1.268000000000000000e+03
1.079000000000000000e+03
9.750000000000000000e+02
8.400000000000000000e+02
6.970000000000000000e+02
6.360000000000000000e+02
5.160000000000000000e+02
4.350000000000000000e+02
4.010000000000000000e+02
3.890000000000000000e+02
4.710000000000000000e+02
4.840000000000000000e+02
6.760000000000000000e+02
8.140000000000000000e+02
7.770000000000000000e+02
1.043000000000000000e+03
9.210000000000000000e+02
1.517000000000000000e+03
1.754000000000000000e+03
2.978000000000000000e+03
2.370000000000000000e+03
3.385000000000000000e+03
3.452000000000000000e+03
3.024000000000000000e+03
2.931000000000000000e+03
2.439000000000000000e+03
2.383000000000000000e+03
2.443000000000000000e+03
2.087000000000000000e+03
1.849000000000000000e+03
2.014000000000000000e+03
2.272000000000000000e+03
2.547000000000000000e+03
2.461000000000000000e+03
2.218000000000000000e+03
2.262000000000000000e+03
3.078000000000000000e+03
3.094000000000000000e+03
1.977000000000000000e+03
5.600000000000000000e+02
1.600000000000000000e+02
1.080000000000000000e+02
5.800000000000000000e+01
4.800000000000000000e+01
3.600000000000000000e+01
2.700000000000000000e+01
2.200000000000000000e+01
1.900000000000000000e+01
2.600000000000000000e+01
2.200000000000000000e+01
2.200000000000000000e+01
2.600000000000000000e+01
2.400000000000000000e+01
2.500000000000000000e+01
1.700000000000000000e+01
2.300000000000000000e+01
1.100000000000000000e+01
2.500000000000000000e+01
1.900000000000000000e+01
1.000000000000000000e+01
2.600000000000000000e+01
2.700000000000000000e+01
1.300000000000000000e+01
2.400000000000000000e+01
2.300000000000000000e+01
3.000000000000000000e+01
3.200000000000000000e+01
2.600000000000000000e+01
1.800000000000000000e+01
3.300000000000000000e+01
2.400000000000000000e+01
2.400000000000000000e+01
2.500000000000000000e+01
2.600000000000000000e+01
1.700000000000000000e+01
2.600000000000000000e+01
2.100000000000000000e+01
2.700000000000000000e+01
3.000000000000000000e+01
2.400000000000000000e+01
3.200000000000000000e+01
1.900000000000000000e+01
2.300000000000000000e+01
4.000000000000000000e+01
4.500000000000000000e+01
6.100000000000000000e+01
1.200000000000000000e+02
1.880000000000000000e+02
1.150000000000000000e+02
6.500000000000000000e+01
1.910000000000000000e+02
2.520000000000000000e+02
5.120000000000000000e+02
6.120000000000000000e+02
6.930000000000000000e+02
9.070000000000000000e+02
1.243000000000000000e+03
9.740000000000000000e+02
9.550000000000000000e+02
9.940000000000000000e+02
9.530000000000000000e+02
9.250000000000000000e+02
9.690000000000000000e+02
8.790000000000000000e+02
8.330000000000000000e+02
8.330000000000000000e+02
7.470000000000000000e+02
6.630000000000000000e+02
6.120000000000000000e+02
5.630000000000000000e+02
5.120000000000000000e+02
4.370000000000000000e+02
3.910000000000000000e+02
3.820000000000000000e+02
3.810000000000000000e+02
3.990000000000000000e+02
3.620000000000000000e+02
3.630000000000000000e+02
3.290000000000000000e+02
2.820000000000000000e+02
2.960000000000000000e+02
2.630000000000000000e+02
2.470000000000000000e+02
2.390000000000000000e+02
2.560000000000000000e+02
2.330000000000000000e+02
2.310000000000000000e+02
2.260000000000000000e+02
2.180000000000000000e+02
2.100000000000000000e+02
2.520000000000000000e+02
2.390000000000000000e+02
2.470000000000000000e+02
2.540000000000000000e+02
2.620000000000000000e+02
3.050000000000000000e+02
3.280000000000000000e+02
2.930000000000000000e+02
3.180000000000000000e+02
2.860000000000000000e+02
3.580000000000000000e+02
3.650000000000000000e+02
3.680000000000000000e+02
3.570000000000000000e+02
3.810000000000000000e+02
4.050000000000000000e+02
4.110000000000000000e+02
4.340000000000000000e+02
4.270000000000000000e+02
4.270000000000000000e+02
4.590000000000000000e+02
4.550000000000000000e+02
5.130000000000000000e+02
5.010000000000000000e+02
5.340000000000000000e+02
5.280000000000000000e+02
5.380000000000000000e+02
5.540000000000000000e+02
5.730000000000000000e+02
6.040000000000000000e+02
6.080000000000000000e+02
5.690000000000000000e+02
6.980000000000000000e+02
6.580000000000000000e+02
5.400000000000000000e+02
5.420000000000000000e+02
5.490000000000000000e+02
5.180000000000000000e+02
5.340000000000000000e+02
5.790000000000000000e+02
6.080000000000000000e+02
6.030000000000000000e+02
5.580000000000000000e+02
5.190000000000000000e+02
4.910000000000000000e+02
5.460000000000000000e+02
5.170000000000000000e+02
5.140000000000000000e+02
4.930000000000000000e+02
5.750000000000000000e+02
5.580000000000000000e+02
5.600000000000000000e+02
6.130000000000000000e+02
5.730000000000000000e+02
5.790000000000000000e+02
6.420000000000000000e+02
6.730000000000000000e+02
6.300000000000000000e+02
6.070000000000000000e+02
6.290000000000000000e+02
5.460000000000000000e+02
5.440000000000000000e+02
5.460000000000000000e+02
4.900000000000000000e+02
4.620000000000000000e+02
5.200000000000000000e+02
5.090000000000000000e+02
4.980000000000000000e+02
5.230000000000000000e+02
5.560000000000000000e+02
4.880000000000000000e+02
5.500000000000000000e+02
5.080000000000000000e+02
5.950000000000000000e+02
6.460000000000000000e+02
7.090000000000000000e+02
7.590000000000000000e+02
7.870000000000000000e+02
8.990000000000000000e+02
9.730000000000000000e+02
1.151000000000000000e+03
1.233000000000000000e+03
1.382000000000000000e+03
1.539000000000000000e+03
1.652000000000000000e+03
1.846000000000000000e+03
1.824000000000000000e+03
1.911000000000000000e+03
2.011000000000000000e+03
2.096000000000000000e+03
2.154000000000000000e+03
2.302000000000000000e+03
2.274000000000000000e+03
2.347000000000000000e+03
2.470000000000000000e+03
2.630000000000000000e+03
2.812000000000000000e+03
2.751000000000000000e+03
2.933000000000000000e+03
3.136000000000000000e+03
3.190000000000000000e+03
3.346000000000000000e+03
3.432000000000000000e+03
3.560000000000000000e+03
3.521000000000000000e+03
3.498000000000000000e+03
3.379000000000000000e+03
3.393000000000000000e+03
3.219000000000000000e+03
3.164000000000000000e+03
2.962000000000000000e+03
2.820000000000000000e+03
2.654000000000000000e+03
2.490000000000000000e+03
2.297000000000000000e+03
2.086000000000000000e+03
1.913000000000000000e+03
1.735000000000000000e+03
1.511000000000000000e+03
1.378000000000000000e+03
1.265000000000000000e+03
1.129000000000000000e+03
9.470000000000000000e+02
8.510000000000000000e+02
7.340000000000000000e+02
7.180000000000000000e+02
6.210000000000000000e+02
5.610000000000000000e+02
4.910000000000000000e+02
4.240000000000000000e+02
4.180000000000000000e+02
4.100000000000000000e+02
3.160000000000000000e+02
3.160000000000000000e+02
3.020000000000000000e+02
2.680000000000000000e+02
2.680000000000000000e+02
2.740000000000000000e+02
2.590000000000000000e+02
2.620000000000000000e+02
2.520000000000000000e+02
2.620000000000000000e+02
2.700000000000000000e+02
2.660000000000000000e+02
2.650000000000000000e+02
2.430000000000000000e+02
2.780000000000000000e+02
2.660000000000000000e+02
3.000000000000000000e+02
2.670000000000000000e+02
2.730000000000000000e+02
2.980000000000000000e+02
2.600000000000000000e+02
2.850000000000000000e+02
2.710000000000000000e+02
2.830000000000000000e+02
3.000000000000000000e+02
2.910000000000000000e+02
2.970000000000000000e+02
2.680000000000000000e+02
2.410000000000000000e+02
2.790000000000000000e+02
2.620000000000000000e+02
2.260000000000000000e+02
2.090000000000000000e+02
2.020000000000000000e+02
2.220000000000000000e+02
1.760000000000000000e+02
1.850000000000000000e+02
2.060000000000000000e+02
1.800000000000000000e+02
1.930000000000000000e+02
1.910000000000000000e+02
2.480000000000000000e+02
3.200000000000000000e+02
3.190000000000000000e+02
4.570000000000000000e+02
9.830000000000000000e+02
1.428000000000000000e+03
1.609000000000000000e+03
1.804000000000000000e+03
1.599000000000000000e+03
2.015000000000000000e+03
2.379000000000000000e+03
2.983000000000000000e+03
4.635000000000000000e+03
5.493000000000000000e+03
5.985000000000000000e+03
7.008000000000000000e+03
9.254000000000000000e+03
6.190000000000000000e+03
3.304000000000000000e+03
4.970000000000000000e+02
2.020000000000000000e+02
5.500000000000000000e+01
4.400000000000000000e+01
4.100000000000000000e+01
4.600000000000000000e+01
3.800000000000000000e+01
3.900000000000000000e+01
3.800000000000000000e+01
3.500000000000000000e+01
3.200000000000000000e+01
2.500000000000000000e+01
3.200000000000000000e+01
3.900000000000000000e+01
3.600000000000000000e+01
4.600000000000000000e+01
4.300000000000000000e+01
5.600000000000000000e+01
7.700000000000000000e+01
7.200000000000000000e+01
6.200000000000000000e+01
2.150000000000000000e+02
