2.107000000000000000e+03
1.157000000000000000e+03
1.232000000000000000e+03
1.168000000000000000e+03
1.047000000000000000e+03
9.260000000000000000e+02
8.000000000000000000e+02
7.710000000000000000e+02
7.320000000000000000e+02
7.220000000000000000e+02
7.580000000000000000e+02
7.850000000000000000e+02
8.510000000000000000e+02
8.270000000000000000e+02
9.330000000000000000e+02
1.019000000000000000e+03
1.060000000000000000e+03
9.980000000000000000e+02
1.015000000000000000e+03
1.003000000000000000e+03
9.090000000000000000e+02
9.410000000000000000e+02
9.370000000000000000e+02
9.560000000000000000e+02
9.460000000000000000e+02
9.720000000000000000e+02
9.820000000000000000e+02
1.017000000000000000e+03
1.042000000000000000e+03
1.037000000000000000e+03
1.098000000000000000e+03
1.161000000000000000e+03
1.244000000000000000e+03
1.409000000000000000e+03
1.498000000000000000e+03
1.505000000000000000e+03
1.817000000000000000e+03
1.934000000000000000e+03
1.867000000000000000e+03
1.765000000000000000e+03
1.512000000000000000e+03
1.492000000000000000e+03
1.398000000000000000e+03
1.343000000000000000e+03
1.357000000000000000e+03
1.198000000000000000e+03
1.132000000000000000e+03
1.125000000000000000e+03
1.142000000000000000e+03
1.100000000000000000e+03
1.046000000000000000e+03
1.031000000000000000e+03
1.008000000000000000e+03
1.048000000000000000e+03
1.064000000000000000e+03
1.010000000000000000e+03
1.038000000000000000e+03
9.860000000000000000e+02
1.018000000000000000e+03
1.013000000000000000e+03
1.070000000000000000e+03
1.204000000000000000e+03
1.167000000000000000e+03
1.254000000000000000e+03
1.237000000000000000e+03
1.343000000000000000e+03
1.375000000000000000e+03
1.470000000000000000e+03
1.647000000000000000e+03
1.715000000000000000e+03
1.565000000000000000e+03
1.375000000000000000e+03
1.203000000000000000e+03
1.043000000000000000e+03
9.870000000000000000e+02
9.260000000000000000e+02
7.920000000000000000e+02
7.680000000000000000e+02
7.170000000000000000e+02
6.640000000000000000e+02
6.480000000000000000e+02
5.460000000000000000e+02
4.830000000000000000e+02
4.880000000000000000e+02
5.010000000000000000e+02
5.010000000000000000e+02
4.900000000000000000e+02
3.970000000000000000e+02
4.480000000000000000e+02
4.690000000000000000e+02
4.450000000000000000e+02
4.410000000000000000e+02
4.420000000000000000e+02
4.320000000000000000e+02
4.140000000000000000e+02
3.970000000000000000e+02
4.110000000000000000e+02
3.860000000000000000e+02
3.950000000000000000e+02
3.530000000000000000e+02
3.740000000000000000e+02
4.090000000000000000e+02
3.980000000000000000e+02
4.020000000000000000e+02
3.890000000000000000e+02
3.800000000000000000e+02
3.730000000000000000e+02
3.960000000000000000e+02
4.070000000000000000e+02
4.010000000000000000e+02
3.750000000000000000e+02
3.490000000000000000e+02
3.530000000000000000e+02
3.720000000000000000e+02
4.050000000000000000e+02
3.720000000000000000e+02
3.290000000000000000e+02
3.800000000000000000e+02
3.600000000000000000e+02
3.690000000000000000e+02
3.390000000000000000e+02
3.540000000000000000e+02
3.150000000000000000e+02
3.540000000000000000e+02
2.920000000000000000e+02
3.170000000000000000e+02
2.870000000000000000e+02
3.590000000000000000e+02
3.020000000000000000e+02
3.200000000000000000e+02
2.950000000000000000e+02
3.020000000000000000e+02
3.200000000000000000e+02
2.940000000000000000e+02
2.640000000000000000e+02
3.060000000000000000e+02
3.280000000000000000e+02
2.910000000000000000e+02
3.040000000000000000e+02
3.050000000000000000e+02
2.880000000000000000e+02
3.030000000000000000e+02
3.250000000000000000e+02
3.350000000000000000e+02
3.440000000000000000e+02
3.420000000000000000e+02
3.330000000000000000e+02
3.460000000000000000e+02
3.370000000000000000e+02
3.660000000000000000e+02
3.930000000000000000e+02
3.790000000000000000e+02
4.160000000000000000e+02
4.180000000000000000e+02
4.180000000000000000e+02
4.040000000000000000e+02
4.070000000000000000e+02
3.340000000000000000e+02
3.010000000000000000e+02
2.940000000000000000e+02
2.960000000000000000e+02
3.620000000000000000e+02
3.610000000000000000e+02
3.610000000000000000e+02
3.200000000000000000e+02
3.170000000000000000e+02
3.420000000000000000e+02
3.220000000000000000e+02
3.400000000000000000e+02
3.500000000000000000e+02
3.490000000000000000e+02
3.970000000000000000e+02
3.700000000000000000e+02
3.480000000000000000e+02
4.020000000000000000e+02
4.200000000000000000e+02
4.290000000000000000e+02
4.810000000000000000e+02
5.290000000000000000e+02
5.960000000000000000e+02
6.220000000000000000e+02
6.380000000000000000e+02
7.060000000000000000e+02
7.570000000000000000e+02
6.770000000000000000e+02
7.430000000000000000e+02
7.470000000000000000e+02
7.170000000000000000e+02
7.420000000000000000e+02
7.760000000000000000e+02
7.320000000000000000e+02
7.740000000000000000e+02
8.370000000000000000e+02
8.870000000000000000e+02
9.900000000000000000e+02
1.170000000000000000e+03
1.259000000000000000e+03
1.291000000000000000e+03
1.331000000000000000e+03
1.370000000000000000e+03
1.558000000000000000e+03
1.616000000000000000e+03
1.539000000000000000e+03
1.634000000000000000e+03
1.416000000000000000e+03
1.305000000000000000e+03
1.075000000000000000e+03
9.620000000000000000e+02
1.069000000000000000e+03
1.064000000000000000e+03
1.100000000000000000e+03
8.940000000000000000e+02
8.800000000000000000e+02
9.780000000000000000e+02
1.011000000000000000e+03
1.392000000000000000e+03
2.819000000000000000e+03
3.516000000000000000e+03
2.822000000000000000e+03
3.013000000000000000e+03
3.907000000000000000e+03
2.916000000000000000e+03
2.548000000000000000e+03
3.512000000000000000e+03
2.374000000000000000e+03
2.073000000000000000e+03
2.946000000000000000e+03
3.390000000000000000e+03
3.747000000000000000e+03
7.937000000000000000e+03
2.689000000000000000e+03
3.116000000000000000e+03
7.066000000000000000e+03
4.124000000000000000e+03
3.486000000000000000e+03
2.415000000000000000e+03
7.690000000000000000e+02
9.600000000000000000e+01
4.400000000000000000e+01
4.000000000000000000e+01
3.200000000000000000e+01
3.300000000000000000e+01
4.600000000000000000e+01
2.800000000000000000e+01
3.000000000000000000e+01
2.200000000000000000e+01
3.400000000000000000e+01
2.300000000000000000e+01
4.400000000000000000e+01
5.500000000000000000e+01
1.020000000000000000e+02
1.290000000000000000e+02
1.910000000000000000e+02
3.040000000000000000e+02
3.860000000000000000e+02
6.830000000000000000e+02
1.143000000000000000e+03
1.011000000000000000e+03
1.088000000000000000e+03
1.067000000000000000e+03
8.820000000000000000e+02
8.340000000000000000e+02
6.760000000000000000e+02
6.710000000000000000e+02
6.610000000000000000e+02
6.540000000000000000e+02
6.480000000000000000e+02
7.230000000000000000e+02
7.260000000000000000e+02
7.980000000000000000e+02
8.130000000000000000e+02
9.040000000000000000e+02
9.230000000000000000e+02
9.090000000000000000e+02
8.140000000000000000e+02
8.770000000000000000e+02
8.220000000000000000e+02
8.540000000000000000e+02
7.760000000000000000e+02
8.490000000000000000e+02
8.020000000000000000e+02
8.510000000000000000e+02
8.020000000000000000e+02
8.030000000000000000e+02
8.610000000000000000e+02
7.780000000000000000e+02
8.360000000000000000e+02
8.180000000000000000e+02
8.190000000000000000e+02
7.900000000000000000e+02
6.930000000000000000e+02
7.030000000000000000e+02
6.470000000000000000e+02
6.360000000000000000e+02
6.300000000000000000e+02
6.480000000000000000e+02
5.810000000000000000e+02
5.990000000000000000e+02
5.610000000000000000e+02
5.400000000000000000e+02
5.670000000000000000e+02
5.320000000000000000e+02
5.490000000000000000e+02
5.360000000000000000e+02
5.170000000000000000e+02
5.830000000000000000e+02
5.330000000000000000e+02
5.510000000000000000e+02
5.320000000000000000e+02
5.850000000000000000e+02
5.760000000000000000e+02
5.770000000000000000e+02
5.810000000000000000e+02
5.850000000000000000e+02
6.320000000000000000e+02
6.440000000000000000e+02
6.230000000000000000e+02
6.150000000000000000e+02
5.840000000000000000e+02
5.720000000000000000e+02
4.720000000000000000e+02
4.920000000000000000e+02
4.570000000000000000e+02
4.270000000000000000e+02
4.750000000000000000e+02
4.100000000000000000e+02
4.570000000000000000e+02
3.950000000000000000e+02
4.360000000000000000e+02
4.770000000000000000e+02
4.440000000000000000e+02
4.450000000000000000e+02
4.550000000000000000e+02
4.820000000000000000e+02
5.620000000000000000e+02
5.720000000000000000e+02
6.080000000000000000e+02
6.790000000000000000e+02
6.400000000000000000e+02
6.650000000000000000e+02
6.720000000000000000e+02
6.670000000000000000e+02
7.490000000000000000e+02
8.140000000000000000e+02
9.210000000000000000e+02
7.920000000000000000e+02
8.550000000000000000e+02
7.810000000000000000e+02
8.220000000000000000e+02
7.900000000000000000e+02
6.990000000000000000e+02
7.210000000000000000e+02
6.760000000000000000e+02
6.160000000000000000e+02
6.400000000000000000e+02
5.500000000000000000e+02
5.720000000000000000e+02
5.740000000000000000e+02
5.440000000000000000e+02
5.790000000000000000e+02
5.480000000000000000e+02
5.010000000000000000e+02
4.700000000000000000e+02
5.000000000000000000e+02
4.770000000000000000e+02
4.720000000000000000e+02
4.420000000000000000e+02
4.370000000000000000e+02
4.130000000000000000e+02
4.280000000000000000e+02
4.590000000000000000e+02
3.970000000000000000e+02
3.810000000000000000e+02
4.200000000000000000e+02
3.920000000000000000e+02
3.870000000000000000e+02
4.240000000000000000e+02
3.980000000000000000e+02
3.950000000000000000e+02
3.750000000000000000e+02
3.610000000000000000e+02
4.020000000000000000e+02
3.420000000000000000e+02
3.420000000000000000e+02
3.550000000000000000e+02
3.460000000000000000e+02
3.540000000000000000e+02
3.430000000000000000e+02
3.400000000000000000e+02
3.210000000000000000e+02
3.370000000000000000e+02
3.420000000000000000e+02
4.020000000000000000e+02
3.450000000000000000e+02
3.160000000000000000e+02
3.140000000000000000e+02
3.410000000000000000e+02
3.230000000000000000e+02
3.330000000000000000e+02
2.980000000000000000e+02
3.360000000000000000e+02
3.550000000000000000e+02
3.820000000000000000e+02
3.190000000000000000e+02
3.620000000000000000e+02
3.900000000000000000e+02
3.650000000000000000e+02
4.180000000000000000e+02
3.910000000000000000e+02
4.560000000000000000e+02
5.110000000000000000e+02
4.980000000000000000e+02
5.620000000000000000e+02
6.080000000000000000e+02
5.750000000000000000e+02
5.580000000000000000e+02
6.050000000000000000e+02
6.420000000000000000e+02
6.310000000000000000e+02
7.070000000000000000e+02
6.530000000000000000e+02
6.700000000000000000e+02
6.570000000000000000e+02
5.960000000000000000e+02
6.880000000000000000e+02
7.140000000000000000e+02
8.220000000000000000e+02
8.920000000000000000e+02
8.890000000000000000e+02
8.520000000000000000e+02
7.160000000000000000e+02
7.620000000000000000e+02
7.630000000000000000e+02
7.740000000000000000e+02
8.690000000000000000e+02
8.630000000000000000e+02
8.920000000000000000e+02
8.960000000000000000e+02
8.030000000000000000e+02
8.980000000000000000e+02
9.790000000000000000e+02
9.920000000000000000e+02
9.330000000000000000e+02
9.150000000000000000e+02
1.022000000000000000e+03
9.730000000000000000e+02
9.480000000000000000e+02
1.051000000000000000e+03
9.750000000000000000e+02
1.052000000000000000e+03
1.064000000000000000e+03
1.197000000000000000e+03
1.116000000000000000e+03
1.234000000000000000e+03
1.246000000000000000e+03
1.220000000000000000e+03
1.532000000000000000e+03
1.469000000000000000e+03
1.391000000000000000e+03
1.544000000000000000e+03
1.763000000000000000e+03
1.988000000000000000e+03
1.927000000000000000e+03
1.658000000000000000e+03
1.611000000000000000e+03
1.432000000000000000e+03
1.339000000000000000e+03
1.266000000000000000e+03
1.385000000000000000e+03
1.490000000000000000e+03
1.802000000000000000e+03
2.584000000000000000e+03
3.881000000000000000e+03
4.440000000000000000e+03
3.247000000000000000e+03
3.505000000000000000e+03
4.593000000000000000e+03
3.390000000000000000e+03
2.969000000000000000e+03
4.006000000000000000e+03
2.868000000000000000e+03
2.601000000000000000e+03
3.370000000000000000e+03
3.783000000000000000e+03
4.198000000000000000e+03
8.348000000000000000e+03
3.092000000000000000e+03
3.614000000000000000e+03
7.531000000000000000e+03
4.530000000000000000e+03
3.896000000000000000e+03
2.725000000000000000e+03
1.037000000000000000e+03
3.240000000000000000e+02
2.480000000000000000e+02
2.190000000000000000e+02
1.860000000000000000e+02
1.820000000000000000e+02
1.970000000000000000e+02
1.440000000000000000e+02
1.600000000000000000e+02
1.310000000000000000e+02
1.010000000000000000e+02
1.300000000000000000e+02
1.120000000000000000e+02
1.300000000000000000e+02
1.390000000000000000e+02
1.530000000000000000e+02
2.300000000000000000e+02
3.450000000000000000e+02
4.400000000000000000e+02
7.150000000000000000e+02
1.769000000000000000e+03
6.100000000000000000e+02
9.900000000000000000e+02
9.990000000000000000e+02
1.210000000000000000e+03
1.127000000000000000e+03
9.990000000000000000e+02
1.074000000000000000e+03
1.048000000000000000e+03
9.720000000000000000e+02
9.910000000000000000e+02
9.540000000000000000e+02
1.028000000000000000e+03
1.002000000000000000e+03
1.164000000000000000e+03
1.334000000000000000e+03
1.411000000000000000e+03
1.637000000000000000e+03
1.951000000000000000e+03
2.551000000000000000e+03
3.035000000000000000e+03
3.234000000000000000e+03
3.401000000000000000e+03
3.897000000000000000e+03
4.101000000000000000e+03
3.816000000000000000e+03
3.320000000000000000e+03
2.852000000000000000e+03
2.439000000000000000e+03
2.000000000000000000e+03
1.833000000000000000e+03
1.678000000000000000e+03
1.623000000000000000e+03
1.465000000000000000e+03
1.363000000000000000e+03
1.287000000000000000e+03
1.193000000000000000e+03
1.168000000000000000e+03
1.088000000000000000e+03
1.039000000000000000e+03
9.720000000000000000e+02
9.460000000000000000e+02
8.920000000000000000e+02
9.080000000000000000e+02
8.270000000000000000e+02
8.150000000000000000e+02
7.950000000000000000e+02
8.240000000000000000e+02
7.700000000000000000e+02
7.750000000000000000e+02
7.500000000000000000e+02
7.660000000000000000e+02
7.200000000000000000e+02
7.570000000000000000e+02
7.550000000000000000e+02
7.980000000000000000e+02
7.450000000000000000e+02
7.550000000000000000e+02
7.980000000000000000e+02
7.980000000000000000e+02
8.250000000000000000e+02
7.840000000000000000e+02
7.500000000000000000e+02
7.940000000000000000e+02
6.710000000000000000e+02
7.060000000000000000e+02
5.940000000000000000e+02
6.250000000000000000e+02
5.610000000000000000e+02
5.590000000000000000e+02
5.050000000000000000e+02
5.220000000000000000e+02
5.230000000000000000e+02
4.560000000000000000e+02
4.790000000000000000e+02
4.950000000000000000e+02
4.510000000000000000e+02
4.760000000000000000e+02
5.100000000000000000e+02
4.750000000000000000e+02
5.070000000000000000e+02
4.640000000000000000e+02
4.090000000000000000e+02
4.110000000000000000e+02
4.460000000000000000e+02
4.120000000000000000e+02
4.060000000000000000e+02
4.260000000000000000e+02
3.920000000000000000e+02
4.100000000000000000e+02
4.100000000000000000e+02
3.710000000000000000e+02
3.910000000000000000e+02
3.340000000000000000e+02
3.660000000000000000e+02
3.670000000000000000e+02
3.460000000000000000e+02
3.460000000000000000e+02
3.360000000000000000e+02
3.550000000000000000e+02
3.300000000000000000e+02
2.950000000000000000e+02
3.560000000000000000e+02
3.650000000000000000e+02
3.070000000000000000e+02
3.210000000000000000e+02
2.890000000000000000e+02
2.980000000000000000e+02
3.270000000000000000e+02
2.870000000000000000e+02
3.030000000000000000e+02
3.150000000000000000e+02
3.050000000000000000e+02
3.140000000000000000e+02
2.970000000000000000e+02
3.010000000000000000e+02
3.120000000000000000e+02
3.270000000000000000e+02
3.080000000000000000e+02
3.090000000000000000e+02
3.140000000000000000e+02
3.090000000000000000e+02
3.180000000000000000e+02
3.030000000000000000e+02
2.820000000000000000e+02
2.880000000000000000e+02
2.720000000000000000e+02
2.390000000000000000e+02
2.630000000000000000e+02
2.420000000000000000e+02
2.620000000000000000e+02
2.870000000000000000e+02
2.470000000000000000e+02
2.420000000000000000e+02
2.270000000000000000e+02
2.130000000000000000e+02
2.420000000000000000e+02
2.330000000000000000e+02
2.550000000000000000e+02
2.390000000000000000e+02
2.230000000000000000e+02
2.310000000000000000e+02
2.080000000000000000e+02
2.230000000000000000e+02
1.960000000000000000e+02
2.430000000000000000e+02
2.140000000000000000e+02
2.230000000000000000e+02
2.020000000000000000e+02
1.970000000000000000e+02
2.400000000000000000e+02
1.990000000000000000e+02
1.870000000000000000e+02
2.610000000000000000e+02
2.310000000000000000e+02
2.020000000000000000e+02
2.260000000000000000e+02
2.300000000000000000e+02
2.160000000000000000e+02
2.540000000000000000e+02
2.410000000000000000e+02
2.610000000000000000e+02
2.530000000000000000e+02
2.670000000000000000e+02
2.690000000000000000e+02
2.750000000000000000e+02
3.050000000000000000e+02
3.120000000000000000e+02
2.770000000000000000e+02
3.220000000000000000e+02
3.490000000000000000e+02
3.790000000000000000e+02
4.220000000000000000e+02
4.700000000000000000e+02
4.570000000000000000e+02
4.990000000000000000e+02
4.780000000000000000e+02
5.630000000000000000e+02
5.610000000000000000e+02
6.050000000000000000e+02
6.950000000000000000e+02
6.730000000000000000e+02
6.680000000000000000e+02
8.710000000000000000e+02
8.070000000000000000e+02
7.290000000000000000e+02
8.250000000000000000e+02
7.470000000000000000e+02
8.860000000000000000e+02
8.320000000000000000e+02
7.970000000000000000e+02
8.240000000000000000e+02
8.140000000000000000e+02
1.019000000000000000e+03
1.087000000000000000e+03
1.250000000000000000e+03
1.324000000000000000e+03
1.535000000000000000e+03
1.565000000000000000e+03
1.588000000000000000e+03
1.794000000000000000e+03
1.496000000000000000e+03
1.310000000000000000e+03
1.080000000000000000e+03
9.620000000000000000e+02
9.880000000000000000e+02
1.024000000000000000e+03
1.042000000000000000e+03
1.114000000000000000e+03
1.112000000000000000e+03
8.490000000000000000e+02
7.490000000000000000e+02
9.500000000000000000e+02
9.160000000000000000e+02
1.003000000000000000e+03
1.617000000000000000e+03
2.860000000000000000e+03
3.525000000000000000e+03
2.544000000000000000e+03
2.542000000000000000e+03
3.693000000000000000e+03
2.630000000000000000e+03
2.385000000000000000e+03
3.452000000000000000e+03
2.365000000000000000e+03
2.153000000000000000e+03
3.001000000000000000e+03
3.421000000000000000e+03
3.733000000000000000e+03
7.870000000000000000e+03
2.647000000000000000e+03
3.158000000000000000e+03
7.001000000000000000e+03
4.051000000000000000e+03
3.591000000000000000e+03
2.471000000000000000e+03
8.380000000000000000e+02
1.370000000000000000e+02
8.300000000000000000e+01
7.500000000000000000e+01
6.100000000000000000e+01
6.100000000000000000e+01
6.200000000000000000e+01
4.400000000000000000e+01
4.300000000000000000e+01
4.300000000000000000e+01
5.100000000000000000e+01
4.500000000000000000e+01
5.100000000000000000e+01
6.700000000000000000e+01
1.010000000000000000e+02
1.130000000000000000e+02
2.040000000000000000e+02
3.170000000000000000e+02
3.250000000000000000e+02
6.450000000000000000e+02
