1.400000000000000000e+02
7.300000000000000000e+01
8.500000000000000000e+01
6.000000000000000000e+01
6.700000000000000000e+01
6.500000000000000000e+01
5.700000000000000000e+01
8.300000000000000000e+01
9.000000000000000000e+01
7.600000000000000000e+01
7.400000000000000000e+01
8.900000000000000000e+01
1.060000000000000000e+02
1.070000000000000000e+02
1.320000000000000000e+02
1.390000000000000000e+02
1.710000000000000000e+02
1.960000000000000000e+02
2.400000000000000000e+02
2.700000000000000000e+02
2.830000000000000000e+02
3.540000000000000000e+02
3.590000000000000000e+02
4.720000000000000000e+02
5.200000000000000000e+02
7.230000000000000000e+02
7.690000000000000000e+02
8.580000000000000000e+02
8.390000000000000000e+02
7.450000000000000000e+02
7.760000000000000000e+02
7.620000000000000000e+02
8.400000000000000000e+02
8.490000000000000000e+02
8.790000000000000000e+02
8.870000000000000000e+02
8.070000000000000000e+02
7.200000000000000000e+02
6.930000000000000000e+02
6.270000000000000000e+02
6.420000000000000000e+02
5.930000000000000000e+02
5.720000000000000000e+02
6.060000000000000000e+02
5.690000000000000000e+02
5.660000000000000000e+02
5.350000000000000000e+02
6.060000000000000000e+02
6.280000000000000000e+02
6.860000000000000000e+02
7.500000000000000000e+02
8.480000000000000000e+02
8.840000000000000000e+02
9.410000000000000000e+02
9.700000000000000000e+02
9.350000000000000000e+02
9.320000000000000000e+02
9.370000000000000000e+02
8.280000000000000000e+02
8.280000000000000000e+02
7.780000000000000000e+02
7.700000000000000000e+02
7.320000000000000000e+02
7.820000000000000000e+02
7.260000000000000000e+02
6.950000000000000000e+02
7.200000000000000000e+02
7.040000000000000000e+02
6.350000000000000000e+02
6.560000000000000000e+02
6.680000000000000000e+02
6.550000000000000000e+02
6.750000000000000000e+02
7.080000000000000000e+02
7.310000000000000000e+02
7.390000000000000000e+02
7.630000000000000000e+02
7.450000000000000000e+02
7.760000000000000000e+02
7.290000000000000000e+02
7.830000000000000000e+02
7.840000000000000000e+02
8.210000000000000000e+02
8.090000000000000000e+02
8.360000000000000000e+02
8.300000000000000000e+02
8.040000000000000000e+02
8.560000000000000000e+02
8.390000000000000000e+02
8.420000000000000000e+02
8.840000000000000000e+02
8.310000000000000000e+02
8.400000000000000000e+02
8.620000000000000000e+02
8.170000000000000000e+02
8.060000000000000000e+02
8.850000000000000000e+02
8.290000000000000000e+02
8.870000000000000000e+02
9.070000000000000000e+02
9.230000000000000000e+02
9.220000000000000000e+02
9.330000000000000000e+02
9.960000000000000000e+02
9.900000000000000000e+02
1.059000000000000000e+03
1.078000000000000000e+03
1.071000000000000000e+03
1.122000000000000000e+03
1.117000000000000000e+03
1.166000000000000000e+03
1.133000000000000000e+03
1.103000000000000000e+03
1.038000000000000000e+03
1.040000000000000000e+03
1.102000000000000000e+03
1.043000000000000000e+03
1.069000000000000000e+03
1.080000000000000000e+03
1.046000000000000000e+03
1.066000000000000000e+03
1.034000000000000000e+03
1.126000000000000000e+03
1.088000000000000000e+03
1.123000000000000000e+03
1.195000000000000000e+03
1.140000000000000000e+03
1.052000000000000000e+03
1.161000000000000000e+03
1.067000000000000000e+03
1.080000000000000000e+03
1.103000000000000000e+03
1.163000000000000000e+03
1.181000000000000000e+03
1.238000000000000000e+03
1.213000000000000000e+03
1.265000000000000000e+03
1.271000000000000000e+03
1.190000000000000000e+03
1.295000000000000000e+03
1.212000000000000000e+03
1.194000000000000000e+03
1.186000000000000000e+03
1.169000000000000000e+03
1.227000000000000000e+03
1.145000000000000000e+03
1.107000000000000000e+03
1.115000000000000000e+03
1.130000000000000000e+03
1.046000000000000000e+03
1.074000000000000000e+03
1.047000000000000000e+03
9.930000000000000000e+02
1.044000000000000000e+03
1.048000000000000000e+03
1.051000000000000000e+03
1.048000000000000000e+03
1.119000000000000000e+03
1.061000000000000000e+03
1.043000000000000000e+03
1.079000000000000000e+03
1.048000000000000000e+03
1.067000000000000000e+03
1.032000000000000000e+03
1.110000000000000000e+03
1.025000000000000000e+03
9.970000000000000000e+02
9.640000000000000000e+02
1.002000000000000000e+03
9.640000000000000000e+02
9.530000000000000000e+02
9.410000000000000000e+02
9.710000000000000000e+02
9.300000000000000000e+02
9.490000000000000000e+02
9.390000000000000000e+02
8.820000000000000000e+02
8.850000000000000000e+02
8.270000000000000000e+02
7.990000000000000000e+02
7.930000000000000000e+02
7.760000000000000000e+02
7.250000000000000000e+02
7.310000000000000000e+02
7.540000000000000000e+02
6.990000000000000000e+02
7.050000000000000000e+02
6.450000000000000000e+02
6.050000000000000000e+02
6.040000000000000000e+02
5.980000000000000000e+02
5.890000000000000000e+02
5.670000000000000000e+02
6.140000000000000000e+02
5.670000000000000000e+02
6.360000000000000000e+02
5.670000000000000000e+02
6.010000000000000000e+02
5.620000000000000000e+02
6.010000000000000000e+02
6.070000000000000000e+02
6.090000000000000000e+02
5.720000000000000000e+02
5.870000000000000000e+02
5.770000000000000000e+02
5.700000000000000000e+02
5.730000000000000000e+02
5.710000000000000000e+02
5.390000000000000000e+02
5.180000000000000000e+02
5.790000000000000000e+02
5.790000000000000000e+02
5.760000000000000000e+02
5.490000000000000000e+02
5.520000000000000000e+02
5.870000000000000000e+02
5.900000000000000000e+02
5.890000000000000000e+02
6.360000000000000000e+02
6.540000000000000000e+02
7.330000000000000000e+02
8.120000000000000000e+02
8.710000000000000000e+02
9.110000000000000000e+02
9.360000000000000000e+02
1.086000000000000000e+03
1.196000000000000000e+03
1.273000000000000000e+03
1.460000000000000000e+03
1.323000000000000000e+03
1.350000000000000000e+03
1.593000000000000000e+03
1.765000000000000000e+03
1.757000000000000000e+03
1.736000000000000000e+03
1.595000000000000000e+03
1.499000000000000000e+03
1.324000000000000000e+03
1.375000000000000000e+03
1.328000000000000000e+03
1.373000000000000000e+03
1.364000000000000000e+03
1.403000000000000000e+03
1.356000000000000000e+03
1.421000000000000000e+03
1.334000000000000000e+03
1.239000000000000000e+03
1.253000000000000000e+03
1.353000000000000000e+03
1.485000000000000000e+03
1.716000000000000000e+03
2.035000000000000000e+03
2.546000000000000000e+03
3.317000000000000000e+03
3.995000000000000000e+03
1.475200000000000000e+04
5.610000000000000000e+02
2.250000000000000000e+02
2.510000000000000000e+02
1.980000000000000000e+02
2.070000000000000000e+02
1.740000000000000000e+02
1.870000000000000000e+02
2.040000000000000000e+02
2.090000000000000000e+02
2.040000000000000000e+02
2.080000000000000000e+02
2.180000000000000000e+02
2.250000000000000000e+02
2.430000000000000000e+02
2.260000000000000000e+02
2.830000000000000000e+02
3.210000000000000000e+02
3.590000000000000000e+02
4.290000000000000000e+02
4.520000000000000000e+02
4.950000000000000000e+02
5.370000000000000000e+02
6.160000000000000000e+02
7.170000000000000000e+02
7.960000000000000000e+02
8.890000000000000000e+02
8.780000000000000000e+02
8.310000000000000000e+02
8.810000000000000000e+02
7.560000000000000000e+02
7.970000000000000000e+02
7.860000000000000000e+02
7.900000000000000000e+02
7.590000000000000000e+02
8.250000000000000000e+02
7.690000000000000000e+02
6.960000000000000000e+02
6.080000000000000000e+02
5.800000000000000000e+02
5.560000000000000000e+02
5.420000000000000000e+02
4.890000000000000000e+02
4.900000000000000000e+02
4.720000000000000000e+02
4.570000000000000000e+02
4.710000000000000000e+02
4.720000000000000000e+02
4.550000000000000000e+02
4.710000000000000000e+02
4.830000000000000000e+02
5.450000000000000000e+02
5.950000000000000000e+02
6.280000000000000000e+02
6.360000000000000000e+02
8.260000000000000000e+02
8.530000000000000000e+02
8.140000000000000000e+02
7.730000000000000000e+02
7.090000000000000000e+02
7.500000000000000000e+02
8.090000000000000000e+02
7.580000000000000000e+02
7.580000000000000000e+02
8.790000000000000000e+02
9.320000000000000000e+02
8.980000000000000000e+02
9.830000000000000000e+02
8.790000000000000000e+02
9.460000000000000000e+02
8.990000000000000000e+02
9.540000000000000000e+02
9.460000000000000000e+02
9.620000000000000000e+02
1.044000000000000000e+03
9.800000000000000000e+02
1.077000000000000000e+03
1.042000000000000000e+03
1.037000000000000000e+03
1.032000000000000000e+03
1.063000000000000000e+03
9.910000000000000000e+02
1.002000000000000000e+03
9.940000000000000000e+02
9.930000000000000000e+02
9.660000000000000000e+02
9.630000000000000000e+02
9.250000000000000000e+02
8.940000000000000000e+02
9.520000000000000000e+02
8.750000000000000000e+02
9.330000000000000000e+02
9.730000000000000000e+02
9.980000000000000000e+02
1.004000000000000000e+03
9.550000000000000000e+02
9.680000000000000000e+02
9.670000000000000000e+02
1.039000000000000000e+03
1.068000000000000000e+03
1.058000000000000000e+03
1.015000000000000000e+03
9.560000000000000000e+02
9.900000000000000000e+02
9.830000000000000000e+02
1.063000000000000000e+03
1.072000000000000000e+03
1.122000000000000000e+03
1.101000000000000000e+03
1.139000000000000000e+03
1.116000000000000000e+03
1.065000000000000000e+03
1.115000000000000000e+03
1.055000000000000000e+03
1.051000000000000000e+03
1.084000000000000000e+03
1.092000000000000000e+03
1.004000000000000000e+03
9.990000000000000000e+02
1.006000000000000000e+03
1.063000000000000000e+03
1.027000000000000000e+03
1.009000000000000000e+03
1.096000000000000000e+03
1.086000000000000000e+03
1.116000000000000000e+03
1.217000000000000000e+03
1.163000000000000000e+03
1.108000000000000000e+03
1.152000000000000000e+03
1.100000000000000000e+03
1.080000000000000000e+03
1.245000000000000000e+03
1.187000000000000000e+03
1.229000000000000000e+03
1.268000000000000000e+03
1.325000000000000000e+03
1.388000000000000000e+03
1.393000000000000000e+03
1.363000000000000000e+03
1.450000000000000000e+03
1.430000000000000000e+03
1.429000000000000000e+03
1.430000000000000000e+03
1.408000000000000000e+03
1.396000000000000000e+03
1.313000000000000000e+03
1.458000000000000000e+03
1.429000000000000000e+03
1.406000000000000000e+03
1.465000000000000000e+03
1.454000000000000000e+03
1.441000000000000000e+03
1.516000000000000000e+03
1.646000000000000000e+03
1.639000000000000000e+03
1.743000000000000000e+03
1.739000000000000000e+03
1.697000000000000000e+03
1.818000000000000000e+03
1.805000000000000000e+03
1.674000000000000000e+03
1.653000000000000000e+03
1.651000000000000000e+03
1.660000000000000000e+03
1.701000000000000000e+03
1.731000000000000000e+03
1.674000000000000000e+03
1.729000000000000000e+03
1.767000000000000000e+03
1.721000000000000000e+03
1.798000000000000000e+03
1.634000000000000000e+03
1.749000000000000000e+03
1.718000000000000000e+03
1.631000000000000000e+03
1.562000000000000000e+03
1.441000000000000000e+03
1.376000000000000000e+03
1.295000000000000000e+03
1.366000000000000000e+03
1.282000000000000000e+03
1.187000000000000000e+03
1.162000000000000000e+03
1.058000000000000000e+03
1.091000000000000000e+03
1.054000000000000000e+03
1.045000000000000000e+03
1.040000000000000000e+03
1.020000000000000000e+03
9.070000000000000000e+02
8.670000000000000000e+02
8.000000000000000000e+02
7.530000000000000000e+02
7.470000000000000000e+02
7.070000000000000000e+02
6.590000000000000000e+02
6.400000000000000000e+02
6.650000000000000000e+02
7.010000000000000000e+02
7.160000000000000000e+02
6.800000000000000000e+02
6.820000000000000000e+02
6.490000000000000000e+02
5.960000000000000000e+02
6.190000000000000000e+02
5.590000000000000000e+02
5.810000000000000000e+02
5.400000000000000000e+02
5.710000000000000000e+02
5.690000000000000000e+02
6.130000000000000000e+02
6.270000000000000000e+02
6.460000000000000000e+02
6.090000000000000000e+02
6.040000000000000000e+02
6.330000000000000000e+02
6.090000000000000000e+02
6.540000000000000000e+02
6.530000000000000000e+02
7.390000000000000000e+02
6.670000000000000000e+02
6.860000000000000000e+02
6.550000000000000000e+02
6.750000000000000000e+02
7.160000000000000000e+02
7.430000000000000000e+02
8.360000000000000000e+02
7.240000000000000000e+02
6.820000000000000000e+02
7.060000000000000000e+02
6.970000000000000000e+02
6.890000000000000000e+02
7.050000000000000000e+02
7.560000000000000000e+02
9.260000000000000000e+02
9.370000000000000000e+02
1.152000000000000000e+03
9.990000000000000000e+02
9.350000000000000000e+02
8.580000000000000000e+02
6.590000000000000000e+02
6.700000000000000000e+02
6.690000000000000000e+02
6.700000000000000000e+02
7.110000000000000000e+02
7.330000000000000000e+02
8.230000000000000000e+02
8.490000000000000000e+02
9.010000000000000000e+02
9.390000000000000000e+02
1.002000000000000000e+03
1.006000000000000000e+03
1.099000000000000000e+03
1.121000000000000000e+03
1.137000000000000000e+03
2.174000000000000000e+03
2.846000000000000000e+03
3.100000000000000000e+02
3.440000000000000000e+02
4.050000000000000000e+02
4.980000000000000000e+02
6.000000000000000000e+02
7.900000000000000000e+02
8.980000000000000000e+02
1.100000000000000000e+03
1.300000000000000000e+03
1.374000000000000000e+03
1.479000000000000000e+03
1.611000000000000000e+03
1.656000000000000000e+03
1.633000000000000000e+03
1.517000000000000000e+03
1.357000000000000000e+03
1.369000000000000000e+03
1.401000000000000000e+03
1.268000000000000000e+03
1.342000000000000000e+03
1.340000000000000000e+03
1.373000000000000000e+03
1.403000000000000000e+03
1.404000000000000000e+03
1.443000000000000000e+03
1.430000000000000000e+03
1.411000000000000000e+03
1.372000000000000000e+03
1.338000000000000000e+03
1.241000000000000000e+03
1.201000000000000000e+03
1.151000000000000000e+03
1.193000000000000000e+03
1.179000000000000000e+03
1.171000000000000000e+03
1.110000000000000000e+03
1.051000000000000000e+03
1.083000000000000000e+03
1.074000000000000000e+03
1.229000000000000000e+03
1.214000000000000000e+03
1.314000000000000000e+03
1.276000000000000000e+03
1.314000000000000000e+03
1.356000000000000000e+03
1.291000000000000000e+03
1.241000000000000000e+03
1.252000000000000000e+03
1.329000000000000000e+03
1.403000000000000000e+03
1.360000000000000000e+03
1.440000000000000000e+03
1.374000000000000000e+03
1.424000000000000000e+03
1.372000000000000000e+03
1.264000000000000000e+03
1.204000000000000000e+03
1.148000000000000000e+03
1.226000000000000000e+03
1.217000000000000000e+03
1.201000000000000000e+03
1.104000000000000000e+03
1.126000000000000000e+03
1.116000000000000000e+03
1.112000000000000000e+03
1.126000000000000000e+03
1.108000000000000000e+03
1.098000000000000000e+03
1.121000000000000000e+03
1.115000000000000000e+03
1.157000000000000000e+03
1.180000000000000000e+03
1.136000000000000000e+03
1.222000000000000000e+03
1.194000000000000000e+03
1.179000000000000000e+03
1.190000000000000000e+03
1.178000000000000000e+03
1.221000000000000000e+03
1.195000000000000000e+03
1.127000000000000000e+03
1.119000000000000000e+03
1.179000000000000000e+03
1.139000000000000000e+03
1.134000000000000000e+03
1.084000000000000000e+03
1.131000000000000000e+03
1.129000000000000000e+03
1.063000000000000000e+03
1.080000000000000000e+03
1.099000000000000000e+03
1.094000000000000000e+03
1.140000000000000000e+03
1.104000000000000000e+03
1.095000000000000000e+03
1.124000000000000000e+03
1.062000000000000000e+03
1.098000000000000000e+03
1.056000000000000000e+03
1.145000000000000000e+03
1.182000000000000000e+03
1.173000000000000000e+03
1.189000000000000000e+03
1.148000000000000000e+03
1.138000000000000000e+03
1.176000000000000000e+03
1.243000000000000000e+03
1.197000000000000000e+03
1.213000000000000000e+03
1.250000000000000000e+03
1.302000000000000000e+03
1.200000000000000000e+03
1.280000000000000000e+03
1.269000000000000000e+03
1.300000000000000000e+03
1.246000000000000000e+03
1.321000000000000000e+03
1.207000000000000000e+03
1.220000000000000000e+03
1.249000000000000000e+03
1.273000000000000000e+03
1.223000000000000000e+03
1.321000000000000000e+03
1.312000000000000000e+03
1.172000000000000000e+03
1.196000000000000000e+03
1.201000000000000000e+03
1.313000000000000000e+03
1.290000000000000000e+03
1.224000000000000000e+03
1.137000000000000000e+03
1.203000000000000000e+03
1.274000000000000000e+03
1.308000000000000000e+03
1.239000000000000000e+03
1.241000000000000000e+03
1.252000000000000000e+03
1.276000000000000000e+03
1.215000000000000000e+03
1.155000000000000000e+03
1.249000000000000000e+03
1.240000000000000000e+03
1.148000000000000000e+03
1.152000000000000000e+03
1.072000000000000000e+03
1.121000000000000000e+03
1.079000000000000000e+03
1.105000000000000000e+03
1.088000000000000000e+03
1.012000000000000000e+03
1.026000000000000000e+03
1.023000000000000000e+03
9.740000000000000000e+02
9.310000000000000000e+02
9.230000000000000000e+02
9.280000000000000000e+02
9.390000000000000000e+02
9.000000000000000000e+02
9.290000000000000000e+02
9.450000000000000000e+02
9.750000000000000000e+02
8.880000000000000000e+02
9.030000000000000000e+02
8.800000000000000000e+02
8.670000000000000000e+02
8.640000000000000000e+02
8.010000000000000000e+02
8.190000000000000000e+02
8.380000000000000000e+02
8.040000000000000000e+02
7.650000000000000000e+02
7.760000000000000000e+02
7.460000000000000000e+02
7.470000000000000000e+02
7.740000000000000000e+02
7.420000000000000000e+02
6.800000000000000000e+02
6.600000000000000000e+02
6.200000000000000000e+02
6.440000000000000000e+02
6.190000000000000000e+02
5.860000000000000000e+02
5.980000000000000000e+02
5.380000000000000000e+02
4.860000000000000000e+02
5.060000000000000000e+02
4.410000000000000000e+02
4.500000000000000000e+02
4.140000000000000000e+02
4.650000000000000000e+02
4.370000000000000000e+02
4.370000000000000000e+02
4.090000000000000000e+02
4.050000000000000000e+02
4.090000000000000000e+02
4.420000000000000000e+02
4.590000000000000000e+02
4.350000000000000000e+02
4.860000000000000000e+02
4.780000000000000000e+02
4.580000000000000000e+02
4.600000000000000000e+02
4.510000000000000000e+02
4.570000000000000000e+02
4.740000000000000000e+02
4.700000000000000000e+02
4.490000000000000000e+02
4.560000000000000000e+02
5.130000000000000000e+02
5.160000000000000000e+02
5.420000000000000000e+02
5.610000000000000000e+02
5.090000000000000000e+02
5.270000000000000000e+02
5.930000000000000000e+02
5.690000000000000000e+02
5.730000000000000000e+02
5.100000000000000000e+02
5.450000000000000000e+02
5.250000000000000000e+02
5.190000000000000000e+02
5.150000000000000000e+02
4.360000000000000000e+02
4.710000000000000000e+02
4.360000000000000000e+02
4.520000000000000000e+02
3.950000000000000000e+02
4.360000000000000000e+02
3.860000000000000000e+02
4.310000000000000000e+02
4.070000000000000000e+02
3.550000000000000000e+02
3.530000000000000000e+02
3.120000000000000000e+02
2.880000000000000000e+02
2.640000000000000000e+02
2.280000000000000000e+02
2.380000000000000000e+02
2.590000000000000000e+02
2.310000000000000000e+02
2.460000000000000000e+02
2.310000000000000000e+02
2.510000000000000000e+02
2.300000000000000000e+02
2.480000000000000000e+02
2.680000000000000000e+02
2.540000000000000000e+02
3.450000000000000000e+02
3.550000000000000000e+02
3.720000000000000000e+02
3.290000000000000000e+02
3.380000000000000000e+02
4.200000000000000000e+02
4.050000000000000000e+02
1.138000000000000000e+03
