6.770000000000000000e+02
3.120000000000000000e+02
3.490000000000000000e+02
5.780000000000000000e+02
8.480000000000000000e+02
8.700000000000000000e+02
9.660000000000000000e+02
9.950000000000000000e+02
1.009000000000000000e+03
1.004000000000000000e+03
9.030000000000000000e+02
7.860000000000000000e+02
7.260000000000000000e+02
6.590000000000000000e+02
6.690000000000000000e+02
5.950000000000000000e+02
5.980000000000000000e+02
6.860000000000000000e+02
6.090000000000000000e+02
6.220000000000000000e+02
6.110000000000000000e+02
6.240000000000000000e+02
6.810000000000000000e+02
6.610000000000000000e+02
6.770000000000000000e+02
6.780000000000000000e+02
6.610000000000000000e+02
6.910000000000000000e+02
6.660000000000000000e+02
6.490000000000000000e+02
6.560000000000000000e+02
6.760000000000000000e+02
6.620000000000000000e+02
6.560000000000000000e+02
7.190000000000000000e+02
6.620000000000000000e+02
6.830000000000000000e+02
7.130000000000000000e+02
6.670000000000000000e+02
7.080000000000000000e+02
7.390000000000000000e+02
7.290000000000000000e+02
7.340000000000000000e+02
8.030000000000000000e+02
8.120000000000000000e+02
7.680000000000000000e+02
7.480000000000000000e+02
7.880000000000000000e+02
7.830000000000000000e+02
8.340000000000000000e+02
8.390000000000000000e+02
7.780000000000000000e+02
8.130000000000000000e+02
7.940000000000000000e+02
8.470000000000000000e+02
8.090000000000000000e+02
7.930000000000000000e+02
8.770000000000000000e+02
8.700000000000000000e+02
9.240000000000000000e+02
9.530000000000000000e+02
1.002000000000000000e+03
1.005000000000000000e+03
9.900000000000000000e+02
1.048000000000000000e+03
1.056000000000000000e+03
1.149000000000000000e+03
1.160000000000000000e+03
1.097000000000000000e+03
1.174000000000000000e+03
1.185000000000000000e+03
1.191000000000000000e+03
1.269000000000000000e+03
1.274000000000000000e+03
1.299000000000000000e+03
1.420000000000000000e+03
1.344000000000000000e+03
1.419000000000000000e+03
1.464000000000000000e+03
1.525000000000000000e+03
1.549000000000000000e+03
1.544000000000000000e+03
1.604000000000000000e+03
1.503000000000000000e+03
1.543000000000000000e+03
1.554000000000000000e+03
1.511000000000000000e+03
1.528000000000000000e+03
1.488000000000000000e+03
1.538000000000000000e+03
1.473000000000000000e+03
1.552000000000000000e+03
1.474000000000000000e+03
1.538000000000000000e+03
1.460000000000000000e+03
1.377000000000000000e+03
1.489000000000000000e+03
1.471000000000000000e+03
1.440000000000000000e+03
1.394000000000000000e+03
1.454000000000000000e+03
1.509000000000000000e+03
1.509000000000000000e+03
1.628000000000000000e+03
1.613000000000000000e+03
1.648000000000000000e+03
1.754000000000000000e+03
1.783000000000000000e+03
1.747000000000000000e+03
1.803000000000000000e+03
1.870000000000000000e+03
1.901000000000000000e+03
1.879000000000000000e+03
1.878000000000000000e+03
1.718000000000000000e+03
1.851000000000000000e+03
1.728000000000000000e+03
1.674000000000000000e+03
1.588000000000000000e+03
1.509000000000000000e+03
1.460000000000000000e+03
1.421000000000000000e+03
1.428000000000000000e+03
1.437000000000000000e+03
1.407000000000000000e+03
1.428000000000000000e+03
1.324000000000000000e+03
1.356000000000000000e+03
1.361000000000000000e+03
1.425000000000000000e+03
1.362000000000000000e+03
1.359000000000000000e+03
1.363000000000000000e+03
1.288000000000000000e+03
1.298000000000000000e+03
1.285000000000000000e+03
1.230000000000000000e+03
1.180000000000000000e+03
1.130000000000000000e+03
1.129000000000000000e+03
1.170000000000000000e+03
1.129000000000000000e+03
1.082000000000000000e+03
1.071000000000000000e+03
9.400000000000000000e+02
9.410000000000000000e+02
9.750000000000000000e+02
9.020000000000000000e+02
8.990000000000000000e+02
8.200000000000000000e+02
8.830000000000000000e+02
8.490000000000000000e+02
7.930000000000000000e+02
8.690000000000000000e+02
8.310000000000000000e+02
8.180000000000000000e+02
7.990000000000000000e+02
7.670000000000000000e+02
7.830000000000000000e+02
7.080000000000000000e+02
6.310000000000000000e+02
6.920000000000000000e+02
6.720000000000000000e+02
6.800000000000000000e+02
6.110000000000000000e+02
5.920000000000000000e+02
5.940000000000000000e+02
5.570000000000000000e+02
5.680000000000000000e+02
5.160000000000000000e+02
5.290000000000000000e+02
5.120000000000000000e+02
4.840000000000000000e+02
4.680000000000000000e+02
4.810000000000000000e+02
4.690000000000000000e+02
4.710000000000000000e+02
4.590000000000000000e+02
5.060000000000000000e+02
5.190000000000000000e+02
5.180000000000000000e+02
4.580000000000000000e+02
5.210000000000000000e+02
4.930000000000000000e+02
5.070000000000000000e+02
4.940000000000000000e+02
5.080000000000000000e+02
5.870000000000000000e+02
5.490000000000000000e+02
5.790000000000000000e+02
5.770000000000000000e+02
6.210000000000000000e+02
6.880000000000000000e+02
6.820000000000000000e+02
7.540000000000000000e+02
7.990000000000000000e+02
8.710000000000000000e+02
8.720000000000000000e+02
8.900000000000000000e+02
1.000000000000000000e+03
1.185000000000000000e+03
1.283000000000000000e+03
1.670000000000000000e+03
1.943000000000000000e+03
2.213000000000000000e+03
2.168000000000000000e+03
1.968000000000000000e+03
1.968000000000000000e+03
1.893000000000000000e+03
1.798000000000000000e+03
1.511000000000000000e+03
1.403000000000000000e+03
1.375000000000000000e+03
1.311000000000000000e+03
1.304000000000000000e+03
1.380000000000000000e+03
1.067000000000000000e+03
8.100000000000000000e+02
6.710000000000000000e+02
6.710000000000000000e+02
6.030000000000000000e+02
6.470000000000000000e+02
6.090000000000000000e+02
5.540000000000000000e+02
5.220000000000000000e+02
4.600000000000000000e+02
4.700000000000000000e+02
4.240000000000000000e+02
4.390000000000000000e+02
4.380000000000000000e+02
4.080000000000000000e+02
4.010000000000000000e+02
3.630000000000000000e+02
3.790000000000000000e+02
3.730000000000000000e+02
3.870000000000000000e+02
3.420000000000000000e+02
2.510000000000000000e+02
2.520000000000000000e+02
2.150000000000000000e+02
2.140000000000000000e+02
1.350000000000000000e+02
1.350000000000000000e+02
9.900000000000000000e+01
8.500000000000000000e+01
7.400000000000000000e+01
6.000000000000000000e+01
5.800000000000000000e+01
4.800000000000000000e+01
3.200000000000000000e+01
2.600000000000000000e+01
2.900000000000000000e+01
3.200000000000000000e+01
2.200000000000000000e+01
3.700000000000000000e+01
6.400000000000000000e+01
5.380000000000000000e+02
3.260000000000000000e+02
3.990000000000000000e+02
6.870000000000000000e+02
9.470000000000000000e+02
9.510000000000000000e+02
1.000000000000000000e+03
9.720000000000000000e+02
1.056000000000000000e+03
1.078000000000000000e+03
9.490000000000000000e+02
8.420000000000000000e+02
8.020000000000000000e+02
7.220000000000000000e+02
7.080000000000000000e+02
7.000000000000000000e+02
6.150000000000000000e+02
6.760000000000000000e+02
6.670000000000000000e+02
6.780000000000000000e+02
6.850000000000000000e+02
7.000000000000000000e+02
7.210000000000000000e+02
6.700000000000000000e+02
7.640000000000000000e+02
6.980000000000000000e+02
7.050000000000000000e+02
6.890000000000000000e+02
7.720000000000000000e+02
6.870000000000000000e+02
6.390000000000000000e+02
7.320000000000000000e+02
6.680000000000000000e+02
6.900000000000000000e+02
7.470000000000000000e+02
7.630000000000000000e+02
7.000000000000000000e+02
7.000000000000000000e+02
7.700000000000000000e+02
7.180000000000000000e+02
7.590000000000000000e+02
7.720000000000000000e+02
7.680000000000000000e+02
7.320000000000000000e+02
8.630000000000000000e+02
7.670000000000000000e+02
7.830000000000000000e+02
8.180000000000000000e+02
8.260000000000000000e+02
8.380000000000000000e+02
8.520000000000000000e+02
8.380000000000000000e+02
8.860000000000000000e+02
8.500000000000000000e+02
8.650000000000000000e+02
8.700000000000000000e+02
9.200000000000000000e+02
8.970000000000000000e+02
8.820000000000000000e+02
8.670000000000000000e+02
1.036000000000000000e+03
9.950000000000000000e+02
1.022000000000000000e+03
1.012000000000000000e+03
1.034000000000000000e+03
1.034000000000000000e+03
1.091000000000000000e+03
1.122000000000000000e+03
1.163000000000000000e+03
1.187000000000000000e+03
1.240000000000000000e+03
1.204000000000000000e+03
1.235000000000000000e+03
1.263000000000000000e+03
1.353000000000000000e+03
1.360000000000000000e+03
1.422000000000000000e+03
1.466000000000000000e+03
1.518000000000000000e+03
1.631000000000000000e+03
1.615000000000000000e+03
1.646000000000000000e+03
1.580000000000000000e+03
1.664000000000000000e+03
1.628000000000000000e+03
1.580000000000000000e+03
1.623000000000000000e+03
1.666000000000000000e+03
1.586000000000000000e+03
1.560000000000000000e+03
1.553000000000000000e+03
1.576000000000000000e+03
1.552000000000000000e+03
1.571000000000000000e+03
1.590000000000000000e+03
1.613000000000000000e+03
1.558000000000000000e+03
1.620000000000000000e+03
1.552000000000000000e+03
1.491000000000000000e+03
1.470000000000000000e+03
1.442000000000000000e+03
1.552000000000000000e+03
1.551000000000000000e+03
1.594000000000000000e+03
1.589000000000000000e+03
1.610000000000000000e+03
1.617000000000000000e+03
1.654000000000000000e+03
1.766000000000000000e+03
1.664000000000000000e+03
1.731000000000000000e+03
1.713000000000000000e+03
1.678000000000000000e+03
1.717000000000000000e+03
1.623000000000000000e+03
1.606000000000000000e+03
1.559000000000000000e+03
1.538000000000000000e+03
1.387000000000000000e+03
1.386000000000000000e+03
1.453000000000000000e+03
1.403000000000000000e+03
1.402000000000000000e+03
1.396000000000000000e+03
1.487000000000000000e+03
1.427000000000000000e+03
1.395000000000000000e+03
1.459000000000000000e+03
1.489000000000000000e+03
1.470000000000000000e+03
1.383000000000000000e+03
1.354000000000000000e+03
1.400000000000000000e+03
1.369000000000000000e+03
1.315000000000000000e+03
1.301000000000000000e+03
1.222000000000000000e+03
1.166000000000000000e+03
1.130000000000000000e+03
1.082000000000000000e+03
1.118000000000000000e+03
1.136000000000000000e+03
1.009000000000000000e+03
9.950000000000000000e+02
9.650000000000000000e+02
8.890000000000000000e+02
8.680000000000000000e+02
8.480000000000000000e+02
8.510000000000000000e+02
7.810000000000000000e+02
8.240000000000000000e+02
8.420000000000000000e+02
7.810000000000000000e+02
7.600000000000000000e+02
7.630000000000000000e+02
7.520000000000000000e+02
7.550000000000000000e+02
7.500000000000000000e+02
6.450000000000000000e+02
6.640000000000000000e+02
6.160000000000000000e+02
5.790000000000000000e+02
6.010000000000000000e+02
5.690000000000000000e+02
5.310000000000000000e+02
5.300000000000000000e+02
5.090000000000000000e+02
4.740000000000000000e+02
4.550000000000000000e+02
4.300000000000000000e+02
4.590000000000000000e+02
4.210000000000000000e+02
4.000000000000000000e+02
3.560000000000000000e+02
4.120000000000000000e+02
3.850000000000000000e+02
3.760000000000000000e+02
3.720000000000000000e+02
3.660000000000000000e+02
3.760000000000000000e+02
3.710000000000000000e+02
3.550000000000000000e+02
3.880000000000000000e+02
3.970000000000000000e+02
3.800000000000000000e+02
3.960000000000000000e+02
3.830000000000000000e+02
3.980000000000000000e+02
3.770000000000000000e+02
4.100000000000000000e+02
3.800000000000000000e+02
3.960000000000000000e+02
3.810000000000000000e+02
4.150000000000000000e+02
3.640000000000000000e+02
3.640000000000000000e+02
3.660000000000000000e+02
4.450000000000000000e+02
4.200000000000000000e+02
4.220000000000000000e+02
4.280000000000000000e+02
4.510000000000000000e+02
5.040000000000000000e+02
5.150000000000000000e+02
5.470000000000000000e+02
6.250000000000000000e+02
7.140000000000000000e+02
7.140000000000000000e+02
7.480000000000000000e+02
7.480000000000000000e+02
8.550000000000000000e+02
9.390000000000000000e+02
1.013000000000000000e+03
1.081000000000000000e+03
1.104000000000000000e+03
1.480000000000000000e+03
1.830000000000000000e+03
2.261000000000000000e+03
2.482000000000000000e+03
2.664000000000000000e+03
2.570000000000000000e+03
2.281000000000000000e+03
2.253000000000000000e+03
2.146000000000000000e+03
1.924000000000000000e+03
1.757000000000000000e+03
1.527000000000000000e+03
1.026000000000000000e+03
7.360000000000000000e+02
5.160000000000000000e+02
4.670000000000000000e+02
4.040000000000000000e+02
3.640000000000000000e+02
3.800000000000000000e+02
3.740000000000000000e+02
3.580000000000000000e+02
3.810000000000000000e+02
2.870000000000000000e+02
2.330000000000000000e+02
1.900000000000000000e+02
1.680000000000000000e+02
1.920000000000000000e+02
1.420000000000000000e+02
1.120000000000000000e+02
9.200000000000000000e+01
8.800000000000000000e+01
6.000000000000000000e+01
5.400000000000000000e+01
4.800000000000000000e+01
3.900000000000000000e+01
3.000000000000000000e+01
4.000000000000000000e+01
2.400000000000000000e+01
2.500000000000000000e+01
4.200000000000000000e+01
5.570000000000000000e+02
2.640000000000000000e+02
4.030000000000000000e+02
4.930000000000000000e+02
8.440000000000000000e+02
8.360000000000000000e+02
9.880000000000000000e+02
9.900000000000000000e+02
1.015000000000000000e+03
9.780000000000000000e+02
8.400000000000000000e+02
7.960000000000000000e+02
7.810000000000000000e+02
7.460000000000000000e+02
7.360000000000000000e+02
6.770000000000000000e+02
6.810000000000000000e+02
6.820000000000000000e+02
6.310000000000000000e+02
6.380000000000000000e+02
6.510000000000000000e+02
6.420000000000000000e+02
6.720000000000000000e+02
6.550000000000000000e+02
6.930000000000000000e+02
7.170000000000000000e+02
7.330000000000000000e+02
6.620000000000000000e+02
7.310000000000000000e+02
6.840000000000000000e+02
7.070000000000000000e+02
6.690000000000000000e+02
6.950000000000000000e+02
6.560000000000000000e+02
6.750000000000000000e+02
6.810000000000000000e+02
7.690000000000000000e+02
7.370000000000000000e+02
7.410000000000000000e+02
7.360000000000000000e+02
7.210000000000000000e+02
7.730000000000000000e+02
7.860000000000000000e+02
8.120000000000000000e+02
7.810000000000000000e+02
7.950000000000000000e+02
8.010000000000000000e+02
7.670000000000000000e+02
7.820000000000000000e+02
8.700000000000000000e+02
8.760000000000000000e+02
8.150000000000000000e+02
8.810000000000000000e+02
7.660000000000000000e+02
8.320000000000000000e+02
8.460000000000000000e+02
8.980000000000000000e+02
8.450000000000000000e+02
9.040000000000000000e+02
9.240000000000000000e+02
9.470000000000000000e+02
1.029000000000000000e+03
1.064000000000000000e+03
1.078000000000000000e+03
1.076000000000000000e+03
1.039000000000000000e+03
1.095000000000000000e+03
1.134000000000000000e+03
1.104000000000000000e+03
1.153000000000000000e+03
1.140000000000000000e+03
1.199000000000000000e+03
1.187000000000000000e+03
1.169000000000000000e+03
1.239000000000000000e+03
1.294000000000000000e+03
1.273000000000000000e+03
1.350000000000000000e+03
1.336000000000000000e+03
1.309000000000000000e+03
1.292000000000000000e+03
1.408000000000000000e+03
1.415000000000000000e+03
1.483000000000000000e+03
1.531000000000000000e+03
1.548000000000000000e+03
1.496000000000000000e+03
1.554000000000000000e+03
1.488000000000000000e+03
1.533000000000000000e+03
1.515000000000000000e+03
1.497000000000000000e+03
1.519000000000000000e+03
1.541000000000000000e+03
1.657000000000000000e+03
1.618000000000000000e+03
1.515000000000000000e+03
1.603000000000000000e+03
1.566000000000000000e+03
1.587000000000000000e+03
1.519000000000000000e+03
1.560000000000000000e+03
1.562000000000000000e+03
1.601000000000000000e+03
1.569000000000000000e+03
1.609000000000000000e+03
1.624000000000000000e+03
1.711000000000000000e+03
1.784000000000000000e+03
1.718000000000000000e+03
1.702000000000000000e+03
1.729000000000000000e+03
1.844000000000000000e+03
1.764000000000000000e+03
1.855000000000000000e+03
1.810000000000000000e+03
1.911000000000000000e+03
1.925000000000000000e+03
1.858000000000000000e+03
1.734000000000000000e+03
1.737000000000000000e+03
1.607000000000000000e+03
1.600000000000000000e+03
1.532000000000000000e+03
1.494000000000000000e+03
1.363000000000000000e+03
1.401000000000000000e+03
1.358000000000000000e+03
1.284000000000000000e+03
1.222000000000000000e+03
1.327000000000000000e+03
1.287000000000000000e+03
1.364000000000000000e+03
1.353000000000000000e+03
1.297000000000000000e+03
1.373000000000000000e+03
1.232000000000000000e+03
1.272000000000000000e+03
1.258000000000000000e+03
1.241000000000000000e+03
1.225000000000000000e+03
1.139000000000000000e+03
1.166000000000000000e+03
1.193000000000000000e+03
1.130000000000000000e+03
1.056000000000000000e+03
1.044000000000000000e+03
9.890000000000000000e+02
9.690000000000000000e+02
1.000000000000000000e+03
9.320000000000000000e+02
8.890000000000000000e+02
8.600000000000000000e+02
8.660000000000000000e+02
8.550000000000000000e+02
7.680000000000000000e+02
7.800000000000000000e+02
7.120000000000000000e+02
7.380000000000000000e+02
7.110000000000000000e+02
6.550000000000000000e+02
6.130000000000000000e+02
6.270000000000000000e+02
6.040000000000000000e+02
5.510000000000000000e+02
5.400000000000000000e+02
5.680000000000000000e+02
5.060000000000000000e+02
5.130000000000000000e+02
4.890000000000000000e+02
4.730000000000000000e+02
4.730000000000000000e+02
4.510000000000000000e+02
4.630000000000000000e+02
4.540000000000000000e+02
4.190000000000000000e+02
4.060000000000000000e+02
4.380000000000000000e+02
4.570000000000000000e+02
3.910000000000000000e+02
4.090000000000000000e+02
4.720000000000000000e+02
4.130000000000000000e+02
3.910000000000000000e+02
3.970000000000000000e+02
4.370000000000000000e+02
4.120000000000000000e+02
4.380000000000000000e+02
4.220000000000000000e+02
4.530000000000000000e+02
4.600000000000000000e+02
4.220000000000000000e+02
5.250000000000000000e+02
5.380000000000000000e+02
5.210000000000000000e+02
5.600000000000000000e+02
5.950000000000000000e+02
6.270000000000000000e+02
6.060000000000000000e+02
6.370000000000000000e+02
6.670000000000000000e+02
7.040000000000000000e+02
7.540000000000000000e+02
7.730000000000000000e+02
7.530000000000000000e+02
7.530000000000000000e+02
8.080000000000000000e+02
9.180000000000000000e+02
1.074000000000000000e+03
1.016000000000000000e+03
1.137000000000000000e+03
1.357000000000000000e+03
1.511000000000000000e+03
1.715000000000000000e+03
2.080000000000000000e+03
2.071000000000000000e+03
2.006000000000000000e+03
2.002000000000000000e+03
1.881000000000000000e+03
1.895000000000000000e+03
1.827000000000000000e+03
1.626000000000000000e+03
1.527000000000000000e+03
1.490000000000000000e+03
1.039000000000000000e+03
8.310000000000000000e+02
5.920000000000000000e+02
4.590000000000000000e+02
4.540000000000000000e+02
4.230000000000000000e+02
3.610000000000000000e+02
3.800000000000000000e+02
3.470000000000000000e+02
3.450000000000000000e+02
3.390000000000000000e+02
3.130000000000000000e+02
3.050000000000000000e+02
2.790000000000000000e+02
2.810000000000000000e+02
2.330000000000000000e+02
1.900000000000000000e+02
1.950000000000000000e+02
1.440000000000000000e+02
1.270000000000000000e+02
9.800000000000000000e+01
9.900000000000000000e+01
6.800000000000000000e+01
7.100000000000000000e+01
6.400000000000000000e+01
5.100000000000000000e+01
4.800000000000000000e+01
4.100000000000000000e+01
3.400000000000000000e+01
2.900000000000000000e+01
1.400000000000000000e+01
2.400000000000000000e+01
