5.730000000000000000e+02
3.800000000000000000e+02
5.520000000000000000e+02
7.600000000000000000e+02
1.005000000000000000e+03
1.350000000000000000e+03
1.852000000000000000e+03
2.708000000000000000e+03
4.260000000000000000e+03
5.632000000000000000e+03
7.046000000000000000e+03
6.735000000000000000e+03
5.801000000000000000e+03
3.910000000000000000e+03
2.941000000000000000e+03
2.664000000000000000e+03
2.703000000000000000e+03
2.863000000000000000e+03
3.466000000000000000e+03
3.458000000000000000e+03
2.876000000000000000e+03
2.379000000000000000e+03
2.092000000000000000e+03
1.757000000000000000e+03
1.578000000000000000e+03
1.420000000000000000e+03
1.397000000000000000e+03
1.300000000000000000e+03
1.245000000000000000e+03
1.221000000000000000e+03
1.239000000000000000e+03
1.145000000000000000e+03
1.214000000000000000e+03
1.202000000000000000e+03
1.174000000000000000e+03
1.272000000000000000e+03
1.295000000000000000e+03
1.296000000000000000e+03
1.263000000000000000e+03
1.347000000000000000e+03
1.303000000000000000e+03
1.334000000000000000e+03
1.244000000000000000e+03
1.133000000000000000e+03
1.215000000000000000e+03
1.194000000000000000e+03
1.296000000000000000e+03
1.193000000000000000e+03
1.282000000000000000e+03
1.315000000000000000e+03
1.310000000000000000e+03
1.284000000000000000e+03
1.262000000000000000e+03
1.255000000000000000e+03
1.394000000000000000e+03
1.268000000000000000e+03
1.244000000000000000e+03
1.273000000000000000e+03
1.284000000000000000e+03
1.305000000000000000e+03
1.314000000000000000e+03
1.244000000000000000e+03
1.219000000000000000e+03
1.169000000000000000e+03
1.191000000000000000e+03
1.132000000000000000e+03
1.215000000000000000e+03
1.178000000000000000e+03
1.172000000000000000e+03
1.148000000000000000e+03
1.211000000000000000e+03
1.214000000000000000e+03
1.235000000000000000e+03
1.190000000000000000e+03
1.273000000000000000e+03
1.202000000000000000e+03
1.192000000000000000e+03
1.220000000000000000e+03
1.133000000000000000e+03
1.104000000000000000e+03
1.073000000000000000e+03
1.087000000000000000e+03
1.076000000000000000e+03
1.035000000000000000e+03
1.110000000000000000e+03
1.080000000000000000e+03
1.100000000000000000e+03
1.023000000000000000e+03
1.074000000000000000e+03
1.033000000000000000e+03
9.820000000000000000e+02
1.065000000000000000e+03
1.046000000000000000e+03
1.049000000000000000e+03
1.001000000000000000e+03
9.520000000000000000e+02
9.630000000000000000e+02
8.660000000000000000e+02
8.440000000000000000e+02
8.480000000000000000e+02
8.160000000000000000e+02
7.500000000000000000e+02
7.600000000000000000e+02
7.240000000000000000e+02
6.770000000000000000e+02
6.790000000000000000e+02
7.090000000000000000e+02
6.250000000000000000e+02
6.500000000000000000e+02
6.720000000000000000e+02
6.620000000000000000e+02
6.830000000000000000e+02
6.830000000000000000e+02
6.940000000000000000e+02
6.830000000000000000e+02
6.520000000000000000e+02
6.980000000000000000e+02
6.720000000000000000e+02
6.420000000000000000e+02
5.960000000000000000e+02
6.330000000000000000e+02
6.080000000000000000e+02
5.740000000000000000e+02
5.690000000000000000e+02
5.770000000000000000e+02
5.560000000000000000e+02
5.790000000000000000e+02
4.920000000000000000e+02
4.900000000000000000e+02
5.130000000000000000e+02
4.930000000000000000e+02
4.560000000000000000e+02
4.640000000000000000e+02
4.660000000000000000e+02
4.610000000000000000e+02
4.190000000000000000e+02
4.530000000000000000e+02
4.160000000000000000e+02
4.070000000000000000e+02
3.870000000000000000e+02
4.220000000000000000e+02
3.960000000000000000e+02
4.180000000000000000e+02
4.070000000000000000e+02
3.670000000000000000e+02
4.230000000000000000e+02
3.800000000000000000e+02
4.300000000000000000e+02
4.760000000000000000e+02
4.430000000000000000e+02
4.820000000000000000e+02
5.230000000000000000e+02
5.480000000000000000e+02
6.150000000000000000e+02
6.170000000000000000e+02
5.660000000000000000e+02
6.510000000000000000e+02
6.350000000000000000e+02
6.730000000000000000e+02
7.040000000000000000e+02
6.970000000000000000e+02
6.580000000000000000e+02
6.580000000000000000e+02
7.050000000000000000e+02
7.540000000000000000e+02
7.380000000000000000e+02
7.510000000000000000e+02
6.730000000000000000e+02
6.330000000000000000e+02
6.320000000000000000e+02
5.880000000000000000e+02
5.200000000000000000e+02
5.290000000000000000e+02
4.860000000000000000e+02
4.300000000000000000e+02
4.430000000000000000e+02
4.010000000000000000e+02
3.650000000000000000e+02
3.480000000000000000e+02
3.860000000000000000e+02
3.480000000000000000e+02
3.810000000000000000e+02
3.700000000000000000e+02
3.750000000000000000e+02
4.010000000000000000e+02
4.150000000000000000e+02
4.900000000000000000e+02
5.240000000000000000e+02
4.910000000000000000e+02
4.520000000000000000e+02
4.890000000000000000e+02
4.230000000000000000e+02
4.560000000000000000e+02
4.490000000000000000e+02
4.760000000000000000e+02
5.270000000000000000e+02
5.340000000000000000e+02
6.060000000000000000e+02
6.080000000000000000e+02
7.390000000000000000e+02
6.720000000000000000e+02
6.170000000000000000e+02
5.250000000000000000e+02
4.540000000000000000e+02
3.930000000000000000e+02
3.610000000000000000e+02
3.230000000000000000e+02
3.430000000000000000e+02
3.500000000000000000e+02
3.580000000000000000e+02
4.540000000000000000e+02
3.600000000000000000e+02
3.800000000000000000e+02
3.170000000000000000e+02
3.160000000000000000e+02
3.180000000000000000e+02
4.230000000000000000e+02
5.600000000000000000e+02
5.520000000000000000e+02
5.830000000000000000e+02
5.480000000000000000e+02
5.280000000000000000e+02
8.670000000000000000e+02
9.450000000000000000e+02
8.340000000000000000e+02
7.020000000000000000e+02
7.380000000000000000e+02
7.070000000000000000e+02
6.570000000000000000e+02
5.810000000000000000e+02
4.700000000000000000e+02
3.850000000000000000e+02
2.920000000000000000e+02
2.990000000000000000e+02
2.500000000000000000e+02
4.390000000000000000e+02
9.080000000000000000e+02
4.760000000000000000e+02
8.380000000000000000e+02
8.890000000000000000e+02
1.199000000000000000e+03
8.220000000000000000e+02
8.670000000000000000e+02
4.440000000000000000e+02
3.430000000000000000e+02
1.770000000000000000e+02
1.350000000000000000e+02
5.200000000000000000e+01
2.200000000000000000e+01
1.400000000000000000e+01
9.000000000000000000e+00
7.000000000000000000e+00
4.000000000000000000e+00
4.000000000000000000e+00
1.000000000000000000e+00
1.000000000000000000e+00
6.670000000000000000e+02
9.090000000000000000e+02
1.263000000000000000e+03
1.599000000000000000e+03
2.012000000000000000e+03
2.720000000000000000e+03
3.447000000000000000e+03
4.054000000000000000e+03
3.548000000000000000e+03
3.430000000000000000e+03
2.860000000000000000e+03
2.356000000000000000e+03
2.360000000000000000e+03
1.801000000000000000e+03
1.597000000000000000e+03
1.587000000000000000e+03
1.681000000000000000e+03
1.978000000000000000e+03
2.150000000000000000e+03
2.432000000000000000e+03
2.748000000000000000e+03
2.864000000000000000e+03
3.153000000000000000e+03
2.535000000000000000e+03
2.102000000000000000e+03
1.835000000000000000e+03
1.789000000000000000e+03
1.510000000000000000e+03
1.404000000000000000e+03
1.364000000000000000e+03
1.430000000000000000e+03
1.431000000000000000e+03
1.426000000000000000e+03
1.474000000000000000e+03
1.706000000000000000e+03
2.059000000000000000e+03
2.024000000000000000e+03
1.707000000000000000e+03
1.505000000000000000e+03
1.354000000000000000e+03
1.420000000000000000e+03
1.289000000000000000e+03
1.224000000000000000e+03
1.287000000000000000e+03
1.259000000000000000e+03
1.250000000000000000e+03
1.290000000000000000e+03
1.134000000000000000e+03
1.236000000000000000e+03
1.162000000000000000e+03
1.201000000000000000e+03
1.208000000000000000e+03
1.204000000000000000e+03
1.256000000000000000e+03
1.263000000000000000e+03
1.244000000000000000e+03
1.216000000000000000e+03
1.247000000000000000e+03
1.237000000000000000e+03
1.205000000000000000e+03
1.182000000000000000e+03
1.168000000000000000e+03
1.132000000000000000e+03
1.131000000000000000e+03
1.172000000000000000e+03
1.153000000000000000e+03
1.068000000000000000e+03
1.095000000000000000e+03
1.041000000000000000e+03
1.060000000000000000e+03
1.092000000000000000e+03
1.073000000000000000e+03
1.056000000000000000e+03
9.690000000000000000e+02
1.032000000000000000e+03
1.022000000000000000e+03
1.041000000000000000e+03
1.117000000000000000e+03
1.113000000000000000e+03
1.107000000000000000e+03
1.190000000000000000e+03
1.158000000000000000e+03
1.116000000000000000e+03
1.079000000000000000e+03
1.068000000000000000e+03
1.159000000000000000e+03
1.148000000000000000e+03
1.137000000000000000e+03
1.114000000000000000e+03
1.089000000000000000e+03
1.072000000000000000e+03
1.184000000000000000e+03
1.260000000000000000e+03
1.238000000000000000e+03
1.116000000000000000e+03
1.127000000000000000e+03
1.068000000000000000e+03
1.025000000000000000e+03
1.038000000000000000e+03
1.004000000000000000e+03
9.410000000000000000e+02
9.500000000000000000e+02
8.660000000000000000e+02
8.960000000000000000e+02
9.350000000000000000e+02
8.800000000000000000e+02
8.090000000000000000e+02
8.610000000000000000e+02
8.550000000000000000e+02
8.440000000000000000e+02
8.180000000000000000e+02
8.040000000000000000e+02
8.380000000000000000e+02
8.420000000000000000e+02
8.160000000000000000e+02
8.460000000000000000e+02
7.920000000000000000e+02
7.860000000000000000e+02
7.680000000000000000e+02
7.400000000000000000e+02
7.410000000000000000e+02
6.880000000000000000e+02
6.580000000000000000e+02
6.110000000000000000e+02
5.240000000000000000e+02
5.650000000000000000e+02
5.640000000000000000e+02
5.690000000000000000e+02
5.020000000000000000e+02
5.430000000000000000e+02
4.670000000000000000e+02
5.290000000000000000e+02
4.460000000000000000e+02
5.580000000000000000e+02
4.710000000000000000e+02
4.850000000000000000e+02
4.780000000000000000e+02
4.790000000000000000e+02
4.630000000000000000e+02
4.800000000000000000e+02
4.910000000000000000e+02
4.370000000000000000e+02
4.550000000000000000e+02
4.720000000000000000e+02
5.360000000000000000e+02
5.210000000000000000e+02
5.490000000000000000e+02
5.470000000000000000e+02
5.600000000000000000e+02
5.760000000000000000e+02
5.880000000000000000e+02
6.410000000000000000e+02
6.780000000000000000e+02
6.320000000000000000e+02
6.790000000000000000e+02
7.290000000000000000e+02
7.270000000000000000e+02
7.330000000000000000e+02
7.500000000000000000e+02
7.550000000000000000e+02
7.190000000000000000e+02
7.720000000000000000e+02
7.810000000000000000e+02
8.310000000000000000e+02
8.110000000000000000e+02
8.280000000000000000e+02
7.920000000000000000e+02
7.560000000000000000e+02
6.990000000000000000e+02
6.320000000000000000e+02
6.000000000000000000e+02
5.570000000000000000e+02
5.100000000000000000e+02
5.290000000000000000e+02
4.680000000000000000e+02
4.250000000000000000e+02
3.970000000000000000e+02
3.980000000000000000e+02
3.580000000000000000e+02
3.580000000000000000e+02
3.310000000000000000e+02
3.490000000000000000e+02
3.550000000000000000e+02
3.570000000000000000e+02
3.640000000000000000e+02
3.480000000000000000e+02
3.320000000000000000e+02
3.630000000000000000e+02
3.830000000000000000e+02
4.010000000000000000e+02
3.680000000000000000e+02
3.920000000000000000e+02
3.650000000000000000e+02
4.120000000000000000e+02
3.570000000000000000e+02
3.810000000000000000e+02
4.310000000000000000e+02
4.540000000000000000e+02
5.260000000000000000e+02
6.490000000000000000e+02
6.850000000000000000e+02
8.110000000000000000e+02
7.640000000000000000e+02
7.000000000000000000e+02
6.280000000000000000e+02
5.350000000000000000e+02
4.780000000000000000e+02
4.220000000000000000e+02
3.920000000000000000e+02
4.130000000000000000e+02
4.140000000000000000e+02
5.150000000000000000e+02
5.240000000000000000e+02
6.080000000000000000e+02
5.580000000000000000e+02
5.520000000000000000e+02
6.330000000000000000e+02
7.030000000000000000e+02
8.790000000000000000e+02
9.270000000000000000e+02
8.330000000000000000e+02
9.190000000000000000e+02
1.100000000000000000e+03
1.224000000000000000e+03
1.112000000000000000e+03
9.330000000000000000e+02
6.710000000000000000e+02
6.320000000000000000e+02
4.500000000000000000e+02
3.030000000000000000e+02
2.740000000000000000e+02
2.770000000000000000e+02
2.730000000000000000e+02
3.570000000000000000e+02
2.600000000000000000e+02
3.270000000000000000e+02
8.220000000000000000e+02
5.250000000000000000e+02
6.580000000000000000e+02
8.880000000000000000e+02
1.132000000000000000e+03
7.480000000000000000e+02
9.510000000000000000e+02
6.000000000000000000e+02
3.420000000000000000e+02
1.480000000000000000e+02
6.900000000000000000e+01
5.000000000000000000e+01
3.300000000000000000e+01
3.000000000000000000e+01
2.700000000000000000e+01
1.700000000000000000e+01
1.400000000000000000e+01
1.800000000000000000e+01
1.100000000000000000e+01
1.100000000000000000e+01
7.560000000000000000e+02
4.740000000000000000e+02
6.250000000000000000e+02
7.130000000000000000e+02
9.180000000000000000e+02
8.980000000000000000e+02
9.520000000000000000e+02
9.810000000000000000e+02
1.162000000000000000e+03
1.221000000000000000e+03
1.319000000000000000e+03
1.725000000000000000e+03
2.126000000000000000e+03
2.270000000000000000e+03
2.245000000000000000e+03
2.009000000000000000e+03
2.351000000000000000e+03
2.334000000000000000e+03
2.457000000000000000e+03
2.631000000000000000e+03
3.028000000000000000e+03
3.154000000000000000e+03
2.851000000000000000e+03
2.078000000000000000e+03
2.045000000000000000e+03
2.059000000000000000e+03
1.865000000000000000e+03
1.782000000000000000e+03
2.029000000000000000e+03
2.072000000000000000e+03
1.865000000000000000e+03
1.771000000000000000e+03
1.775000000000000000e+03
1.795000000000000000e+03
1.733000000000000000e+03
1.669000000000000000e+03
1.465000000000000000e+03
1.390000000000000000e+03
1.358000000000000000e+03
1.283000000000000000e+03
1.279000000000000000e+03
1.330000000000000000e+03
1.243000000000000000e+03
1.160000000000000000e+03
1.304000000000000000e+03
1.289000000000000000e+03
1.307000000000000000e+03
1.230000000000000000e+03
1.270000000000000000e+03
1.272000000000000000e+03
1.355000000000000000e+03
1.300000000000000000e+03
1.317000000000000000e+03
1.332000000000000000e+03
1.306000000000000000e+03
1.476000000000000000e+03
1.468000000000000000e+03
1.433000000000000000e+03
1.454000000000000000e+03
1.462000000000000000e+03
1.421000000000000000e+03
1.543000000000000000e+03
1.451000000000000000e+03
1.269000000000000000e+03
1.292000000000000000e+03
1.250000000000000000e+03
1.228000000000000000e+03
1.207000000000000000e+03
1.166000000000000000e+03
1.155000000000000000e+03
1.164000000000000000e+03
1.156000000000000000e+03
1.128000000000000000e+03
1.125000000000000000e+03
1.111000000000000000e+03
1.144000000000000000e+03
1.167000000000000000e+03
1.195000000000000000e+03
1.164000000000000000e+03
1.177000000000000000e+03
1.189000000000000000e+03
1.183000000000000000e+03
1.103000000000000000e+03
1.130000000000000000e+03
1.078000000000000000e+03
1.043000000000000000e+03
1.041000000000000000e+03
1.105000000000000000e+03
1.075000000000000000e+03
1.138000000000000000e+03
1.133000000000000000e+03
1.180000000000000000e+03
1.088000000000000000e+03
1.057000000000000000e+03
1.004000000000000000e+03
1.000000000000000000e+03
1.011000000000000000e+03
9.880000000000000000e+02
9.790000000000000000e+02
1.008000000000000000e+03
9.650000000000000000e+02
9.890000000000000000e+02
9.130000000000000000e+02
9.490000000000000000e+02
9.060000000000000000e+02
8.510000000000000000e+02
8.450000000000000000e+02
8.650000000000000000e+02
8.310000000000000000e+02
7.380000000000000000e+02
7.250000000000000000e+02
6.880000000000000000e+02
6.930000000000000000e+02
7.190000000000000000e+02
7.300000000000000000e+02
7.360000000000000000e+02
7.380000000000000000e+02
8.260000000000000000e+02
7.590000000000000000e+02
8.010000000000000000e+02
7.610000000000000000e+02
8.110000000000000000e+02
8.320000000000000000e+02
8.220000000000000000e+02
8.420000000000000000e+02
7.910000000000000000e+02
8.250000000000000000e+02
8.520000000000000000e+02
8.160000000000000000e+02
8.440000000000000000e+02
8.240000000000000000e+02
8.570000000000000000e+02
8.030000000000000000e+02
8.360000000000000000e+02
7.630000000000000000e+02
7.720000000000000000e+02
8.280000000000000000e+02
8.700000000000000000e+02
8.330000000000000000e+02
8.140000000000000000e+02
8.200000000000000000e+02
8.260000000000000000e+02
8.380000000000000000e+02
8.620000000000000000e+02
8.210000000000000000e+02
7.980000000000000000e+02
8.410000000000000000e+02
8.230000000000000000e+02
8.450000000000000000e+02
8.470000000000000000e+02
8.480000000000000000e+02
8.500000000000000000e+02
8.810000000000000000e+02
8.230000000000000000e+02
8.010000000000000000e+02
7.730000000000000000e+02
7.520000000000000000e+02
7.370000000000000000e+02
6.800000000000000000e+02
6.580000000000000000e+02
6.400000000000000000e+02
6.500000000000000000e+02
6.310000000000000000e+02
6.110000000000000000e+02
5.260000000000000000e+02
5.510000000000000000e+02
5.370000000000000000e+02
4.990000000000000000e+02
5.300000000000000000e+02
5.020000000000000000e+02
4.900000000000000000e+02
5.410000000000000000e+02
5.340000000000000000e+02
5.750000000000000000e+02
5.330000000000000000e+02
5.680000000000000000e+02
5.450000000000000000e+02
5.220000000000000000e+02
5.220000000000000000e+02
5.340000000000000000e+02
4.740000000000000000e+02
4.580000000000000000e+02
4.750000000000000000e+02
4.860000000000000000e+02
4.760000000000000000e+02
4.290000000000000000e+02
4.490000000000000000e+02
4.080000000000000000e+02
4.550000000000000000e+02
4.660000000000000000e+02
4.780000000000000000e+02
4.900000000000000000e+02
5.030000000000000000e+02
5.300000000000000000e+02
5.510000000000000000e+02
5.730000000000000000e+02
6.770000000000000000e+02
7.310000000000000000e+02
8.500000000000000000e+02
9.190000000000000000e+02
1.011000000000000000e+03
9.770000000000000000e+02
9.780000000000000000e+02
9.890000000000000000e+02
9.780000000000000000e+02
9.120000000000000000e+02
9.450000000000000000e+02
8.290000000000000000e+02
7.030000000000000000e+02
6.310000000000000000e+02
5.730000000000000000e+02
5.810000000000000000e+02
8.090000000000000000e+02
7.690000000000000000e+02
6.550000000000000000e+02
6.660000000000000000e+02
5.760000000000000000e+02
8.750000000000000000e+02
8.210000000000000000e+02
8.430000000000000000e+02
5.960000000000000000e+02
5.840000000000000000e+02
4.940000000000000000e+02
6.140000000000000000e+02
8.670000000000000000e+02
4.750000000000000000e+02
7.370000000000000000e+02
5.460000000000000000e+02
7.210000000000000000e+02
7.120000000000000000e+02
1.135000000000000000e+03
8.130000000000000000e+02
7.160000000000000000e+02
4.610000000000000000e+02
4.270000000000000000e+02
2.490000000000000000e+02
1.920000000000000000e+02
1.220000000000000000e+02
1.010000000000000000e+02
8.000000000000000000e+01
6.200000000000000000e+01
6.000000000000000000e+01
7.000000000000000000e+01
5.000000000000000000e+01
4.400000000000000000e+01
5.100000000000000000e+01
3.300000000000000000e+01
2.900000000000000000e+01
3.700000000000000000e+01
3.400000000000000000e+01
3.500000000000000000e+01
3.100000000000000000e+01
2.500000000000000000e+01
1.900000000000000000e+01
1.300000000000000000e+01
7.100000000000000000e+01
