8.710000000000000000e+02
6.100000000000000000e+02
6.930000000000000000e+02
8.500000000000000000e+02
9.460000000000000000e+02
9.100000000000000000e+02
8.380000000000000000e+02
7.280000000000000000e+02
6.710000000000000000e+02
6.640000000000000000e+02
5.890000000000000000e+02
5.530000000000000000e+02
5.600000000000000000e+02
5.050000000000000000e+02
5.060000000000000000e+02
5.060000000000000000e+02
4.380000000000000000e+02
4.870000000000000000e+02
4.650000000000000000e+02
5.370000000000000000e+02
4.890000000000000000e+02
5.400000000000000000e+02
5.190000000000000000e+02
5.370000000000000000e+02
5.140000000000000000e+02
4.980000000000000000e+02
4.490000000000000000e+02
4.400000000000000000e+02
4.130000000000000000e+02
3.730000000000000000e+02
4.010000000000000000e+02
4.090000000000000000e+02
3.720000000000000000e+02
4.100000000000000000e+02
4.220000000000000000e+02
4.490000000000000000e+02
4.830000000000000000e+02
5.090000000000000000e+02
5.040000000000000000e+02
5.270000000000000000e+02
5.740000000000000000e+02
5.940000000000000000e+02
6.550000000000000000e+02
6.760000000000000000e+02
7.920000000000000000e+02
9.330000000000000000e+02
1.131000000000000000e+03
1.268000000000000000e+03
1.675000000000000000e+03
2.145000000000000000e+03
2.274000000000000000e+03
2.503000000000000000e+03
2.528000000000000000e+03
2.571000000000000000e+03
2.495000000000000000e+03
2.444000000000000000e+03
2.362000000000000000e+03
2.529000000000000000e+03
2.656000000000000000e+03
2.805000000000000000e+03
2.848000000000000000e+03
3.120000000000000000e+03
3.447000000000000000e+03
3.707000000000000000e+03
4.101000000000000000e+03
4.301000000000000000e+03
4.410000000000000000e+03
4.430000000000000000e+03
4.361000000000000000e+03
4.316000000000000000e+03
3.872000000000000000e+03
3.502000000000000000e+03
3.334000000000000000e+03
3.431000000000000000e+03
3.763000000000000000e+03
3.715000000000000000e+03
3.435000000000000000e+03
2.924000000000000000e+03
2.214000000000000000e+03
1.583000000000000000e+03
1.191000000000000000e+03
9.940000000000000000e+02
9.460000000000000000e+02
8.170000000000000000e+02
8.320000000000000000e+02
7.500000000000000000e+02
7.500000000000000000e+02
7.890000000000000000e+02
7.620000000000000000e+02
7.740000000000000000e+02
8.050000000000000000e+02
8.600000000000000000e+02
7.980000000000000000e+02
7.550000000000000000e+02
7.380000000000000000e+02
6.740000000000000000e+02
6.490000000000000000e+02
6.900000000000000000e+02
7.590000000000000000e+02
6.820000000000000000e+02
6.470000000000000000e+02
6.760000000000000000e+02
7.050000000000000000e+02
6.250000000000000000e+02
6.610000000000000000e+02
5.710000000000000000e+02
6.350000000000000000e+02
6.100000000000000000e+02
5.980000000000000000e+02
5.850000000000000000e+02
6.030000000000000000e+02
7.010000000000000000e+02
6.710000000000000000e+02
6.530000000000000000e+02
6.620000000000000000e+02
6.140000000000000000e+02
5.730000000000000000e+02
6.030000000000000000e+02
5.330000000000000000e+02
4.990000000000000000e+02
5.800000000000000000e+02
5.850000000000000000e+02
6.140000000000000000e+02
5.700000000000000000e+02
6.070000000000000000e+02
5.250000000000000000e+02
5.530000000000000000e+02
6.010000000000000000e+02
5.590000000000000000e+02
5.190000000000000000e+02
5.360000000000000000e+02
5.150000000000000000e+02
5.210000000000000000e+02
5.890000000000000000e+02
5.660000000000000000e+02
5.170000000000000000e+02
5.800000000000000000e+02
5.770000000000000000e+02
5.830000000000000000e+02
4.820000000000000000e+02
5.090000000000000000e+02
5.530000000000000000e+02
5.490000000000000000e+02
5.310000000000000000e+02
5.240000000000000000e+02
5.780000000000000000e+02
5.900000000000000000e+02
5.590000000000000000e+02
5.170000000000000000e+02
5.170000000000000000e+02
4.920000000000000000e+02
5.030000000000000000e+02
4.770000000000000000e+02
4.460000000000000000e+02
4.490000000000000000e+02
4.640000000000000000e+02
4.610000000000000000e+02
4.570000000000000000e+02
4.760000000000000000e+02
4.540000000000000000e+02
4.850000000000000000e+02
4.500000000000000000e+02
4.690000000000000000e+02
4.590000000000000000e+02
5.120000000000000000e+02
4.970000000000000000e+02
6.100000000000000000e+02
5.880000000000000000e+02
6.230000000000000000e+02
6.530000000000000000e+02
7.540000000000000000e+02
7.690000000000000000e+02
7.810000000000000000e+02
7.660000000000000000e+02
7.730000000000000000e+02
7.680000000000000000e+02
7.220000000000000000e+02
6.910000000000000000e+02
6.750000000000000000e+02
6.880000000000000000e+02
6.720000000000000000e+02
7.300000000000000000e+02
7.270000000000000000e+02
8.350000000000000000e+02
8.570000000000000000e+02
1.271000000000000000e+03
1.210000000000000000e+03
1.284000000000000000e+03
1.653000000000000000e+03
1.759000000000000000e+03
1.835000000000000000e+03
1.826000000000000000e+03
2.277000000000000000e+03
1.472000000000000000e+03
1.369000000000000000e+03
9.770000000000000000e+02
9.210000000000000000e+02
8.800000000000000000e+02
8.450000000000000000e+02
9.620000000000000000e+02
9.460000000000000000e+02
9.130000000000000000e+02
9.300000000000000000e+02
1.063000000000000000e+03
1.099000000000000000e+03
1.103000000000000000e+03
1.142000000000000000e+03
1.164000000000000000e+03
1.097000000000000000e+03
1.035000000000000000e+03
1.078000000000000000e+03
9.580000000000000000e+02
8.740000000000000000e+02
9.880000000000000000e+02
9.630000000000000000e+02
9.110000000000000000e+02
9.640000000000000000e+02
8.740000000000000000e+02
8.130000000000000000e+02
8.110000000000000000e+02
7.650000000000000000e+02
7.340000000000000000e+02
5.170000000000000000e+02
5.020000000000000000e+02
4.500000000000000000e+02
3.340000000000000000e+02
2.650000000000000000e+02
2.390000000000000000e+02
2.020000000000000000e+02
1.390000000000000000e+02
1.100000000000000000e+02
8.100000000000000000e+01
7.800000000000000000e+01
5.100000000000000000e+01
5.500000000000000000e+01
4.500000000000000000e+01
3.000000000000000000e+01
2.700000000000000000e+01
2.000000000000000000e+01
2.000000000000000000e+01
3.100000000000000000e+01
2.300000000000000000e+01
2.200000000000000000e+01
1.400000000000000000e+01
1.700000000000000000e+01
1.100000000000000000e+01
1.000000000000000000e+01
6.000000000000000000e+00
2.000000000000000000e+00
8.000000000000000000e+00
4.000000000000000000e+00
6.000000000000000000e+00
2.000000000000000000e+00
5.000000000000000000e+00
1.100000000000000000e+01
9.000000000000000000e+00
1.640000000000000000e+02
2.220000000000000000e+02
3.230000000000000000e+02
3.830000000000000000e+02
4.250000000000000000e+02
4.200000000000000000e+02
4.530000000000000000e+02
4.760000000000000000e+02
4.740000000000000000e+02
5.040000000000000000e+02
5.220000000000000000e+02
5.940000000000000000e+02
5.520000000000000000e+02
4.990000000000000000e+02
5.160000000000000000e+02
4.640000000000000000e+02
3.940000000000000000e+02
3.330000000000000000e+02
3.650000000000000000e+02
3.900000000000000000e+02
3.580000000000000000e+02
4.790000000000000000e+02
4.780000000000000000e+02
5.060000000000000000e+02
5.000000000000000000e+02
6.150000000000000000e+02
5.150000000000000000e+02
5.420000000000000000e+02
5.120000000000000000e+02
5.150000000000000000e+02
5.070000000000000000e+02
4.670000000000000000e+02
4.560000000000000000e+02
4.150000000000000000e+02
4.340000000000000000e+02
3.870000000000000000e+02
3.880000000000000000e+02
4.250000000000000000e+02
3.920000000000000000e+02
4.230000000000000000e+02
4.010000000000000000e+02
4.150000000000000000e+02
4.070000000000000000e+02
4.100000000000000000e+02
4.130000000000000000e+02
3.890000000000000000e+02
3.930000000000000000e+02
4.350000000000000000e+02
5.710000000000000000e+02
7.090000000000000000e+02
1.074000000000000000e+03
1.512000000000000000e+03
1.869000000000000000e+03
2.231000000000000000e+03
2.341000000000000000e+03
2.423000000000000000e+03
2.299000000000000000e+03
2.196000000000000000e+03
2.314000000000000000e+03
2.512000000000000000e+03
2.549000000000000000e+03
2.911000000000000000e+03
3.118000000000000000e+03
3.522000000000000000e+03
3.726000000000000000e+03
4.018000000000000000e+03
4.492000000000000000e+03
4.698000000000000000e+03
4.525000000000000000e+03
4.507000000000000000e+03
4.402000000000000000e+03
4.192000000000000000e+03
3.803000000000000000e+03
3.604000000000000000e+03
3.727000000000000000e+03
3.989000000000000000e+03
3.827000000000000000e+03
3.343000000000000000e+03
3.002000000000000000e+03
2.233000000000000000e+03
1.767000000000000000e+03
1.489000000000000000e+03
1.292000000000000000e+03
1.078000000000000000e+03
9.440000000000000000e+02
7.960000000000000000e+02
7.490000000000000000e+02
7.460000000000000000e+02
6.330000000000000000e+02
7.100000000000000000e+02
6.350000000000000000e+02
6.850000000000000000e+02
6.790000000000000000e+02
6.050000000000000000e+02
5.990000000000000000e+02
5.570000000000000000e+02
5.880000000000000000e+02
5.250000000000000000e+02
5.690000000000000000e+02
5.960000000000000000e+02
5.810000000000000000e+02
6.180000000000000000e+02
6.260000000000000000e+02
6.100000000000000000e+02
6.140000000000000000e+02
6.020000000000000000e+02
6.090000000000000000e+02
5.600000000000000000e+02
5.270000000000000000e+02
5.670000000000000000e+02
5.870000000000000000e+02
5.340000000000000000e+02
5.240000000000000000e+02
5.410000000000000000e+02
5.560000000000000000e+02
5.640000000000000000e+02
5.540000000000000000e+02
5.530000000000000000e+02
5.700000000000000000e+02
5.920000000000000000e+02
6.060000000000000000e+02
5.710000000000000000e+02
6.180000000000000000e+02
5.850000000000000000e+02
6.530000000000000000e+02
6.060000000000000000e+02
6.490000000000000000e+02
6.530000000000000000e+02
6.280000000000000000e+02
6.140000000000000000e+02
7.530000000000000000e+02
8.030000000000000000e+02
7.760000000000000000e+02
7.550000000000000000e+02
7.080000000000000000e+02
6.310000000000000000e+02
7.080000000000000000e+02
6.600000000000000000e+02
6.810000000000000000e+02
7.620000000000000000e+02
7.560000000000000000e+02
7.750000000000000000e+02
7.580000000000000000e+02
7.020000000000000000e+02
7.120000000000000000e+02
7.200000000000000000e+02
7.430000000000000000e+02
7.510000000000000000e+02
6.930000000000000000e+02
7.120000000000000000e+02
7.470000000000000000e+02
6.780000000000000000e+02
6.700000000000000000e+02
7.040000000000000000e+02
6.600000000000000000e+02
6.690000000000000000e+02
6.970000000000000000e+02
6.320000000000000000e+02
6.090000000000000000e+02
6.150000000000000000e+02
6.360000000000000000e+02
6.810000000000000000e+02
6.450000000000000000e+02
6.710000000000000000e+02
6.570000000000000000e+02
6.630000000000000000e+02
6.490000000000000000e+02
6.350000000000000000e+02
6.240000000000000000e+02
5.920000000000000000e+02
6.220000000000000000e+02
7.300000000000000000e+02
7.600000000000000000e+02
7.920000000000000000e+02
8.750000000000000000e+02
8.650000000000000000e+02
8.690000000000000000e+02
8.330000000000000000e+02
7.960000000000000000e+02
7.760000000000000000e+02
7.690000000000000000e+02
7.670000000000000000e+02
6.970000000000000000e+02
6.970000000000000000e+02
7.130000000000000000e+02
6.800000000000000000e+02
7.160000000000000000e+02
6.910000000000000000e+02
7.310000000000000000e+02
8.350000000000000000e+02
8.940000000000000000e+02
9.690000000000000000e+02
1.120000000000000000e+03
1.200000000000000000e+03
1.358000000000000000e+03
1.464000000000000000e+03
1.834000000000000000e+03
2.355000000000000000e+03
2.882000000000000000e+03
1.726000000000000000e+03
1.154000000000000000e+03
9.160000000000000000e+02
8.130000000000000000e+02
8.780000000000000000e+02
7.970000000000000000e+02
8.110000000000000000e+02
8.790000000000000000e+02
1.016000000000000000e+03
9.730000000000000000e+02
1.044000000000000000e+03
1.017000000000000000e+03
1.002000000000000000e+03
1.012000000000000000e+03
1.055000000000000000e+03
9.510000000000000000e+02
1.026000000000000000e+03
1.107000000000000000e+03
1.140000000000000000e+03
9.990000000000000000e+02
9.680000000000000000e+02
9.840000000000000000e+02
1.041000000000000000e+03
9.990000000000000000e+02
9.640000000000000000e+02
8.520000000000000000e+02
8.490000000000000000e+02
7.680000000000000000e+02
7.820000000000000000e+02
7.180000000000000000e+02
5.440000000000000000e+02
4.230000000000000000e+02
3.600000000000000000e+02
2.890000000000000000e+02
2.090000000000000000e+02
1.570000000000000000e+02
1.250000000000000000e+02
9.800000000000000000e+01
6.000000000000000000e+01
6.200000000000000000e+01
5.800000000000000000e+01
3.300000000000000000e+01
2.500000000000000000e+01
2.700000000000000000e+01
1.600000000000000000e+01
1.200000000000000000e+01
1.100000000000000000e+01
1.000000000000000000e+01
1.400000000000000000e+01
5.000000000000000000e+00
1.000000000000000000e+01
8.000000000000000000e+00
4.000000000000000000e+00
4.000000000000000000e+00
2.000000000000000000e+00
1.000000000000000000e+00
6.000000000000000000e+00
1.000000000000000000e+00
0.000000000000000000e+00
4.000000000000000000e+00
5.000000000000000000e+00
9.000000000000000000e+00
2.000000000000000000e+01
2.200000000000000000e+01
4.200000000000000000e+01
5.900000000000000000e+01
1.110000000000000000e+02
1.340000000000000000e+02
1.880000000000000000e+02
2.080000000000000000e+02
2.220000000000000000e+02
2.580000000000000000e+02
2.360000000000000000e+02
2.540000000000000000e+02
2.750000000000000000e+02
2.700000000000000000e+02
2.670000000000000000e+02
2.490000000000000000e+02
3.110000000000000000e+02
3.410000000000000000e+02
3.790000000000000000e+02
3.880000000000000000e+02
4.340000000000000000e+02
4.160000000000000000e+02
4.600000000000000000e+02
4.640000000000000000e+02
4.790000000000000000e+02
5.280000000000000000e+02
4.880000000000000000e+02
4.770000000000000000e+02
5.200000000000000000e+02
4.490000000000000000e+02
4.130000000000000000e+02
3.680000000000000000e+02
3.710000000000000000e+02
3.530000000000000000e+02
3.750000000000000000e+02
3.730000000000000000e+02
3.960000000000000000e+02
3.470000000000000000e+02
3.860000000000000000e+02
4.130000000000000000e+02
4.460000000000000000e+02
4.400000000000000000e+02
4.260000000000000000e+02
4.920000000000000000e+02
4.940000000000000000e+02
5.390000000000000000e+02
4.990000000000000000e+02
5.570000000000000000e+02
5.470000000000000000e+02
5.920000000000000000e+02
5.820000000000000000e+02
6.920000000000000000e+02
7.360000000000000000e+02
9.260000000000000000e+02
1.039000000000000000e+03
1.287000000000000000e+03
1.386000000000000000e+03
1.612000000000000000e+03
1.970000000000000000e+03
2.367000000000000000e+03
2.528000000000000000e+03
2.428000000000000000e+03
2.625000000000000000e+03
2.930000000000000000e+03
3.638000000000000000e+03
4.068000000000000000e+03
4.534000000000000000e+03
4.837000000000000000e+03
4.921000000000000000e+03
4.782000000000000000e+03
4.810000000000000000e+03
4.609000000000000000e+03
4.259000000000000000e+03
4.146000000000000000e+03
4.077000000000000000e+03
3.933000000000000000e+03
3.648000000000000000e+03
3.440000000000000000e+03
3.100000000000000000e+03
2.440000000000000000e+03
1.956000000000000000e+03
1.602000000000000000e+03
1.346000000000000000e+03
1.061000000000000000e+03
9.960000000000000000e+02
1.033000000000000000e+03
9.400000000000000000e+02
9.720000000000000000e+02
8.930000000000000000e+02
9.330000000000000000e+02
8.790000000000000000e+02
8.810000000000000000e+02
8.310000000000000000e+02
7.780000000000000000e+02
7.720000000000000000e+02
7.810000000000000000e+02
7.910000000000000000e+02
8.480000000000000000e+02
8.230000000000000000e+02
8.150000000000000000e+02
8.530000000000000000e+02
7.830000000000000000e+02
6.350000000000000000e+02
6.620000000000000000e+02
6.980000000000000000e+02
6.520000000000000000e+02
6.850000000000000000e+02
6.900000000000000000e+02
7.060000000000000000e+02
6.570000000000000000e+02
6.230000000000000000e+02
5.960000000000000000e+02
5.520000000000000000e+02
6.420000000000000000e+02
5.600000000000000000e+02
5.560000000000000000e+02
5.870000000000000000e+02
5.990000000000000000e+02
6.050000000000000000e+02
6.350000000000000000e+02
5.860000000000000000e+02
6.200000000000000000e+02
6.360000000000000000e+02
6.610000000000000000e+02
6.210000000000000000e+02
6.270000000000000000e+02
6.110000000000000000e+02
6.240000000000000000e+02
6.540000000000000000e+02
6.550000000000000000e+02
6.130000000000000000e+02
6.470000000000000000e+02
6.320000000000000000e+02
6.230000000000000000e+02
6.340000000000000000e+02
6.220000000000000000e+02
6.470000000000000000e+02
6.420000000000000000e+02
6.550000000000000000e+02
6.870000000000000000e+02
6.260000000000000000e+02
6.490000000000000000e+02
6.600000000000000000e+02
6.960000000000000000e+02
7.030000000000000000e+02
6.710000000000000000e+02
7.750000000000000000e+02
7.080000000000000000e+02
7.180000000000000000e+02
7.500000000000000000e+02
7.110000000000000000e+02
7.480000000000000000e+02
6.820000000000000000e+02
7.020000000000000000e+02
7.150000000000000000e+02
7.340000000000000000e+02
6.750000000000000000e+02
6.790000000000000000e+02
6.380000000000000000e+02
6.260000000000000000e+02
6.400000000000000000e+02
6.020000000000000000e+02
6.190000000000000000e+02
6.160000000000000000e+02
6.010000000000000000e+02
6.470000000000000000e+02
5.680000000000000000e+02
5.750000000000000000e+02
5.390000000000000000e+02
5.320000000000000000e+02
5.260000000000000000e+02
5.360000000000000000e+02
4.990000000000000000e+02
4.900000000000000000e+02
4.420000000000000000e+02
5.260000000000000000e+02
4.610000000000000000e+02
5.040000000000000000e+02
5.360000000000000000e+02
5.400000000000000000e+02
6.480000000000000000e+02
7.390000000000000000e+02
7.570000000000000000e+02
7.080000000000000000e+02
6.570000000000000000e+02
7.450000000000000000e+02
7.330000000000000000e+02
7.420000000000000000e+02
7.830000000000000000e+02
7.720000000000000000e+02
7.360000000000000000e+02
8.490000000000000000e+02
8.030000000000000000e+02
1.032000000000000000e+03
1.073000000000000000e+03
1.187000000000000000e+03
1.187000000000000000e+03
1.289000000000000000e+03
1.365000000000000000e+03
1.365000000000000000e+03
1.547000000000000000e+03
1.697000000000000000e+03
1.637000000000000000e+03
1.611000000000000000e+03
1.450000000000000000e+03
1.526000000000000000e+03
1.600000000000000000e+03
2.237000000000000000e+03
1.753000000000000000e+03
1.670000000000000000e+03
1.242000000000000000e+03
1.295000000000000000e+03
1.229000000000000000e+03
1.302000000000000000e+03
1.240000000000000000e+03
1.224000000000000000e+03
1.173000000000000000e+03
1.264000000000000000e+03
1.355000000000000000e+03
1.350000000000000000e+03
1.554000000000000000e+03
1.288000000000000000e+03
1.031000000000000000e+03
9.970000000000000000e+02
9.760000000000000000e+02
9.630000000000000000e+02
1.008000000000000000e+03
8.620000000000000000e+02
8.030000000000000000e+02
7.820000000000000000e+02
7.420000000000000000e+02
7.010000000000000000e+02
6.980000000000000000e+02
6.900000000000000000e+02
6.060000000000000000e+02
4.480000000000000000e+02
3.840000000000000000e+02
2.770000000000000000e+02
2.120000000000000000e+02
1.710000000000000000e+02
1.410000000000000000e+02
9.800000000000000000e+01
8.300000000000000000e+01
7.300000000000000000e+01
5.800000000000000000e+01
2.500000000000000000e+01
1.900000000000000000e+01
2.500000000000000000e+01
2.300000000000000000e+01
2.300000000000000000e+01
5.300000000000000000e+01
