4.560000000000000000e+02
4.160000000000000000e+02
3.890000000000000000e+02
4.760000000000000000e+02
4.930000000000000000e+02
5.390000000000000000e+02
6.860000000000000000e+02
6.920000000000000000e+02
9.250000000000000000e+02
7.220000000000000000e+02
8.770000000000000000e+02
6.670000000000000000e+02
6.240000000000000000e+02
7.740000000000000000e+02
6.820000000000000000e+02
6.840000000000000000e+02
6.400000000000000000e+02
5.730000000000000000e+02
5.230000000000000000e+02
4.990000000000000000e+02
4.540000000000000000e+02
4.370000000000000000e+02
4.760000000000000000e+02
4.190000000000000000e+02
4.540000000000000000e+02
3.900000000000000000e+02
4.180000000000000000e+02
4.590000000000000000e+02
4.800000000000000000e+02
6.290000000000000000e+02
5.080000000000000000e+02
7.540000000000000000e+02
7.080000000000000000e+02
6.890000000000000000e+02
7.470000000000000000e+02
7.840000000000000000e+02
1.044000000000000000e+03
7.170000000000000000e+02
8.540000000000000000e+02
8.170000000000000000e+02
8.000000000000000000e+02
7.070000000000000000e+02
7.250000000000000000e+02
8.620000000000000000e+02
7.040000000000000000e+02
8.320000000000000000e+02
7.450000000000000000e+02
8.150000000000000000e+02
8.150000000000000000e+02
7.860000000000000000e+02
8.160000000000000000e+02
8.010000000000000000e+02
9.320000000000000000e+02
8.540000000000000000e+02
8.470000000000000000e+02
8.260000000000000000e+02
8.740000000000000000e+02
8.380000000000000000e+02
8.640000000000000000e+02
9.160000000000000000e+02
8.880000000000000000e+02
8.940000000000000000e+02
8.880000000000000000e+02
9.190000000000000000e+02
8.770000000000000000e+02
8.410000000000000000e+02
8.870000000000000000e+02
8.640000000000000000e+02
9.220000000000000000e+02
8.300000000000000000e+02
8.420000000000000000e+02
8.320000000000000000e+02
8.430000000000000000e+02
7.970000000000000000e+02
8.440000000000000000e+02
8.230000000000000000e+02
7.600000000000000000e+02
7.720000000000000000e+02
8.000000000000000000e+02
7.440000000000000000e+02
7.900000000000000000e+02
7.830000000000000000e+02
8.530000000000000000e+02
7.930000000000000000e+02
7.700000000000000000e+02
7.710000000000000000e+02
7.810000000000000000e+02
8.380000000000000000e+02
8.240000000000000000e+02
7.710000000000000000e+02
7.340000000000000000e+02
7.570000000000000000e+02
6.920000000000000000e+02
6.940000000000000000e+02
6.610000000000000000e+02
6.480000000000000000e+02
6.220000000000000000e+02
6.340000000000000000e+02
6.430000000000000000e+02
6.710000000000000000e+02
6.850000000000000000e+02
6.380000000000000000e+02
7.050000000000000000e+02
6.820000000000000000e+02
7.560000000000000000e+02
7.490000000000000000e+02
7.400000000000000000e+02
7.150000000000000000e+02
7.170000000000000000e+02
7.510000000000000000e+02
7.920000000000000000e+02
7.920000000000000000e+02
7.560000000000000000e+02
7.120000000000000000e+02
7.340000000000000000e+02
8.050000000000000000e+02
7.600000000000000000e+02
7.950000000000000000e+02
7.330000000000000000e+02
7.220000000000000000e+02
8.400000000000000000e+02
7.090000000000000000e+02
7.410000000000000000e+02
7.070000000000000000e+02
6.840000000000000000e+02
6.900000000000000000e+02
6.610000000000000000e+02
7.200000000000000000e+02
7.210000000000000000e+02
7.800000000000000000e+02
6.840000000000000000e+02
7.190000000000000000e+02
6.890000000000000000e+02
7.360000000000000000e+02
7.050000000000000000e+02
7.150000000000000000e+02
7.810000000000000000e+02
7.520000000000000000e+02
7.160000000000000000e+02
7.540000000000000000e+02
8.050000000000000000e+02
8.060000000000000000e+02
7.950000000000000000e+02
8.760000000000000000e+02
8.080000000000000000e+02
8.440000000000000000e+02
8.630000000000000000e+02
8.230000000000000000e+02
9.000000000000000000e+02
7.410000000000000000e+02
8.410000000000000000e+02
7.930000000000000000e+02
7.270000000000000000e+02
8.360000000000000000e+02
7.490000000000000000e+02
7.010000000000000000e+02
7.650000000000000000e+02
6.950000000000000000e+02
7.000000000000000000e+02
6.930000000000000000e+02
7.400000000000000000e+02
7.080000000000000000e+02
7.760000000000000000e+02
7.540000000000000000e+02
7.850000000000000000e+02
7.860000000000000000e+02
7.440000000000000000e+02
7.270000000000000000e+02
7.510000000000000000e+02
7.340000000000000000e+02
6.560000000000000000e+02
7.530000000000000000e+02
7.170000000000000000e+02
7.240000000000000000e+02
7.670000000000000000e+02
7.570000000000000000e+02
7.310000000000000000e+02
6.970000000000000000e+02
7.060000000000000000e+02
7.810000000000000000e+02
7.510000000000000000e+02
7.460000000000000000e+02
8.050000000000000000e+02
8.380000000000000000e+02
8.320000000000000000e+02
9.240000000000000000e+02
8.440000000000000000e+02
9.020000000000000000e+02
9.520000000000000000e+02
9.220000000000000000e+02
9.010000000000000000e+02
9.840000000000000000e+02
1.060000000000000000e+03
9.540000000000000000e+02
1.022000000000000000e+03
1.001000000000000000e+03
1.071000000000000000e+03
9.980000000000000000e+02
9.740000000000000000e+02
1.072000000000000000e+03
9.800000000000000000e+02
1.031000000000000000e+03
9.870000000000000000e+02
9.250000000000000000e+02
9.760000000000000000e+02
9.120000000000000000e+02
9.900000000000000000e+02
9.840000000000000000e+02
1.003000000000000000e+03
1.067000000000000000e+03
1.046000000000000000e+03
1.186000000000000000e+03
1.112000000000000000e+03
1.306000000000000000e+03
1.123000000000000000e+03
1.241000000000000000e+03
1.076000000000000000e+03
9.480000000000000000e+02
9.410000000000000000e+02
9.970000000000000000e+02
1.141000000000000000e+03
1.007000000000000000e+03
9.980000000000000000e+02
1.291000000000000000e+03
1.093000000000000000e+03
9.950000000000000000e+02
1.063000000000000000e+03
9.460000000000000000e+02
9.240000000000000000e+02
1.047000000000000000e+03
1.230000000000000000e+03
1.266000000000000000e+03
1.267000000000000000e+03
1.433000000000000000e+03
1.348000000000000000e+03
1.272000000000000000e+03
1.980000000000000000e+03
3.385000000000000000e+03
2.644000000000000000e+03
2.464000000000000000e+03
2.328000000000000000e+03
2.208000000000000000e+03
1.971000000000000000e+03
2.142000000000000000e+03
2.515000000000000000e+03
2.953000000000000000e+03
1.859000000000000000e+03
2.165000000000000000e+03
3.584000000000000000e+03
1.500000000000000000e+03
3.024000000000000000e+03
1.477000000000000000e+03
5.152000000000000000e+03
1.222000000000000000e+03
4.462000000000000000e+03
9.310000000000000000e+02
5.120000000000000000e+02
2.460000000000000000e+02
2.850000000000000000e+02
2.560000000000000000e+02
2.540000000000000000e+02
2.680000000000000000e+02
2.500000000000000000e+02
3.580000000000000000e+02
3.680000000000000000e+02
3.330000000000000000e+02
3.410000000000000000e+02
2.820000000000000000e+02
2.900000000000000000e+02
3.010000000000000000e+02
3.330000000000000000e+02
3.710000000000000000e+02
4.070000000000000000e+02
3.930000000000000000e+02
4.610000000000000000e+02
4.610000000000000000e+02
5.680000000000000000e+02
5.810000000000000000e+02
7.520000000000000000e+02
7.190000000000000000e+02
7.590000000000000000e+02
7.420000000000000000e+02
7.470000000000000000e+02
6.680000000000000000e+02
6.570000000000000000e+02
6.410000000000000000e+02
6.450000000000000000e+02
5.910000000000000000e+02
6.310000000000000000e+02
6.360000000000000000e+02
5.730000000000000000e+02
7.580000000000000000e+02
8.320000000000000000e+02
7.230000000000000000e+02
7.780000000000000000e+02
7.190000000000000000e+02
8.840000000000000000e+02
8.680000000000000000e+02
9.160000000000000000e+02
1.050000000000000000e+03
8.840000000000000000e+02
8.490000000000000000e+02
8.110000000000000000e+02
9.460000000000000000e+02
8.370000000000000000e+02
9.190000000000000000e+02
9.040000000000000000e+02
8.790000000000000000e+02
8.850000000000000000e+02
9.210000000000000000e+02
7.760000000000000000e+02
7.540000000000000000e+02
8.000000000000000000e+02
8.190000000000000000e+02
8.780000000000000000e+02
9.230000000000000000e+02
9.050000000000000000e+02
8.570000000000000000e+02
8.350000000000000000e+02
9.280000000000000000e+02
9.380000000000000000e+02
8.360000000000000000e+02
8.450000000000000000e+02
8.510000000000000000e+02
8.410000000000000000e+02
8.710000000000000000e+02
8.970000000000000000e+02
8.910000000000000000e+02
8.960000000000000000e+02
8.910000000000000000e+02
8.860000000000000000e+02
9.120000000000000000e+02
9.050000000000000000e+02
9.250000000000000000e+02
9.350000000000000000e+02
8.760000000000000000e+02
8.730000000000000000e+02
8.380000000000000000e+02
8.650000000000000000e+02
8.200000000000000000e+02
8.650000000000000000e+02
7.790000000000000000e+02
8.110000000000000000e+02
8.790000000000000000e+02
8.450000000000000000e+02
7.830000000000000000e+02
7.980000000000000000e+02
7.940000000000000000e+02
8.270000000000000000e+02
8.160000000000000000e+02
8.490000000000000000e+02
7.960000000000000000e+02
7.880000000000000000e+02
8.250000000000000000e+02
7.610000000000000000e+02
7.680000000000000000e+02
7.940000000000000000e+02
9.150000000000000000e+02
7.970000000000000000e+02
8.470000000000000000e+02
9.060000000000000000e+02
8.730000000000000000e+02
8.920000000000000000e+02
8.740000000000000000e+02
8.110000000000000000e+02
7.830000000000000000e+02
7.060000000000000000e+02
7.870000000000000000e+02
7.130000000000000000e+02
7.180000000000000000e+02
7.370000000000000000e+02
7.110000000000000000e+02
7.620000000000000000e+02
7.190000000000000000e+02
7.770000000000000000e+02
6.550000000000000000e+02
7.200000000000000000e+02
6.910000000000000000e+02
6.720000000000000000e+02
6.230000000000000000e+02
6.760000000000000000e+02
6.090000000000000000e+02
5.980000000000000000e+02
5.700000000000000000e+02
6.490000000000000000e+02
6.540000000000000000e+02
7.060000000000000000e+02
6.910000000000000000e+02
6.610000000000000000e+02
6.810000000000000000e+02
7.200000000000000000e+02
6.980000000000000000e+02
6.930000000000000000e+02
7.060000000000000000e+02
7.140000000000000000e+02
7.930000000000000000e+02
6.880000000000000000e+02
7.210000000000000000e+02
7.380000000000000000e+02
7.090000000000000000e+02
7.460000000000000000e+02
7.170000000000000000e+02
7.320000000000000000e+02
7.620000000000000000e+02
7.250000000000000000e+02
7.700000000000000000e+02
7.360000000000000000e+02
7.830000000000000000e+02
8.330000000000000000e+02
8.520000000000000000e+02
8.260000000000000000e+02
8.220000000000000000e+02
8.680000000000000000e+02
9.790000000000000000e+02
1.020000000000000000e+03
1.070000000000000000e+03
9.470000000000000000e+02
9.640000000000000000e+02
8.500000000000000000e+02
8.170000000000000000e+02
7.630000000000000000e+02
8.340000000000000000e+02
9.150000000000000000e+02
9.080000000000000000e+02
8.530000000000000000e+02
8.310000000000000000e+02
8.930000000000000000e+02
8.530000000000000000e+02
8.410000000000000000e+02
9.740000000000000000e+02
9.750000000000000000e+02
9.080000000000000000e+02
8.960000000000000000e+02
7.980000000000000000e+02
8.390000000000000000e+02
8.080000000000000000e+02
7.860000000000000000e+02
7.640000000000000000e+02
7.500000000000000000e+02
7.480000000000000000e+02
7.740000000000000000e+02
7.610000000000000000e+02
7.410000000000000000e+02
7.770000000000000000e+02
8.100000000000000000e+02
8.140000000000000000e+02
8.770000000000000000e+02
8.470000000000000000e+02
8.020000000000000000e+02
8.890000000000000000e+02
7.890000000000000000e+02
8.750000000000000000e+02
8.030000000000000000e+02
8.170000000000000000e+02
8.610000000000000000e+02
7.920000000000000000e+02
8.580000000000000000e+02
9.040000000000000000e+02
8.890000000000000000e+02
1.015000000000000000e+03
1.024000000000000000e+03
1.058000000000000000e+03
1.075000000000000000e+03
1.025000000000000000e+03
1.015000000000000000e+03
1.148000000000000000e+03
1.301000000000000000e+03
1.308000000000000000e+03
1.116000000000000000e+03
1.155000000000000000e+03
1.007000000000000000e+03
9.290000000000000000e+02
1.049000000000000000e+03
1.157000000000000000e+03
1.042000000000000000e+03
1.019000000000000000e+03
9.330000000000000000e+02
1.023000000000000000e+03
1.068000000000000000e+03
1.040000000000000000e+03
1.182000000000000000e+03
1.294000000000000000e+03
1.478000000000000000e+03
1.325000000000000000e+03
1.156000000000000000e+03
1.196000000000000000e+03
1.658000000000000000e+03
3.251000000000000000e+03
2.263000000000000000e+03
2.538000000000000000e+03
1.911000000000000000e+03
1.974000000000000000e+03
1.588000000000000000e+03
1.817000000000000000e+03
2.133000000000000000e+03
1.986000000000000000e+03
1.816000000000000000e+03
1.951000000000000000e+03
2.128000000000000000e+03
2.926000000000000000e+03
3.176000000000000000e+03
4.071000000000000000e+03
3.009000000000000000e+03
2.026000000000000000e+03
2.900000000000000000e+03
2.751000000000000000e+03
2.815000000000000000e+03
2.915000000000000000e+03
2.124000000000000000e+03
2.280000000000000000e+02
9.100000000000000000e+01
1.280000000000000000e+02
7.000000000000000000e+02
2.470000000000000000e+02
2.570000000000000000e+02
2.530000000000000000e+02
3.070000000000000000e+02
2.350000000000000000e+02
2.960000000000000000e+02
2.450000000000000000e+02
2.970000000000000000e+02
2.610000000000000000e+02
3.140000000000000000e+02
3.610000000000000000e+02
3.810000000000000000e+02
4.070000000000000000e+02
3.650000000000000000e+02
3.500000000000000000e+02
4.130000000000000000e+02
4.170000000000000000e+02
4.340000000000000000e+02
4.200000000000000000e+02
4.900000000000000000e+02
5.220000000000000000e+02
5.330000000000000000e+02
6.150000000000000000e+02
6.800000000000000000e+02
7.960000000000000000e+02
7.710000000000000000e+02
8.140000000000000000e+02
8.300000000000000000e+02
7.720000000000000000e+02
7.660000000000000000e+02
7.150000000000000000e+02
7.380000000000000000e+02
7.500000000000000000e+02
7.350000000000000000e+02
7.030000000000000000e+02
7.810000000000000000e+02
7.660000000000000000e+02
9.810000000000000000e+02
1.100000000000000000e+03
8.960000000000000000e+02
9.880000000000000000e+02
9.520000000000000000e+02
1.170000000000000000e+03
1.071000000000000000e+03
1.049000000000000000e+03
1.055000000000000000e+03
9.660000000000000000e+02
9.860000000000000000e+02
1.132000000000000000e+03
1.196000000000000000e+03
1.238000000000000000e+03
1.236000000000000000e+03
1.449000000000000000e+03
1.269000000000000000e+03
1.402000000000000000e+03
1.367000000000000000e+03
1.295000000000000000e+03
1.229000000000000000e+03
1.158000000000000000e+03
1.222000000000000000e+03
1.229000000000000000e+03
1.270000000000000000e+03
1.260000000000000000e+03
1.114000000000000000e+03
1.121000000000000000e+03
1.079000000000000000e+03
1.168000000000000000e+03
1.040000000000000000e+03
1.000000000000000000e+03
9.530000000000000000e+02
9.820000000000000000e+02
9.270000000000000000e+02
9.210000000000000000e+02
9.680000000000000000e+02
8.370000000000000000e+02
9.220000000000000000e+02
9.210000000000000000e+02
9.230000000000000000e+02
9.480000000000000000e+02
9.180000000000000000e+02
9.320000000000000000e+02
8.500000000000000000e+02
9.250000000000000000e+02
8.920000000000000000e+02
9.320000000000000000e+02
8.630000000000000000e+02
9.000000000000000000e+02
9.280000000000000000e+02
8.750000000000000000e+02
9.220000000000000000e+02
9.120000000000000000e+02
8.260000000000000000e+02
8.590000000000000000e+02
7.770000000000000000e+02
7.850000000000000000e+02
8.270000000000000000e+02
7.950000000000000000e+02
8.220000000000000000e+02
7.590000000000000000e+02
8.230000000000000000e+02
7.590000000000000000e+02
7.510000000000000000e+02
7.570000000000000000e+02
8.190000000000000000e+02
7.740000000000000000e+02
7.980000000000000000e+02
8.060000000000000000e+02
7.660000000000000000e+02
7.170000000000000000e+02
7.130000000000000000e+02
7.660000000000000000e+02
7.330000000000000000e+02
7.570000000000000000e+02
6.920000000000000000e+02
7.190000000000000000e+02
6.660000000000000000e+02
6.640000000000000000e+02
6.490000000000000000e+02
6.650000000000000000e+02
6.500000000000000000e+02
6.920000000000000000e+02
5.900000000000000000e+02
7.310000000000000000e+02
6.760000000000000000e+02
7.200000000000000000e+02
7.000000000000000000e+02
6.750000000000000000e+02
7.920000000000000000e+02
6.900000000000000000e+02
8.150000000000000000e+02
8.080000000000000000e+02
8.210000000000000000e+02
8.720000000000000000e+02
8.370000000000000000e+02
8.520000000000000000e+02
7.760000000000000000e+02
8.590000000000000000e+02
7.680000000000000000e+02
8.640000000000000000e+02
7.880000000000000000e+02
8.390000000000000000e+02
8.730000000000000000e+02
7.850000000000000000e+02
8.450000000000000000e+02
7.700000000000000000e+02
7.900000000000000000e+02
8.460000000000000000e+02
7.450000000000000000e+02
8.450000000000000000e+02
8.190000000000000000e+02
8.600000000000000000e+02
7.770000000000000000e+02
7.790000000000000000e+02
7.990000000000000000e+02
7.850000000000000000e+02
8.530000000000000000e+02
7.630000000000000000e+02
7.690000000000000000e+02
7.540000000000000000e+02
7.350000000000000000e+02
7.470000000000000000e+02
7.170000000000000000e+02
7.530000000000000000e+02
6.390000000000000000e+02
6.850000000000000000e+02
6.850000000000000000e+02
6.420000000000000000e+02
7.100000000000000000e+02
6.290000000000000000e+02
7.210000000000000000e+02
5.910000000000000000e+02
6.530000000000000000e+02
6.530000000000000000e+02
6.540000000000000000e+02
6.840000000000000000e+02
7.170000000000000000e+02
8.330000000000000000e+02
7.430000000000000000e+02
8.670000000000000000e+02
7.790000000000000000e+02
7.900000000000000000e+02
8.500000000000000000e+02
8.210000000000000000e+02
9.700000000000000000e+02
8.950000000000000000e+02
9.860000000000000000e+02
8.710000000000000000e+02
9.710000000000000000e+02
1.032000000000000000e+03
1.030000000000000000e+03
1.084000000000000000e+03
9.920000000000000000e+02
1.187000000000000000e+03
1.015000000000000000e+03
1.150000000000000000e+03
1.026000000000000000e+03
1.120000000000000000e+03
1.279000000000000000e+03
9.920000000000000000e+02
1.170000000000000000e+03
1.034000000000000000e+03
9.860000000000000000e+02
1.059000000000000000e+03
1.090000000000000000e+03
1.147000000000000000e+03
9.870000000000000000e+02
9.010000000000000000e+02
9.540000000000000000e+02
9.110000000000000000e+02
9.400000000000000000e+02
8.500000000000000000e+02
9.790000000000000000e+02
9.680000000000000000e+02
1.213000000000000000e+03
1.490000000000000000e+03
1.209000000000000000e+03
1.437000000000000000e+03
1.558000000000000000e+03
2.652000000000000000e+03
1.772000000000000000e+03
2.972000000000000000e+03
2.220000000000000000e+03
2.001000000000000000e+03
2.069000000000000000e+03
1.689000000000000000e+03
2.426000000000000000e+03
1.884000000000000000e+03
2.284000000000000000e+03
1.889000000000000000e+03
2.337000000000000000e+03
1.984000000000000000e+03
1.500000000000000000e+03
1.992000000000000000e+03
1.828000000000000000e+03
1.374000000000000000e+03
1.879000000000000000e+03
1.416000000000000000e+03
3.402000000000000000e+03
1.149000000000000000e+03
3.974000000000000000e+03
2.142000000000000000e+03
2.114000000000000000e+03
1.163000000000000000e+03
2.355000000000000000e+03
1.216000000000000000e+03
1.790000000000000000e+02
1.320000000000000000e+02
2.600000000000000000e+01
1.800000000000000000e+01
2.900000000000000000e+01
1.800000000000000000e+01
9.000000000000000000e+00
1.000000000000000000e+01
6.000000000000000000e+00
1.700000000000000000e+01
