1.739000000000000000e+03
3.230000000000000000e+02
3.380000000000000000e+02
3.650000000000000000e+02
4.570000000000000000e+02
6.060000000000000000e+02
6.790000000000000000e+02
8.650000000000000000e+02
1.078000000000000000e+03
1.310000000000000000e+03
1.579000000000000000e+03
1.728000000000000000e+03
1.681000000000000000e+03
1.554000000000000000e+03
1.460000000000000000e+03
1.345000000000000000e+03
1.375000000000000000e+03
1.446000000000000000e+03
1.544000000000000000e+03
1.718000000000000000e+03
1.740000000000000000e+03
1.853000000000000000e+03
1.900000000000000000e+03
2.055000000000000000e+03
2.116000000000000000e+03
2.373000000000000000e+03
2.477000000000000000e+03
2.479000000000000000e+03
2.630000000000000000e+03
2.833000000000000000e+03
2.912000000000000000e+03
2.786000000000000000e+03
2.497000000000000000e+03
2.010000000000000000e+03
1.687000000000000000e+03
1.426000000000000000e+03
1.227000000000000000e+03
1.154000000000000000e+03
1.066000000000000000e+03
9.150000000000000000e+02
8.440000000000000000e+02
7.660000000000000000e+02
6.880000000000000000e+02
6.010000000000000000e+02
6.490000000000000000e+02
5.460000000000000000e+02
5.520000000000000000e+02
5.550000000000000000e+02
5.580000000000000000e+02
5.260000000000000000e+02
5.250000000000000000e+02
4.980000000000000000e+02
5.360000000000000000e+02
5.550000000000000000e+02
5.070000000000000000e+02
5.180000000000000000e+02
5.320000000000000000e+02
5.670000000000000000e+02
5.590000000000000000e+02
5.380000000000000000e+02
5.800000000000000000e+02
5.930000000000000000e+02
5.750000000000000000e+02
5.870000000000000000e+02
6.050000000000000000e+02
5.940000000000000000e+02
6.340000000000000000e+02
6.700000000000000000e+02
6.660000000000000000e+02
6.310000000000000000e+02
7.380000000000000000e+02
7.490000000000000000e+02
7.210000000000000000e+02
7.780000000000000000e+02
7.830000000000000000e+02
7.710000000000000000e+02
8.120000000000000000e+02
8.360000000000000000e+02
8.980000000000000000e+02
8.440000000000000000e+02
8.240000000000000000e+02
8.800000000000000000e+02
8.810000000000000000e+02
8.740000000000000000e+02
9.030000000000000000e+02
9.300000000000000000e+02
8.920000000000000000e+02
1.041000000000000000e+03
9.690000000000000000e+02
9.710000000000000000e+02
1.078000000000000000e+03
1.056000000000000000e+03
1.037000000000000000e+03
1.110000000000000000e+03
1.065000000000000000e+03
1.126000000000000000e+03
1.179000000000000000e+03
1.235000000000000000e+03
1.283000000000000000e+03
1.308000000000000000e+03
1.290000000000000000e+03
1.357000000000000000e+03
1.355000000000000000e+03
1.422000000000000000e+03
1.438000000000000000e+03
1.418000000000000000e+03
1.401000000000000000e+03
1.483000000000000000e+03
1.534000000000000000e+03
1.482000000000000000e+03
1.575000000000000000e+03
1.531000000000000000e+03
1.615000000000000000e+03
1.654000000000000000e+03
1.502000000000000000e+03
1.702000000000000000e+03
1.664000000000000000e+03
1.526000000000000000e+03
1.552000000000000000e+03
1.598000000000000000e+03
1.533000000000000000e+03
1.584000000000000000e+03
1.461000000000000000e+03
1.364000000000000000e+03
1.428000000000000000e+03
1.358000000000000000e+03
1.352000000000000000e+03
1.305000000000000000e+03
1.342000000000000000e+03
1.267000000000000000e+03
1.252000000000000000e+03
1.235000000000000000e+03
1.216000000000000000e+03
1.323000000000000000e+03
1.406000000000000000e+03
1.515000000000000000e+03
1.667000000000000000e+03
1.542000000000000000e+03
1.475000000000000000e+03
1.439000000000000000e+03
1.554000000000000000e+03
1.549000000000000000e+03
1.540000000000000000e+03
1.471000000000000000e+03
1.475000000000000000e+03
1.507000000000000000e+03
1.539000000000000000e+03
1.752000000000000000e+03
1.861000000000000000e+03
1.901000000000000000e+03
1.843000000000000000e+03
1.767000000000000000e+03
1.622000000000000000e+03
1.381000000000000000e+03
1.317000000000000000e+03
1.305000000000000000e+03
1.290000000000000000e+03
1.287000000000000000e+03
1.327000000000000000e+03
1.420000000000000000e+03
1.432000000000000000e+03
1.587000000000000000e+03
1.364000000000000000e+03
1.193000000000000000e+03
1.450000000000000000e+03
1.767000000000000000e+03
2.061000000000000000e+03
2.266000000000000000e+03
2.307000000000000000e+03
2.050000000000000000e+03
1.702000000000000000e+03
1.420000000000000000e+03
1.152000000000000000e+03
1.010000000000000000e+03
8.090000000000000000e+02
7.110000000000000000e+02
6.770000000000000000e+02
5.900000000000000000e+02
5.430000000000000000e+02
5.330000000000000000e+02
5.220000000000000000e+02
4.990000000000000000e+02
4.770000000000000000e+02
4.400000000000000000e+02
4.110000000000000000e+02
3.980000000000000000e+02
3.510000000000000000e+02
3.560000000000000000e+02
3.600000000000000000e+02
3.120000000000000000e+02
3.230000000000000000e+02
3.120000000000000000e+02
2.930000000000000000e+02
3.110000000000000000e+02
3.000000000000000000e+02
2.960000000000000000e+02
2.870000000000000000e+02
2.980000000000000000e+02
2.700000000000000000e+02
2.670000000000000000e+02
2.780000000000000000e+02
2.760000000000000000e+02
2.580000000000000000e+02
2.480000000000000000e+02
2.430000000000000000e+02
2.170000000000000000e+02
2.070000000000000000e+02
2.030000000000000000e+02
2.030000000000000000e+02
2.030000000000000000e+02
2.110000000000000000e+02
1.980000000000000000e+02
1.600000000000000000e+02
1.730000000000000000e+02
1.960000000000000000e+02
1.850000000000000000e+02
1.720000000000000000e+02
1.610000000000000000e+02
1.520000000000000000e+02
1.810000000000000000e+02
1.670000000000000000e+02
1.730000000000000000e+02
1.590000000000000000e+02
1.200000000000000000e+02
1.450000000000000000e+02
1.350000000000000000e+02
1.230000000000000000e+02
1.060000000000000000e+02
1.090000000000000000e+02
9.400000000000000000e+01
1.230000000000000000e+02
9.900000000000000000e+01
8.600000000000000000e+01
1.040000000000000000e+02
9.700000000000000000e+01
1.080000000000000000e+02
6.100000000000000000e+01
5.800000000000000000e+01
6.200000000000000000e+01
6.400000000000000000e+01
5.800000000000000000e+01
6.600000000000000000e+01
5.800000000000000000e+01
5.100000000000000000e+01
6.300000000000000000e+01
5.300000000000000000e+01
5.400000000000000000e+01
6.200000000000000000e+01
5.400000000000000000e+01
6.200000000000000000e+01
7.900000000000000000e+01
7.800000000000000000e+01
8.200000000000000000e+01
9.700000000000000000e+01
1.060000000000000000e+02
4.280000000000000000e+02
9.000000000000000000e+00
1.800000000000000000e+01
4.200000000000000000e+01
6.900000000000000000e+01
1.160000000000000000e+02
2.160000000000000000e+02
3.520000000000000000e+02
5.100000000000000000e+02
7.850000000000000000e+02
1.081000000000000000e+03
1.350000000000000000e+03
1.497000000000000000e+03
1.459000000000000000e+03
1.288000000000000000e+03
1.150000000000000000e+03
1.141000000000000000e+03
9.480000000000000000e+02
9.470000000000000000e+02
8.780000000000000000e+02
8.180000000000000000e+02
7.810000000000000000e+02
7.990000000000000000e+02
8.330000000000000000e+02
8.820000000000000000e+02
9.300000000000000000e+02
9.330000000000000000e+02
9.670000000000000000e+02
1.053000000000000000e+03
1.061000000000000000e+03
1.191000000000000000e+03
1.285000000000000000e+03
1.420000000000000000e+03
1.565000000000000000e+03
1.453000000000000000e+03
1.313000000000000000e+03
1.190000000000000000e+03
1.028000000000000000e+03
9.210000000000000000e+02
8.460000000000000000e+02
7.340000000000000000e+02
7.020000000000000000e+02
6.470000000000000000e+02
6.680000000000000000e+02
6.290000000000000000e+02
5.840000000000000000e+02
6.090000000000000000e+02
7.140000000000000000e+02
7.240000000000000000e+02
8.720000000000000000e+02
9.950000000000000000e+02
9.930000000000000000e+02
8.680000000000000000e+02
7.860000000000000000e+02
7.650000000000000000e+02
6.610000000000000000e+02
6.950000000000000000e+02
7.040000000000000000e+02
7.210000000000000000e+02
7.320000000000000000e+02
9.280000000000000000e+02
9.260000000000000000e+02
9.830000000000000000e+02
1.054000000000000000e+03
9.360000000000000000e+02
9.130000000000000000e+02
9.630000000000000000e+02
8.430000000000000000e+02
8.530000000000000000e+02
7.640000000000000000e+02
7.220000000000000000e+02
7.320000000000000000e+02
7.260000000000000000e+02
7.130000000000000000e+02
6.680000000000000000e+02
7.160000000000000000e+02
7.060000000000000000e+02
7.230000000000000000e+02
7.040000000000000000e+02
7.720000000000000000e+02
7.680000000000000000e+02
8.510000000000000000e+02
8.350000000000000000e+02
8.630000000000000000e+02
9.100000000000000000e+02
8.540000000000000000e+02
8.140000000000000000e+02
8.390000000000000000e+02
7.800000000000000000e+02
7.870000000000000000e+02
8.410000000000000000e+02
8.410000000000000000e+02
7.940000000000000000e+02
8.100000000000000000e+02
8.820000000000000000e+02
9.000000000000000000e+02
8.650000000000000000e+02
8.750000000000000000e+02
9.070000000000000000e+02
9.540000000000000000e+02
1.047000000000000000e+03
1.036000000000000000e+03
1.020000000000000000e+03
1.029000000000000000e+03
1.025000000000000000e+03
1.064000000000000000e+03
1.058000000000000000e+03
1.065000000000000000e+03
1.066000000000000000e+03
1.107000000000000000e+03
1.054000000000000000e+03
1.077000000000000000e+03
1.061000000000000000e+03
1.171000000000000000e+03
1.147000000000000000e+03
1.171000000000000000e+03
1.162000000000000000e+03
1.203000000000000000e+03
1.171000000000000000e+03
1.222000000000000000e+03
1.196000000000000000e+03
1.200000000000000000e+03
1.218000000000000000e+03
1.140000000000000000e+03
1.162000000000000000e+03
1.218000000000000000e+03
1.173000000000000000e+03
1.145000000000000000e+03
1.146000000000000000e+03
1.099000000000000000e+03
1.148000000000000000e+03
1.052000000000000000e+03
1.173000000000000000e+03
1.158000000000000000e+03
1.084000000000000000e+03
1.117000000000000000e+03
1.086000000000000000e+03
1.105000000000000000e+03
1.122000000000000000e+03
1.114000000000000000e+03
1.113000000000000000e+03
1.152000000000000000e+03
1.033000000000000000e+03
1.072000000000000000e+03
1.020000000000000000e+03
1.076000000000000000e+03
1.102000000000000000e+03
1.106000000000000000e+03
1.110000000000000000e+03
1.148000000000000000e+03
1.166000000000000000e+03
1.174000000000000000e+03
1.216000000000000000e+03
1.156000000000000000e+03
1.234000000000000000e+03
1.255000000000000000e+03
1.217000000000000000e+03
1.166000000000000000e+03
1.205000000000000000e+03
1.095000000000000000e+03
1.064000000000000000e+03
1.140000000000000000e+03
1.161000000000000000e+03
1.121000000000000000e+03
1.191000000000000000e+03
1.158000000000000000e+03
1.108000000000000000e+03
1.116000000000000000e+03
1.117000000000000000e+03
1.112000000000000000e+03
1.133000000000000000e+03
1.064000000000000000e+03
1.095000000000000000e+03
1.086000000000000000e+03
1.021000000000000000e+03
9.890000000000000000e+02
1.006000000000000000e+03
1.028000000000000000e+03
1.069000000000000000e+03
1.067000000000000000e+03
1.134000000000000000e+03
1.188000000000000000e+03
1.233000000000000000e+03
1.343000000000000000e+03
1.412000000000000000e+03
1.547000000000000000e+03
1.805000000000000000e+03
1.805000000000000000e+03
1.788000000000000000e+03
1.710000000000000000e+03
1.794000000000000000e+03
1.777000000000000000e+03
1.690000000000000000e+03
1.527000000000000000e+03
1.364000000000000000e+03
1.361000000000000000e+03
1.367000000000000000e+03
1.465000000000000000e+03
1.486000000000000000e+03
1.431000000000000000e+03
1.274000000000000000e+03
1.254000000000000000e+03
1.416000000000000000e+03
1.479000000000000000e+03
1.694000000000000000e+03
2.036000000000000000e+03
2.533000000000000000e+03
2.705000000000000000e+03
2.843000000000000000e+03
2.893000000000000000e+03
2.306000000000000000e+03
1.738000000000000000e+03
1.274000000000000000e+03
8.270000000000000000e+02
6.800000000000000000e+02
5.200000000000000000e+02
4.340000000000000000e+02
3.660000000000000000e+02
3.270000000000000000e+02
3.020000000000000000e+02
2.710000000000000000e+02
2.500000000000000000e+02
2.620000000000000000e+02
2.430000000000000000e+02
2.660000000000000000e+02
2.440000000000000000e+02
2.860000000000000000e+02
2.660000000000000000e+02
2.390000000000000000e+02
2.750000000000000000e+02
2.650000000000000000e+02
2.740000000000000000e+02
3.260000000000000000e+02
2.950000000000000000e+02
3.020000000000000000e+02
3.380000000000000000e+02
2.590000000000000000e+02
2.680000000000000000e+02
2.380000000000000000e+02
2.060000000000000000e+02
2.500000000000000000e+02
2.340000000000000000e+02
2.130000000000000000e+02
2.470000000000000000e+02
2.270000000000000000e+02
1.900000000000000000e+02
1.820000000000000000e+02
1.540000000000000000e+02
1.650000000000000000e+02
1.160000000000000000e+02
1.120000000000000000e+02
1.140000000000000000e+02
1.150000000000000000e+02
9.400000000000000000e+01
1.000000000000000000e+02
1.020000000000000000e+02
1.670000000000000000e+02
1.100000000000000000e+01
1.000000000000000000e+00
9.000000000000000000e+00
2.100000000000000000e+01
2.300000000000000000e+01
3.700000000000000000e+01
6.600000000000000000e+01
1.200000000000000000e+02
2.150000000000000000e+02
3.540000000000000000e+02
5.610000000000000000e+02
6.790000000000000000e+02
9.110000000000000000e+02
1.142000000000000000e+03
1.215000000000000000e+03
1.117000000000000000e+03
9.410000000000000000e+02
9.570000000000000000e+02
8.640000000000000000e+02
7.640000000000000000e+02
7.710000000000000000e+02
6.900000000000000000e+02
6.790000000000000000e+02
6.610000000000000000e+02
6.760000000000000000e+02
6.800000000000000000e+02
6.830000000000000000e+02
6.930000000000000000e+02
7.490000000000000000e+02
7.600000000000000000e+02
7.340000000000000000e+02
7.110000000000000000e+02
7.600000000000000000e+02
7.900000000000000000e+02
8.070000000000000000e+02
8.730000000000000000e+02
8.440000000000000000e+02
9.580000000000000000e+02
1.051000000000000000e+03
1.049000000000000000e+03
9.740000000000000000e+02
9.200000000000000000e+02
7.750000000000000000e+02
6.850000000000000000e+02
6.550000000000000000e+02
6.080000000000000000e+02
6.420000000000000000e+02
6.570000000000000000e+02
6.330000000000000000e+02
6.870000000000000000e+02
6.690000000000000000e+02
6.700000000000000000e+02
6.550000000000000000e+02
5.670000000000000000e+02
5.780000000000000000e+02
5.730000000000000000e+02
5.260000000000000000e+02
5.180000000000000000e+02
4.920000000000000000e+02
4.620000000000000000e+02
4.680000000000000000e+02
4.890000000000000000e+02
4.550000000000000000e+02
5.030000000000000000e+02
5.030000000000000000e+02
4.830000000000000000e+02
4.680000000000000000e+02
5.020000000000000000e+02
5.270000000000000000e+02
4.580000000000000000e+02
4.690000000000000000e+02
5.000000000000000000e+02
4.940000000000000000e+02
5.210000000000000000e+02
5.290000000000000000e+02
5.170000000000000000e+02
5.470000000000000000e+02
5.810000000000000000e+02
6.000000000000000000e+02
6.820000000000000000e+02
8.130000000000000000e+02
8.620000000000000000e+02
7.700000000000000000e+02
6.950000000000000000e+02
6.730000000000000000e+02
7.020000000000000000e+02
6.980000000000000000e+02
7.110000000000000000e+02
6.580000000000000000e+02
7.270000000000000000e+02
7.070000000000000000e+02
8.110000000000000000e+02
8.120000000000000000e+02
8.940000000000000000e+02
9.100000000000000000e+02
8.160000000000000000e+02
7.880000000000000000e+02
8.310000000000000000e+02
8.830000000000000000e+02
9.460000000000000000e+02
9.100000000000000000e+02
8.030000000000000000e+02
8.340000000000000000e+02
8.320000000000000000e+02
8.080000000000000000e+02
7.470000000000000000e+02
8.450000000000000000e+02
7.960000000000000000e+02
8.200000000000000000e+02
8.460000000000000000e+02
8.860000000000000000e+02
8.540000000000000000e+02
9.170000000000000000e+02
9.350000000000000000e+02
1.019000000000000000e+03
1.001000000000000000e+03
9.820000000000000000e+02
9.810000000000000000e+02
1.044000000000000000e+03
1.026000000000000000e+03
9.860000000000000000e+02
1.047000000000000000e+03
1.051000000000000000e+03
1.011000000000000000e+03
1.045000000000000000e+03
1.028000000000000000e+03
1.027000000000000000e+03
1.037000000000000000e+03
1.058000000000000000e+03
1.146000000000000000e+03
1.141000000000000000e+03
1.166000000000000000e+03
1.144000000000000000e+03
1.168000000000000000e+03
1.153000000000000000e+03
1.221000000000000000e+03
1.134000000000000000e+03
1.184000000000000000e+03
1.162000000000000000e+03
1.230000000000000000e+03
1.145000000000000000e+03
1.191000000000000000e+03
1.171000000000000000e+03
1.238000000000000000e+03
1.139000000000000000e+03
1.207000000000000000e+03
1.103000000000000000e+03
1.070000000000000000e+03
1.092000000000000000e+03
1.046000000000000000e+03
1.039000000000000000e+03
1.081000000000000000e+03
1.015000000000000000e+03
9.940000000000000000e+02
1.012000000000000000e+03
1.051000000000000000e+03
9.730000000000000000e+02
9.800000000000000000e+02
9.990000000000000000e+02
9.810000000000000000e+02
9.740000000000000000e+02
9.930000000000000000e+02
9.570000000000000000e+02
9.690000000000000000e+02
9.320000000000000000e+02
9.880000000000000000e+02
9.500000000000000000e+02
9.430000000000000000e+02
9.470000000000000000e+02
9.560000000000000000e+02
9.320000000000000000e+02
9.960000000000000000e+02
9.420000000000000000e+02
9.500000000000000000e+02
9.450000000000000000e+02
1.009000000000000000e+03
9.100000000000000000e+02
9.070000000000000000e+02
8.690000000000000000e+02
8.420000000000000000e+02
8.100000000000000000e+02
8.430000000000000000e+02
7.950000000000000000e+02
7.790000000000000000e+02
8.210000000000000000e+02
8.220000000000000000e+02
7.990000000000000000e+02
8.080000000000000000e+02
7.480000000000000000e+02
7.430000000000000000e+02
7.480000000000000000e+02
7.460000000000000000e+02
7.880000000000000000e+02
7.340000000000000000e+02
7.330000000000000000e+02
7.160000000000000000e+02
7.360000000000000000e+02
7.220000000000000000e+02
7.590000000000000000e+02
7.990000000000000000e+02
8.320000000000000000e+02
8.480000000000000000e+02
9.490000000000000000e+02
9.490000000000000000e+02
1.035000000000000000e+03
1.047000000000000000e+03
1.119000000000000000e+03
1.150000000000000000e+03
1.143000000000000000e+03
1.119000000000000000e+03
1.122000000000000000e+03
1.099000000000000000e+03
1.155000000000000000e+03
1.174000000000000000e+03
1.201000000000000000e+03
1.110000000000000000e+03
1.065000000000000000e+03
1.019000000000000000e+03
1.068000000000000000e+03
1.042000000000000000e+03
9.610000000000000000e+02
9.520000000000000000e+02
9.720000000000000000e+02
9.680000000000000000e+02
9.860000000000000000e+02
9.570000000000000000e+02
9.170000000000000000e+02
9.160000000000000000e+02
9.000000000000000000e+02
9.120000000000000000e+02
8.770000000000000000e+02
8.960000000000000000e+02
8.930000000000000000e+02
9.140000000000000000e+02
8.650000000000000000e+02
8.950000000000000000e+02
9.500000000000000000e+02
8.960000000000000000e+02
8.860000000000000000e+02
9.210000000000000000e+02
1.048000000000000000e+03
1.112000000000000000e+03
1.289000000000000000e+03
1.593000000000000000e+03
1.736000000000000000e+03
1.879000000000000000e+03
2.163000000000000000e+03
2.562000000000000000e+03
3.176000000000000000e+03
4.192000000000000000e+03
4.838000000000000000e+03
4.599000000000000000e+03
3.694000000000000000e+03
2.354000000000000000e+03
1.369000000000000000e+03
2.228000000000000000e+03
