1.698000000000000000e+03
9.310000000000000000e+02
1.057000000000000000e+03
1.185000000000000000e+03
1.271000000000000000e+03
1.334000000000000000e+03
1.406000000000000000e+03
1.333000000000000000e+03
1.401000000000000000e+03
1.493000000000000000e+03
1.477000000000000000e+03
1.417000000000000000e+03
1.356000000000000000e+03
1.364000000000000000e+03
1.380000000000000000e+03
1.357000000000000000e+03
1.398000000000000000e+03
1.385000000000000000e+03
1.344000000000000000e+03
1.290000000000000000e+03
1.278000000000000000e+03
1.213000000000000000e+03
1.236000000000000000e+03
1.403000000000000000e+03
1.308000000000000000e+03
1.260000000000000000e+03
1.277000000000000000e+03
1.176000000000000000e+03
1.135000000000000000e+03
1.014000000000000000e+03
1.080000000000000000e+03
1.094000000000000000e+03
1.036000000000000000e+03
1.042000000000000000e+03
1.068000000000000000e+03
1.113000000000000000e+03
1.086000000000000000e+03
1.098000000000000000e+03
1.075000000000000000e+03
1.096000000000000000e+03
1.088000000000000000e+03
1.120000000000000000e+03
1.127000000000000000e+03
1.097000000000000000e+03
1.157000000000000000e+03
1.165000000000000000e+03
1.239000000000000000e+03
1.243000000000000000e+03
1.322000000000000000e+03
1.413000000000000000e+03
1.430000000000000000e+03
1.487000000000000000e+03
1.370000000000000000e+03
1.397000000000000000e+03
1.471000000000000000e+03
1.464000000000000000e+03
1.410000000000000000e+03
1.487000000000000000e+03
1.454000000000000000e+03
1.462000000000000000e+03
1.406000000000000000e+03
1.455000000000000000e+03
1.433000000000000000e+03
1.347000000000000000e+03
1.297000000000000000e+03
1.379000000000000000e+03
1.334000000000000000e+03
1.215000000000000000e+03
1.309000000000000000e+03
1.196000000000000000e+03
1.197000000000000000e+03
1.180000000000000000e+03
1.108000000000000000e+03
1.194000000000000000e+03
1.152000000000000000e+03
1.112000000000000000e+03
1.062000000000000000e+03
1.126000000000000000e+03
1.125000000000000000e+03
1.214000000000000000e+03
1.168000000000000000e+03
1.181000000000000000e+03
1.121000000000000000e+03
1.192000000000000000e+03
1.181000000000000000e+03
1.213000000000000000e+03
1.215000000000000000e+03
1.201000000000000000e+03
1.209000000000000000e+03
1.272000000000000000e+03
1.211000000000000000e+03
1.175000000000000000e+03
1.238000000000000000e+03
1.204000000000000000e+03
1.231000000000000000e+03
1.262000000000000000e+03
1.277000000000000000e+03
1.192000000000000000e+03
1.215000000000000000e+03
1.195000000000000000e+03
1.207000000000000000e+03
1.176000000000000000e+03
1.158000000000000000e+03
1.170000000000000000e+03
1.176000000000000000e+03
1.184000000000000000e+03
1.103000000000000000e+03
1.148000000000000000e+03
1.147000000000000000e+03
1.078000000000000000e+03
1.083000000000000000e+03
9.740000000000000000e+02
9.780000000000000000e+02
9.810000000000000000e+02
9.360000000000000000e+02
8.880000000000000000e+02
8.800000000000000000e+02
8.300000000000000000e+02
8.590000000000000000e+02
7.740000000000000000e+02
8.030000000000000000e+02
7.220000000000000000e+02
7.260000000000000000e+02
7.150000000000000000e+02
7.300000000000000000e+02
6.990000000000000000e+02
7.150000000000000000e+02
7.400000000000000000e+02
7.380000000000000000e+02
7.280000000000000000e+02
7.580000000000000000e+02
7.030000000000000000e+02
7.100000000000000000e+02
7.520000000000000000e+02
6.820000000000000000e+02
6.850000000000000000e+02
6.470000000000000000e+02
7.110000000000000000e+02
7.040000000000000000e+02
5.960000000000000000e+02
5.740000000000000000e+02
6.450000000000000000e+02
6.220000000000000000e+02
6.480000000000000000e+02
6.570000000000000000e+02
7.870000000000000000e+02
8.090000000000000000e+02
8.150000000000000000e+02
8.400000000000000000e+02
7.990000000000000000e+02
8.140000000000000000e+02
8.350000000000000000e+02
7.160000000000000000e+02
9.160000000000000000e+02
9.640000000000000000e+02
8.620000000000000000e+02
7.880000000000000000e+02
9.050000000000000000e+02
1.058000000000000000e+03
1.090000000000000000e+03
9.940000000000000000e+02
9.160000000000000000e+02
9.240000000000000000e+02
8.870000000000000000e+02
8.780000000000000000e+02
9.650000000000000000e+02
9.110000000000000000e+02
6.870000000000000000e+02
6.930000000000000000e+02
7.920000000000000000e+02
9.900000000000000000e+02
8.520000000000000000e+02
7.600000000000000000e+02
9.470000000000000000e+02
1.008000000000000000e+03
8.780000000000000000e+02
1.036000000000000000e+03
1.024000000000000000e+03
1.021000000000000000e+03
8.250000000000000000e+02
9.300000000000000000e+02
9.620000000000000000e+02
1.122000000000000000e+03
1.264000000000000000e+03
1.214000000000000000e+03
1.129000000000000000e+03
8.860000000000000000e+02
9.410000000000000000e+02
1.122000000000000000e+03
1.233000000000000000e+03
8.970000000000000000e+02
1.278000000000000000e+03
1.189000000000000000e+03
1.044000000000000000e+03
9.760000000000000000e+02
9.780000000000000000e+02
1.016000000000000000e+03
9.910000000000000000e+02
1.178000000000000000e+03
1.012000000000000000e+03
8.370000000000000000e+02
7.880000000000000000e+02
7.370000000000000000e+02
7.450000000000000000e+02
7.620000000000000000e+02
8.300000000000000000e+02
7.420000000000000000e+02
7.230000000000000000e+02
7.160000000000000000e+02
6.560000000000000000e+02
6.480000000000000000e+02
5.650000000000000000e+02
4.990000000000000000e+02
4.620000000000000000e+02
4.540000000000000000e+02
4.740000000000000000e+02
4.340000000000000000e+02
3.390000000000000000e+02
3.660000000000000000e+02
3.200000000000000000e+02
2.870000000000000000e+02
3.300000000000000000e+02
3.330000000000000000e+02
2.960000000000000000e+02
3.030000000000000000e+02
2.960000000000000000e+02
2.370000000000000000e+02
2.210000000000000000e+02
2.460000000000000000e+02
2.390000000000000000e+02
2.000000000000000000e+02
1.940000000000000000e+02
2.420000000000000000e+02
2.110000000000000000e+02
1.930000000000000000e+02
2.550000000000000000e+02
3.120000000000000000e+02
3.420000000000000000e+02
2.900000000000000000e+02
3.460000000000000000e+02
3.580000000000000000e+02
3.240000000000000000e+02
3.030000000000000000e+02
2.630000000000000000e+02
3.190000000000000000e+02
3.700000000000000000e+02
3.820000000000000000e+02
4.340000000000000000e+02
4.710000000000000000e+02
4.660000000000000000e+02
4.640000000000000000e+02
7.430000000000000000e+02
1.368000000000000000e+03
2.620000000000000000e+02
1.050000000000000000e+02
4.800000000000000000e+01
3.800000000000000000e+02
3.870000000000000000e+02
5.770000000000000000e+02
6.700000000000000000e+02
7.690000000000000000e+02
9.300000000000000000e+02
1.041000000000000000e+03
1.084000000000000000e+03
1.122000000000000000e+03
1.119000000000000000e+03
1.116000000000000000e+03
1.224000000000000000e+03
1.320000000000000000e+03
1.321000000000000000e+03
1.330000000000000000e+03
1.323000000000000000e+03
1.290000000000000000e+03
1.378000000000000000e+03
1.309000000000000000e+03
1.234000000000000000e+03
1.222000000000000000e+03
1.188000000000000000e+03
1.142000000000000000e+03
1.203000000000000000e+03
1.182000000000000000e+03
1.193000000000000000e+03
1.197000000000000000e+03
1.243000000000000000e+03
1.150000000000000000e+03
1.162000000000000000e+03
1.127000000000000000e+03
1.152000000000000000e+03
1.173000000000000000e+03
1.161000000000000000e+03
1.187000000000000000e+03
1.085000000000000000e+03
1.077000000000000000e+03
1.058000000000000000e+03
1.055000000000000000e+03
1.075000000000000000e+03
1.009000000000000000e+03
1.045000000000000000e+03
1.012000000000000000e+03
9.920000000000000000e+02
1.009000000000000000e+03
9.920000000000000000e+02
9.170000000000000000e+02
9.960000000000000000e+02
1.021000000000000000e+03
1.060000000000000000e+03
1.044000000000000000e+03
1.079000000000000000e+03
1.106000000000000000e+03
9.660000000000000000e+02
1.061000000000000000e+03
9.940000000000000000e+02
1.037000000000000000e+03
1.005000000000000000e+03
1.038000000000000000e+03
1.005000000000000000e+03
1.113000000000000000e+03
1.091000000000000000e+03
1.119000000000000000e+03
1.159000000000000000e+03
1.142000000000000000e+03
1.277000000000000000e+03
1.263000000000000000e+03
1.314000000000000000e+03
1.437000000000000000e+03
1.398000000000000000e+03
1.416000000000000000e+03
1.473000000000000000e+03
1.487000000000000000e+03
1.571000000000000000e+03
1.566000000000000000e+03
1.509000000000000000e+03
1.512000000000000000e+03
1.576000000000000000e+03
1.456000000000000000e+03
1.582000000000000000e+03
1.475000000000000000e+03
1.489000000000000000e+03
1.533000000000000000e+03
1.522000000000000000e+03
1.592000000000000000e+03
1.559000000000000000e+03
1.545000000000000000e+03
1.442000000000000000e+03
1.504000000000000000e+03
1.555000000000000000e+03
1.570000000000000000e+03
1.510000000000000000e+03
1.576000000000000000e+03
1.588000000000000000e+03
1.556000000000000000e+03
1.596000000000000000e+03
1.617000000000000000e+03
1.519000000000000000e+03
1.446000000000000000e+03
1.536000000000000000e+03
1.502000000000000000e+03
1.477000000000000000e+03
1.439000000000000000e+03
1.399000000000000000e+03
1.349000000000000000e+03
1.359000000000000000e+03
1.326000000000000000e+03
1.300000000000000000e+03
1.256000000000000000e+03
1.234000000000000000e+03
1.129000000000000000e+03
1.072000000000000000e+03
1.081000000000000000e+03
1.015000000000000000e+03
9.370000000000000000e+02
9.650000000000000000e+02
9.270000000000000000e+02
8.470000000000000000e+02
8.250000000000000000e+02
7.940000000000000000e+02
7.440000000000000000e+02
7.530000000000000000e+02
7.870000000000000000e+02
7.790000000000000000e+02
7.880000000000000000e+02
7.970000000000000000e+02
8.660000000000000000e+02
7.430000000000000000e+02
7.320000000000000000e+02
7.300000000000000000e+02
7.110000000000000000e+02
6.700000000000000000e+02
6.830000000000000000e+02
6.970000000000000000e+02
5.760000000000000000e+02
5.290000000000000000e+02
5.600000000000000000e+02
5.280000000000000000e+02
5.250000000000000000e+02
5.400000000000000000e+02
5.550000000000000000e+02
5.370000000000000000e+02
5.510000000000000000e+02
4.900000000000000000e+02
4.910000000000000000e+02
5.430000000000000000e+02
5.040000000000000000e+02
4.950000000000000000e+02
4.420000000000000000e+02
4.490000000000000000e+02
3.500000000000000000e+02
3.310000000000000000e+02
3.140000000000000000e+02
2.660000000000000000e+02
2.950000000000000000e+02
2.530000000000000000e+02
2.510000000000000000e+02
2.500000000000000000e+02
2.010000000000000000e+02
2.210000000000000000e+02
2.180000000000000000e+02
2.220000000000000000e+02
2.080000000000000000e+02
2.090000000000000000e+02
1.980000000000000000e+02
2.170000000000000000e+02
2.910000000000000000e+02
4.650000000000000000e+02
4.240000000000000000e+02
4.750000000000000000e+02
5.260000000000000000e+02
5.790000000000000000e+02
6.060000000000000000e+02
6.360000000000000000e+02
7.590000000000000000e+02
9.790000000000000000e+02
9.950000000000000000e+02
9.270000000000000000e+02
9.110000000000000000e+02
1.103000000000000000e+03
1.252000000000000000e+03
1.161000000000000000e+03
9.910000000000000000e+02
9.510000000000000000e+02
9.100000000000000000e+02
1.181000000000000000e+03
1.227000000000000000e+03
1.024000000000000000e+03
1.003000000000000000e+03
1.013000000000000000e+03
1.186000000000000000e+03
1.283000000000000000e+03
1.159000000000000000e+03
1.231000000000000000e+03
1.170000000000000000e+03
1.163000000000000000e+03
1.359000000000000000e+03
1.194000000000000000e+03
1.281000000000000000e+03
1.396000000000000000e+03
1.271000000000000000e+03
1.272000000000000000e+03
1.210000000000000000e+03
1.531000000000000000e+03
2.031000000000000000e+03
1.959000000000000000e+03
1.728000000000000000e+03
1.532000000000000000e+03
1.294000000000000000e+03
1.166000000000000000e+03
1.044000000000000000e+03
1.016000000000000000e+03
8.710000000000000000e+02
8.850000000000000000e+02
8.710000000000000000e+02
7.190000000000000000e+02
6.810000000000000000e+02
6.300000000000000000e+02
5.770000000000000000e+02
5.390000000000000000e+02
4.840000000000000000e+02
4.870000000000000000e+02
4.290000000000000000e+02
3.790000000000000000e+02
4.030000000000000000e+02
3.890000000000000000e+02
3.810000000000000000e+02
3.170000000000000000e+02
2.970000000000000000e+02
2.510000000000000000e+02
3.280000000000000000e+02
2.820000000000000000e+02
2.790000000000000000e+02
2.920000000000000000e+02
2.880000000000000000e+02
2.750000000000000000e+02
2.190000000000000000e+02
2.050000000000000000e+02
2.050000000000000000e+02
2.390000000000000000e+02
2.630000000000000000e+02
2.250000000000000000e+02
2.350000000000000000e+02
2.280000000000000000e+02
2.310000000000000000e+02
2.320000000000000000e+02
2.910000000000000000e+02
3.060000000000000000e+02
3.710000000000000000e+02
6.700000000000000000e+02
1.000000000000000000e+03
1.434000000000000000e+03
2.191000000000000000e+03
1.084000000000000000e+03
4.100000000000000000e+02
1.950000000000000000e+02
4.400000000000000000e+01
2.000000000000000000e+01
3.400000000000000000e+01
4.600000000000000000e+01
1.080000000000000000e+02
1.240000000000000000e+02
1.870000000000000000e+02
2.240000000000000000e+02
2.630000000000000000e+02
2.630000000000000000e+02
3.460000000000000000e+02
3.960000000000000000e+02
4.390000000000000000e+02
5.180000000000000000e+02
5.900000000000000000e+02
6.680000000000000000e+02
7.410000000000000000e+02
7.880000000000000000e+02
8.720000000000000000e+02
9.410000000000000000e+02
9.150000000000000000e+02
1.065000000000000000e+03
1.083000000000000000e+03
1.159000000000000000e+03
1.192000000000000000e+03
1.245000000000000000e+03
1.272000000000000000e+03
1.280000000000000000e+03
1.267000000000000000e+03
1.256000000000000000e+03
1.297000000000000000e+03
1.272000000000000000e+03
1.272000000000000000e+03
1.214000000000000000e+03
1.203000000000000000e+03
1.177000000000000000e+03
1.143000000000000000e+03
1.218000000000000000e+03
1.172000000000000000e+03
1.192000000000000000e+03
1.198000000000000000e+03
1.173000000000000000e+03
1.154000000000000000e+03
1.167000000000000000e+03
1.172000000000000000e+03
1.184000000000000000e+03
1.172000000000000000e+03
1.110000000000000000e+03
1.104000000000000000e+03
1.044000000000000000e+03
1.073000000000000000e+03
1.034000000000000000e+03
1.007000000000000000e+03
9.560000000000000000e+02
9.480000000000000000e+02
1.005000000000000000e+03
9.840000000000000000e+02
1.013000000000000000e+03
9.910000000000000000e+02
9.550000000000000000e+02
8.720000000000000000e+02
8.770000000000000000e+02
9.280000000000000000e+02
8.650000000000000000e+02
9.400000000000000000e+02
8.620000000000000000e+02
8.610000000000000000e+02
7.910000000000000000e+02
7.950000000000000000e+02
7.710000000000000000e+02
7.640000000000000000e+02
8.220000000000000000e+02
7.480000000000000000e+02
8.480000000000000000e+02
7.970000000000000000e+02
7.520000000000000000e+02
8.380000000000000000e+02
8.420000000000000000e+02
9.150000000000000000e+02
9.190000000000000000e+02
9.600000000000000000e+02
9.760000000000000000e+02
1.076000000000000000e+03
1.146000000000000000e+03
1.303000000000000000e+03
1.231000000000000000e+03
1.477000000000000000e+03
1.526000000000000000e+03
1.694000000000000000e+03
1.794000000000000000e+03
1.851000000000000000e+03
1.957000000000000000e+03
1.982000000000000000e+03
2.205000000000000000e+03
2.279000000000000000e+03
2.211000000000000000e+03
2.247000000000000000e+03
2.336000000000000000e+03
2.300000000000000000e+03
2.283000000000000000e+03
2.196000000000000000e+03
2.156000000000000000e+03
2.083000000000000000e+03
2.109000000000000000e+03
1.956000000000000000e+03
1.910000000000000000e+03
1.877000000000000000e+03
1.755000000000000000e+03
1.670000000000000000e+03
1.648000000000000000e+03
1.538000000000000000e+03
1.519000000000000000e+03
1.457000000000000000e+03
1.343000000000000000e+03
1.259000000000000000e+03
1.197000000000000000e+03
1.138000000000000000e+03
1.144000000000000000e+03
1.124000000000000000e+03
1.039000000000000000e+03
9.850000000000000000e+02
9.910000000000000000e+02
9.840000000000000000e+02
1.020000000000000000e+03
1.030000000000000000e+03
1.002000000000000000e+03
9.970000000000000000e+02
1.058000000000000000e+03
9.900000000000000000e+02
9.040000000000000000e+02
1.011000000000000000e+03
9.100000000000000000e+02
9.030000000000000000e+02
8.580000000000000000e+02
8.120000000000000000e+02
7.070000000000000000e+02
6.520000000000000000e+02
6.410000000000000000e+02
6.070000000000000000e+02
5.990000000000000000e+02
6.300000000000000000e+02
6.980000000000000000e+02
7.160000000000000000e+02
6.440000000000000000e+02
6.620000000000000000e+02
6.610000000000000000e+02
6.340000000000000000e+02
5.580000000000000000e+02
4.840000000000000000e+02
4.410000000000000000e+02
4.350000000000000000e+02
4.220000000000000000e+02
3.670000000000000000e+02
3.730000000000000000e+02
3.640000000000000000e+02
3.630000000000000000e+02
3.570000000000000000e+02
3.170000000000000000e+02
3.150000000000000000e+02
3.350000000000000000e+02
2.780000000000000000e+02
3.170000000000000000e+02
2.810000000000000000e+02
2.820000000000000000e+02
2.660000000000000000e+02
2.480000000000000000e+02
3.060000000000000000e+02
2.910000000000000000e+02
3.250000000000000000e+02
3.080000000000000000e+02
3.050000000000000000e+02
3.050000000000000000e+02
3.160000000000000000e+02
3.610000000000000000e+02
3.320000000000000000e+02
2.970000000000000000e+02
2.960000000000000000e+02
3.060000000000000000e+02
2.790000000000000000e+02
3.290000000000000000e+02
3.010000000000000000e+02
2.760000000000000000e+02
2.560000000000000000e+02
2.890000000000000000e+02
2.810000000000000000e+02
2.940000000000000000e+02
2.840000000000000000e+02
2.490000000000000000e+02
2.770000000000000000e+02
2.830000000000000000e+02
2.950000000000000000e+02
3.000000000000000000e+02
3.270000000000000000e+02
2.580000000000000000e+02
3.040000000000000000e+02
2.890000000000000000e+02
2.490000000000000000e+02
3.220000000000000000e+02
3.340000000000000000e+02
4.090000000000000000e+02
4.950000000000000000e+02
6.020000000000000000e+02
8.620000000000000000e+02
1.063000000000000000e+03
1.136000000000000000e+03
1.386000000000000000e+03
1.574000000000000000e+03
1.533000000000000000e+03
1.860000000000000000e+03
2.199000000000000000e+03
2.368000000000000000e+03
2.587000000000000000e+03
2.575000000000000000e+03
2.543000000000000000e+03
2.725000000000000000e+03
2.526000000000000000e+03
2.064000000000000000e+03
1.809000000000000000e+03
1.677000000000000000e+03
1.570000000000000000e+03
1.501000000000000000e+03
1.508000000000000000e+03
1.706000000000000000e+03
1.913000000000000000e+03
1.408000000000000000e+03
1.098000000000000000e+03
9.750000000000000000e+02
8.260000000000000000e+02
7.300000000000000000e+02
6.470000000000000000e+02
6.010000000000000000e+02
5.210000000000000000e+02
4.420000000000000000e+02
5.150000000000000000e+02
3.470000000000000000e+02
3.500000000000000000e+02
4.280000000000000000e+02
4.500000000000000000e+02
4.450000000000000000e+02
4.830000000000000000e+02
4.420000000000000000e+02
4.870000000000000000e+02
4.110000000000000000e+02
3.770000000000000000e+02
4.280000000000000000e+02
4.060000000000000000e+02
5.760000000000000000e+02
7.200000000000000000e+02
7.420000000000000000e+02
8.410000000000000000e+02
9.880000000000000000e+02
1.131000000000000000e+03
2.245000000000000000e+03
8.740000000000000000e+02
5.790000000000000000e+02
6.540000000000000000e+02
