4.776000000000000000e+03
1.133700000000000000e+04
5.054000000000000000e+03
2.411000000000000000e+03
1.712000000000000000e+03
1.433000000000000000e+03
1.204000000000000000e+03
1.121000000000000000e+03
9.000000000000000000e+02
9.280000000000000000e+02
8.200000000000000000e+02
8.180000000000000000e+02
7.870000000000000000e+02
8.690000000000000000e+02
9.360000000000000000e+02
7.560000000000000000e+02
7.850000000000000000e+02
7.620000000000000000e+02
8.300000000000000000e+02
7.490000000000000000e+02
6.920000000000000000e+02
8.300000000000000000e+02
1.007000000000000000e+03
7.810000000000000000e+02
8.290000000000000000e+02
9.810000000000000000e+02
8.930000000000000000e+02
7.120000000000000000e+02
7.370000000000000000e+02
6.810000000000000000e+02
7.740000000000000000e+02
7.060000000000000000e+02
6.400000000000000000e+02
6.730000000000000000e+02
5.770000000000000000e+02
6.800000000000000000e+02
6.980000000000000000e+02
6.360000000000000000e+02
6.210000000000000000e+02
5.790000000000000000e+02
6.200000000000000000e+02
6.440000000000000000e+02
6.400000000000000000e+02
4.830000000000000000e+02
5.210000000000000000e+02
4.360000000000000000e+02
4.840000000000000000e+02
5.040000000000000000e+02
4.790000000000000000e+02
4.930000000000000000e+02
5.360000000000000000e+02
4.870000000000000000e+02
5.780000000000000000e+02
5.300000000000000000e+02
5.810000000000000000e+02
5.260000000000000000e+02
5.650000000000000000e+02
5.090000000000000000e+02
4.960000000000000000e+02
4.990000000000000000e+02
5.810000000000000000e+02
5.410000000000000000e+02
5.330000000000000000e+02
4.570000000000000000e+02
4.440000000000000000e+02
4.950000000000000000e+02
4.850000000000000000e+02
4.820000000000000000e+02
4.560000000000000000e+02
4.530000000000000000e+02
4.160000000000000000e+02
4.320000000000000000e+02
4.170000000000000000e+02
4.590000000000000000e+02
4.260000000000000000e+02
4.320000000000000000e+02
4.560000000000000000e+02
4.470000000000000000e+02
4.620000000000000000e+02
6.990000000000000000e+02
7.880000000000000000e+02
6.270000000000000000e+02
8.960000000000000000e+02
7.110000000000000000e+02
9.340000000000000000e+02
5.620000000000000000e+02
7.470000000000000000e+02
7.110000000000000000e+02
7.060000000000000000e+02
5.710000000000000000e+02
5.040000000000000000e+02
5.740000000000000000e+02
5.870000000000000000e+02
5.600000000000000000e+02
5.310000000000000000e+02
6.210000000000000000e+02
5.840000000000000000e+02
5.530000000000000000e+02
4.830000000000000000e+02
5.190000000000000000e+02
5.940000000000000000e+02
4.860000000000000000e+02
4.520000000000000000e+02
5.490000000000000000e+02
5.350000000000000000e+02
5.260000000000000000e+02
5.290000000000000000e+02
4.890000000000000000e+02
5.230000000000000000e+02
6.110000000000000000e+02
5.070000000000000000e+02
5.260000000000000000e+02
5.040000000000000000e+02
4.890000000000000000e+02
4.750000000000000000e+02
5.100000000000000000e+02
4.510000000000000000e+02
4.920000000000000000e+02
4.390000000000000000e+02
4.050000000000000000e+02
4.330000000000000000e+02
4.110000000000000000e+02
4.000000000000000000e+02
4.050000000000000000e+02
3.670000000000000000e+02
3.880000000000000000e+02
4.160000000000000000e+02
4.550000000000000000e+02
5.030000000000000000e+02
6.200000000000000000e+02
6.160000000000000000e+02
4.880000000000000000e+02
5.060000000000000000e+02
5.210000000000000000e+02
4.670000000000000000e+02
5.590000000000000000e+02
5.320000000000000000e+02
4.880000000000000000e+02
4.790000000000000000e+02
4.660000000000000000e+02
5.600000000000000000e+02
4.730000000000000000e+02
4.420000000000000000e+02
5.370000000000000000e+02
4.770000000000000000e+02
4.940000000000000000e+02
4.070000000000000000e+02
4.270000000000000000e+02
4.670000000000000000e+02
5.140000000000000000e+02
4.800000000000000000e+02
4.720000000000000000e+02
4.350000000000000000e+02
4.710000000000000000e+02
4.330000000000000000e+02
3.450000000000000000e+02
3.860000000000000000e+02
4.140000000000000000e+02
3.950000000000000000e+02
4.610000000000000000e+02
4.150000000000000000e+02
3.470000000000000000e+02
3.780000000000000000e+02
3.450000000000000000e+02
4.120000000000000000e+02
3.040000000000000000e+02
4.240000000000000000e+02
3.710000000000000000e+02
2.570000000000000000e+02
3.540000000000000000e+02
3.560000000000000000e+02
4.220000000000000000e+02
3.510000000000000000e+02
3.800000000000000000e+02
3.340000000000000000e+02
3.250000000000000000e+02
3.090000000000000000e+02
4.070000000000000000e+02
3.090000000000000000e+02
3.530000000000000000e+02
3.450000000000000000e+02
3.520000000000000000e+02
2.830000000000000000e+02
3.010000000000000000e+02
3.170000000000000000e+02
2.840000000000000000e+02
2.780000000000000000e+02
2.930000000000000000e+02
3.400000000000000000e+02
4.250000000000000000e+02
5.610000000000000000e+02
8.670000000000000000e+02
6.870000000000000000e+02
8.150000000000000000e+02
8.660000000000000000e+02
6.620000000000000000e+02
8.040000000000000000e+02
8.040000000000000000e+02
6.590000000000000000e+02
7.690000000000000000e+02
7.230000000000000000e+02
1.015000000000000000e+03
1.292000000000000000e+03
1.075000000000000000e+03
9.030000000000000000e+02
1.186000000000000000e+03
9.890000000000000000e+02
1.088000000000000000e+03
1.022000000000000000e+03
9.150000000000000000e+02
8.630000000000000000e+02
7.690000000000000000e+02
9.490000000000000000e+02
9.470000000000000000e+02
9.790000000000000000e+02
1.003000000000000000e+03
1.050000000000000000e+03
1.207000000000000000e+03
1.152000000000000000e+03
1.242000000000000000e+03
1.335000000000000000e+03
1.224000000000000000e+03
1.182000000000000000e+03
1.396000000000000000e+03
1.409000000000000000e+03
1.523000000000000000e+03
1.489000000000000000e+03
1.796000000000000000e+03
1.945000000000000000e+03
2.265000000000000000e+03
2.512000000000000000e+03
2.844000000000000000e+03
2.965000000000000000e+03
3.185000000000000000e+03
3.202000000000000000e+03
2.982000000000000000e+03
2.750000000000000000e+03
2.905000000000000000e+03
2.757000000000000000e+03
2.830000000000000000e+03
3.196000000000000000e+03
2.848000000000000000e+03
2.582000000000000000e+03
2.609000000000000000e+03
2.793000000000000000e+03
2.651000000000000000e+03
2.852000000000000000e+03
2.890000000000000000e+03
2.176000000000000000e+03
2.348000000000000000e+03
2.922000000000000000e+03
3.375000000000000000e+03
3.230000000000000000e+03
2.683000000000000000e+03
1.834000000000000000e+03
9.110000000000000000e+02
9.201000000000000000e+03
4.904000000000000000e+03
2.714000000000000000e+03
1.601000000000000000e+03
1.118000000000000000e+03
9.870000000000000000e+02
9.370000000000000000e+02
9.620000000000000000e+02
7.510000000000000000e+02
7.080000000000000000e+02
7.000000000000000000e+02
7.820000000000000000e+02
7.050000000000000000e+02
6.960000000000000000e+02
7.890000000000000000e+02
8.670000000000000000e+02
1.060000000000000000e+03
9.020000000000000000e+02
9.810000000000000000e+02
1.126000000000000000e+03
1.200000000000000000e+03
8.300000000000000000e+02
7.200000000000000000e+02
8.440000000000000000e+02
7.250000000000000000e+02
6.940000000000000000e+02
7.100000000000000000e+02
7.810000000000000000e+02
9.220000000000000000e+02
1.093000000000000000e+03
9.510000000000000000e+02
2.516000000000000000e+03
1.278000000000000000e+03
1.277000000000000000e+03
9.350000000000000000e+02
9.030000000000000000e+02
8.910000000000000000e+02
8.320000000000000000e+02
7.470000000000000000e+02
7.060000000000000000e+02
6.430000000000000000e+02
6.510000000000000000e+02
6.230000000000000000e+02
6.530000000000000000e+02
5.990000000000000000e+02
5.770000000000000000e+02
5.640000000000000000e+02
5.590000000000000000e+02
5.680000000000000000e+02
5.490000000000000000e+02
5.190000000000000000e+02
5.830000000000000000e+02
6.510000000000000000e+02
6.710000000000000000e+02
6.130000000000000000e+02
6.250000000000000000e+02
5.700000000000000000e+02
6.150000000000000000e+02
5.510000000000000000e+02
5.280000000000000000e+02
5.610000000000000000e+02
5.390000000000000000e+02
5.460000000000000000e+02
6.230000000000000000e+02
5.450000000000000000e+02
4.620000000000000000e+02
5.060000000000000000e+02
4.500000000000000000e+02
4.800000000000000000e+02
4.490000000000000000e+02
4.510000000000000000e+02
4.330000000000000000e+02
4.050000000000000000e+02
4.120000000000000000e+02
4.330000000000000000e+02
4.240000000000000000e+02
4.740000000000000000e+02
4.570000000000000000e+02
5.020000000000000000e+02
7.180000000000000000e+02
7.420000000000000000e+02
6.560000000000000000e+02
8.740000000000000000e+02
7.670000000000000000e+02
8.460000000000000000e+02
5.680000000000000000e+02
6.990000000000000000e+02
7.440000000000000000e+02
6.800000000000000000e+02
5.490000000000000000e+02
5.420000000000000000e+02
4.910000000000000000e+02
5.490000000000000000e+02
5.270000000000000000e+02
5.510000000000000000e+02
6.320000000000000000e+02
5.120000000000000000e+02
5.130000000000000000e+02
4.990000000000000000e+02
5.630000000000000000e+02
4.830000000000000000e+02
5.260000000000000000e+02
5.600000000000000000e+02
5.050000000000000000e+02
4.910000000000000000e+02
4.880000000000000000e+02
4.740000000000000000e+02
5.250000000000000000e+02
4.900000000000000000e+02
5.110000000000000000e+02
5.690000000000000000e+02
5.290000000000000000e+02
5.500000000000000000e+02
5.190000000000000000e+02
5.450000000000000000e+02
4.800000000000000000e+02
5.470000000000000000e+02
4.490000000000000000e+02
5.080000000000000000e+02
4.290000000000000000e+02
4.200000000000000000e+02
5.160000000000000000e+02
5.020000000000000000e+02
4.900000000000000000e+02
4.370000000000000000e+02
4.820000000000000000e+02
4.630000000000000000e+02
4.900000000000000000e+02
4.730000000000000000e+02
5.620000000000000000e+02
5.930000000000000000e+02
6.580000000000000000e+02
5.180000000000000000e+02
5.060000000000000000e+02
4.920000000000000000e+02
4.760000000000000000e+02
6.120000000000000000e+02
5.000000000000000000e+02
4.610000000000000000e+02
5.480000000000000000e+02
5.030000000000000000e+02
4.890000000000000000e+02
4.580000000000000000e+02
4.500000000000000000e+02
5.050000000000000000e+02
4.860000000000000000e+02
4.900000000000000000e+02
4.250000000000000000e+02
4.290000000000000000e+02
4.250000000000000000e+02
4.860000000000000000e+02
3.970000000000000000e+02
4.150000000000000000e+02
4.050000000000000000e+02
3.800000000000000000e+02
4.250000000000000000e+02
4.070000000000000000e+02
3.500000000000000000e+02
4.160000000000000000e+02
4.090000000000000000e+02
3.950000000000000000e+02
3.930000000000000000e+02
3.960000000000000000e+02
3.440000000000000000e+02
3.640000000000000000e+02
4.140000000000000000e+02
3.080000000000000000e+02
3.690000000000000000e+02
2.950000000000000000e+02
3.440000000000000000e+02
3.330000000000000000e+02
3.620000000000000000e+02
3.620000000000000000e+02
3.800000000000000000e+02
3.320000000000000000e+02
2.960000000000000000e+02
2.490000000000000000e+02
3.210000000000000000e+02
2.500000000000000000e+02
3.250000000000000000e+02
2.790000000000000000e+02
3.740000000000000000e+02
3.180000000000000000e+02
3.200000000000000000e+02
2.800000000000000000e+02
2.930000000000000000e+02
2.870000000000000000e+02
2.660000000000000000e+02
2.780000000000000000e+02
2.970000000000000000e+02
3.160000000000000000e+02
3.420000000000000000e+02
3.320000000000000000e+02
3.030000000000000000e+02
3.410000000000000000e+02
3.570000000000000000e+02
3.450000000000000000e+02
4.680000000000000000e+02
4.640000000000000000e+02
5.870000000000000000e+02
1.024000000000000000e+03
9.150000000000000000e+02
1.036000000000000000e+03
1.224000000000000000e+03
1.051000000000000000e+03
1.181000000000000000e+03
1.377000000000000000e+03
1.189000000000000000e+03
1.166000000000000000e+03
1.177000000000000000e+03
1.106000000000000000e+03
1.200000000000000000e+03
1.158000000000000000e+03
1.074000000000000000e+03
1.170000000000000000e+03
1.107000000000000000e+03
1.345000000000000000e+03
1.443000000000000000e+03
1.292000000000000000e+03
1.363000000000000000e+03
1.391000000000000000e+03
1.386000000000000000e+03
1.366000000000000000e+03
1.540000000000000000e+03
1.471000000000000000e+03
1.559000000000000000e+03
1.540000000000000000e+03
1.862000000000000000e+03
1.959000000000000000e+03
2.307000000000000000e+03
2.518000000000000000e+03
2.834000000000000000e+03
2.964000000000000000e+03
3.196000000000000000e+03
3.204000000000000000e+03
2.974000000000000000e+03
2.737000000000000000e+03
2.882000000000000000e+03
2.776000000000000000e+03
2.872000000000000000e+03
3.228000000000000000e+03
2.857000000000000000e+03
2.594000000000000000e+03
2.639000000000000000e+03
2.890000000000000000e+03
2.677000000000000000e+03
2.783000000000000000e+03
2.824000000000000000e+03
2.171000000000000000e+03
2.334000000000000000e+03
2.898000000000000000e+03
3.382000000000000000e+03
3.208000000000000000e+03
2.685000000000000000e+03
1.838000000000000000e+03
9.180000000000000000e+02
0.000000000000000000e+00
5.000000000000000000e+00
3.800000000000000000e+01
1.900000000000000000e+02
2.120000000000000000e+02
1.200000000000000000e+03
5.683000000000000000e+03
2.404000000000000000e+03
2.378000000000000000e+03
1.778000000000000000e+03
1.260000000000000000e+03
1.167000000000000000e+03
1.140000000000000000e+03
1.245000000000000000e+03
9.520000000000000000e+02
1.169000000000000000e+03
8.060000000000000000e+02
7.360000000000000000e+02
8.380000000000000000e+02
8.140000000000000000e+02
8.580000000000000000e+02
8.160000000000000000e+02
7.980000000000000000e+02
8.760000000000000000e+02
8.270000000000000000e+02
8.840000000000000000e+02
7.680000000000000000e+02
6.580000000000000000e+02
6.850000000000000000e+02
6.350000000000000000e+02
6.230000000000000000e+02
7.320000000000000000e+02
6.810000000000000000e+02
6.900000000000000000e+02
6.800000000000000000e+02
6.980000000000000000e+02
7.610000000000000000e+02
6.140000000000000000e+02
7.200000000000000000e+02
9.690000000000000000e+02
8.680000000000000000e+02
1.034000000000000000e+03
1.131000000000000000e+03
8.140000000000000000e+02
7.660000000000000000e+02
7.730000000000000000e+02
8.260000000000000000e+02
7.550000000000000000e+02
7.680000000000000000e+02
6.770000000000000000e+02
6.290000000000000000e+02
5.630000000000000000e+02
6.670000000000000000e+02
6.530000000000000000e+02
5.660000000000000000e+02
6.020000000000000000e+02
6.850000000000000000e+02
6.920000000000000000e+02
7.520000000000000000e+02
7.370000000000000000e+02
8.440000000000000000e+02
7.990000000000000000e+02
9.250000000000000000e+02
7.710000000000000000e+02
8.550000000000000000e+02
9.730000000000000000e+02
8.070000000000000000e+02
1.857000000000000000e+03
8.610000000000000000e+02
9.660000000000000000e+02
7.870000000000000000e+02
6.730000000000000000e+02
6.140000000000000000e+02
7.490000000000000000e+02
7.330000000000000000e+02
5.660000000000000000e+02
5.820000000000000000e+02
5.630000000000000000e+02
5.220000000000000000e+02
8.010000000000000000e+02
8.100000000000000000e+02
7.230000000000000000e+02
9.390000000000000000e+02
8.150000000000000000e+02
9.420000000000000000e+02
6.270000000000000000e+02
8.230000000000000000e+02
8.420000000000000000e+02
7.660000000000000000e+02
6.720000000000000000e+02
6.660000000000000000e+02
6.910000000000000000e+02
6.890000000000000000e+02
6.920000000000000000e+02
6.580000000000000000e+02
5.800000000000000000e+02
4.570000000000000000e+02
6.350000000000000000e+02
5.330000000000000000e+02
5.120000000000000000e+02
5.200000000000000000e+02
5.090000000000000000e+02
5.170000000000000000e+02
4.790000000000000000e+02
4.960000000000000000e+02
5.130000000000000000e+02
5.510000000000000000e+02
4.560000000000000000e+02
4.640000000000000000e+02
4.690000000000000000e+02
4.810000000000000000e+02
5.680000000000000000e+02
5.760000000000000000e+02
5.230000000000000000e+02
5.900000000000000000e+02
6.340000000000000000e+02
6.380000000000000000e+02
7.560000000000000000e+02
8.180000000000000000e+02
7.200000000000000000e+02
5.840000000000000000e+02
6.480000000000000000e+02
5.310000000000000000e+02
6.180000000000000000e+02
5.920000000000000000e+02
5.400000000000000000e+02
5.350000000000000000e+02
6.140000000000000000e+02
5.310000000000000000e+02
5.000000000000000000e+02
5.570000000000000000e+02
5.640000000000000000e+02
5.980000000000000000e+02
6.240000000000000000e+02
5.600000000000000000e+02
5.980000000000000000e+02
5.610000000000000000e+02
6.510000000000000000e+02
6.010000000000000000e+02
5.280000000000000000e+02
5.410000000000000000e+02
4.830000000000000000e+02
4.420000000000000000e+02
4.760000000000000000e+02
4.600000000000000000e+02
4.020000000000000000e+02
4.290000000000000000e+02
4.500000000000000000e+02
3.630000000000000000e+02
3.740000000000000000e+02
3.990000000000000000e+02
4.000000000000000000e+02
4.570000000000000000e+02
4.550000000000000000e+02
4.680000000000000000e+02
3.800000000000000000e+02
3.760000000000000000e+02
3.900000000000000000e+02
3.850000000000000000e+02
3.370000000000000000e+02
3.600000000000000000e+02
3.520000000000000000e+02
3.570000000000000000e+02
3.820000000000000000e+02
3.630000000000000000e+02
3.420000000000000000e+02
3.290000000000000000e+02
3.100000000000000000e+02
2.780000000000000000e+02
3.560000000000000000e+02
3.110000000000000000e+02
3.060000000000000000e+02
2.750000000000000000e+02
2.640000000000000000e+02
3.250000000000000000e+02
3.090000000000000000e+02
2.840000000000000000e+02
2.980000000000000000e+02
2.290000000000000000e+02
2.790000000000000000e+02
2.440000000000000000e+02
2.400000000000000000e+02
2.390000000000000000e+02
3.400000000000000000e+02
3.020000000000000000e+02
3.230000000000000000e+02
2.990000000000000000e+02
2.870000000000000000e+02
3.130000000000000000e+02
3.470000000000000000e+02
3.890000000000000000e+02
3.750000000000000000e+02
3.570000000000000000e+02
3.810000000000000000e+02
3.650000000000000000e+02
4.580000000000000000e+02
4.950000000000000000e+02
6.130000000000000000e+02
4.820000000000000000e+02
6.590000000000000000e+02
7.510000000000000000e+02
7.880000000000000000e+02
1.012000000000000000e+03
1.113000000000000000e+03
1.054000000000000000e+03
1.140000000000000000e+03
9.480000000000000000e+02
9.890000000000000000e+02
1.406000000000000000e+03
1.386000000000000000e+03
1.291000000000000000e+03
1.240000000000000000e+03
1.146000000000000000e+03
1.251000000000000000e+03
1.183000000000000000e+03
1.043000000000000000e+03
1.049000000000000000e+03
1.217000000000000000e+03
1.301000000000000000e+03
1.483000000000000000e+03
1.518000000000000000e+03
1.417000000000000000e+03
1.376000000000000000e+03
1.491000000000000000e+03
1.524000000000000000e+03
1.580000000000000000e+03
1.560000000000000000e+03
1.922000000000000000e+03
1.963000000000000000e+03
2.293000000000000000e+03
2.537000000000000000e+03
2.810000000000000000e+03
2.949000000000000000e+03
3.215000000000000000e+03
3.238000000000000000e+03
2.979000000000000000e+03
2.724000000000000000e+03
2.939000000000000000e+03
2.790000000000000000e+03
2.899000000000000000e+03
3.207000000000000000e+03
2.878000000000000000e+03
2.582000000000000000e+03
2.594000000000000000e+03
2.891000000000000000e+03
2.767000000000000000e+03
2.884000000000000000e+03
2.881000000000000000e+03
2.182000000000000000e+03
2.336000000000000000e+03
2.855000000000000000e+03
3.282000000000000000e+03
3.214000000000000000e+03
2.739000000000000000e+03
1.845000000000000000e+03
9.850000000000000000e+02
