1.313000000000000000e+03
8.630000000000000000e+02
8.970000000000000000e+02
8.540000000000000000e+02
8.080000000000000000e+02
8.280000000000000000e+02
7.580000000000000000e+02
7.250000000000000000e+02
7.110000000000000000e+02
7.470000000000000000e+02
7.840000000000000000e+02
8.070000000000000000e+02
8.460000000000000000e+02
9.090000000000000000e+02
9.680000000000000000e+02
9.800000000000000000e+02
9.600000000000000000e+02
9.240000000000000000e+02
9.140000000000000000e+02
8.040000000000000000e+02
8.770000000000000000e+02
9.570000000000000000e+02
8.960000000000000000e+02
1.004000000000000000e+03
1.193000000000000000e+03
1.308000000000000000e+03
1.413000000000000000e+03
1.445000000000000000e+03
1.443000000000000000e+03
1.342000000000000000e+03
1.321000000000000000e+03
1.324000000000000000e+03
1.396000000000000000e+03
1.549000000000000000e+03
1.458000000000000000e+03
1.323000000000000000e+03
1.247000000000000000e+03
1.169000000000000000e+03
1.289000000000000000e+03
1.196000000000000000e+03
1.177000000000000000e+03
1.186000000000000000e+03
1.096000000000000000e+03
1.115000000000000000e+03
1.085000000000000000e+03
1.093000000000000000e+03
1.071000000000000000e+03
1.079000000000000000e+03
9.830000000000000000e+02
9.710000000000000000e+02
9.920000000000000000e+02
1.027000000000000000e+03
9.380000000000000000e+02
1.001000000000000000e+03
9.810000000000000000e+02
9.130000000000000000e+02
9.010000000000000000e+02
9.770000000000000000e+02
9.250000000000000000e+02
9.580000000000000000e+02
9.670000000000000000e+02
9.350000000000000000e+02
9.060000000000000000e+02
8.930000000000000000e+02
9.030000000000000000e+02
9.160000000000000000e+02
9.170000000000000000e+02
8.650000000000000000e+02
8.830000000000000000e+02
7.920000000000000000e+02
7.660000000000000000e+02
7.590000000000000000e+02
8.030000000000000000e+02
7.610000000000000000e+02
7.820000000000000000e+02
7.690000000000000000e+02
7.250000000000000000e+02
8.010000000000000000e+02
8.140000000000000000e+02
7.770000000000000000e+02
9.460000000000000000e+02
1.044000000000000000e+03
1.031000000000000000e+03
1.175000000000000000e+03
1.146000000000000000e+03
1.263000000000000000e+03
1.289000000000000000e+03
1.411000000000000000e+03
1.276000000000000000e+03
1.345000000000000000e+03
1.459000000000000000e+03
1.227000000000000000e+03
1.312000000000000000e+03
1.311000000000000000e+03
1.291000000000000000e+03
1.324000000000000000e+03
1.332000000000000000e+03
1.488000000000000000e+03
1.443000000000000000e+03
1.258000000000000000e+03
1.393000000000000000e+03
1.308000000000000000e+03
1.420000000000000000e+03
1.511000000000000000e+03
1.534000000000000000e+03
1.287000000000000000e+03
1.146000000000000000e+03
1.121000000000000000e+03
9.630000000000000000e+02
9.710000000000000000e+02
9.020000000000000000e+02
7.940000000000000000e+02
7.310000000000000000e+02
7.370000000000000000e+02
7.360000000000000000e+02
6.360000000000000000e+02
7.010000000000000000e+02
6.530000000000000000e+02
6.820000000000000000e+02
6.560000000000000000e+02
6.390000000000000000e+02
6.570000000000000000e+02
6.370000000000000000e+02
5.920000000000000000e+02
6.210000000000000000e+02
6.160000000000000000e+02
6.280000000000000000e+02
5.810000000000000000e+02
6.570000000000000000e+02
6.480000000000000000e+02
6.600000000000000000e+02
6.740000000000000000e+02
6.870000000000000000e+02
7.030000000000000000e+02
6.950000000000000000e+02
6.670000000000000000e+02
6.480000000000000000e+02
7.570000000000000000e+02
7.290000000000000000e+02
6.920000000000000000e+02
6.700000000000000000e+02
6.530000000000000000e+02
6.530000000000000000e+02
6.540000000000000000e+02
6.300000000000000000e+02
6.630000000000000000e+02
6.670000000000000000e+02
6.570000000000000000e+02
6.700000000000000000e+02
7.010000000000000000e+02
7.060000000000000000e+02
7.270000000000000000e+02
8.280000000000000000e+02
8.520000000000000000e+02
7.140000000000000000e+02
7.950000000000000000e+02
9.170000000000000000e+02
9.630000000000000000e+02
9.490000000000000000e+02
9.290000000000000000e+02
9.890000000000000000e+02
9.890000000000000000e+02
1.042000000000000000e+03
1.037000000000000000e+03
1.053000000000000000e+03
1.045000000000000000e+03
9.960000000000000000e+02
1.089000000000000000e+03
1.148000000000000000e+03
1.170000000000000000e+03
1.279000000000000000e+03
1.318000000000000000e+03
1.349000000000000000e+03
1.271000000000000000e+03
1.322000000000000000e+03
1.337000000000000000e+03
1.325000000000000000e+03
1.420000000000000000e+03
1.372000000000000000e+03
1.416000000000000000e+03
1.435000000000000000e+03
1.582000000000000000e+03
1.578000000000000000e+03
1.624000000000000000e+03
1.578000000000000000e+03
1.544000000000000000e+03
1.513000000000000000e+03
1.500000000000000000e+03
1.515000000000000000e+03
1.549000000000000000e+03
1.484000000000000000e+03
1.429000000000000000e+03
1.409000000000000000e+03
1.343000000000000000e+03
1.376000000000000000e+03
1.357000000000000000e+03
1.372000000000000000e+03
1.326000000000000000e+03
1.377000000000000000e+03
1.447000000000000000e+03
1.526000000000000000e+03
1.578000000000000000e+03
1.554000000000000000e+03
1.469000000000000000e+03
1.552000000000000000e+03
1.480000000000000000e+03
1.512000000000000000e+03
1.485000000000000000e+03
1.470000000000000000e+03
1.422000000000000000e+03
1.366000000000000000e+03
1.331000000000000000e+03
1.304000000000000000e+03
1.268000000000000000e+03
1.239000000000000000e+03
1.143000000000000000e+03
1.170000000000000000e+03
1.057000000000000000e+03
9.950000000000000000e+02
8.720000000000000000e+02
8.370000000000000000e+02
6.400000000000000000e+02
5.220000000000000000e+02
4.830000000000000000e+02
4.290000000000000000e+02
3.400000000000000000e+02
2.570000000000000000e+02
1.980000000000000000e+02
1.670000000000000000e+02
1.830000000000000000e+02
1.480000000000000000e+02
1.370000000000000000e+02
1.260000000000000000e+02
1.030000000000000000e+02
1.030000000000000000e+02
8.500000000000000000e+01
6.800000000000000000e+01
8.100000000000000000e+01
8.400000000000000000e+01
8.900000000000000000e+01
5.800000000000000000e+01
7.600000000000000000e+01
6.200000000000000000e+01
6.500000000000000000e+01
6.300000000000000000e+01
6.100000000000000000e+01
8.100000000000000000e+01
6.800000000000000000e+01
9.300000000000000000e+01
9.200000000000000000e+01
1.150000000000000000e+02
1.130000000000000000e+02
1.390000000000000000e+02
1.250000000000000000e+02
1.180000000000000000e+02
3.010000000000000000e+02
5.060000000000000000e+02
6.190000000000000000e+02
8.920000000000000000e+02
8.470000000000000000e+02
7.910000000000000000e+02
7.500000000000000000e+02
7.660000000000000000e+02
7.090000000000000000e+02
6.350000000000000000e+02
6.320000000000000000e+02
7.210000000000000000e+02
7.190000000000000000e+02
7.340000000000000000e+02
7.810000000000000000e+02
9.200000000000000000e+02
9.700000000000000000e+02
1.075000000000000000e+03
1.000000000000000000e+03
9.120000000000000000e+02
8.510000000000000000e+02
9.050000000000000000e+02
8.900000000000000000e+02
9.730000000000000000e+02
1.107000000000000000e+03
1.249000000000000000e+03
1.404000000000000000e+03
1.450000000000000000e+03
1.475000000000000000e+03
1.473000000000000000e+03
1.493000000000000000e+03
1.497000000000000000e+03
1.418000000000000000e+03
1.336000000000000000e+03
1.275000000000000000e+03
1.215000000000000000e+03
1.193000000000000000e+03
1.141000000000000000e+03
1.212000000000000000e+03
1.283000000000000000e+03
1.287000000000000000e+03
1.283000000000000000e+03
1.166000000000000000e+03
1.136000000000000000e+03
1.091000000000000000e+03
1.089000000000000000e+03
1.100000000000000000e+03
1.091000000000000000e+03
9.880000000000000000e+02
9.320000000000000000e+02
1.002000000000000000e+03
1.010000000000000000e+03
9.950000000000000000e+02
1.046000000000000000e+03
9.970000000000000000e+02
9.670000000000000000e+02
1.005000000000000000e+03
9.640000000000000000e+02
9.940000000000000000e+02
1.036000000000000000e+03
9.780000000000000000e+02
1.020000000000000000e+03
9.990000000000000000e+02
1.028000000000000000e+03
9.300000000000000000e+02
9.020000000000000000e+02
9.180000000000000000e+02
8.570000000000000000e+02
8.970000000000000000e+02
8.940000000000000000e+02
8.490000000000000000e+02
8.590000000000000000e+02
8.170000000000000000e+02
9.330000000000000000e+02
1.006000000000000000e+03
1.044000000000000000e+03
1.266000000000000000e+03
1.336000000000000000e+03
1.490000000000000000e+03
1.442000000000000000e+03
1.341000000000000000e+03
1.428000000000000000e+03
1.346000000000000000e+03
1.304000000000000000e+03
1.227000000000000000e+03
1.169000000000000000e+03
1.155000000000000000e+03
1.134000000000000000e+03
1.177000000000000000e+03
1.174000000000000000e+03
1.211000000000000000e+03
1.084000000000000000e+03
1.064000000000000000e+03
1.093000000000000000e+03
1.100000000000000000e+03
1.197000000000000000e+03
1.212000000000000000e+03
1.248000000000000000e+03
1.403000000000000000e+03
1.608000000000000000e+03
1.552000000000000000e+03
1.481000000000000000e+03
1.525000000000000000e+03
1.342000000000000000e+03
1.266000000000000000e+03
1.178000000000000000e+03
1.094000000000000000e+03
9.790000000000000000e+02
8.820000000000000000e+02
8.420000000000000000e+02
8.070000000000000000e+02
7.750000000000000000e+02
7.880000000000000000e+02
8.000000000000000000e+02
7.460000000000000000e+02
7.490000000000000000e+02
7.390000000000000000e+02
7.490000000000000000e+02
7.200000000000000000e+02
6.930000000000000000e+02
7.100000000000000000e+02
6.620000000000000000e+02
6.460000000000000000e+02
7.280000000000000000e+02
7.050000000000000000e+02
7.460000000000000000e+02
6.940000000000000000e+02
6.510000000000000000e+02
6.950000000000000000e+02
7.030000000000000000e+02
7.600000000000000000e+02
7.380000000000000000e+02
7.320000000000000000e+02
7.170000000000000000e+02
7.290000000000000000e+02
7.750000000000000000e+02
7.430000000000000000e+02
8.220000000000000000e+02
7.990000000000000000e+02
8.670000000000000000e+02
8.330000000000000000e+02
8.520000000000000000e+02
9.400000000000000000e+02
9.590000000000000000e+02
9.680000000000000000e+02
1.034000000000000000e+03
8.800000000000000000e+02
8.080000000000000000e+02
8.180000000000000000e+02
8.460000000000000000e+02
8.620000000000000000e+02
8.420000000000000000e+02
8.520000000000000000e+02
8.510000000000000000e+02
9.520000000000000000e+02
9.570000000000000000e+02
9.670000000000000000e+02
9.280000000000000000e+02
9.490000000000000000e+02
1.097000000000000000e+03
1.127000000000000000e+03
1.230000000000000000e+03
1.324000000000000000e+03
1.346000000000000000e+03
1.418000000000000000e+03
1.444000000000000000e+03
1.400000000000000000e+03
1.386000000000000000e+03
1.459000000000000000e+03
1.487000000000000000e+03
1.517000000000000000e+03
1.604000000000000000e+03
1.655000000000000000e+03
1.613000000000000000e+03
1.713000000000000000e+03
1.865000000000000000e+03
1.909000000000000000e+03
1.892000000000000000e+03
1.911000000000000000e+03
1.882000000000000000e+03
1.819000000000000000e+03
1.867000000000000000e+03
1.795000000000000000e+03
1.714000000000000000e+03
1.705000000000000000e+03
1.710000000000000000e+03
1.595000000000000000e+03
1.640000000000000000e+03
1.526000000000000000e+03
1.575000000000000000e+03
1.566000000000000000e+03
1.528000000000000000e+03
1.602000000000000000e+03
1.592000000000000000e+03
1.716000000000000000e+03
1.850000000000000000e+03
1.788000000000000000e+03
1.768000000000000000e+03
1.681000000000000000e+03
1.667000000000000000e+03
1.579000000000000000e+03
1.578000000000000000e+03
1.400000000000000000e+03
1.309000000000000000e+03
1.191000000000000000e+03
1.032000000000000000e+03
9.280000000000000000e+02
7.850000000000000000e+02
7.390000000000000000e+02
6.430000000000000000e+02
5.440000000000000000e+02
4.140000000000000000e+02
3.780000000000000000e+02
2.700000000000000000e+02
2.350000000000000000e+02
1.600000000000000000e+02
1.380000000000000000e+02
1.320000000000000000e+02
1.080000000000000000e+02
9.200000000000000000e+01
1.130000000000000000e+02
8.900000000000000000e+01
8.100000000000000000e+01
7.600000000000000000e+01
6.900000000000000000e+01
7.100000000000000000e+01
8.200000000000000000e+01
8.000000000000000000e+01
6.000000000000000000e+01
5.900000000000000000e+01
7.700000000000000000e+01
6.400000000000000000e+01
5.500000000000000000e+01
6.000000000000000000e+01
6.300000000000000000e+01
4.900000000000000000e+01
4.900000000000000000e+01
5.400000000000000000e+01
5.200000000000000000e+01
5.600000000000000000e+01
6.300000000000000000e+01
3.100000000000000000e+01
5.400000000000000000e+01
3.400000000000000000e+01
4.500000000000000000e+01
4.600000000000000000e+01
4.200000000000000000e+01
2.600000000000000000e+01
5.500000000000000000e+01
5.500000000000000000e+01
7.000000000000000000e+01
8.000000000000000000e+01
1.110000000000000000e+02
1.520000000000000000e+02
1.490000000000000000e+02
1.680000000000000000e+02
2.570000000000000000e+02
8.030000000000000000e+02
5.810000000000000000e+02
7.240000000000000000e+02
6.590000000000000000e+02
7.070000000000000000e+02
6.850000000000000000e+02
7.240000000000000000e+02
6.740000000000000000e+02
7.480000000000000000e+02
7.030000000000000000e+02
7.030000000000000000e+02
7.450000000000000000e+02
8.600000000000000000e+02
9.140000000000000000e+02
9.400000000000000000e+02
9.930000000000000000e+02
1.015000000000000000e+03
1.029000000000000000e+03
1.084000000000000000e+03
1.110000000000000000e+03
1.223000000000000000e+03
1.220000000000000000e+03
1.283000000000000000e+03
1.384000000000000000e+03
1.475000000000000000e+03
1.521000000000000000e+03
1.579000000000000000e+03
1.709000000000000000e+03
1.502000000000000000e+03
1.501000000000000000e+03
1.379000000000000000e+03
1.320000000000000000e+03
1.338000000000000000e+03
1.307000000000000000e+03
1.330000000000000000e+03
1.281000000000000000e+03
1.303000000000000000e+03
1.321000000000000000e+03
1.350000000000000000e+03
1.207000000000000000e+03
1.224000000000000000e+03
1.189000000000000000e+03
1.165000000000000000e+03
1.057000000000000000e+03
1.014000000000000000e+03
1.063000000000000000e+03
1.028000000000000000e+03
1.056000000000000000e+03
9.800000000000000000e+02
1.057000000000000000e+03
1.069000000000000000e+03
1.104000000000000000e+03
1.084000000000000000e+03
1.040000000000000000e+03
1.124000000000000000e+03
1.153000000000000000e+03
1.126000000000000000e+03
1.146000000000000000e+03
1.087000000000000000e+03
1.087000000000000000e+03
1.099000000000000000e+03
1.158000000000000000e+03
1.252000000000000000e+03
1.357000000000000000e+03
1.548000000000000000e+03
1.642000000000000000e+03
1.668000000000000000e+03
1.521000000000000000e+03
1.523000000000000000e+03
1.379000000000000000e+03
1.430000000000000000e+03
1.321000000000000000e+03
1.197000000000000000e+03
1.251000000000000000e+03
1.187000000000000000e+03
1.215000000000000000e+03
1.088000000000000000e+03
1.125000000000000000e+03
1.155000000000000000e+03
1.067000000000000000e+03
1.074000000000000000e+03
9.970000000000000000e+02
9.440000000000000000e+02
9.200000000000000000e+02
9.720000000000000000e+02
8.860000000000000000e+02
9.240000000000000000e+02
1.028000000000000000e+03
1.087000000000000000e+03
1.208000000000000000e+03
1.357000000000000000e+03
1.354000000000000000e+03
1.624000000000000000e+03
1.656000000000000000e+03
1.600000000000000000e+03
1.366000000000000000e+03
1.344000000000000000e+03
1.363000000000000000e+03
1.185000000000000000e+03
1.183000000000000000e+03
1.114000000000000000e+03
1.036000000000000000e+03
9.610000000000000000e+02
9.740000000000000000e+02
8.390000000000000000e+02
8.400000000000000000e+02
8.500000000000000000e+02
8.350000000000000000e+02
8.740000000000000000e+02
8.300000000000000000e+02
8.220000000000000000e+02
8.360000000000000000e+02
8.110000000000000000e+02
7.770000000000000000e+02
8.370000000000000000e+02
8.390000000000000000e+02
8.440000000000000000e+02
8.350000000000000000e+02
7.960000000000000000e+02
8.230000000000000000e+02
8.310000000000000000e+02
8.220000000000000000e+02
8.910000000000000000e+02
9.920000000000000000e+02
9.760000000000000000e+02
9.710000000000000000e+02
9.260000000000000000e+02
9.570000000000000000e+02
9.040000000000000000e+02
8.250000000000000000e+02
7.230000000000000000e+02
7.320000000000000000e+02
7.490000000000000000e+02
7.240000000000000000e+02
7.180000000000000000e+02
6.680000000000000000e+02
7.440000000000000000e+02
7.440000000000000000e+02
7.010000000000000000e+02
8.010000000000000000e+02
8.400000000000000000e+02
8.390000000000000000e+02
1.075000000000000000e+03
1.079000000000000000e+03
1.176000000000000000e+03
1.257000000000000000e+03
1.393000000000000000e+03
1.395000000000000000e+03
1.354000000000000000e+03
1.445000000000000000e+03
1.461000000000000000e+03
1.495000000000000000e+03
1.519000000000000000e+03
1.688000000000000000e+03
1.699000000000000000e+03
1.719000000000000000e+03
1.793000000000000000e+03
1.826000000000000000e+03
1.768000000000000000e+03
1.893000000000000000e+03
1.868000000000000000e+03
1.982000000000000000e+03
1.936000000000000000e+03
1.881000000000000000e+03
1.922000000000000000e+03
1.912000000000000000e+03
1.884000000000000000e+03
1.923000000000000000e+03
1.933000000000000000e+03
1.781000000000000000e+03
1.794000000000000000e+03
1.788000000000000000e+03
1.783000000000000000e+03
1.725000000000000000e+03
1.769000000000000000e+03
1.761000000000000000e+03
1.808000000000000000e+03
1.757000000000000000e+03
1.695000000000000000e+03
1.698000000000000000e+03
1.669000000000000000e+03
1.693000000000000000e+03
1.617000000000000000e+03
1.707000000000000000e+03
1.661000000000000000e+03
1.738000000000000000e+03
1.603000000000000000e+03
1.486000000000000000e+03
1.367000000000000000e+03
1.130000000000000000e+03
1.089000000000000000e+03
9.410000000000000000e+02
8.700000000000000000e+02
6.790000000000000000e+02
5.670000000000000000e+02
4.770000000000000000e+02
3.700000000000000000e+02
2.630000000000000000e+02
1.580000000000000000e+02
1.170000000000000000e+02
9.000000000000000000e+01
1.090000000000000000e+02
8.500000000000000000e+01
7.400000000000000000e+01
8.800000000000000000e+01
4.700000000000000000e+01
7.900000000000000000e+01
6.900000000000000000e+01
5.700000000000000000e+01
6.800000000000000000e+01
7.700000000000000000e+01
5.700000000000000000e+01
7.300000000000000000e+01
9.100000000000000000e+01
7.400000000000000000e+01
6.400000000000000000e+01
5.700000000000000000e+01
6.600000000000000000e+01
5.400000000000000000e+01
4.400000000000000000e+01
6.100000000000000000e+01
5.900000000000000000e+01
6.300000000000000000e+01
6.300000000000000000e+01
4.900000000000000000e+01
3.500000000000000000e+01
6.100000000000000000e+01
5.400000000000000000e+01
5.300000000000000000e+01
4.800000000000000000e+01
5.000000000000000000e+01
3.700000000000000000e+01
3.700000000000000000e+01
3.800000000000000000e+01
4.300000000000000000e+01
3.300000000000000000e+01
5.200000000000000000e+01
3.900000000000000000e+01
3.200000000000000000e+01
4.200000000000000000e+01
3.500000000000000000e+01
4.200000000000000000e+01
3.900000000000000000e+01
4.500000000000000000e+01
5.800000000000000000e+01
7.000000000000000000e+01
8.300000000000000000e+01
1.000000000000000000e+02
1.150000000000000000e+02
1.380000000000000000e+02
1.470000000000000000e+02
1.270000000000000000e+02
6.900000000000000000e+01
8.500000000000000000e+01
4.600000000000000000e+01
9.900000000000000000e+01
