3.710000000000000000e+02
4.270000000000000000e+02
6.850000000000000000e+02
1.070000000000000000e+03
2.112000000000000000e+03
2.368000000000000000e+03
1.958000000000000000e+03
2.085000000000000000e+03
2.038000000000000000e+03
1.828000000000000000e+03
1.608000000000000000e+03
1.276000000000000000e+03
1.180000000000000000e+03
1.052000000000000000e+03
9.170000000000000000e+02
8.260000000000000000e+02
7.620000000000000000e+02
7.330000000000000000e+02
7.880000000000000000e+02
8.830000000000000000e+02
9.980000000000000000e+02
1.069000000000000000e+03
9.530000000000000000e+02
7.660000000000000000e+02
6.730000000000000000e+02
5.430000000000000000e+02
4.920000000000000000e+02
4.330000000000000000e+02
4.650000000000000000e+02
4.100000000000000000e+02
4.240000000000000000e+02
4.050000000000000000e+02
3.860000000000000000e+02
3.500000000000000000e+02
3.800000000000000000e+02
3.690000000000000000e+02
3.530000000000000000e+02
3.480000000000000000e+02
3.510000000000000000e+02
3.470000000000000000e+02
3.740000000000000000e+02
3.490000000000000000e+02
3.090000000000000000e+02
3.470000000000000000e+02
2.850000000000000000e+02
3.160000000000000000e+02
3.030000000000000000e+02
3.170000000000000000e+02
3.070000000000000000e+02
3.150000000000000000e+02
3.100000000000000000e+02
3.400000000000000000e+02
3.220000000000000000e+02
3.430000000000000000e+02
3.140000000000000000e+02
3.210000000000000000e+02
3.190000000000000000e+02
3.220000000000000000e+02
3.670000000000000000e+02
3.660000000000000000e+02
3.570000000000000000e+02
3.810000000000000000e+02
3.590000000000000000e+02
3.720000000000000000e+02
3.900000000000000000e+02
4.170000000000000000e+02
4.390000000000000000e+02
4.190000000000000000e+02
4.130000000000000000e+02
4.000000000000000000e+02
4.390000000000000000e+02
4.450000000000000000e+02
4.340000000000000000e+02
4.960000000000000000e+02
5.130000000000000000e+02
4.650000000000000000e+02
5.190000000000000000e+02
4.720000000000000000e+02
5.000000000000000000e+02
5.010000000000000000e+02
5.450000000000000000e+02
4.900000000000000000e+02
5.160000000000000000e+02
5.420000000000000000e+02
5.490000000000000000e+02
5.270000000000000000e+02
5.070000000000000000e+02
5.050000000000000000e+02
5.240000000000000000e+02
5.480000000000000000e+02
5.250000000000000000e+02
4.950000000000000000e+02
5.020000000000000000e+02
4.950000000000000000e+02
4.810000000000000000e+02
4.980000000000000000e+02
4.750000000000000000e+02
4.790000000000000000e+02
4.820000000000000000e+02
4.960000000000000000e+02
4.030000000000000000e+02
4.940000000000000000e+02
4.600000000000000000e+02
4.580000000000000000e+02
4.440000000000000000e+02
4.860000000000000000e+02
5.010000000000000000e+02
5.160000000000000000e+02
5.210000000000000000e+02
5.560000000000000000e+02
5.240000000000000000e+02
5.510000000000000000e+02
5.190000000000000000e+02
4.850000000000000000e+02
5.180000000000000000e+02
4.940000000000000000e+02
4.950000000000000000e+02
5.150000000000000000e+02
5.760000000000000000e+02
5.520000000000000000e+02
5.070000000000000000e+02
5.320000000000000000e+02
5.630000000000000000e+02
4.860000000000000000e+02
4.970000000000000000e+02
4.870000000000000000e+02
4.850000000000000000e+02
4.370000000000000000e+02
4.450000000000000000e+02
5.040000000000000000e+02
4.710000000000000000e+02
4.360000000000000000e+02
4.070000000000000000e+02
3.630000000000000000e+02
4.420000000000000000e+02
4.300000000000000000e+02
3.940000000000000000e+02
4.240000000000000000e+02
4.630000000000000000e+02
4.390000000000000000e+02
4.400000000000000000e+02
4.060000000000000000e+02
4.750000000000000000e+02
4.430000000000000000e+02
4.620000000000000000e+02
4.530000000000000000e+02
4.270000000000000000e+02
4.430000000000000000e+02
4.940000000000000000e+02
4.940000000000000000e+02
5.370000000000000000e+02
5.540000000000000000e+02
6.200000000000000000e+02
6.210000000000000000e+02
6.720000000000000000e+02
7.290000000000000000e+02
7.640000000000000000e+02
8.130000000000000000e+02
8.100000000000000000e+02
9.110000000000000000e+02
9.030000000000000000e+02
9.410000000000000000e+02
9.950000000000000000e+02
1.113000000000000000e+03
1.092000000000000000e+03
1.142000000000000000e+03
1.154000000000000000e+03
1.237000000000000000e+03
1.298000000000000000e+03
1.310000000000000000e+03
1.334000000000000000e+03
1.330000000000000000e+03
1.422000000000000000e+03
1.377000000000000000e+03
1.396000000000000000e+03
1.366000000000000000e+03
1.309000000000000000e+03
1.404000000000000000e+03
1.301000000000000000e+03
1.364000000000000000e+03
1.234000000000000000e+03
1.215000000000000000e+03
1.195000000000000000e+03
1.188000000000000000e+03
1.141000000000000000e+03
1.183000000000000000e+03
1.091000000000000000e+03
1.085000000000000000e+03
1.135000000000000000e+03
1.138000000000000000e+03
1.090000000000000000e+03
1.072000000000000000e+03
1.057000000000000000e+03
1.017000000000000000e+03
9.600000000000000000e+02
9.470000000000000000e+02
9.570000000000000000e+02
9.840000000000000000e+02
9.590000000000000000e+02
8.490000000000000000e+02
8.860000000000000000e+02
8.380000000000000000e+02
8.590000000000000000e+02
8.280000000000000000e+02
7.750000000000000000e+02
8.100000000000000000e+02
7.570000000000000000e+02
7.130000000000000000e+02
7.130000000000000000e+02
7.180000000000000000e+02
7.450000000000000000e+02
7.470000000000000000e+02
7.980000000000000000e+02
8.560000000000000000e+02
8.650000000000000000e+02
9.080000000000000000e+02
9.400000000000000000e+02
9.440000000000000000e+02
9.900000000000000000e+02
1.008000000000000000e+03
1.040000000000000000e+03
1.084000000000000000e+03
1.121000000000000000e+03
1.186000000000000000e+03
1.243000000000000000e+03
1.268000000000000000e+03
1.267000000000000000e+03
1.387000000000000000e+03
1.481000000000000000e+03
1.573000000000000000e+03
1.642000000000000000e+03
1.743000000000000000e+03
1.924000000000000000e+03
2.034000000000000000e+03
2.116000000000000000e+03
2.240000000000000000e+03
2.363000000000000000e+03
2.501000000000000000e+03
2.357000000000000000e+03
2.386000000000000000e+03
2.218000000000000000e+03
2.277000000000000000e+03
2.295000000000000000e+03
2.044000000000000000e+03
2.060000000000000000e+03
2.013000000000000000e+03
1.961000000000000000e+03
1.905000000000000000e+03
2.081000000000000000e+03
2.035000000000000000e+03
2.123000000000000000e+03
2.476000000000000000e+03
3.215000000000000000e+03
4.745000000000000000e+03
6.513000000000000000e+03
1.131200000000000000e+04
1.699000000000000000e+03
1.024000000000000000e+03
1.518000000000000000e+03
2.008000000000000000e+03
2.829000000000000000e+03
2.679000000000000000e+03
2.226000000000000000e+03
1.983000000000000000e+03
1.634000000000000000e+03
1.545000000000000000e+03
1.676000000000000000e+03
1.430000000000000000e+03
1.460000000000000000e+03
1.510000000000000000e+03
1.185000000000000000e+03
1.050000000000000000e+03
9.550000000000000000e+02
9.890000000000000000e+02
9.730000000000000000e+02
1.125000000000000000e+03
1.154000000000000000e+03
1.127000000000000000e+03
8.570000000000000000e+02
7.290000000000000000e+02
5.820000000000000000e+02
5.020000000000000000e+02
4.770000000000000000e+02
4.070000000000000000e+02
3.820000000000000000e+02
4.160000000000000000e+02
4.140000000000000000e+02
4.450000000000000000e+02
4.070000000000000000e+02
3.940000000000000000e+02
3.720000000000000000e+02
3.570000000000000000e+02
3.660000000000000000e+02
3.940000000000000000e+02
3.630000000000000000e+02
3.790000000000000000e+02
3.710000000000000000e+02
3.750000000000000000e+02
3.730000000000000000e+02
3.930000000000000000e+02
3.800000000000000000e+02
4.070000000000000000e+02
4.130000000000000000e+02
4.060000000000000000e+02
4.400000000000000000e+02
4.850000000000000000e+02
4.630000000000000000e+02
4.960000000000000000e+02
5.060000000000000000e+02
4.740000000000000000e+02
5.130000000000000000e+02
5.170000000000000000e+02
5.560000000000000000e+02
5.530000000000000000e+02
5.780000000000000000e+02
5.880000000000000000e+02
6.150000000000000000e+02
6.270000000000000000e+02
6.040000000000000000e+02
7.150000000000000000e+02
6.920000000000000000e+02
6.590000000000000000e+02
6.050000000000000000e+02
6.470000000000000000e+02
6.600000000000000000e+02
7.170000000000000000e+02
6.750000000000000000e+02
6.360000000000000000e+02
6.890000000000000000e+02
6.530000000000000000e+02
6.400000000000000000e+02
7.090000000000000000e+02
6.630000000000000000e+02
6.290000000000000000e+02
6.250000000000000000e+02
6.340000000000000000e+02
6.500000000000000000e+02
6.010000000000000000e+02
6.150000000000000000e+02
5.860000000000000000e+02
5.960000000000000000e+02
5.600000000000000000e+02
5.540000000000000000e+02
5.820000000000000000e+02
5.360000000000000000e+02
5.750000000000000000e+02
5.130000000000000000e+02
5.840000000000000000e+02
5.550000000000000000e+02
6.020000000000000000e+02
5.920000000000000000e+02
5.830000000000000000e+02
6.140000000000000000e+02
6.190000000000000000e+02
6.760000000000000000e+02
7.030000000000000000e+02
6.610000000000000000e+02
7.030000000000000000e+02
7.240000000000000000e+02
8.420000000000000000e+02
8.480000000000000000e+02
9.080000000000000000e+02
9.660000000000000000e+02
1.111000000000000000e+03
1.142000000000000000e+03
1.265000000000000000e+03
1.315000000000000000e+03
1.345000000000000000e+03
1.463000000000000000e+03
1.488000000000000000e+03
1.540000000000000000e+03
1.625000000000000000e+03
1.705000000000000000e+03
1.735000000000000000e+03
1.760000000000000000e+03
1.742000000000000000e+03
1.879000000000000000e+03
1.832000000000000000e+03
1.948000000000000000e+03
1.960000000000000000e+03
2.044000000000000000e+03
2.084000000000000000e+03
2.160000000000000000e+03
2.096000000000000000e+03
2.044000000000000000e+03
2.020000000000000000e+03
1.821000000000000000e+03
1.647000000000000000e+03
1.642000000000000000e+03
1.742000000000000000e+03
1.686000000000000000e+03
1.678000000000000000e+03
1.709000000000000000e+03
1.631000000000000000e+03
1.719000000000000000e+03
1.891000000000000000e+03
1.922000000000000000e+03
1.648000000000000000e+03
1.618000000000000000e+03
1.625000000000000000e+03
1.747000000000000000e+03
1.713000000000000000e+03
1.747000000000000000e+03
1.756000000000000000e+03
1.678000000000000000e+03
1.760000000000000000e+03
1.709000000000000000e+03
1.800000000000000000e+03
1.799000000000000000e+03
1.892000000000000000e+03
1.779000000000000000e+03
1.847000000000000000e+03
1.867000000000000000e+03
1.815000000000000000e+03
1.773000000000000000e+03
1.700000000000000000e+03
1.607000000000000000e+03
1.580000000000000000e+03
1.598000000000000000e+03
1.674000000000000000e+03
1.643000000000000000e+03
1.634000000000000000e+03
1.612000000000000000e+03
1.630000000000000000e+03
1.617000000000000000e+03
1.644000000000000000e+03
1.570000000000000000e+03
1.653000000000000000e+03
1.554000000000000000e+03
1.580000000000000000e+03
1.549000000000000000e+03
1.495000000000000000e+03
1.527000000000000000e+03
1.506000000000000000e+03
1.521000000000000000e+03
1.461000000000000000e+03
1.552000000000000000e+03
1.515000000000000000e+03
1.485000000000000000e+03
1.444000000000000000e+03
1.458000000000000000e+03
1.350000000000000000e+03
1.294000000000000000e+03
1.284000000000000000e+03
1.233000000000000000e+03
1.173000000000000000e+03
1.194000000000000000e+03
1.131000000000000000e+03
1.109000000000000000e+03
1.012000000000000000e+03
1.014000000000000000e+03
1.019000000000000000e+03
9.910000000000000000e+02
9.200000000000000000e+02
8.740000000000000000e+02
8.470000000000000000e+02
8.610000000000000000e+02
7.740000000000000000e+02
7.160000000000000000e+02
6.950000000000000000e+02
6.750000000000000000e+02
6.620000000000000000e+02
6.720000000000000000e+02
5.690000000000000000e+02
5.460000000000000000e+02
4.570000000000000000e+02
4.370000000000000000e+02
3.760000000000000000e+02
3.840000000000000000e+02
3.130000000000000000e+02
3.020000000000000000e+02
2.910000000000000000e+02
2.900000000000000000e+02
2.420000000000000000e+02
2.090000000000000000e+02
1.940000000000000000e+02
1.740000000000000000e+02
1.620000000000000000e+02
1.160000000000000000e+02
8.300000000000000000e+01
8.500000000000000000e+01
5.700000000000000000e+01
6.700000000000000000e+01
4.400000000000000000e+01
3.500000000000000000e+01
3.900000000000000000e+01
2.200000000000000000e+01
2.000000000000000000e+01
1.500000000000000000e+01
9.000000000000000000e+00
1.600000000000000000e+01
1.300000000000000000e+01
1.100000000000000000e+01
9.000000000000000000e+00
1.300000000000000000e+01
1.600000000000000000e+01
1.400000000000000000e+01
1.800000000000000000e+01
1.400000000000000000e+01
1.000000000000000000e+01
1.200000000000000000e+01
1.400000000000000000e+01
1.400000000000000000e+01
1.500000000000000000e+01
1.300000000000000000e+01
1.100000000000000000e+01
1.300000000000000000e+01
5.000000000000000000e+00
3.000000000000000000e+00
3.000000000000000000e+00
1.000000000000000000e+00
0.000000000000000000e+00
4.589000000000000000e+03
1.143000000000000000e+03
1.426000000000000000e+03
1.759000000000000000e+03
2.655000000000000000e+03
2.557000000000000000e+03
2.197000000000000000e+03
1.991000000000000000e+03
1.589000000000000000e+03
1.528000000000000000e+03
1.307000000000000000e+03
1.100000000000000000e+03
9.780000000000000000e+02
9.650000000000000000e+02
9.520000000000000000e+02
9.460000000000000000e+02
9.120000000000000000e+02
9.240000000000000000e+02
9.690000000000000000e+02
1.062000000000000000e+03
9.890000000000000000e+02
1.164000000000000000e+03
1.241000000000000000e+03
1.359000000000000000e+03
1.437000000000000000e+03
1.527000000000000000e+03
1.376000000000000000e+03
1.155000000000000000e+03
1.095000000000000000e+03
1.026000000000000000e+03
1.025000000000000000e+03
1.006000000000000000e+03
9.990000000000000000e+02
1.110000000000000000e+03
1.195000000000000000e+03
1.409000000000000000e+03
1.509000000000000000e+03
1.745000000000000000e+03
1.718000000000000000e+03
1.783000000000000000e+03
2.035000000000000000e+03
2.022000000000000000e+03
2.070000000000000000e+03
2.156000000000000000e+03
1.914000000000000000e+03
1.751000000000000000e+03
1.739000000000000000e+03
1.594000000000000000e+03
1.581000000000000000e+03
1.632000000000000000e+03
1.608000000000000000e+03
1.452000000000000000e+03
1.270000000000000000e+03
1.168000000000000000e+03
1.188000000000000000e+03
1.097000000000000000e+03
1.150000000000000000e+03
1.153000000000000000e+03
1.157000000000000000e+03
1.161000000000000000e+03
1.110000000000000000e+03
1.122000000000000000e+03
1.125000000000000000e+03
1.104000000000000000e+03
1.092000000000000000e+03
1.045000000000000000e+03
1.101000000000000000e+03
1.089000000000000000e+03
1.105000000000000000e+03
1.130000000000000000e+03
1.148000000000000000e+03
1.113000000000000000e+03
1.165000000000000000e+03
1.248000000000000000e+03
1.257000000000000000e+03
1.307000000000000000e+03
1.355000000000000000e+03
1.468000000000000000e+03
1.520000000000000000e+03
1.608000000000000000e+03
1.601000000000000000e+03
1.672000000000000000e+03
1.826000000000000000e+03
1.818000000000000000e+03
1.953000000000000000e+03
1.991000000000000000e+03
2.021000000000000000e+03
2.058000000000000000e+03
2.050000000000000000e+03
2.179000000000000000e+03
2.213000000000000000e+03
2.198000000000000000e+03
2.230000000000000000e+03
2.202000000000000000e+03
2.189000000000000000e+03
2.061000000000000000e+03
2.077000000000000000e+03
2.149000000000000000e+03
2.021000000000000000e+03
1.966000000000000000e+03
1.918000000000000000e+03
1.856000000000000000e+03
1.828000000000000000e+03
1.782000000000000000e+03
1.873000000000000000e+03
1.820000000000000000e+03
1.772000000000000000e+03
1.774000000000000000e+03
1.814000000000000000e+03
1.809000000000000000e+03
1.828000000000000000e+03
1.812000000000000000e+03
1.753000000000000000e+03
1.801000000000000000e+03
1.737000000000000000e+03
1.752000000000000000e+03
1.678000000000000000e+03
1.740000000000000000e+03
1.694000000000000000e+03
1.627000000000000000e+03
1.658000000000000000e+03
1.617000000000000000e+03
1.556000000000000000e+03
1.527000000000000000e+03
1.479000000000000000e+03
1.412000000000000000e+03
1.329000000000000000e+03
1.330000000000000000e+03
1.285000000000000000e+03
1.176000000000000000e+03
1.128000000000000000e+03
1.065000000000000000e+03
1.082000000000000000e+03
9.890000000000000000e+02
9.820000000000000000e+02
9.480000000000000000e+02
9.150000000000000000e+02
8.820000000000000000e+02
8.420000000000000000e+02
8.460000000000000000e+02
7.980000000000000000e+02
7.590000000000000000e+02
7.100000000000000000e+02
7.940000000000000000e+02
7.900000000000000000e+02
7.460000000000000000e+02
7.550000000000000000e+02
6.680000000000000000e+02
7.380000000000000000e+02
6.560000000000000000e+02
6.060000000000000000e+02
6.190000000000000000e+02
5.890000000000000000e+02
5.430000000000000000e+02
5.280000000000000000e+02
5.330000000000000000e+02
4.910000000000000000e+02
5.010000000000000000e+02
4.690000000000000000e+02
4.560000000000000000e+02
4.370000000000000000e+02
4.410000000000000000e+02
4.050000000000000000e+02
4.710000000000000000e+02
4.870000000000000000e+02
4.700000000000000000e+02
4.810000000000000000e+02
4.820000000000000000e+02
4.990000000000000000e+02
4.900000000000000000e+02
4.640000000000000000e+02
4.710000000000000000e+02
4.010000000000000000e+02
4.130000000000000000e+02
3.660000000000000000e+02
3.460000000000000000e+02
3.420000000000000000e+02
3.290000000000000000e+02
4.000000000000000000e+02
4.350000000000000000e+02
3.980000000000000000e+02
4.540000000000000000e+02
4.090000000000000000e+02
4.360000000000000000e+02
4.430000000000000000e+02
4.930000000000000000e+02
4.620000000000000000e+02
4.670000000000000000e+02
4.140000000000000000e+02
3.300000000000000000e+02
2.460000000000000000e+02
1.960000000000000000e+02
1.430000000000000000e+02
1.080000000000000000e+02
8.400000000000000000e+01
6.500000000000000000e+01
3.900000000000000000e+01
4.900000000000000000e+01
2.900000000000000000e+01
3.900000000000000000e+01
2.500000000000000000e+01
2.700000000000000000e+01
1.400000000000000000e+01
1.400000000000000000e+01
1.800000000000000000e+01
1.400000000000000000e+01
1.200000000000000000e+01
1.300000000000000000e+01
1.800000000000000000e+01
1.200000000000000000e+01
1.300000000000000000e+01
6.000000000000000000e+00
1.100000000000000000e+01
7.000000000000000000e+00
1.300000000000000000e+01
1.200000000000000000e+01
5.000000000000000000e+00
7.000000000000000000e+00
8.000000000000000000e+00
9.000000000000000000e+00
8.000000000000000000e+00
1.000000000000000000e+01
1.300000000000000000e+01
9.000000000000000000e+00
1.100000000000000000e+01
5.000000000000000000e+00
8.000000000000000000e+00
1.400000000000000000e+01
7.000000000000000000e+00
9.000000000000000000e+00
9.000000000000000000e+00
7.000000000000000000e+00
1.400000000000000000e+01
1.000000000000000000e+01
1.100000000000000000e+01
1.400000000000000000e+01
1.800000000000000000e+01
9.000000000000000000e+00
1.000000000000000000e+01
1.600000000000000000e+01
1.500000000000000000e+01
1.200000000000000000e+01
9.000000000000000000e+00
1.100000000000000000e+01
1.200000000000000000e+01
1.300000000000000000e+01
7.000000000000000000e+00
1.000000000000000000e+01
1.500000000000000000e+01
4.000000000000000000e+00
9.000000000000000000e+00
2.000000000000000000e+00
4.000000000000000000e+00
3.000000000000000000e+00
1.000000000000000000e+00
2.000000000000000000e+00
