6.000000000000000000e+02
8.440000000000000000e+02
1.687000000000000000e+03
3.257000000000000000e+03
5.626000000000000000e+03
5.068000000000000000e+03
3.787000000000000000e+03
3.154000000000000000e+03
2.743000000000000000e+03
2.217000000000000000e+03
1.953000000000000000e+03
1.839000000000000000e+03
1.674000000000000000e+03
1.494000000000000000e+03
1.310000000000000000e+03
1.178000000000000000e+03
1.137000000000000000e+03
1.067000000000000000e+03
9.700000000000000000e+02
1.009000000000000000e+03
9.640000000000000000e+02
9.240000000000000000e+02
9.870000000000000000e+02
1.044000000000000000e+03
1.065000000000000000e+03
1.052000000000000000e+03
1.065000000000000000e+03
1.127000000000000000e+03
1.172000000000000000e+03
1.224000000000000000e+03
1.202000000000000000e+03
1.261000000000000000e+03
1.152000000000000000e+03
1.237000000000000000e+03
1.209000000000000000e+03
1.335000000000000000e+03
1.348000000000000000e+03
1.319000000000000000e+03
1.310000000000000000e+03
1.477000000000000000e+03
1.338000000000000000e+03
1.330000000000000000e+03
1.248000000000000000e+03
1.253000000000000000e+03
1.264000000000000000e+03
1.245000000000000000e+03
1.222000000000000000e+03
1.298000000000000000e+03
1.329000000000000000e+03
1.263000000000000000e+03
1.227000000000000000e+03
1.267000000000000000e+03
1.146000000000000000e+03
1.156000000000000000e+03
1.207000000000000000e+03
1.204000000000000000e+03
1.121000000000000000e+03
1.032000000000000000e+03
9.710000000000000000e+02
9.480000000000000000e+02
9.390000000000000000e+02
9.470000000000000000e+02
9.320000000000000000e+02
8.820000000000000000e+02
9.110000000000000000e+02
8.960000000000000000e+02
8.980000000000000000e+02
8.500000000000000000e+02
7.860000000000000000e+02
8.360000000000000000e+02
7.730000000000000000e+02
7.960000000000000000e+02
7.550000000000000000e+02
7.620000000000000000e+02
7.180000000000000000e+02
7.320000000000000000e+02
6.890000000000000000e+02
7.560000000000000000e+02
7.440000000000000000e+02
6.990000000000000000e+02
6.780000000000000000e+02
7.170000000000000000e+02
7.350000000000000000e+02
6.680000000000000000e+02
7.470000000000000000e+02
7.410000000000000000e+02
7.360000000000000000e+02
7.280000000000000000e+02
6.950000000000000000e+02
6.650000000000000000e+02
6.510000000000000000e+02
6.760000000000000000e+02
6.220000000000000000e+02
6.380000000000000000e+02
6.060000000000000000e+02
6.080000000000000000e+02
6.490000000000000000e+02
6.630000000000000000e+02
6.050000000000000000e+02
5.560000000000000000e+02
5.630000000000000000e+02
5.750000000000000000e+02
5.810000000000000000e+02
5.320000000000000000e+02
5.600000000000000000e+02
5.440000000000000000e+02
5.680000000000000000e+02
5.100000000000000000e+02
5.650000000000000000e+02
6.020000000000000000e+02
5.750000000000000000e+02
5.670000000000000000e+02
5.770000000000000000e+02
6.750000000000000000e+02
6.710000000000000000e+02
6.250000000000000000e+02
6.540000000000000000e+02
6.190000000000000000e+02
6.300000000000000000e+02
6.380000000000000000e+02
6.300000000000000000e+02
6.280000000000000000e+02
6.110000000000000000e+02
5.980000000000000000e+02
5.370000000000000000e+02
6.130000000000000000e+02
5.540000000000000000e+02
5.830000000000000000e+02
6.070000000000000000e+02
5.390000000000000000e+02
5.890000000000000000e+02
6.380000000000000000e+02
6.300000000000000000e+02
6.540000000000000000e+02
6.210000000000000000e+02
6.200000000000000000e+02
6.570000000000000000e+02
6.340000000000000000e+02
6.180000000000000000e+02
6.370000000000000000e+02
6.080000000000000000e+02
6.090000000000000000e+02
5.290000000000000000e+02
5.860000000000000000e+02
5.740000000000000000e+02
5.780000000000000000e+02
5.700000000000000000e+02
5.720000000000000000e+02
5.930000000000000000e+02
5.510000000000000000e+02
6.000000000000000000e+02
5.310000000000000000e+02
5.110000000000000000e+02
5.240000000000000000e+02
5.380000000000000000e+02
5.700000000000000000e+02
5.750000000000000000e+02
5.740000000000000000e+02
5.840000000000000000e+02
5.710000000000000000e+02
5.910000000000000000e+02
5.930000000000000000e+02
5.580000000000000000e+02
6.200000000000000000e+02
6.100000000000000000e+02
6.010000000000000000e+02
5.870000000000000000e+02
6.230000000000000000e+02
7.040000000000000000e+02
6.210000000000000000e+02
7.040000000000000000e+02
6.960000000000000000e+02
7.250000000000000000e+02
6.950000000000000000e+02
7.220000000000000000e+02
7.420000000000000000e+02
7.290000000000000000e+02
6.630000000000000000e+02
6.950000000000000000e+02
6.900000000000000000e+02
6.570000000000000000e+02
6.750000000000000000e+02
6.860000000000000000e+02
7.260000000000000000e+02
7.470000000000000000e+02
7.580000000000000000e+02
7.740000000000000000e+02
8.380000000000000000e+02
8.230000000000000000e+02
8.560000000000000000e+02
8.950000000000000000e+02
8.720000000000000000e+02
9.450000000000000000e+02
9.370000000000000000e+02
9.550000000000000000e+02
9.280000000000000000e+02
9.840000000000000000e+02
9.890000000000000000e+02
9.900000000000000000e+02
1.020000000000000000e+03
1.092000000000000000e+03
1.075000000000000000e+03
1.072000000000000000e+03
1.018000000000000000e+03
1.137000000000000000e+03
1.064000000000000000e+03
1.081000000000000000e+03
1.138000000000000000e+03
1.146000000000000000e+03
1.132000000000000000e+03
1.125000000000000000e+03
1.054000000000000000e+03
1.097000000000000000e+03
1.102000000000000000e+03
1.127000000000000000e+03
1.096000000000000000e+03
1.146000000000000000e+03
1.123000000000000000e+03
1.033000000000000000e+03
1.006000000000000000e+03
1.106000000000000000e+03
1.090000000000000000e+03
1.072000000000000000e+03
1.070000000000000000e+03
1.070000000000000000e+03
1.131000000000000000e+03
1.134000000000000000e+03
1.166000000000000000e+03
1.131000000000000000e+03
1.143000000000000000e+03
1.106000000000000000e+03
1.091000000000000000e+03
1.084000000000000000e+03
1.108000000000000000e+03
1.061000000000000000e+03
8.980000000000000000e+02
9.070000000000000000e+02
8.100000000000000000e+02
7.470000000000000000e+02
7.070000000000000000e+02
6.320000000000000000e+02
5.590000000000000000e+02
5.940000000000000000e+02
5.290000000000000000e+02
5.030000000000000000e+02
5.130000000000000000e+02
4.670000000000000000e+02
4.980000000000000000e+02
5.610000000000000000e+02
6.470000000000000000e+02
7.420000000000000000e+02
8.940000000000000000e+02
9.950000000000000000e+02
9.670000000000000000e+02
8.680000000000000000e+02
2.092000000000000000e+03
4.020000000000000000e+02
6.040000000000000000e+02
1.470000000000000000e+03
3.133000000000000000e+03
6.171000000000000000e+03
5.173000000000000000e+03
3.803000000000000000e+03
3.215000000000000000e+03
2.670000000000000000e+03
2.263000000000000000e+03
1.983000000000000000e+03
1.877000000000000000e+03
1.708000000000000000e+03
1.524000000000000000e+03
1.306000000000000000e+03
1.200000000000000000e+03
1.129000000000000000e+03
1.003000000000000000e+03
9.470000000000000000e+02
9.840000000000000000e+02
8.470000000000000000e+02
8.890000000000000000e+02
8.770000000000000000e+02
8.720000000000000000e+02
8.100000000000000000e+02
8.560000000000000000e+02
8.510000000000000000e+02
8.680000000000000000e+02
9.320000000000000000e+02
9.770000000000000000e+02
9.540000000000000000e+02
1.015000000000000000e+03
1.023000000000000000e+03
1.044000000000000000e+03
1.106000000000000000e+03
1.119000000000000000e+03
1.134000000000000000e+03
1.127000000000000000e+03
1.100000000000000000e+03
1.152000000000000000e+03
1.082000000000000000e+03
1.071000000000000000e+03
1.118000000000000000e+03
1.129000000000000000e+03
1.102000000000000000e+03
1.157000000000000000e+03
1.183000000000000000e+03
1.188000000000000000e+03
1.187000000000000000e+03
1.162000000000000000e+03
1.182000000000000000e+03
1.167000000000000000e+03
1.211000000000000000e+03
1.161000000000000000e+03
1.228000000000000000e+03
1.167000000000000000e+03
1.144000000000000000e+03
1.035000000000000000e+03
1.064000000000000000e+03
1.018000000000000000e+03
1.021000000000000000e+03
1.018000000000000000e+03
1.010000000000000000e+03
9.640000000000000000e+02
9.320000000000000000e+02
9.310000000000000000e+02
9.670000000000000000e+02
9.470000000000000000e+02
9.180000000000000000e+02
9.010000000000000000e+02
9.300000000000000000e+02
8.590000000000000000e+02
8.810000000000000000e+02
9.440000000000000000e+02
9.040000000000000000e+02
8.770000000000000000e+02
8.870000000000000000e+02
9.270000000000000000e+02
8.890000000000000000e+02
8.660000000000000000e+02
8.470000000000000000e+02
8.420000000000000000e+02
8.360000000000000000e+02
8.810000000000000000e+02
7.800000000000000000e+02
8.210000000000000000e+02
7.940000000000000000e+02
8.100000000000000000e+02
8.280000000000000000e+02
8.400000000000000000e+02
8.270000000000000000e+02
7.640000000000000000e+02
8.040000000000000000e+02
8.080000000000000000e+02
8.000000000000000000e+02
7.440000000000000000e+02
7.790000000000000000e+02
7.820000000000000000e+02
7.360000000000000000e+02
7.120000000000000000e+02
7.340000000000000000e+02
7.220000000000000000e+02
7.520000000000000000e+02
7.520000000000000000e+02
7.730000000000000000e+02
6.990000000000000000e+02
7.460000000000000000e+02
6.850000000000000000e+02
7.670000000000000000e+02
7.050000000000000000e+02
7.200000000000000000e+02
6.870000000000000000e+02
6.840000000000000000e+02
6.850000000000000000e+02
6.820000000000000000e+02
6.540000000000000000e+02
6.440000000000000000e+02
6.320000000000000000e+02
6.780000000000000000e+02
6.340000000000000000e+02
5.520000000000000000e+02
5.660000000000000000e+02
6.230000000000000000e+02
5.850000000000000000e+02
5.520000000000000000e+02
6.240000000000000000e+02
6.130000000000000000e+02
5.730000000000000000e+02
5.690000000000000000e+02
5.950000000000000000e+02
6.050000000000000000e+02
5.760000000000000000e+02
5.770000000000000000e+02
5.650000000000000000e+02
5.800000000000000000e+02
6.060000000000000000e+02
6.710000000000000000e+02
6.580000000000000000e+02
6.520000000000000000e+02
7.350000000000000000e+02
7.820000000000000000e+02
7.210000000000000000e+02
7.790000000000000000e+02
7.730000000000000000e+02
8.200000000000000000e+02
7.880000000000000000e+02
8.040000000000000000e+02
8.610000000000000000e+02
8.550000000000000000e+02
8.690000000000000000e+02
9.100000000000000000e+02
1.020000000000000000e+03
9.020000000000000000e+02
1.016000000000000000e+03
1.052000000000000000e+03
1.037000000000000000e+03
1.083000000000000000e+03
1.067000000000000000e+03
1.037000000000000000e+03
1.097000000000000000e+03
1.093000000000000000e+03
1.237000000000000000e+03
1.082000000000000000e+03
1.146000000000000000e+03
1.097000000000000000e+03
1.106000000000000000e+03
1.191000000000000000e+03
1.178000000000000000e+03
1.179000000000000000e+03
1.205000000000000000e+03
1.188000000000000000e+03
1.211000000000000000e+03
1.221000000000000000e+03
1.253000000000000000e+03
1.229000000000000000e+03
1.259000000000000000e+03
1.302000000000000000e+03
1.278000000000000000e+03
1.266000000000000000e+03
1.263000000000000000e+03
1.302000000000000000e+03
1.331000000000000000e+03
1.382000000000000000e+03
1.274000000000000000e+03
1.380000000000000000e+03
1.336000000000000000e+03
1.343000000000000000e+03
1.298000000000000000e+03
1.428000000000000000e+03
1.441000000000000000e+03
1.358000000000000000e+03
1.387000000000000000e+03
1.401000000000000000e+03
1.300000000000000000e+03
1.195000000000000000e+03
1.213000000000000000e+03
1.232000000000000000e+03
1.158000000000000000e+03
1.134000000000000000e+03
1.085000000000000000e+03
1.020000000000000000e+03
9.350000000000000000e+02
9.040000000000000000e+02
8.420000000000000000e+02
9.280000000000000000e+02
8.660000000000000000e+02
9.080000000000000000e+02
9.360000000000000000e+02
9.620000000000000000e+02
8.990000000000000000e+02
8.620000000000000000e+02
7.800000000000000000e+02
6.420000000000000000e+02
6.430000000000000000e+02
5.090000000000000000e+02
5.010000000000000000e+02
4.900000000000000000e+02
4.080000000000000000e+02
4.670000000000000000e+02
3.670000000000000000e+02
3.810000000000000000e+02
4.210000000000000000e+02
4.190000000000000000e+02
4.070000000000000000e+02
3.800000000000000000e+02
3.460000000000000000e+02
3.540000000000000000e+02
3.220000000000000000e+02
3.140000000000000000e+02
3.490000000000000000e+02
3.010000000000000000e+02
2.970000000000000000e+02
2.860000000000000000e+02
2.970000000000000000e+02
3.000000000000000000e+02
2.520000000000000000e+02
2.260000000000000000e+02
2.250000000000000000e+02
2.550000000000000000e+02
2.400000000000000000e+02
2.860000000000000000e+02
4.390000000000000000e+02
3.860000000000000000e+02
3.350000000000000000e+02
3.510000000000000000e+02
3.140000000000000000e+02
2.730000000000000000e+02
2.660000000000000000e+02
2.800000000000000000e+02
3.160000000000000000e+02
3.070000000000000000e+02
2.710000000000000000e+02
2.960000000000000000e+02
2.700000000000000000e+02
2.410000000000000000e+02
2.990000000000000000e+02
6.040000000000000000e+02
2.060000000000000000e+02
4.040000000000000000e+02
6.570000000000000000e+02
1.423000000000000000e+03
2.444000000000000000e+03
5.501000000000000000e+03
4.934000000000000000e+03
4.136000000000000000e+03
3.475000000000000000e+03
2.943000000000000000e+03
2.377000000000000000e+03
2.061000000000000000e+03
1.888000000000000000e+03
1.815000000000000000e+03
1.670000000000000000e+03
1.506000000000000000e+03
1.384000000000000000e+03
1.284000000000000000e+03
1.213000000000000000e+03
1.137000000000000000e+03
1.161000000000000000e+03
1.137000000000000000e+03
1.123000000000000000e+03
1.247000000000000000e+03
1.389000000000000000e+03
1.355000000000000000e+03
1.480000000000000000e+03
1.396000000000000000e+03
1.409000000000000000e+03
1.508000000000000000e+03
1.459000000000000000e+03
1.443000000000000000e+03
1.447000000000000000e+03
1.391000000000000000e+03
1.356000000000000000e+03
1.304000000000000000e+03
1.230000000000000000e+03
1.197000000000000000e+03
1.135000000000000000e+03
1.146000000000000000e+03
1.162000000000000000e+03
1.166000000000000000e+03
1.049000000000000000e+03
1.085000000000000000e+03
1.012000000000000000e+03
9.790000000000000000e+02
1.006000000000000000e+03
1.031000000000000000e+03
9.470000000000000000e+02
1.011000000000000000e+03
9.850000000000000000e+02
1.017000000000000000e+03
9.930000000000000000e+02
1.042000000000000000e+03
1.143000000000000000e+03
1.126000000000000000e+03
1.109000000000000000e+03
1.168000000000000000e+03
1.169000000000000000e+03
1.167000000000000000e+03
1.106000000000000000e+03
1.114000000000000000e+03
1.073000000000000000e+03
9.890000000000000000e+02
9.830000000000000000e+02
9.700000000000000000e+02
9.780000000000000000e+02
1.004000000000000000e+03
9.720000000000000000e+02
1.004000000000000000e+03
1.009000000000000000e+03
9.670000000000000000e+02
9.180000000000000000e+02
9.090000000000000000e+02
9.170000000000000000e+02
9.030000000000000000e+02
8.720000000000000000e+02
9.770000000000000000e+02
9.260000000000000000e+02
9.250000000000000000e+02
8.960000000000000000e+02
9.290000000000000000e+02
9.040000000000000000e+02
9.030000000000000000e+02
8.660000000000000000e+02
8.850000000000000000e+02
8.740000000000000000e+02
8.160000000000000000e+02
8.330000000000000000e+02
8.120000000000000000e+02
7.810000000000000000e+02
7.980000000000000000e+02
7.520000000000000000e+02
7.730000000000000000e+02
7.270000000000000000e+02
7.940000000000000000e+02
7.190000000000000000e+02
6.910000000000000000e+02
7.840000000000000000e+02
7.270000000000000000e+02
7.500000000000000000e+02
6.440000000000000000e+02
6.670000000000000000e+02
7.460000000000000000e+02
6.840000000000000000e+02
6.700000000000000000e+02
6.810000000000000000e+02
7.280000000000000000e+02
7.430000000000000000e+02
7.350000000000000000e+02
7.800000000000000000e+02
7.410000000000000000e+02
7.050000000000000000e+02
7.220000000000000000e+02
6.710000000000000000e+02
6.800000000000000000e+02
6.950000000000000000e+02
7.270000000000000000e+02
6.870000000000000000e+02
7.160000000000000000e+02
6.770000000000000000e+02
7.300000000000000000e+02
7.400000000000000000e+02
7.040000000000000000e+02
7.490000000000000000e+02
7.020000000000000000e+02
7.480000000000000000e+02
7.420000000000000000e+02
7.870000000000000000e+02
8.110000000000000000e+02
7.900000000000000000e+02
8.020000000000000000e+02
8.670000000000000000e+02
8.440000000000000000e+02
8.680000000000000000e+02
9.510000000000000000e+02
9.660000000000000000e+02
1.027000000000000000e+03
1.026000000000000000e+03
1.088000000000000000e+03
1.144000000000000000e+03
1.162000000000000000e+03
1.190000000000000000e+03
1.231000000000000000e+03
1.202000000000000000e+03
1.317000000000000000e+03
1.357000000000000000e+03
1.295000000000000000e+03
1.379000000000000000e+03
1.305000000000000000e+03
1.336000000000000000e+03
1.309000000000000000e+03
1.314000000000000000e+03
1.430000000000000000e+03
1.373000000000000000e+03
1.349000000000000000e+03
1.393000000000000000e+03
1.300000000000000000e+03
1.308000000000000000e+03
1.356000000000000000e+03
1.298000000000000000e+03
1.286000000000000000e+03
1.264000000000000000e+03
1.332000000000000000e+03
1.296000000000000000e+03
1.291000000000000000e+03
1.337000000000000000e+03
1.204000000000000000e+03
1.217000000000000000e+03
1.261000000000000000e+03
1.266000000000000000e+03
1.246000000000000000e+03
1.240000000000000000e+03
1.139000000000000000e+03
1.111000000000000000e+03
1.031000000000000000e+03
1.060000000000000000e+03
1.144000000000000000e+03
1.162000000000000000e+03
1.072000000000000000e+03
1.094000000000000000e+03
1.120000000000000000e+03
9.910000000000000000e+02
9.570000000000000000e+02
7.940000000000000000e+02
7.510000000000000000e+02
6.520000000000000000e+02
7.050000000000000000e+02
6.080000000000000000e+02
5.450000000000000000e+02
5.520000000000000000e+02
5.070000000000000000e+02
5.000000000000000000e+02
5.120000000000000000e+02
4.870000000000000000e+02
4.840000000000000000e+02
4.450000000000000000e+02
5.320000000000000000e+02
5.220000000000000000e+02
5.190000000000000000e+02
4.910000000000000000e+02
5.270000000000000000e+02
4.990000000000000000e+02
4.950000000000000000e+02
5.210000000000000000e+02
4.610000000000000000e+02
4.620000000000000000e+02
4.500000000000000000e+02
4.740000000000000000e+02
4.500000000000000000e+02
4.130000000000000000e+02
3.890000000000000000e+02
3.810000000000000000e+02
3.730000000000000000e+02
3.550000000000000000e+02
3.520000000000000000e+02
3.240000000000000000e+02
3.130000000000000000e+02
3.360000000000000000e+02
3.440000000000000000e+02
3.250000000000000000e+02
3.000000000000000000e+02
3.030000000000000000e+02
2.960000000000000000e+02
2.750000000000000000e+02
2.950000000000000000e+02
2.620000000000000000e+02
2.960000000000000000e+02
2.750000000000000000e+02
2.770000000000000000e+02
2.760000000000000000e+02
2.800000000000000000e+02
2.830000000000000000e+02
3.000000000000000000e+02
3.370000000000000000e+02
3.230000000000000000e+02
2.880000000000000000e+02
3.540000000000000000e+02
3.350000000000000000e+02
3.530000000000000000e+02
3.930000000000000000e+02
4.010000000000000000e+02
5.230000000000000000e+02
5.280000000000000000e+02
4.440000000000000000e+02
4.420000000000000000e+02
3.500000000000000000e+02
3.310000000000000000e+02
2.510000000000000000e+02
2.620000000000000000e+02
2.200000000000000000e+02
1.390000000000000000e+02
1.280000000000000000e+02
7.400000000000000000e+01
1.740000000000000000e+02
