4.790000000000000000e+02
3.230000000000000000e+02
4.180000000000000000e+02
5.100000000000000000e+02
6.350000000000000000e+02
6.080000000000000000e+02
6.220000000000000000e+02
5.740000000000000000e+02
5.500000000000000000e+02
5.960000000000000000e+02
6.320000000000000000e+02
6.620000000000000000e+02
6.780000000000000000e+02
6.650000000000000000e+02
6.960000000000000000e+02
9.020000000000000000e+02
9.540000000000000000e+02
9.870000000000000000e+02
9.630000000000000000e+02
9.490000000000000000e+02
1.026000000000000000e+03
1.036000000000000000e+03
1.043000000000000000e+03
1.057000000000000000e+03
1.028000000000000000e+03
1.009000000000000000e+03
8.980000000000000000e+02
8.700000000000000000e+02
9.560000000000000000e+02
1.039000000000000000e+03
9.390000000000000000e+02
9.000000000000000000e+02
9.770000000000000000e+02
1.004000000000000000e+03
9.850000000000000000e+02
1.032000000000000000e+03
9.660000000000000000e+02
1.091000000000000000e+03
1.100000000000000000e+03
1.071000000000000000e+03
1.120000000000000000e+03
1.098000000000000000e+03
1.077000000000000000e+03
1.160000000000000000e+03
1.120000000000000000e+03
1.074000000000000000e+03
1.179000000000000000e+03
1.174000000000000000e+03
1.108000000000000000e+03
1.097000000000000000e+03
1.041000000000000000e+03
1.099000000000000000e+03
1.086000000000000000e+03
1.154000000000000000e+03
1.095000000000000000e+03
1.182000000000000000e+03
1.186000000000000000e+03
1.099000000000000000e+03
1.164000000000000000e+03
1.150000000000000000e+03
1.137000000000000000e+03
1.153000000000000000e+03
1.182000000000000000e+03
1.145000000000000000e+03
1.150000000000000000e+03
1.159000000000000000e+03
1.147000000000000000e+03
1.121000000000000000e+03
1.128000000000000000e+03
1.145000000000000000e+03
1.130000000000000000e+03
1.123000000000000000e+03
1.105000000000000000e+03
1.100000000000000000e+03
1.071000000000000000e+03
1.127000000000000000e+03
1.092000000000000000e+03
1.132000000000000000e+03
1.037000000000000000e+03
1.088000000000000000e+03
1.035000000000000000e+03
1.131000000000000000e+03
1.128000000000000000e+03
1.112000000000000000e+03
1.180000000000000000e+03
1.146000000000000000e+03
1.167000000000000000e+03
1.219000000000000000e+03
1.178000000000000000e+03
1.167000000000000000e+03
1.181000000000000000e+03
1.157000000000000000e+03
1.165000000000000000e+03
1.161000000000000000e+03
1.216000000000000000e+03
1.248000000000000000e+03
1.176000000000000000e+03
1.259000000000000000e+03
1.244000000000000000e+03
1.268000000000000000e+03
1.204000000000000000e+03
1.280000000000000000e+03
1.314000000000000000e+03
1.229000000000000000e+03
1.306000000000000000e+03
1.348000000000000000e+03
1.340000000000000000e+03
1.358000000000000000e+03
1.354000000000000000e+03
1.338000000000000000e+03
1.372000000000000000e+03
1.326000000000000000e+03
1.334000000000000000e+03
1.427000000000000000e+03
1.415000000000000000e+03
1.427000000000000000e+03
1.482000000000000000e+03
1.482000000000000000e+03
1.473000000000000000e+03
1.489000000000000000e+03
1.494000000000000000e+03
1.496000000000000000e+03
1.532000000000000000e+03
1.545000000000000000e+03
1.529000000000000000e+03
1.602000000000000000e+03
1.608000000000000000e+03
1.517000000000000000e+03
1.501000000000000000e+03
1.588000000000000000e+03
1.509000000000000000e+03
1.563000000000000000e+03
1.651000000000000000e+03
1.596000000000000000e+03
1.559000000000000000e+03
1.602000000000000000e+03
1.619000000000000000e+03
1.584000000000000000e+03
1.592000000000000000e+03
1.587000000000000000e+03
1.542000000000000000e+03
1.605000000000000000e+03
1.526000000000000000e+03
1.544000000000000000e+03
1.527000000000000000e+03
1.474000000000000000e+03
1.390000000000000000e+03
1.429000000000000000e+03
1.478000000000000000e+03
1.492000000000000000e+03
1.457000000000000000e+03
1.511000000000000000e+03
1.707000000000000000e+03
1.675000000000000000e+03
1.590000000000000000e+03
1.465000000000000000e+03
1.468000000000000000e+03
1.514000000000000000e+03
1.450000000000000000e+03
1.404000000000000000e+03
1.336000000000000000e+03
1.336000000000000000e+03
1.346000000000000000e+03
1.339000000000000000e+03
1.278000000000000000e+03
1.203000000000000000e+03
1.148000000000000000e+03
1.164000000000000000e+03
1.028000000000000000e+03
1.125000000000000000e+03
1.104000000000000000e+03
1.006000000000000000e+03
9.920000000000000000e+02
9.960000000000000000e+02
1.019000000000000000e+03
9.380000000000000000e+02
8.870000000000000000e+02
8.620000000000000000e+02
8.530000000000000000e+02
8.200000000000000000e+02
8.090000000000000000e+02
6.900000000000000000e+02
7.710000000000000000e+02
7.370000000000000000e+02
7.360000000000000000e+02
6.650000000000000000e+02
6.460000000000000000e+02
6.110000000000000000e+02
6.620000000000000000e+02
5.770000000000000000e+02
5.870000000000000000e+02
5.660000000000000000e+02
5.690000000000000000e+02
5.240000000000000000e+02
5.360000000000000000e+02
5.310000000000000000e+02
5.130000000000000000e+02
4.640000000000000000e+02
4.600000000000000000e+02
4.710000000000000000e+02
4.960000000000000000e+02
4.570000000000000000e+02
4.720000000000000000e+02
4.860000000000000000e+02
4.690000000000000000e+02
5.120000000000000000e+02
4.430000000000000000e+02
4.770000000000000000e+02
3.890000000000000000e+02
4.080000000000000000e+02
3.810000000000000000e+02
3.620000000000000000e+02
3.700000000000000000e+02
3.110000000000000000e+02
2.990000000000000000e+02
2.430000000000000000e+02
2.570000000000000000e+02
2.450000000000000000e+02
2.070000000000000000e+02
2.190000000000000000e+02
1.900000000000000000e+02
1.960000000000000000e+02
1.800000000000000000e+02
2.000000000000000000e+02
1.920000000000000000e+02
1.890000000000000000e+02
1.810000000000000000e+02
1.900000000000000000e+02
2.070000000000000000e+02
1.940000000000000000e+02
2.150000000000000000e+02
1.940000000000000000e+02
2.050000000000000000e+02
2.170000000000000000e+02
2.490000000000000000e+02
2.340000000000000000e+02
2.370000000000000000e+02
2.990000000000000000e+02
3.080000000000000000e+02
3.160000000000000000e+02
3.150000000000000000e+02
3.210000000000000000e+02
3.140000000000000000e+02
3.170000000000000000e+02
2.800000000000000000e+02
2.350000000000000000e+02
2.340000000000000000e+02
1.880000000000000000e+02
1.770000000000000000e+02
1.630000000000000000e+02
1.330000000000000000e+02
1.100000000000000000e+02
1.180000000000000000e+02
9.900000000000000000e+01
1.130000000000000000e+02
3.590000000000000000e+02
1.680000000000000000e+02
1.760000000000000000e+02
3.020000000000000000e+02
4.110000000000000000e+02
4.720000000000000000e+02
6.120000000000000000e+02
6.230000000000000000e+02
6.480000000000000000e+02
6.140000000000000000e+02
5.630000000000000000e+02
6.340000000000000000e+02
5.990000000000000000e+02
6.520000000000000000e+02
6.130000000000000000e+02
6.360000000000000000e+02
6.630000000000000000e+02
8.790000000000000000e+02
9.540000000000000000e+02
1.021000000000000000e+03
9.000000000000000000e+02
8.850000000000000000e+02
1.022000000000000000e+03
1.103000000000000000e+03
1.032000000000000000e+03
9.160000000000000000e+02
8.210000000000000000e+02
8.730000000000000000e+02
8.520000000000000000e+02
8.950000000000000000e+02
9.530000000000000000e+02
9.450000000000000000e+02
9.020000000000000000e+02
9.490000000000000000e+02
1.032000000000000000e+03
1.110000000000000000e+03
1.040000000000000000e+03
9.520000000000000000e+02
1.098000000000000000e+03
1.103000000000000000e+03
1.176000000000000000e+03
1.209000000000000000e+03
1.176000000000000000e+03
1.265000000000000000e+03
1.261000000000000000e+03
1.250000000000000000e+03
1.261000000000000000e+03
1.233000000000000000e+03
1.221000000000000000e+03
1.277000000000000000e+03
1.292000000000000000e+03
1.248000000000000000e+03
1.291000000000000000e+03
1.226000000000000000e+03
1.194000000000000000e+03
1.233000000000000000e+03
1.176000000000000000e+03
1.141000000000000000e+03
1.128000000000000000e+03
1.152000000000000000e+03
1.133000000000000000e+03
1.068000000000000000e+03
1.124000000000000000e+03
1.122000000000000000e+03
1.107000000000000000e+03
1.151000000000000000e+03
1.212000000000000000e+03
1.184000000000000000e+03
1.160000000000000000e+03
1.245000000000000000e+03
1.251000000000000000e+03
1.305000000000000000e+03
1.253000000000000000e+03
1.274000000000000000e+03
1.265000000000000000e+03
1.233000000000000000e+03
1.275000000000000000e+03
1.326000000000000000e+03
1.283000000000000000e+03
1.289000000000000000e+03
1.377000000000000000e+03
1.352000000000000000e+03
1.392000000000000000e+03
1.391000000000000000e+03
1.436000000000000000e+03
1.515000000000000000e+03
1.532000000000000000e+03
1.447000000000000000e+03
1.597000000000000000e+03
1.569000000000000000e+03
1.585000000000000000e+03
1.593000000000000000e+03
1.671000000000000000e+03
1.602000000000000000e+03
1.669000000000000000e+03
1.669000000000000000e+03
1.645000000000000000e+03
1.706000000000000000e+03
1.706000000000000000e+03
1.645000000000000000e+03
1.603000000000000000e+03
1.614000000000000000e+03
1.582000000000000000e+03
1.594000000000000000e+03
1.531000000000000000e+03
1.595000000000000000e+03
1.598000000000000000e+03
1.588000000000000000e+03
1.581000000000000000e+03
1.608000000000000000e+03
1.601000000000000000e+03
1.637000000000000000e+03
1.672000000000000000e+03
1.658000000000000000e+03
1.639000000000000000e+03
1.586000000000000000e+03
1.651000000000000000e+03
1.588000000000000000e+03
1.644000000000000000e+03
1.724000000000000000e+03
1.617000000000000000e+03
1.608000000000000000e+03
1.602000000000000000e+03
1.641000000000000000e+03
1.642000000000000000e+03
1.693000000000000000e+03
1.633000000000000000e+03
1.703000000000000000e+03
1.552000000000000000e+03
1.623000000000000000e+03
1.596000000000000000e+03
1.603000000000000000e+03
1.547000000000000000e+03
1.624000000000000000e+03
1.598000000000000000e+03
1.577000000000000000e+03
1.524000000000000000e+03
1.541000000000000000e+03
1.501000000000000000e+03
1.548000000000000000e+03
1.548000000000000000e+03
1.526000000000000000e+03
1.433000000000000000e+03
1.421000000000000000e+03
1.528000000000000000e+03
1.448000000000000000e+03
1.399000000000000000e+03
1.324000000000000000e+03
1.322000000000000000e+03
1.276000000000000000e+03
1.313000000000000000e+03
1.264000000000000000e+03
1.421000000000000000e+03
1.463000000000000000e+03
1.404000000000000000e+03
1.325000000000000000e+03
1.330000000000000000e+03
1.205000000000000000e+03
1.165000000000000000e+03
1.129000000000000000e+03
1.185000000000000000e+03
1.164000000000000000e+03
1.129000000000000000e+03
1.058000000000000000e+03
1.006000000000000000e+03
9.660000000000000000e+02
9.090000000000000000e+02
8.540000000000000000e+02
8.780000000000000000e+02
8.400000000000000000e+02
8.000000000000000000e+02
8.070000000000000000e+02
7.870000000000000000e+02
7.470000000000000000e+02
7.040000000000000000e+02
7.090000000000000000e+02
6.370000000000000000e+02
6.060000000000000000e+02
6.070000000000000000e+02
6.070000000000000000e+02
6.350000000000000000e+02
6.280000000000000000e+02
5.770000000000000000e+02
5.460000000000000000e+02
5.100000000000000000e+02
5.920000000000000000e+02
5.100000000000000000e+02
5.520000000000000000e+02
5.490000000000000000e+02
5.530000000000000000e+02
5.340000000000000000e+02
5.840000000000000000e+02
5.710000000000000000e+02
5.270000000000000000e+02
5.830000000000000000e+02
5.740000000000000000e+02
5.430000000000000000e+02
5.280000000000000000e+02
4.140000000000000000e+02
4.080000000000000000e+02
3.850000000000000000e+02
3.790000000000000000e+02
3.540000000000000000e+02
3.850000000000000000e+02
3.320000000000000000e+02
3.500000000000000000e+02
3.250000000000000000e+02
3.600000000000000000e+02
3.720000000000000000e+02
3.470000000000000000e+02
3.520000000000000000e+02
3.220000000000000000e+02
3.930000000000000000e+02
3.150000000000000000e+02
3.390000000000000000e+02
3.280000000000000000e+02
3.190000000000000000e+02
3.100000000000000000e+02
3.370000000000000000e+02
3.190000000000000000e+02
3.200000000000000000e+02
3.290000000000000000e+02
2.510000000000000000e+02
1.980000000000000000e+02
1.600000000000000000e+02
1.560000000000000000e+02
1.200000000000000000e+02
1.080000000000000000e+02
1.100000000000000000e+02
9.600000000000000000e+01
7.800000000000000000e+01
7.500000000000000000e+01
7.400000000000000000e+01
6.200000000000000000e+01
5.600000000000000000e+01
6.300000000000000000e+01
5.500000000000000000e+01
4.500000000000000000e+01
4.500000000000000000e+01
3.800000000000000000e+01
5.900000000000000000e+01
2.700000000000000000e+01
2.300000000000000000e+01
1.700000000000000000e+01
2.900000000000000000e+01
3.100000000000000000e+01
3.500000000000000000e+01
3.000000000000000000e+01
4.200000000000000000e+01
4.400000000000000000e+01
5.100000000000000000e+01
6.700000000000000000e+01
7.900000000000000000e+01
6.600000000000000000e+01
7.300000000000000000e+01
8.500000000000000000e+01
5.900000000000000000e+01
1.080000000000000000e+02
3.100000000000000000e+01
9.600000000000000000e+01
9.800000000000000000e+01
2.300000000000000000e+02
3.060000000000000000e+02
3.870000000000000000e+02
4.840000000000000000e+02
5.150000000000000000e+02
6.080000000000000000e+02
6.490000000000000000e+02
6.420000000000000000e+02
6.910000000000000000e+02
6.650000000000000000e+02
7.070000000000000000e+02
7.300000000000000000e+02
7.430000000000000000e+02
7.200000000000000000e+02
7.500000000000000000e+02
7.780000000000000000e+02
8.280000000000000000e+02
9.880000000000000000e+02
1.096000000000000000e+03
1.111000000000000000e+03
1.132000000000000000e+03
1.055000000000000000e+03
1.270000000000000000e+03
1.315000000000000000e+03
1.244000000000000000e+03
1.139000000000000000e+03
1.137000000000000000e+03
1.168000000000000000e+03
1.166000000000000000e+03
1.198000000000000000e+03
1.245000000000000000e+03
1.181000000000000000e+03
1.186000000000000000e+03
1.233000000000000000e+03
1.271000000000000000e+03
1.382000000000000000e+03
1.466000000000000000e+03
1.465000000000000000e+03
1.548000000000000000e+03
1.558000000000000000e+03
1.634000000000000000e+03
1.667000000000000000e+03
1.600000000000000000e+03
1.569000000000000000e+03
1.711000000000000000e+03
1.673000000000000000e+03
1.633000000000000000e+03
1.617000000000000000e+03
1.526000000000000000e+03
1.537000000000000000e+03
1.478000000000000000e+03
1.456000000000000000e+03
1.368000000000000000e+03
1.339000000000000000e+03
1.298000000000000000e+03
1.265000000000000000e+03
1.201000000000000000e+03
1.292000000000000000e+03
1.183000000000000000e+03
1.187000000000000000e+03
1.105000000000000000e+03
1.060000000000000000e+03
1.081000000000000000e+03
1.144000000000000000e+03
1.040000000000000000e+03
1.151000000000000000e+03
1.125000000000000000e+03
1.041000000000000000e+03
1.095000000000000000e+03
1.136000000000000000e+03
1.222000000000000000e+03
1.205000000000000000e+03
1.245000000000000000e+03
1.268000000000000000e+03
1.286000000000000000e+03
1.361000000000000000e+03
1.329000000000000000e+03
1.412000000000000000e+03
1.431000000000000000e+03
1.372000000000000000e+03
1.377000000000000000e+03
1.405000000000000000e+03
1.424000000000000000e+03
1.547000000000000000e+03
1.401000000000000000e+03
1.512000000000000000e+03
1.523000000000000000e+03
1.530000000000000000e+03
1.533000000000000000e+03
1.549000000000000000e+03
1.504000000000000000e+03
1.628000000000000000e+03
1.663000000000000000e+03
1.570000000000000000e+03
1.556000000000000000e+03
1.576000000000000000e+03
1.607000000000000000e+03
1.594000000000000000e+03
1.673000000000000000e+03
1.617000000000000000e+03
1.649000000000000000e+03
1.651000000000000000e+03
1.756000000000000000e+03
1.734000000000000000e+03
1.657000000000000000e+03
1.659000000000000000e+03
1.734000000000000000e+03
1.652000000000000000e+03
1.640000000000000000e+03
1.597000000000000000e+03
1.634000000000000000e+03
1.706000000000000000e+03
1.644000000000000000e+03
1.689000000000000000e+03
1.685000000000000000e+03
1.566000000000000000e+03
1.704000000000000000e+03
1.599000000000000000e+03
1.622000000000000000e+03
1.597000000000000000e+03
1.624000000000000000e+03
1.576000000000000000e+03
1.620000000000000000e+03
1.586000000000000000e+03
1.645000000000000000e+03
1.491000000000000000e+03
1.594000000000000000e+03
1.507000000000000000e+03
1.566000000000000000e+03
1.539000000000000000e+03
1.514000000000000000e+03
1.488000000000000000e+03
1.513000000000000000e+03
1.542000000000000000e+03
1.520000000000000000e+03
1.453000000000000000e+03
1.541000000000000000e+03
1.424000000000000000e+03
1.476000000000000000e+03
1.419000000000000000e+03
1.411000000000000000e+03
1.384000000000000000e+03
1.213000000000000000e+03
1.304000000000000000e+03
1.309000000000000000e+03
1.266000000000000000e+03
1.193000000000000000e+03
1.209000000000000000e+03
1.175000000000000000e+03
1.141000000000000000e+03
1.082000000000000000e+03
1.085000000000000000e+03
1.124000000000000000e+03
1.234000000000000000e+03
1.276000000000000000e+03
1.176000000000000000e+03
1.184000000000000000e+03
1.243000000000000000e+03
1.103000000000000000e+03
1.046000000000000000e+03
9.810000000000000000e+02
9.970000000000000000e+02
9.780000000000000000e+02
9.590000000000000000e+02
9.770000000000000000e+02
9.980000000000000000e+02
9.000000000000000000e+02
9.340000000000000000e+02
9.950000000000000000e+02
1.006000000000000000e+03
1.031000000000000000e+03
9.910000000000000000e+02
9.350000000000000000e+02
8.780000000000000000e+02
8.410000000000000000e+02
8.090000000000000000e+02
7.900000000000000000e+02
7.370000000000000000e+02
7.490000000000000000e+02
6.340000000000000000e+02
6.270000000000000000e+02
5.920000000000000000e+02
5.320000000000000000e+02
5.210000000000000000e+02
4.960000000000000000e+02
4.360000000000000000e+02
4.180000000000000000e+02
3.910000000000000000e+02
3.900000000000000000e+02
3.660000000000000000e+02
3.930000000000000000e+02
3.330000000000000000e+02
3.250000000000000000e+02
2.670000000000000000e+02
2.710000000000000000e+02
2.290000000000000000e+02
2.090000000000000000e+02
1.820000000000000000e+02
1.760000000000000000e+02
1.740000000000000000e+02
1.840000000000000000e+02
1.830000000000000000e+02
1.600000000000000000e+02
1.580000000000000000e+02
1.780000000000000000e+02
1.450000000000000000e+02
1.210000000000000000e+02
1.110000000000000000e+02
1.000000000000000000e+02
1.060000000000000000e+02
8.900000000000000000e+01
6.000000000000000000e+01
6.000000000000000000e+01
6.000000000000000000e+01
5.100000000000000000e+01
5.100000000000000000e+01
4.800000000000000000e+01
4.000000000000000000e+01
3.000000000000000000e+01
3.000000000000000000e+01
1.500000000000000000e+01
2.100000000000000000e+01
2.600000000000000000e+01
2.800000000000000000e+01
3.100000000000000000e+01
2.600000000000000000e+01
2.600000000000000000e+01
2.600000000000000000e+01
2.200000000000000000e+01
2.800000000000000000e+01
2.500000000000000000e+01
2.400000000000000000e+01
2.900000000000000000e+01
3.100000000000000000e+01
2.400000000000000000e+01
3.000000000000000000e+01
2.700000000000000000e+01
3.500000000000000000e+01
2.900000000000000000e+01
2.400000000000000000e+01
3.100000000000000000e+01
3.600000000000000000e+01
3.900000000000000000e+01
4.900000000000000000e+01
5.300000000000000000e+01
5.400000000000000000e+01
6.000000000000000000e+01
5.200000000000000000e+01
4.600000000000000000e+01
5.000000000000000000e+01
2.400000000000000000e+01
1.430000000000000000e+02
